雲林
O3
01/01 9.5 4 2.3 1.9 1.5 1.3 1.5 5.6 15 19 29 39 52 58 51 43 39 32 27 23 22 20 21 17
雲林
O3
01/02 14 12 13 14 15 20 15 11 16 20 21 22 27 29 32 34 28 18 17 13 11 8.8 8.6 8.8
雲林
O3
01/03 7.5 6.8 3.2 4.8 4.6 4.3 5.6 9.2 11 12 15 18 22 33 39 38 31 17 12 12 11 10 8.9 6
雲林
O3
01/04 4.1 7.9 7.2 5.9 3.7 2.8 1.7 3.2 6.1 16 32 55 66 67 67 67 50 29 20 16 13 13 11 8.1
雲林
O3
01/05 3.4 1.6 1.2 1.1 1.3 1.2 1.3 3.2 6.3 17 39 64 66 72 69 57 38 16 16 10 5.5 1.6 1.6 1.9
雲林
O3
01/06 1.4 1.3 1.2 4.1 5.3 5.6 4.1 5.1 8.1 11 17 27 42 50 59 59 47 38 31 26 22 18 17 14
雲林
O3
01/07 12 11 7.4 6 8.7 6 4.1 4.5 8.9 15 27 42 52 60 55 55 54 34 25 26 30 24 25 20
雲林
O3
01/08 22 23 17 16 21 22 20 19 19 22 30 43 46 55 58 52 41 31 24 17 16 16 15 15
雲林
O3
01/09 14 8.9 7.7 8.3 8.9 13 11 14 17 21 26 37 56# 64# 362# 65# 55x 38# 33 29 24 19 16 12
雲林
O3
01/10 9.6 11 8.8 9.1 5.9 1.7 1.8 4.3 13 23 38 57 61 62 64 35 22 20 16 16 13 14 11 6.6
雲林
O3
01/11 3.7 5.1 7.3 7.3 5.8 3.2 2.3 5 10 20 37 52 79 81 45 36 41 25 6.6 2.4 2.2 2.2 2.1 2
雲林
O3
01/12 9.9 22 11 4.5 2.4 8.7 2.4 3 5.6 13 38 52 40 42 36 32 32 30 17 5.1 2.8 1.7 1.7 1.7
雲林
O3
01/13 1.5 1.5 1.9 5.1 4 5.9 6.8 7.5 12 18 33 48 56 64 61 55 45 30 21 16 14 14 14 12
雲林
O3
01/14 11 9 13 13 15 12 7.5 12 17 20 28 34 47 56 57 59 55 42 36 29 27 24 21 22
雲林
O3
01/15 19 23 24 21 22 23 19 9.9 9.8 18 30 46 55 47 47 48 36 34 29 29 30 28 27 25
雲林
O3
01/16 27 31 31 31 31 32 34 25 24 24 24 27 30 33 31 28 26 23 20 17 8.9 10 18 20
雲林
O3
01/17 17 23 23 20 19 25 23 21 21 26 27 28 34 37 44 45 33 24 21 19 18 17 17 19
雲林
O3
01/18 20 17 14 22 21 16 11 9.9 14 20 26 41 49 66 72 73 60 52 38 35 35 39 39 38
雲林
O3
01/19 25 22 20 26 25 17 6 5.7 12 18 38 54 55 45 54 53 47 38 30 20 15 7.8 5 8.2
雲林
O3
01/20 6.8 3.1 3.3 7.2 7 15 7.1 6.2 10 15 24 38 49 56 57 50 45 32 22 20 19 15 19 26
雲林
O3
01/21 32 32 40 41 39 38 36 30 28 29 31 30 33 36 40 38 33 29 25 23 20 18 23 22
雲林
O3
01/22 26 28 26 28 36 39 36 30 29 30 33 37 40 42 44 45# 42 33 27 25 24 18 16 18
雲林
O3
01/23 14 10 3.2 2.4 4 12 8.1 11 11 19 29 39 55 68 70 73 62 52 43 41 39 30 22 17
雲林
O3
01/24 10 9.8 9.3 6.3 2.1 1.8 1.7 3 8.8 24 43 57 76 84 83 76 65 50 38 34 30 26 6.6 14
雲林
O3
01/25 11 11 8.2 8.7 2.3 2.7 1.8 3.5 14 25 34 43 58 69 68 67 65 60 54 43 34 25 18 16
雲林
O3
01/26 8.9 12 6.8 2.9 3.9 9.3 3.2 9 30 44 50 54 57 59 57 53 47 42 39 34 32 32 35 36
雲林
O3
01/27 35 34 31 32 28 30 27 25 28 31 34 41 54 64 64 62 55 41 36 32 24 19 15 12
雲林
O3
01/28 9.8 6.6 3.8 3.6 1.5 2.2 2.3 4.6 12 36 42 53 65 77 73 66 56 40 22 20 12 11 10 8.1
雲林
O3
01/29 5.6 2.2 2.2 5.5 6 17 9.6 11 15 28 39 55 73 71 57 56 52 41 36 33 27 23 22 18
雲林
O3
01/30 16 7.6 8.8 6.9 2.4 1.6 4.5 9.7 14 25 38 51 69 77 71 62 56 40 25 15 7 15 20 27
雲林
O3
01/31 38 41 38 32 31 29 20 21 33 40 53 55 60 61 61 59 66 54 42 32 39 34 30 22
雲林
O3
監測年月：2019/02， 測站：斗六， 測項：O3（ppb）
雲林
O3
日期 00 01 02 03 04 05 06 07 08 09 10 11 12 13 14 15 16 17 18 19 20 21 22 23
雲林
O3
02/01 22 31 36 33 32 32 31 30 31 35 37 43 48 50 47 45 41 27 21 16 13 13 14 10
雲林
O3
02/02 10 11 7.6 7.3 6.2 4 2 5.5 14 25 50 64 81 90 83 74 74 64 52 47 45 37 28 16
雲林
O3
02/03 9.7 12 9.8 21 22 24 21 18 27 39 50 66 56 51 74 64 61 51 43 37 37 33 27 18
雲林
O3
02/04 14 8.1 6.5 4.3 2.9 6.3 3.9 7 12 18# 32# 46 59 70 73 65 54 46 36 29 24 23 22 20
雲林
O3
02/05 19 21 19 19 19 23 24 20 23 22 29 34 43 54 59 61 59 51 49 44 32 32 32 29
雲林
O3
02/06 25 22 17 16 13 15 12 14 21 36 47 45 53 63 62 59 58 58 52 49 45 34 22 13
雲林
O3
02/07 21 21 19 15 22 15 8.4 13 22 36 48 52 47 49 52 54 53 56 58 44 37 24 23 15
雲林
O3
02/08 9.3 23 27 25 21 20 21 21 22 31 40 53 60 54 58 58 52 42 32 34 30 27 25 21
雲林
O3
02/09 17 18 15 18 13 8.1 10 9.7 18 29 40 41 48 52 50 46 39 36 28 22 17 17 19 19
雲林
O3
02/10 18 19 20 17 16 13 19 19 17 20 27 36 45 57 58 58 50 39 34 28 21 20 16 14
雲林
O3
02/11 15 15 15 13 12 13 15 19 23 28 37 48 57 61 58 53 42 30 23 19 15 11 13 13
雲林
O3
02/12 10 9.5 8.4 4.5 1.9 1.5 1.9 6.5 14 26 37 51 67 68 64 57 48 37 38 37 34 30 26 22
雲林
O3
02/13 15 9.3 4 4.6 4 2.7 2.9 7.9 18 29 41 49 39 58 60 57 51 43 32 20 18 18 16 14
雲林
O3
02/14 13 15 14 11 8.1 4.4 3.4 5.8 21 30 47 64 68 60 47 51 53 45 36 23 17 15 15 14
雲林
O3
02/15 10 10 8.8 5.1 4.3 4.3 2 4.7 16 31 51 69 68 72 62 58 58 50 42 29 24 17 15 23
雲林
O3
02/16 12 15 3.3 2.7 3.3 4.1 5.3 9.3 14 26 44 56 62 65 63 56 55 43 34 28 19 14 17 17
雲林
O3
02/17 15 16 20 18 18 18 18 21 27 30 42 53 64 72 75 67 59 48 37 32 26 22 21 21
雲林
O3
02/18 18 14 11 8.3 8.1 4.1 5.4 6.7 11 16 24 43 59 78 83 64 47 36 23 24 16 9.5 9.1 7.2
雲林
O3
02/19 6.3 14 26 17 15 9 2.6 3.3 5.4 9.3 15# 12# 22 40 58 57 62 50 26 21 20 14 12 7.9
雲林
O3
02/20 3 3.9 4.8 4.3 4.1 4.8 2.1 3.4 8 22 45 55 62 63 64 63 68 54 46 38 23 7 5.6 5.5
雲林
O3
02/21 4.2 3.8 5.4 4.2 3.6 3.2 3 6.3 11 14 14 20 30 46 59 63 57 46 21 14 24 20 13 10
雲林
O3
02/22 12 13 11 22 27 21 11 11 19 27 42 56 57 45 46 48 45 42 32 25 22 21 21 18
雲林
O3
02/23 20 26 30 35 36 27 28 30 31 33 40 50 47 57 63 63 45 28 22 21 18 21 19 19
雲林
O3
02/24 18 17 18 19 18 16 14 9.7 13 18 19 24 23 28 27 21 18 18 15 13 9.7 13 11 14
雲林
O3
02/25 17 14 20 24 23 26 20 21 24 26 34 57 76 85 89 78 64 51 48 40 30 21 17 15
雲林
O3
02/26 11 9.8 17 23 16 8 12 16 20 26 34 56# 72 82 90 97 89 70 57 44 37 36 34 30
雲林
O3
02/27 27 28 23 17 18 30 32 25 32 42 63 72 83 90 88 82 70 57 49 42 34 27 20 25
雲林
O3
02/28 24 26 27 15 11 12 10 15 23 35 51 53 51 59 62 65 54 45 33 25 24 22 18 14
雲林
O3
監測年月：2019/03， 測站：斗六， 測項：O3（ppb）
雲林
O3
日期 00 01 02 03 04 05 06 07 08 09 10 11 12 13 14 15 16 17 18 19 20 21 22 23
雲林
O3
03/01 12 11 18 18 17 13 14 17 21 29 41 57 61 69 71 60 49 41 37 31 28 24 25 26
雲林
O3
03/02 22 24 28 22 20 15 14 12 16 24 35 58 64 71 73 76 78 65 56 51 48 42 32 31
雲林
O3
03/03 35 32 27 24 16 11 25 27 27 35 34 37 40 43 42 39 30 25 26 21 12 11 15 25
雲林
O3
03/04 21 19 16 14 15 8.6 6.4 13 15 24 37 52 73 85 88 86 82 72 61 56 44 33 32 19
雲林
O3
03/05 11 9.7 8.4 6.5 3.1 5.1 3.6 8.3 16 30 54 71 81 82 84 83 81 64 51 48 46 40 36 30
雲林
O3
03/06 30 28 29 26 28 25 23 18 26 35 42 49 52 53 63 57 56 46 42 36 31 28 26 19
雲林
O3
03/07 18 19 27 29 36 31 36 36 29 29 27 26 29 29 30 27 25 28 33 28 32 36 43 42
雲林
O3
03/08 42 40 39 44 44 28 25 27 32 29 23 16# 24 23 30 38 43 31 27 24 15 12 11 7.3
雲林
O3
03/09 6.5 7.2 9.5 7.9 7.4 10 11 6.7 5.5 9.5 17 25 27 36 38 31 22 23 21 20 11 6.8 4.8 2.5
雲林
O3
03/10 6.3 20 47 45 48 46 39 35 29 29 43 40 42 47 38 37 32 29 23 18 16 10 9.2 11
雲林
O3
03/11 8.4 6 5.4 4.5 4.4 2.6 4.6 5.5 8.4 9.1 9.5 11 11 10 27 27 28 23 18 16 11 5.7 2.8 7.6
雲林
O3
03/12 6.3 2.9 3.8 2.5 2.1 2.8# 1.8 4.7 11 31 57 71 76 78 89 92 82 74 63 58 56 39 33 37
雲林
O3
03/13 37 41 41 44 36 30 17 18 38 55 60 74 79 77# 88 86 88 83 70 59 50 47 46 28
雲林
O3
03/14 26 22 16 18 26 20 21 22 21 41 59 69 81 86 83 80 63 55 51 53 45 43 44 42
雲林
O3
03/15 39 41 41 39 39 37 41 36 37 31 36 47 61 61 59 54 48 41 35 31 33 31 25 26
雲林
O3
03/16 19 15 16 12 9.2 3.7 4.3 13 21 38 52 50 50 65 61 50 59 60 55 44 39 35 37 30
雲林
O3
03/17 20 28 16 20 25 29 18 13 24 42 56 71 78 77 67 66 65 59 56 56 50 45 40 34
雲林
O3
03/18 25 29 19 18 16 6.1 4.7 7.8 14 25 21 32 54 70 75 73 70 64 58 45 40 33 26 18
雲林
O3
03/19 20 14 15 17 16 11 3.1 7.1 20 35 59 71 76 88 99 82 67 60 61 53 49 35 27 19
雲林
O3
03/20 16 17 14 19 18 9.9 11 14 20 25 51# 65 78 84 83 74 61 52 32 15 13 11 6.3 5.9
雲林
O3
03/21 8.6 1.6 1.7 5.9 7.9 21 20 18 21 28 36 41 47 58 50 40 36 27 19 19 17 15 12 10
雲林
O3
03/22 4.1 3.1 4.6 5.4 5.8 6.1 3.9 8.3 16 26 38 45 61 67 62 62 51 41 40 34 28 23 23 20
雲林
O3
03/23 17 17 24 23 25 27 25 24 26 27 29 30 30 28 38 34 31 29 29 29 31 35 31 26
雲林
O3
03/24 24 30 38 37 36 27 31 26 20 18 19 13 12 13 15 15 17 18 11 7.5 8.4 6.1 3.2 1.7
雲林
O3
03/25 2.5 2 3.5 2.1 1.2 1.4 2 4.8 9.5 15 15 5 7.7 17 16 15 18 17 8.4 3.1 1.5 5.5 5.4 3.6
雲林
O3
03/26 4 3.6 1.5 4.9 3.2 3.1 4.2 8.4 17 28 45 57 76 83 88 85 82 77 56 47 39 31 30 25
雲林
O3
03/27 21 24 16 16 18 8.2 5.9 13 19 39 63 71 79 86 89 89 80 61 56 57 57 51 42 29
雲林
O3
03/28 25 28 20 19 24 19 21 26 35 54 45 49 47 53 55 50 48 38 27 24 22 21 19 17
雲林
O3
03/29 18 16 17 17 12 12 14 19 29 35 40 43 46 43 41 40 38 40 37 29 30 27 43 47
雲林
O3
03/30 45 39 33 30 21 27 20 21 26 35 37 52 66 72 64 76 69 65 63 58 52 38 25 23
雲林
O3
03/31 19 17 18 14 13 6.9 12 16 22 41 56 68 69 81 85 82 77 68 55 45 44 41 40 39
雲林
O3
監測年月：2019/04， 測站：斗六， 測項：O3（ppb）
雲林
O3
日期 00 01 02 03 04 05 06 07 08 09 10 11 12 13 14 15 16 17 18 19 20 21 22 23
雲林
O3
04/01 40 34 32 37 37 37 35 31 30 23 24# 20 20 21 25 26 29 26 23 25 21 15 11 7.6
雲林
O3
04/02 5.5 3.1 1.3 1.7 1.2 1.2 2.1 4 5.8 18 45 65 78 80 78 74 72 60 50 38 33 25 25 23
雲林
O3
04/03 19 14 32 25 19 28 23 30 34 37 46 58 64 66 66 57 50 49 47 40 35 29 28 19
雲林
O3
04/04 20 14 10 8.8 7.1 4.1 4.1 10 23 34 51 53 60 69 75 70 60 55 50 47 44 37 33 27
雲林
O3
04/05 24 23 21 17 17 16 19 29 33 36 42 49 53 59 66 72 69 65 53 41 33 21 21 16
雲林
O3
04/06 8.3 9 12 11 3.5 2.6 5.7 21 43 55 64 78 80 84 88 81 78 70 63 52 50 52 30 32
雲林
O3
04/07 22 28 21 19 27 25 35 38 59 68 73 72 69 71 77 80 78 79 70 60 40 35 47 34
雲林
O3
04/08 29 35 37 31 31 24 28 28 43 56 57 62 62 62 62 59 60 48 35 30 32 15 20 20
雲林
O3
04/09 17 26 20 16 15 22 14 20 42 51 50 53 68 53 40 28 24 18 18 17 14 14 12 12
雲林
O3
04/10 8.9 9.5 9 7.3 7 6 7.5 13 21 26 34 41 40 40 35 33 28 22 19 21 21 20 20 18
雲林
O3
04/11 17 20 14 17 13 5.9 7.7 14 21 28 35 44 59 50 36 39 47 42 38 32 27 30 19 18
雲林
O3
04/12 27 28 32 26 23 24 23 23 29 37 46 62 76 85 87 73 65 57 50 41 32 29 27 29
雲林
O3
04/13 20 14 14 11 13 11 11 19 40 55 68 75 78 85 72 52 53 45 42 48 31 19 12 19
雲林
O3
04/14 8.7 10 24 30 31 26 22 22 31 41 50 61 61 57 59 52 48 50 52 47 39 37 34 32
雲林
O3
04/15 29 28 34 45 45 43 43 41 38 41 43 45 51 60 69# 71 64 46 34 29 25 17 16 11
雲林
O3
04/16 9.1 7.7 5.9 11 26 28 22 19 33 34 31 33 29 32 28 22 19 19 14 7.7 2.8 5.5 13 5.3
雲林
O3
04/17 4.9 14 22 33 37 33 29 29 35 43# 50 72 90 103 106# 104 93 73 64 54 48 34 30 26
雲林
O3
04/18 27 24 21 30 18 22 33 49 63 70 74 81 83 85 85 88 82 74 62 54 46 30 27 23
雲林
O3
04/19 19 18 13 18 15 32 42 36 32 33 49 65 65 60 56 62 58 43 35 30 25 27 26 23
雲林
O3
04/20 26 26 26 14 11 14 16 25 43 45 49 52# 60# 50# 57 54 53# 50 59 49 36 37 48 44
雲林
O3
04/21 35 21 22 44 34 31 29 20 16 17 17 33 41 39 33 30 29 28 18 16 18 20 10 7.7
雲林
O3
04/22 12 11 12 16 18 16 13 20 27 30 39 42 44 46 43 31 24 18 16 17 14 13 12 11
雲林
O3
04/23 10 16 10 7 9.4 9.4 7.8 15 24 29 41 46 45 41 34 34 25 24 20 20 20 18 15 16
雲林
O3
04/24 13 15 15 14 4 7.2 9.5 19 27 31 40 38 34 34 26 26 25 21 14 12 12 9.8 8.9 9.1
雲林
O3
04/25 9.4 8.9 12 10 9.5 8.6 10 16 27 31 38 47 46 33 29 28 25 22 17 13 15 7.9 3 11
雲林
O3
04/26 14 9.2 7 11 6.9 11 14 17 30 37 46 52 57 65 85 86 77 64 55 50 38 34 38 46
雲林
O3
04/27 37 34 28 30 29 23 14 16 28 39 52 70 82 91 98 91 83 66 54 50 45 39 36 32
雲林
O3
04/28 29 22 22 17 15 10 13 14 26 48 57 66 74 76 72 67 59 56 53 49 41 28 19 20
雲林
O3
04/29 13 17 21 20 14 14 11 19 41 47 50 57 55 57 61 49 47 49 48 40 42 34 24 27
雲林
O3
04/30 20 25 20 19 15 17 17 21 31 40 47 54 42 37 36 32 29 26 23 20 17 18 19 18
雲林
O3
監測年月：2019/05， 測站：斗六， 測項：O3（ppb）
雲林
O3
日期 00 01 02 03 04 05 06 07 08 09 10 11 12 13 14 15 16 17 18 19 20 21 22 23
雲林
O3
05/01 18 17 14 20 24 24 26 33 38 37 39 40 41 42 46 44 39 34 34 31 27 21 19 17
雲林
O3
05/02 16 14 11 6.8 9.8 12 11 9.5 7.6 9.8 17 21 18 30 36 33 28 20 24 25 32 38 33 25
雲林
O3
05/03 15 13 10 8.5 13 7.7 11 17 18 19 21 15 21# 33 54 74 86 87 58 45 41 35 27 23
雲林
O3
05/04 22 20 19 22 39 37 44 46 49 54 61 67 70 71 67 61 59 60 62 67 62 56 36 35
雲林
O3
05/05 41 25 29 23 19 16 15 21 30 47 48 51 59 64 70 73 68 65 59 54 51 44 44 41
雲林
O3
05/06 38 33 36 32 34 30 27 26 27 29 26 32 39 42 42 45 41 20 15 22 23 21 24 28
雲林
O3
05/07 31 26 22 23 20 18 18 29 32 33 36 32 36 43 51 51 46 39 32 26 28 28 21 13
雲林
O3
05/08 12 11 11 13 9.8 6.5 5 5 6.5 11 18 31 48 65 77 57 53 51 42 29 24 18 15 15
雲林
O3
05/09 13 9.2 5.7 4.9 3 4.4 3.6 6.2 17 37 44 49 55 70 69 54 41 30 24 19 16 13 15 20
雲林
O3
05/10 18 24 23 18 18 5.2 7.2 13 27 46 54 51 47 45 58 62 58 48 44 72 57 54 42 39
雲林
O3
05/11 39 29 19 7.3 6.4 9.9 15 25 36 49 68 77 81 85 85 81 70 64 57 55 51 45 36 29
雲林
O3
05/12 26 17 13 14 9.9 7.2 11 20 33 52 65 68 72 76 77 74 64 58 50 40 32 22 21 18
雲林
O3
05/13 19 15 15 13 26 35 32 34 40 48 57 58 59 73 63 46 46 43 36 27 24 23 15 14
雲林
O3
05/14 19 19 18 21 21 16 15 28 36 41 48 51 53 53 51 44 39 39 25 18 18 13 8.9 14
雲林
O3
05/15 13 6.9 8.1 4.9 3.7 5.1 7.7 18 25 35 47 50 42 28 39 37 44 37 32 29 33 31 27 18
雲林
O3
05/16 15 18 20 11 12 9.2 14 20 20 16 21 28 33 32 31 25 25 19 18 17 13 11 10 13
雲林
O3
05/17 14 14 15 16 18 16 16 15 16 18# 23 16 21 17 16 18 19 15 9.2 7.4 5.7 8.8 9 14
雲林
O3
05/18 13 13 12 17 18 20 18 14 14 14 18 22 21 21 22 20 19 15 17 11 17 21 21 23
雲林
O3
05/19 22 21 17 12 12 9.4 12 19 25 30 25 28 33 33 29 25 25 22 17 13 13 13 13 12
雲林
O3
05/20 8.7 9.2 11 12 13 10 15 23 29 33 29 26 20 52 53 47 41 31 27 21 16 13 16 16
雲林
O3
05/21 15 13 7.9 11 8.8 12 11 13 19 28 23 21 27 30 50 52 56 55 48 34 25 22 20 17
雲林
O3
05/22 12 11 11 12 15 2.9 7.3 32 54 66 73 72# 82 94 101 103 86 74 60 54 43 37 29 24
雲林
O3
05/23 18 18 14 17 21 37 44 36 34 38 39 42 59 60 74 77 75 67 64 58 47 37 39 39
雲林
O3
05/24 26 32 31 23 24 29 20 24 37 47 61 76 79 79 70 63 60 56 56 55 46 32 28 31
雲林
O3
05/25 30 29 26 22 15 9.9 12 14 27 52 56 57 57 54 49 49 49 44 34 31 29 28 24 20
雲林
O3
05/26 11 7.4 11 7.6 6.9 12 20 26 40 56 62 69 73 73 75 73 72 63 54 51 43 50 44 29
雲林
O3
05/27 33 25 22 23 25 19 NA NA NA NA 15# 31# 33# 36 35 37 40# 38 33 25 9.8 10 10 13
雲林
O3
05/28 14 7.9 11 7.5 4.4 4.8 10 17 28 31 32 17 15 16 22 29 39 35 24 21 21 20 20 21
雲林
O3
05/29 19 20 20 18 21 20 22 21 20 21 26 41 66 84 86 74 67 57 49 39 34 30 26 24
雲林
O3
05/30 24 22 19 15 8.3 9.6 12 15 28 55 70 73 82 86 72 61 56 55 49 44 36 34 29 23