



雲林
NO2
01/01 15 18 36 17 23 14 29 15 13 10 8.7 8 7.5 8 8 9.2 9.1 12 13 14 14 16 17 17
雲林
NO2
01/02 16 19 14 16 12 8.4 11 17 17 11 13 15 17 18 18 20 22 26 22 22 23 26 28 18
雲林
NO2
01/03 18 18 24 18 17 18 15 18 15 16 15 13 14 17 18 19 21 28 26 22 23 23 23 24
雲林
NO2
01/04 24 17 16 15 15 13 14 14 18 15 14 12# 11# 11 13 14 14 17 19 22 22 20 18 19
雲林
NO2
01/05 22 32 26 59 25 22 20 19 16 17 17 11 7.7 11 11 10 19 29 26 28 28 31 42 33
雲林
NO2
01/06 30 25 23 18 15 13 15 13 12 11 12 9.8 9.1 8.7 7.8 8.9 11 12 13 16 16 17 19 17
雲林
NO2
01/07 20 15 35 33 15 17 18 19 20 18 15 13 14 12 15 15 17 24 24 20 16 29 14 16
雲林
NO2
01/08 16 9.8 12 12 7.9 9.3 11 12 14 12 11 12 12 11 12 14 16 17 19 21 18 19 18 16
雲林
NO2
01/09 15 26 30 16 17 14 17 17 16 14 14 14 12# 12# 11 9.7 10# 19 17 16 17 19 24 27
雲林
NO2
01/10 28 22 25 21 22 38 24 26 20 17 16 15 15 14 13 22 24 20 20 20 21 19 19 23
雲林
NO2
01/11 27 23 20 19 19 17 18 19 19 19 18 21 13 12 16 17 18 25 29 36 31 28 29 29
雲林
NO2
01/12 19 6.6 14 45 24 13 18 21 20 16 22 13 16 16 8.9 11 14 20 23 25 25 27 28 28
雲林
NO2
01/13 26 23 21 18 22 16 15 14 11 10 11 9.7 8.6 8.1 7.2 7.6 9.8 12 14 16 17 17 17 21
雲林
NO2
01/14 16 32 17 18 10 10 18 18 12 12 13 15 15# 16 14 13 14 17 15 17 17 19 20 15
雲林
NO2
01/15 23 11 13 20 12 14 15 17 19 18 18 17 17 17# 13 13 19 17 17 14 12 13 12 11
雲林
NO2
01/16 9.5 7.6 12 9.8 7.6 7.5 8.9 15 17 19 20 20 21 18 19 21 22 23 21 21 23 23 17 13
雲林
NO2
01/17 13 9 9.2 9.8 7.6 11 9.7 16 17 13 13 200# 11 11 11 13 16 19 18 19 18 18 18 16
雲林
NO2
01/18 13 12 13 17 12 15 19 21 20 19 16 15 15 10 8.3 10 19 16 19 17 16 12 12 12
雲林
NO2
01/19 13 13 22 11 11 11 12 16 21 21 20 19 20 23 18 16 21 22 24 32 32 34 35 29
雲林
NO2
01/20 26 33 27 21 24 21 22 25 24 24 22 21 18 16 12 13 15 19 22 20 21 26 23 14
雲林
NO2
01/21 8.4 10 6.3 8.5 8.4 11 12 14 15 14 12 12 14 14 13 14 15 15 15 14 14 15 12 12
雲林
NO2
01/22 9.7 8.7 9.2 13 6 5.8 7.7 13 12 14 15 16 13 14 13# 12 16 20 19 18 18 23 21 19
雲林
NO2
01/23 17 20 17 18 24 18 17 20 20 18 15 15 15 14 17 16 20 23 25 20 19 22 24 22
雲林
NO2
01/24 29 28 19 19 22 27 23 18 26 23 19 13 12 12 14 14 19 25 31 29 28 28 33 31
雲林
NO2
01/25 29 20 22 18 30 19 20 19 19 20 19 22 18 15 18 22 24 26 25 26 26 26 33 32
雲林
NO2
01/26 52 21 20 86 37 14 15 19 14 9.2 8.9 8.7 8.3 8.2 10 12 15 16 13 12 15 11 11 7.4
雲林
NO2
01/27 15 13 14 11 18 6.6 7.4 9.4 9.3 9.2 8.9 9.5 7.7 7.6 7.5 8.2 10 14 13 12 16 18 20 19
雲林
NO2
01/28 22 16 18 14 31 18 15 16 19 8.7 12 18 15 7.3 9.8 10 12 20 32 30 33 30 29 40
雲林
NO2
01/29 28 28 24 20 15 9.9 22 17 21# 15 20 21 10 12 17 16 18 23 22 21 21 21 23 28
雲林
NO2
01/30 20 23 20 17 17 20 21 18 19 18 17 15 12 8.7 6.1 6.1 12 26 38 42 40 24 21 14
雲林
NO2
01/31 8.6 5.4 4.5 6.3 5.9 4.9 14 17 14 12 8.6 8.5# 5.7 4.9 4.9 6.1 5.9 20 38 31 19 30 18 17
雲林
NO2
監測年月：2019/02， 測站：斗六， 測項：NO2（ppb）
雲林
NO2
日期 00 01 02 03 04 05 06 07 08 09 10 11 12 13 14 15 16 17 18 19 20 21 22 23
雲林
NO2
02/01 24 12 7.5 8.1 13 12 13 12 12 11 12 10 11 12 12 15 18 24 25 25 26 22 27 31
雲林
NO2
02/02 33 22 34 26 25 23 26 21 28 22 20 19 12 10 12 11 9.9 15 17 17 16 17 17 22
雲林
NO2
02/03 26 11 14 7.9 5.5 4.8 7.4 13 16 11 9.1 7 4.2 2.4 5.2 7.1 7.9 9.6 12 13 13 13 13 6.8
雲林
NO2
02/04 5.2 8.7 7.6 9.4 10 12 51 9.7 8.5 11# 11 9.1 7.6 7.2 6.6 9.5 11 9.5 9 9.9 10 10 11 13
雲林
NO2
02/05 11 9.2 14 14 9.4 7.5 6.4 7.7 7.1 8 8.9 9.7 9.9 6 6.3 6.1 6.9 6.3 5.7 6 11 10 8.6 11
雲林
NO2
02/06 10 8.4 7.1 6.3 7.2 8 11 9.2 7.1 7.1 5.8 8.4 8.2 4.2 4.6 3.9 4.8 6.6 6.9 7.8 9.1 12 15 17
雲林
NO2
02/07 8.6 5.5 6.1 6.8 4.5 6.3 9.8 10 7.1 6.4 3.5 2.2 1.8 2.7 3.4 3.6 6.4 10 8.8 12 12 16 15 16
雲林
NO2
02/08 18 10 12 14 7.4 7.9 8.2 6.5 7 6.7 5.2 3.7 3.5 7.8 5.8 4.8 6.9 11 14 8.1 9 10 10 12
雲林
NO2
02/09 13 13 13 10 17 17 14 14 11 9.9 8.7 8.8 7.9 5.4 6.4 8.2 9.6 9.2 13 14 16 15 13 13
雲林
NO2
02/10 13 10 12 14 18 13 9.2 8.3 9.2 8.8 8.6 8.2 7.7 5.3 5.8 6.5 9.7 14 13 13 16 15 15 15
雲林
NO2
02/11 12 22 16 9.8 11 12 11 9.7 9.1 8.1 8.1 8.2 8.6 9.7 9 9 11 16 19 19 21 29 22 18
雲林
NO2
02/12 21 18 22 23 18 18 20 14 14 13 11 8.2 6.4 7.5 8.4 10 13 18 15 12 14 19 22 21
雲林
NO2
02/13 17 20 31 28 25 18 20 20 16 14 10 6.7 15 7.8 8.7 11 13 18 21 23 20 22 24 20
雲林
NO2
02/14 24 16 19 25 22 20 19 20 14# 13 12 8.4 7.9 12 13 11 12 19 21 23 24 23 21 23
雲林
NO2
02/15 33 29 21 24 19 17 17 17 15 13 12 8.9 6.9 5.9 4.7 5.8 8.7 11 13 20 20 19 15 8.9
雲林
NO2
02/16 12 12 23 24 20 19 19 13 13 11 7.8 5.7 5.7 5.5 4.4 9 9.1 11 16 17 19 19 15 15
雲林
NO2
02/17 16 14 16 24 12 8.8 9.4 11 7.6 7.9 7.4 6.3 5.7 5.8 6.4 7.7 7.8 9 12 11 13 14 13 13
雲林
NO2
02/18 12 13 14 16 16 18 17 15 15 15 16 15 14 8 7.7 12 17 21 28 21 24 28 25 23
雲林
NO2
02/19 23 16 7.8 11 11 12 18 18 22 26 25# 30 25 16 12 13 16 22 27 26 23 31 30 30
雲林
NO2
02/20 29 19 13 12 11 13 23 20 24 27 11 8.5 6.6 7.9 10 11 11 13 15 16 19 27 25 25
雲林
NO2
02/21 25 21 19 18 19 20 20 17 16 16 19 18 14 9.7 7.8 7.5 12 15 25 22 13 13 18 17
雲林
NO2
02/22 16 27 20 12 13 9.8 15 17 13 14 12 14 13 17 11 11 11 13 16 17 17 18 15 20
雲林
NO2
02/23 13 12 7.1 7.1 6.3 7.6 11 10 11 12 14 12 17 15 13 15 17 20 20 18 20 18 16 14
雲林
NO2
02/24 15 15 12 10 11 10 12 13 12 9.8 11 13 16 13 13 16 18 17 20 20 21 22 20 24
雲林
NO2
02/25 13 23 10 10 9.1 8.2 10 15 15 12 10 8.2 6.9 7.4 8.2 12 15 17 18 17 21 26 23 27
雲林
NO2
02/26 21 18 14 9.1 11 18 17 19 13 12 12# 14 9 7.9 8.5 8.4 12 16 14 17 15 12 11 11
雲林
NO2
02/27 13 11 12 15 16 11 13 16 14 13 9.6 11 11 8.8 7.2 6.7 8.7 11 11 13 17 19 20 16
雲林
NO2
02/28 15 13 12 18 23 21 21 18 15 13 9.9 11 12 8.8 7.4 8.5 14 17 22 24 20 18 18 20
雲林
NO2
監測年月：2019/03， 測站：斗六， 測項：NO2（ppb）
雲林
NO2
日期 00 01 02 03 04 05 06 07 08 09 10 11 12 13 14 15 16 17 18 19 20 21 22 23
雲林
NO2
03/01 19 17 12 12 11 13 15 13 12 12 11 11 12 9.9 9.1 12 14 16 15 16 16 15 14 13
雲林
NO2
03/02 12 10 8.5 8.9 10 12 12 13 12 10 11 9.4 8.9 6.8 6 6 6.3 8.9 9.9 11 10 13 15 10
雲林
NO2
03/03 8.3 8.7 7.8 5.8 9.3 11 5.9 7.1 11 6.8 7.6 7.1 12 6.6 6 7.2 9.7 11 11 12 15 18 17 9.8
雲林
NO2
03/04 12 8.8 10 11 9.5 9.2 14 11 7.8 6.9 7.4 10 6.9 7.1 7.9 10 14 14 16 16 20 22 21 24
雲林
NO2
03/05 31 31 30 28 30 27 30 29 25 23 17 14 13 12 11 13 12 15 16 10 9.4 11 11 10
雲林
NO2
03/06 13 7.5 6.9 12 6 6 12 15 11 7.9 7.2 3.8 4.7 11 7.8 8.1 7.9 12 12 13 12 13 11 11
雲林
NO2
03/07 11 14 9.1 6.9 5.7 7.4 8 12 15 21 22 22 22 22 22 24 26 26 21 20 18 18 14 13
雲林
NO2
03/08 13 14 12 12 11 15 16 21 19# 20# 21x 18# 23# 21x 18# 25# 24# 24x 27# 28 30 30 25 27
雲林
NO2
03/09 27 27 22 22 18 17 17 22 26 27 22x 18# NA 15# 16* 25# 30* 28* 29* 28* 25# 26 24 24
雲林
NO2
03/10 21 15 6.7* 8.2* 7.7* 7.8* 10* 10* 15* 19# 7.2x 14 12 9.1 11 10 13 14 18 18 18 20 19 16
雲林
NO2
03/11 16 21 20 18 18 19 20 22 19 24 25# NA 21# 25# 19# 24 24 28 30 31 33 35 36 27
雲林
NO2
03/12 25 28 23 24 23 23 23 23 23 19 10 7.9 7.5 7.2 7.9 11 14 16 19 17 16 18 17 12
雲林
NO2
03/13 8.3 6.1 5.2 4.9 8.5 7.8 16 21 10 11 17 8.7 5.9# 6.3x 5.4# 7.6 7.3 9.3 18 20 16 15 11 15
雲林
NO2
03/14 12 8.3 10 8.5 7.3 9.5 12 19 21 12# 8.8 6.4 5.6 5.8 5.6 7.7 16 21 22 15 14 13 10 9.6
雲林
NO2
03/15 10 9 8.1 9 9 8 8.1 13 13 15 13 15 12 14 15 18 21 24 24 24 21 21 22 21
雲林
NO2
03/16 30 23 21 21 23 24 26 21 21 17 14 15 18 14 14 17 15 18 21 24 20 18 17 21
雲林
NO2
03/17 21 14 15 13 10 9.7 15 15 14 11 7.4 6.4 6.7 7.4 8.4 8.8 9.3 11 10 11 11 11 9.8 11
雲林
NO2
03/18 12 11 12 11 11 16 18 15 14 14 21 18 11 8.4 7.8 11 11 11 12 18 17 17 19 20
雲林
NO2
03/19 14 18 14 13 12 11 27 24 19 11 11 11 14 12 11 14 19 28 21 21 18 22 22 24
雲林
NO2
03/20 21 17 16 11 11 14 19 21 23 23 13# 9.9 8.4 8.4 9.4 8.5 8.6 13 17 14 11 12 14 12
雲林
NO2
03/21 11 15 14 11 8.9 5.9 7.6 13 7.4 5.2 6 6.9 4.5 6.2 6.4 6.7 7.1 8.2 10 8.4 11 12 11 10
雲林
NO2
03/22 12 12 9.8 11 10 9.7 14 13 11 9.1 7.5 8.2 6.1 5.1 9.2 9.5 19 23 20 17 17 17 14 14
雲林
NO2
03/23 15 15 12 11 10 9.9 12 11 12 12 13 14 13 14 12 15 15 16 14 13 12 9.6 9.1 10
雲林
NO2
03/24 10 7.5 5.9 5.5 5.3 8.1 7.4 9 12 16 14 18 19 19 19 18 17 17 22 22 18 16 16 17
雲林
NO2
03/25 14 12 9.4 9.9 9.7 11 11 14 21# 17 16 17# 18 16 20 21 23 25 29 39 41 28 24 27
雲林
NO2
03/26 25 24 24 19 18 11 10 13 12 10 9.4 9.8 7.2 6.4 7.4 7.5 11 14 21 19 18 21 19 16
雲林
NO2
03/27 16 15 17 15 14 15 15 13 9.7 9.6 5.5 3.7 6.1 6.8 8.3 8.3 9.6 11 13 11 8.6 10 13 14
雲林
NO2
03/28 9.8 6.1 7.8 9.2 7.3 9.5 12 13 20 9.5 5.3 6.8 4.2 4.9 6.4 6.3 7.8 11 10 9.5 9.7 9.5 10 10
雲林
NO2
03/29 7.8 6.9 6 4.9 7 7.5 8.6 9 4.4 4.1 3.4 3.6 2.8 3.3 4.2 5.1 5.3 7.2 8.2 9.9 7.4 9.3 4.9 5.2
雲林
NO2
03/30 3.3 6.9 8 5.4 9 10 10 10 9.1 8.1 13 11 5.4 4.9 8.4 10 12 12 12 12 14 17 19 18
雲林
NO2
03/31 18 19 15 15 15 17 15 15 13 9.1 7.7 7.9 7 6.5 11 8.6 9.8 12 14 15 13 13 11 11
雲林
NO2
監測年月：2019/04， 測站：斗六， 測項：NO2（ppb）
雲林
NO2
日期 00 01 02 03 04 05 06 07 08 09 10 11 12 13 14 15 16 17 18 19 20 21 22 23
雲林
NO2
04/01 9.3 11 11 8.5 8.2 9.5 12 14 14 19# 18# 21 21 22 22 20 19 23 24 20 20 22 23 27
雲林
NO2
04/02 24 24 35 22 19 18 16 19 22 20 15 11 9.2 7 7.4 8.3 7.9 14 17 21 20 20 17 17
雲林
NO2
04/03 17 21 12 11 12 9.6 16 14 12 10 12 11 8.5 9.3 9.3 9.6 13 13 12 16 17 19 15 18
雲林
NO2
04/04 15 18 18 18 17 15 15 16 13 14 12 10 7.8 7.1 7.8 8.3 11 11 11 10 10 11 11 12
雲林
NO2
04/05 13 11 12 11 11 11 11 10 10 9.6 9.4 8.4 9 9.3 8.8 6.8 8.8 9.3 12 15 17 21 20 20
雲林
NO2
04/06 21 16 13 12 17 18 16 12 7.2 7.1 7.7 8.3 6.9 6.5 8.1 7.1 7.1 10 13 15 13 9.5 19 15
雲林
NO2
04/07 16 10 11 11 9.4 8.8 8.1 9.7 7.8 6.4 6.8 5.7 5.6 5.4 6.5 6.5 6 7.8 14 14 21 20 14 15
雲林
NO2
04/08 13 8.2 6.1 6.9 7.3 7.5 9.4 13 13 8 8.1 5.7 5.1 4.9 6.2 7.2 7.2 10 11 12 8.8 17 11 11
雲林
NO2
04/09 13 7.4 8.4 8.7 9.7 7.7 15 17 10 8.3 9.5 8.9 8.6 5.8 5.4 5.1 4.6 6.4 8.9 9.9 10 9.5 11 10
雲林
NO2
04/10 10 7.1 7.3 7.9 6.7 7.7 8.3 7.6 6.9 8.2 5.6 4.3 3.4 3.3 3.9 3.8 4.2 6.4 8.1 5.7 4 5.8 6.2 7.4
雲林
NO2
04/11 15 7.9 9.9 8.3 11 16 18 13 7.7 7.4 7.2 6.7# 6.7 5.3 4.9 6.6 7.2 12 14 16 16 13 18 16
雲林
NO2
04/12 13 17 17 9.1 9.6 9.9 11 12 11 10 11 9.5 9.9 11 12 16 16 18 17 19 23 21 19 14
雲林
NO2
04/13 18 20 20 19 14 15 15 15 9 7.5 6.8 5.9 6.6 7.4 8 13 9.9 15 17 11 15 21 27 16
雲林
NO2
04/14 23 21 14 11 6.5 7.3 8.5 8.7 8 6.6 5.4 6.2 7.2 4 2.9 5.6 7.4 11 8.9 8.3 12 11 18 13
雲林
NO2
04/15 13 8.9 7.1 7.4 9.3 11 8.6 11 11 11 12 17 16 15 12 13# 18 22 21 21 21 24 23 24
雲林
NO2
04/16 22 24 23 16 19 12 14 17 15 14 14 13 17 14 17 19 20 22 26 29 38 39 25 29
雲林
NO2
04/17 34 24 16 11 9.1 8 11 12 7.9 6.2# 6.8 6.1 6.3 6.3 8 9.6 11 15 16 19 19 24 22 17
雲林
NO2
04/18 14 16 15 12 14 14 11 12 9.7 9 9.5 7.7 7.6 7.1 7.6 6.8 8 11 13 15 16 22 17 15
雲林
NO2
04/19 17 22 20 12 15 9.8 6 11 21 16 6.5 8.3 9.2 8.7 10 6.8 9 16 20 21 18 16 11 7.5
雲林
NO2
04/20 6.8 7.6 7 14 11 9.3 9 10 7.7 6.7 8.1 5.2# 3.1x 5.9# 195# 8.4# 7.7 12 13 16 17 11 7.6 9.8
雲林
NO2
04/21 8.6 11 7 3.3 8.5 11 5.5 9.7 12 9.6 7.8 5 4.8 6.2 7.5 8.2 8.9 10 15 18 13 10 12 9.6
雲林
NO2
04/22 5.3 5.2 4.7 4 3.3 4.1 7.4 8.6 5.4 5.8 5.6 5.5 4.5 3.8 4.4 4.3 5.4 7.5 7.4 6 7.2 6.6 6.3 6.3
雲林
NO2
04/23 5.6 3.1 7.1 6.8 4.9 5.1 7.5 6.7 4.3# 4.4 4.9 5.2 4.7 4.5 4.6 4.2 4.5 7.1 9.2 9.7 8.5 7.5 7.6 4.9
雲林
NO2
04/24 6.6 4.8 4.4 4.7 11 9.6 11 7.8 5.2 5.2 5.7 5.5 4.1 3.7 4 4.2 5 7.2 9.8 8 8 8 8.3 7.1
雲林
NO2
04/25 6.3 7 5.9 5.8 6.1 8.1 7.3 7.4 3.9 5.4 5.9 6.2 4.9 3.3 3.5 4.2 5.6 6.9 11 13 11 17 19 11
雲林
NO2
04/26 8.1 13 14 9.9 11 9.9 8.4 8.9 3.4 5.2 6.2 5.1 4.6 5.3 7.4 7.7 8.6 11 17 11 13 11 8.4 7
雲林
NO2
04/27 8.7 11 10 7.4 7.2 6.5 13 8.3 6.6 9.9 8.4 8.2 6.9 6.9 8.4 11 12 14 13 11 10 14 11 11
雲林
NO2
04/28 10 14 11 8.7 11 14 12 12 9.6 7.6 6.9 5.9 5.5 4.8 4.6 5 4.4 5.2 8.1 11 13 17 20 15
雲林
NO2
04/29 17 13 11 9.1 9.8 10 12 10 6.4 5.2 5.1 5.2 4.9 4.4 4.9 5 5.9 7.3 11 12 9.3 13 16 12
雲林
NO2
04/30 12 7.5 6.6 5.6 7.2 6.1 7.6 8.7 6.7 6.6 7.6 6.8 4.6 4.4 3.9 4.3 5.3 6.1 8.8 8.7 10 8.1 6.2 6.2
雲林
NO2
監測年月：2019/05， 測站：斗六， 測項：NO2（ppb）
雲林
NO2
日期 00 01 02 03 04 05 06 07 08 09 10 11 12 13 14 15 16 17 18 19 20 21 22 23
雲林
NO2
05/01 5.5 5.2 5.8 3.6 3.9 4.6 4.7 6.6 6.8 8.2 6.6 7.9 9.4 9.4 9.2 11 13 16 15 14 14 23 21 23
雲林
NO2
05/02 14 14 14 20 15 12 11 13 16 17 17 20 22 17 13 15 16 20 19 18 14 9.7 10 14
雲林
NO2
05/03 25 13 14 20 24 23 17 16 15 16 15 23 18# 16x 11# 9 9.1 12 19 18 17 20 23 19
雲林
NO2
05/04 17 17 15 11 6.5 6.4 6.6 6.4 7.3 8.6 8.2 8.8 8.8 8.3 6.6 6.8 8.1 9.4 12 13 14 15 15 13
雲林
NO2
05/05 11 9.2 8.1 6.2 8 7.2 7.3 10 12 9.2 6.2 6 5.8 6.1 5 8.3 8 10 12 9 8.4 14 10 8.9
雲林
NO2
05/06 6.7 6.9 7 4.3 4.1 4.2 8 8.8 9.2 9.6 15 14 9.1 7.6 8.5 9.7 14 23 24 18 21 14 11 13
雲林
NO2
05/07 7.8 9.8 12 11 13 10 12 14 13 12 13 14# 14 12 11 12# 14 16 17 17 16 17 17 23
雲林
NO2
05/08 19 18 16 12 21 18 15 15 13 14 17 13 13 13 12 13 14 14 19 24 27 25 23 19
雲林
NO2
05/09 18 27 29 18 18 15 17 16 14 11 11 9.4 10 9.3 9.5 14 16 23 23 22 21 20 17 11
雲林
NO2
05/10 10 5.9 9.5 9.2 5.6 21 15 13 9.5 6.5 6.7 9.1 11 15 8.3 6.2 5.6 8.5 16 13 14 9.6 22 11
雲林
NO2
05/11 10 12 13 32 21 15 14 10 9.4 7.6 7.6 5.5 5.3 4.3 4.5 5.9 8.1 10 14 11 11 13 15 14
雲林
NO2
05/12 13 14 15 12 11 17 11 7.8 5 4.4 4.4 4.2 4.3 4.4 4.1 4.3 3.7 4.5 5 6.3 7.9 12 11 12
雲林
NO2
05/13 11 13 8.7 9.2 5.9 4 4.9 5.5 7.4 8.4 7 5.1 5.2 5.7 5.5 4.7 6 8.8 10 16 14 14 18 17
雲林
NO2
05/14 14 9.4 8.5 7.3 5.9 6.5 8.1 7.2 5.2 3.1 4.4 5 4.7 4.3 3.9 3.9 5.5 8.8 13 11 7.7 11 12 9.2
雲林
NO2
05/15 6.7 11 11 13 11 8.4 6.8 6.4 6.4 7.1 6.9 6.5 5.2 6.1 5.8 5.7 6.7 11 12 13 11 12 11 12
雲林
NO2
05/16 12 8.6 6.7 6.3 5 6.5 7.6 5.1 4.9# 7.5 7.8 7 5.9 6.8 6.2 5.3 6.9 8.2 8.8 9.2 9.8 8.3 6.9 4.1
雲林
NO2
05/17 4.1 2.8 1.8 1.3 1.2 1.8 3.3 6 7.6 9.3# 8.4 7.1 3.9 4.4 5.5 4.8 5 8.6 9.4 9.5 10 8.3 6.4 3.2
雲林
NO2
05/18 3.6 4.2 4.3 2.5 2 2.9 4.3 4.9 6.1 8.4 5.9 4.8 5.9 4.8 4.4 5.7 5.7 7.4 6.8 10 7 4.5 3.8 2.8
雲林
NO2
05/19 3 3.5 2.6 3.4 3.3 4.5 6.2 4.8 2.9 2.5 4.6 4.1 2.7 3.1 2.4 2.6 3.3 4.8 7.6 11 9.5 8.2 7.2 6.6
雲林
NO2
05/20 4.9 3.8 3.2 3.1 3.1 4.7 6 4.8 4.5 4.9 6.4 6.8 9.2 5.5 6.2 10 13 16 20 22 19 22 18 25
雲林
NO2
05/21 18 12 19 10 12 13 11 12 12 11 13 18# 17 18 14 13 15 18 22 25 26 23 21 20
雲林
NO2
05/22 20 20 18 14 13 23 17 10 9.6# 11 10 12 7.7# 10 11 10 12 15 15 17 23 32 19 22
雲林
NO2
05/23 22 16 18 12 13 17 11 15 15 15 15 14 10 9.5 6.6 6 9.9 13 13 13 17 24 20 16
雲林
NO2
05/24 19 8.7 7.5 7.5 8 6.7 8.7 12 15 16 14 8.1 6.6 6.2 5.9 5.4 5.7 8.7 8 7.4 11 15 11 8.8
雲林
NO2
05/25 8.5 6.4 4.9 5.7 11 14 7.1 7.7 5.9 4.4 3.5 3.3 5.4 4.1 4.2 3.1 3.8 5.6 14 15 16 16 15 13
雲林
NO2
05/26 14 15 10 11 9.5 7.4 7.4 8.8 8.8 5.9 5.9 5.3 4.9 6.5 4.8 4.5 4.7 9 11 11 15 12 11 12
雲林
NO2
05/27 13 12 6.8 7.5 6.3 6.2 NA NA NA NA 19# 13 8.3 5 5.3 4.9 5.4 8.8 8.9 9.9 14 12 13 11
雲林
NO2
05/28 10 12 8.2 9.1 9.2 7.8 6.7 9.5 5.3 5 6 8 10 8 6.1 9.3 7.1 11 18 14 17 16 14 12
雲林
NO2
05/29 14 11 13 13 8.5 9.8 9.2 12 13 13 12 12 11 7.8 7.9 12 14 15 16 18 18 19 20 17
雲林
NO2
05/30 16 22 27 24 47 20 15 17 16 9.7 9.1 7.8 7 6 4.9 4.6 5.8 7.1 7.9 9.4 12 14 13 11
