xn
CO
01/01 0.4 0.35 0.32 0.29 0.32 0.32 0.32 0.32 0.37 0.39 0.42 0.36 0.39 0.42 0.4 0.45 0.42 0.47 0.46 0.43 0.42 0.39 0.35 0.36
xn
CO
01/02 0.36 0.39 0.35 0.32 0.32 0.3 0.34 0.51 0.61 0.49 0.49 0.51 0.55 0.53 0.57 0.52 0.53 0.73 0.78 0.53 0.43 0.44 0.4 0.34
xn
CO
01/03 0.33 0.33 0.4 0.47 0.42 0.39 0.42 0.57 0.48 0.46 0.48 0.45 0.46 0.47 0.48 0.48 0.64 0.69 0.68 0.58 0.56 0.54 0.48 0.42
xn
CO
01/04 0.42 0.41 0.43 0.46 0.54 0.62 0.76 1.03 1.37 1.4 0.82 0.58 0.46 0.4 0.38 0.42 0.43 0.51 0.62 0.6 0.56 0.62 0.71 0.71
xn
CO
01/05 0.67 0.65 0.52 0.55 0.74 0.74 0.83 1.02 0.96 0.84 0.81 0.63 0.58 0.55 0.51 0.54 0.59 0.63 0.65 0.68 0.65 0.61 0.51 0.49
xn
CO
01/06 0.54 0.55 0.52 0.61 0.62 0.6 0.61 0.62 0.65 0.72 0.73 0.69 0.55 0.57 0.57 0.62 0.66 0.75 0.77 0.69 0.67 0.71 0.71 0.68
xn
CO
01/07 0.61 0.52 0.58 0.57 0.54 0.52 0.57 0.78 0.75 0.75 0.7 0.58 0.55 0.38 0.39 0.41# 0.5 0.7 0.7 0.52 0.43 0.47 0.4 0.39
xn
CO
01/08 0.42 0.42 0.43 0.4 0.38 0.35 0.4 0.54 0.52 0.45 0.45 0.44# 0.41 0.42 0.39 0.42 0.5 0.57 0.49 0.51 0.49 0.55 0.48 0.44
xn
CO
01/09 0.49 0.43 0.37 0.42 0.46 0.41 0.43 0.62 0.66 0.55 0.55 0.57 0.56 0.48 0.46 0.47 0.55 0.72 0.68 0.59 0.59 0.62 0.6 0.59
xn
CO
01/10 0.5 0.44 0.43 0.46 0.51 0.64 0.67 0.82 0.88 0.82 0.78 0.73 0.59 0.51 0.5 0.54 0.61 0.7 0.73 0.57 0.53 0.59 0.53 0.44
xn
CO
01/11 0.52 0.6 0.59 0.47 0.45 0.51 0.61 0.91 1.17 1.04 0.8 0.62 0.53 0.5 0.49 0.45 0.44 0.58 0.54 0.56 0.61 0.88 1.02 0.99
xn
CO
01/12 0.96 0.59 0.47 0.44 0.5 0.62 0.8 0.94 0.94 0.9 0.78 0.56 0.51 0.46 0.38 0.4 0.42 0.54 0.59 0.56 0.49 0.61 0.62 0.65
xn
CO
01/13 0.71 0.75 0.69 0.62 0.6 0.71 0.7 0.65 0.72 0.74 0.76 0.69 0.68 0.66 0.66 0.66 0.65 0.64 0.67 0.66 0.67 0.69 0.67 0.64
xn
CO
01/14 0.58 0.51 0.48 0.49 0.49 0.48 0.51 0.65 0.67 0.7 0.7 0.64 0.58 0.52 0.52 0.54 0.58 0.61 0.6 0.59 0.54 0.59 0.57 0.49
xn
CO
01/15 0.42 0.45 0.41 0.45 0.48 0.51 0.58 0.77 0.84 0.77 0.72 0.66 0.66 0.61 0.58 0.55 0.56 0.6 0.53 0.52 0.53 0.55 0.49 0.44
xn
CO
01/16 0.4 0.35 0.36 0.35 0.33 0.35 0.45 0.61 0.68 0.66 0.65 0.67 0.61 0.59 0.54 0.53 0.55 0.68 0.69 0.62 0.58 0.6 0.57 0.5
xn
CO
01/17 0.38 0.4 0.36 0.36 0.35 0.34 0.4 0.57 0.54 0.5 0.43 0.41 0.4 0.41 0.41 0.43 0.51 0.58 0.58 0.55 0.51 0.52 0.5 0.48
xn
CO
01/18 0.47 0.44 0.41 0.4 0.41 0.43 0.47 0.63 0.89 0.93 0.75 0.5 0.45 0.44 0.48 0.48 0.51 0.51 0.49 0.55 0.55 0.53 0.49 0.46
xn
CO
01/19 0.53 0.51 0.46 0.43 0.4 0.42 0.48 0.61 0.79 0.66 0.6 0.59 0.61 0.54 0.44 0.45 0.47 0.64 0.78 0.85 0.76 0.95 0.69 0.52
xn
CO
01/20 0.51 0.44 0.39 0.39 0.45 0.58 0.68 0.66 0.8 0.91 0.84 0.7 0.66 0.58 0.52 0.41 0.53 0.72 0.81 0.83 0.84 0.84 0.87 0.84
xn
CO
01/21 0.74 0.58 0.53 0.58 0.58 0.52 0.49 0.52 0.52 0.5 0.55 0.53# 0.55 0.5 0.5 0.48 0.38 0.37 0.39 0.35 0.37 0.37 0.3 0.29
xn
CO
01/22 0.31 0.26 0.28 0.29 0.25 0.31 0.33 0.43 0.49 0.42 0.39 0.45 0.45 0.43 0.45 0.45 0.51 0.6 0.61 0.55 0.55 0.63 0.56 0.5
xn
CO
01/23 0.48 0.53 0.53 0.46 0.42 0.4 0.44 0.59 0.68 0.62 0.51 0.5 0.54 0.48 0.45 0.46 0.53 0.64 0.61 0.58 0.54 0.51 0.5 0.5
xn
CO
01/24 0.48 0.48 0.49 0.51 0.59 0.68 0.73 0.9 1.14 0.87 0.82 0.61 0.48 0.49 0.5 0.49 0.52 0.67 0.7 0.62 0.55 0.61 0.54 0.48
xn
CO
01/25 0.45 0.37 0.42 0.45 0.47 0.53 0.61 0.78 0.95 0.75 0.7 0.59 0.52 0.51 0.44 0.47 0.59 0.74 0.65 0.6 0.66 0.75 0.73 0.64
xn
CO
01/26 0.58 0.52 0.51 0.44 0.43 0.39 0.45 0.56 0.56 0.47 0.43 0.39 0.38 0.39 0.41 0.42 0.47 0.51 0.49 0.44 0.44 0.4 0.33 0.29
xn
CO
01/27 0.27 0.22 0.2 0.18 0.19 0.19 0.21 0.26 0.31 0.31 0.34 0.39 0.37 0.33 0.34 0.32 0.37 0.4 0.45 0.44 0.39 0.48 0.49 0.48
xn
CO
01/28 0.46 0.4 0.42 0.42 0.44 0.45 0.55 0.73 0.87 0.7 0.54 0.48 0.38 0.4 0.35 0.39 0.44 0.58 0.67 0.64 0.55 0.56 0.55 0.55
xn
CO
01/29 0.56 0.51# 0.52 0.48 0.51 0.67 0.75 0.78 0.9 0.7 0.66 0.49 0.45 0.39 0.33 0.35 0.39 0.55 0.62 0.52 0.41 0.46 0.49 0.43
xn
CO
01/30 0.44 0.53 0.5 0.52 0.49 0.47 0.48 0.64 0.76 0.72 0.71 0.62 0.46 0.41 0.48 0.52 0.56 0.77 1 1.31 1.15 1.51 1.5 0.81
xn
CO
01/31 0.59 0.57 0.55 0.47 0.45 0.5 0.66 0.81 0.96 0.92 0.65 0.56 0.5 0.47 0.44 0.44 0.41 0.53 0.53 0.52 0.49 0.41 0.41 0.4
xn
CO
菏代~るG2019/02A 代浮GOnA 代兜GCO]ppm^
xn
CO
ら戳 00 01 02 03 04 05 06 07 08 09 10 11 12 13 14 15 16 17 18 19 20 21 22 23
xn
CO
02/01 0.4 0.47 0.51 0.57 0.59 0.58 0.56 0.53 0.53 0.52 0.54 0.55 0.57 0.57 0.58 0.6 0.63 0.79 0.83 0.79 0.71 0.77 0.73 0.68
xn
CO
02/02 0.69 0.7 0.72 0.75 0.78 0.88 0.88 0.79 0.84 0.93 0.81 0.72 0.53 0.51 0.5 0.44 0.49 0.57 0.69 0.64 0.79 0.82 0.93 0.82
xn
CO
02/03 0.8 0.75 0.72 0.63 0.52 0.56 0.72 0.72 0.9 0.52 0.26 0.37 0.25 0.2 0.2 0.26 0.33 0.33 0.38 0.41 0.58 0.58 0.57 0.52
xn
CO
02/04 0.38 0.45 0.41 0.39 0.45 0.38 0.46 0.56 0.51 0.47 0.42 0.69 0.64 0.63 0.67 0.75 0.8 0.8 0.78 0.83 0.88 0.86 0.84 0.89
xn
CO
02/05 0.92 0.97 0.92 0.9 0.85 0.8 0.74 0.71 0.74 0.73 0.68 0.6 0.55 0.56 0.55 0.58 0.57 0.48 0.49 0.49 0.45 0.43 0.42 0.43
xn
CO
02/06 0.41 0.4 0.42 0.44 0.47 0.47 0.5 0.55 0.62 0.55 0.61 0.5 0.42 0.37 0.35 0.36 0.4 0.44 0.49 0.47 0.51 0.57 0.74 0.77
xn
CO
02/07 0.71 0.66 0.5 0.39 0.4 0.4 0.41 0.51 0.49 0.45 0.4 0.34 0.24 0.24 0.28 0.3 0.33 0.43 0.5 0.59 0.55 0.54 0.59 0.57
xn
CO
02/08 0.51 0.51 0.5 0.46 0.48 0.52 0.45 0.48 0.51 0.53 0.5 0.49 0.45 0.49 0.42 0.41 0.43 0.47 0.42 0.37 0.37 0.37 0.42 0.38
xn
CO
02/09 0.33 0.31 0.34 0.35 0.38 0.4 0.44 0.54 0.6 0.62 0.58 0.47 0.4 0.41 0.4 0.39# 0.43 0.44 0.4 0.4 0.47 0.48 0.47 0.42
xn
CO
02/10 0.4 0.33 0.34 0.32 0.35 0.32 0.27 0.31 0.38 0.42 0.46 0.41 0.37 0.35 0.37 0.35 0.36 0.41 0.43 0.36 0.38 0.41 0.45 0.4
xn
CO
02/11 0.38 0.41 0.39 0.4 0.35 0.28 0.29 0.42 0.4 0.42 0.37 0.39 0.43 0.38 0.35 0.34 0.4 0.4 0.44 0.43 0.47 0.52 0.49 0.47
xn
CO
02/12 0.5 0.56 0.56 0.42 0.29 0.29 0.39 0.55 0.57 0.52 0.41 0.39 0.37 0.33 0.32 0.36 0.42 0.42 0.44 0.44 0.42 0.39 0.4 0.47
xn
CO
02/13 0.48 0.51 0.52 0.5 0.39 0.4 0.47 0.65 0.7 0.51 0.5 0.47 0.39 0.33 0.32 0.34 0.4 0.47 0.5 0.41 0.47 0.46 0.39 0.35
xn
CO
02/14 0.4 0.52 0.45 0.36 0.35 0.35 0.35 0.55 0.54 0.42 0.41 0.37 0.35 0.36 0.32 0.33 0.4 0.45 0.53 0.41 0.42 0.44 0.44 0.5
xn
CO
02/15 0.54 0.54 0.55 0.57 0.47 0.39 0.47 0.64 0.61 0.58 0.59 0.54 0.45 0.4 0.31 0.26 0.29 0.52 0.59 0.55 0.66 0.94 0.91 0.68
xn
CO
02/16 0.75 0.53 0.42 0.54 0.5 0.52 0.6 0.64 0.59 0.5 0.44 0.4 0.39 0.38 0.37 0.36 0.45 0.44 0.45 0.48 0.55 0.6 0.56 0.47
xn
CO
02/17 0.44 0.42 0.48 0.56 0.54 0.47 0.43 0.48 0.54 0.53 0.5 0.43 0.4 0.37 0.35 0.39 0.39 0.4 0.38 0.37 0.32 0.33 0.31 0.31
xn
CO
02/18 0.31 0.3 0.31 0.28 0.29 0.37 0.43 0.62 0.7 0.58 0.52 0.45 0.43 0.37 0.32 0.28 0.27 0.4 0.38 0.27 0.25 0.27 0.34 0.23
xn
CO
02/19 0.15 0.16 0.18 0.18 0.23 0.29 0.36 0.58 0.59 0.33 0.23 0.42 0.33 0.29 0.28 0.22 0.22 0.32 0.28 0.28 0.31 0.32 0.4 0.42
xn
CO
02/20 0.42 0.47 0.37 0.36 0.32 0.3 0.42 0.68 0.83 0.66 0.45 0.44 0.29 0.2 0.17 0.17 0.2 0.26 0.28 0.63 0.62 0.7 0.56 0.45
xn
CO
02/21 0.5 0.55 0.64 0.61 0.61 0.62 0.71 0.92 0.9 0.73 0.63 0.42 0.2 0.22 0.2 0.2 0.23 0.34 0.41 0.41 0.46 0.41 0.36 0.47
xn
CO
02/22 0.46 0.5 0.46 0.43 0.4 0.41 0.51 0.79 0.77 0.51 0.47 0.44 0.4 0.32# 0.3 0.33 0.39 0.42 0.42 0.42 0.49 0.51 0.53 0.57
xn
CO
02/23 0.52 0.41 0.35 0.36 0.43 0.46 0.51 0.67 0.85 0.74 0.56 0.52 0.52 0.51 0.46 0.51 0.63 0.73 0.75 0.71 0.69 0.71 0.68 0.56
xn
CO
02/24 0.57 0.55 0.53 0.52 0.57 0.53 0.56 0.68 0.62 0.72 0.75 0.64 0.63 0.57 0.5 0.45 0.53 0.48 0.48 0.49 0.51 0.47 0.46 0.46
xn
CO
02/25 0.43 0.41 0.42 0.44 0.53 0.56 0.64 0.73 0.59 0.55 0.51 0.52 0.53 0.5 0.49 0.5# 0.55 0.62 0.59 0.52 0.46 0.47 0.48 0.41
xn
CO
02/26 0.39 0.49 0.49 0.45 0.5 0.47 0.57 0.74 0.79 0.65 0.57 0.49 0.49 0.4 0.35 0.35 0.41 0.53 0.53 0.45 0.38 0.37 0.35 0.31
xn
CO
02/27 0.29 0.28 0.26 0.33 0.37 0.4 0.42 0.57 0.59 0.58 0.61 0.55 0.55 0.52 0.51 0.49 0.51 0.66 0.68 0.55 0.55 0.56 0.62 0.72
xn
CO
02/28 0.62 0.44 0.4 0.4 0.33 0.42 0.53 0.59 0.62 0.52 0.42 0.43 0.37 0.35 0.36 0.39 0.41 0.44 0.46 0.45 0.41 0.39 0.4 0.35
xn
CO
菏代~るG2019/03A 代浮GOnA 代兜GCO]ppm^
xn
CO
ら戳 00 01 02 03 04 05 06 07 08 09 10 11 12 13 14 15 16 17 18 19 20 21 22 23
xn
CO
03/01 0.37 0.43 0.47 0.52 0.53 0.45 0.49 0.51 0.54 0.57 0.57 0.46 0.4 0.38 0.36 0.35 0.39 0.41 0.44 0.43 0.43 0.47 0.37 0.37
xn
CO
03/02 0.38 0.35 0.36 0.34 0.4 0.4 0.41 0.45 0.54 0.68 0.63 0.44 0.34 0.35 0.31 0.32 0.33 0.39 0.4 0.44 0.52 0.78 0.82 0.63
xn
CO
03/03 0.62 0.43 0.33 0.3 0.33 0.34 0.39 0.39 0.39 0.28 0.22 0.23 0.32 0.45 0.34 0.44 0.47 0.6 0.61 0.64 0.93 1.31 0.4 0.37
xn
CO
03/04 0.45 0.44 0.39 0.31 0.3 0.35 0.39 0.55 0.52 0.47 0.45 0.4 0.36 0.38 0.4 0.45 0.49 0.59 0.63 0.65 0.63 0.81 0.88 0.85
xn
CO
03/05 0.67 0.63 0.68 0.69 0.69 0.75 0.86 1.16 1.04 0.65 0.53 0.73 0.71 0.62 0.65 0.72 0.71 0.7 0.86 0.61 0.54 0.61 0.5 0.51
xn
CO
03/06 0.54 0.53 0.41 0.41 0.36 0.39 0.45 0.67 0.76 0.59 0.47# 0.39 0.41 0.33 0.34 0.39 0.5 0.54 0.46 0.38 0.44 0.46 0.46 0.42
xn
CO
03/07 0.46 0.42 0.39 0.39 0.37 0.36 0.41 0.6 0.66 0.58 0.54 0.48 0.54 0.5 0.5 0.47 0.55 0.57 0.57 0.53 0.59 0.54 0.59 0.55
xn
CO
03/08 0.53 0.6 0.6 0.5 0.5 0.47 0.54 0.73 1.04 0.76 0.63 0.64 0.63 0.52 0.43 0.5 0.5 0.62 0.87 0.75 0.61 0.53 0.56 0.54
xn
CO
03/09 0.57 0.49 0.47 0.48 0.49 0.58 0.74 1.07 1.19 1.34 0.87 0.79 0.7 0.69 0.69 0.69 0.63 0.86 1.32 1.17 0.71 0.79 0.9 1.27
xn
CO
03/10 1.46 1.24 1.02 0.27 0.23 0.23 0.28 0.51 0.84 1.32 0.74 0.35 0.34 0.31 0.37 0.38 0.43 0.61 0.86 0.76 0.46 0.5 0.62 0.63
xn
CO
03/11 0.55 0.49 0.44 0.5 0.44 0.49 0.57 0.83 1.13 NA 0.98 0.53 0.45 0.47 0.53 0.65 0.76 0.8 0.86 0.75 0.83 0.81 0.76 0.75
xn
CO
03/12 0.69 0.58 0.64 0.6 0.6 0.7 0.91 1.42 1.48 0.85 0.56 0.41 0.34 0.38 0.37 0.35 0.41 0.46 0.53 0.48 0.7 0.82 1.06 1.1
xn
CO
03/13 1.06 1.13 0.8 0.4 0.37 0.43 0.63 0.88 0.97 0.97 0.75 0.56 0.46 0.35 0.38 0.45 0.45 0.55 0.61 0.6 0.63 0.73 0.84 0.88
xn
CO
03/14 0.83 0.6 0.44 0.37 0.35 0.34 0.44 0.66 0.62 0.69 0.46 0.39 0.38 0.35 0.35 0.4 0.43 0.48 0.55 0.46 0.43 0.5 0.43 0.4
xn
CO
03/15 0.4 0.31 0.26 0.34 0.37 0.36 0.32 0.5 0.47 0.36 0.39 0.45 0.43 0.37 0.37 0.44 0.48 0.57 0.53 0.49 0.51 0.57 0.55 0.66
xn
CO
03/16 0.77 0.48 0.52 0.6 0.58 0.54 0.5 0.61 0.63 0.46 0.3 0.29 0.29 0.26 0.25 0.32 0.32 0.39 0.47 0.49 0.48 0.56 0.73 0.66
xn
CO
03/17 0.51 0.46 0.44 0.4 0.41 0.48 0.6 0.59 0.55 0.54 0.46 0.38 0.36 0.35 0.36 0.42 0.46 0.43 0.42 0.38 0.37 0.39 0.41 0.44
xn
CO
03/18 0.44 0.41 0.45 0.52 0.44 0.48 0.4 0.61 0.89 0.66 0.53 0.47 0.46 0.38 0.37 0.36 0.44 0.51 0.57 0.56 0.57 0.68 0.7 0.57
xn
CO
03/19 0.46 0.59 0.56 0.54 0.52 0.57 0.76 0.82 0.84 0.68 0.65 0.59 0.57# 0.46# 0.46# 0.47# 0.5 0.59 0.75 0.73 0.7 0.67 0.68 0.59
xn
CO
03/20 0.49 0.39 0.31 0.29 0.37 0.51 0.74 0.8 0.59 0.38 0.35 0.31 0.31 0.27 0.27# 0.21 0.21 0.3# 0.27 0.33 0.61 0.76 0.67 0.56
xn
CO
03/21 0.52 0.36 0.35 0.32 0.27 0.31 0.49 0.63 0.52 0.3 0.22 0.22 0.2 0.19 0.19 0.2 0.22 0.29 0.31 0.29 0.26 0.32 0.35 0.49
xn
CO
03/22 0.42 0.56 0.57 0.53 0.49 0.51 0.61 0.65 0.65 0.42 0.3 0.26 0.25 0.27 0.29 0.3 0.37 0.44 0.48 0.46 0.51 0.43 0.36 0.35
xn
CO
03/23 0.37 0.54 0.53 0.4 0.5 0.47 0.44 0.42 0.41 0.42 0.38 0.48 0.5 0.46 0.47 0.41 0.42 0.5 0.42 0.37 0.35 0.36 0.35 0.3
xn
CO
03/24 0.24 0.24 0.22 0.22 0.26 0.3 0.29 0.38 0.53 0.65 0.63 0.49 0.55 0.62 0.68 0.65 0.71 0.7 0.62 0.54 0.63 0.73 0.85 0.7
xn
CO
03/25 0.54 0.47 0.53 0.57 0.45 0.41 0.57 0.91 1.23 1 0.52 0.46 0.43 0.44 0.45 0.44 0.52 0.72 0.69 0.67 0.71 0.76 0.8 0.62
xn
CO
03/26 0.59 0.51 0.5 0.45 0.33 0.32 0.43 0.52 0.57 0.57 0.55 0.49 0.36 0.35 0.34 0.34 0.43 0.48 0.53 0.61 0.56 0.5 0.43 0.38
xn
CO
03/27 0.34 0.32 0.37 0.42 0.41 0.4 0.46 0.79 0.9 0.69 0.54 0.5 0.49 0.44 0.41 0.37 0.42 0.5 0.48 0.5 0.56 0.48 0.44 0.65
xn
CO
03/28 0.58 0.56 0.52 0.45 0.45 0.51 0.64 0.81 0.72 0.55 0.38 0.25 0.31 0.3 0.28 0.29 0.29 0.29 0.31 0.27 0.31 0.42 0.33 0.22
xn
CO
03/29 0.2 0.17 0.2 0.23 0.27 0.3 0.44 0.48 0.32 0.24 0.22 0.22 0.22 0.2 0.21 0.22 0.24 0.3 0.26 0.26 0.26 0.31 0.3 0.23
xn
CO
03/30 0.22 0.24 0.24 0.25 0.27 0.26 0.31 0.37 0.45 0.51 0.45 0.43 0.44 0.36 0.33 0.34 0.38 0.41 0.42 0.4 0.39 0.43 0.43 0.5
xn
CO
03/31 0.55 0.5 0.33 0.33 0.35 0.38 0.51 0.53 0.61 0.53 0.51 0.39 0.4 0.38 0.36 0.4 0.42 0.44 0.46 0.42 0.37 0.36 0.34 0.3
xn
CO
菏代~るG2019/04A 代浮GOnA 代兜GCO]ppm^
xn
CO
ら戳 00 01 02 03 04 05 06 07 08 09 10 11 12 13 14 15 16 17 18 19 20 21 22 23
xn
CO
04/01 0.29 0.32 0.34 0.32 0.29 0.3 0.45 0.59 0.51 0.41 0.37# 0.42# 0.43 0.38 0.41 0.45 0.52 0.5 0.46 0.4 0.43 0.47 0.43 0.39
xn
CO
04/02 0.37 0.44 0.53 0.43 0.38 0.38 0.48 0.73 0.62 0.38 0.34 0.34 0.31 0.32 0.33 0.33 0.38 0.42 0.52 0.44 0.4 0.45 0.52 0.55
xn
CO
04/03 0.62 0.45 0.47 0.44 0.39 0.37 0.41 0.56 0.47 0.45 0.48 0.43 0.39 0.33 0.31 0.35 0.39 0.43 0.41 0.4 0.4 0.39 0.35 0.29
xn
CO
04/04 0.28 0.3 0.31 0.33 0.36 0.42 0.47 0.51 0.55 0.48 0.5 0.48 0.38 0.34 0.35 0.37 0.38 0.41 0.39 0.36 0.36 0.38 0.36 0.38
xn
CO
04/05 0.5 0.49 0.48 0.42 0.41 0.38 0.39 0.4 0.39 0.37 0.4 0.35 0.34 0.32 0.38 0.37 0.45 0.47 0.44 0.48 0.44 0.43 0.42 0.4
xn
CO
04/06 0.39 0.42 0.42 0.41 0.43 0.43 0.52 0.55 0.54 0.47 0.37 0.34 0.34 0.33 0.33 0.35 0.39 0.42 0.62 0.64 0.64 0.54 0.56 0.56
xn
CO
04/07 0.71 0.74 0.64 0.63 0.68 0.68 0.66 0.54 0.43 0.36 0.33 0.35 0.36 0.39 0.39 0.43 0.44 0.46 0.51 0.59 0.53 0.51 0.47 0.38
xn
CO
04/08 0.4 0.43 0.43 0.47 0.48 0.44 0.55 0.69 0.7 0.66 0.41 0.37 0.39 0.35 0.29 0.3 0.35 0.41 0.38 0.38 0.4 0.48 0.41 0.38
xn
CO
04/09 0.34 0.37 0.38 0.38 0.39 0.46 0.5 0.67 0.68 0.47 0.36 0.28 0.26 0.23 0.21 0.22 0.25 0.32 0.32 0.31 0.31 0.3 0.26 0.25
xn
CO
04/10 0.23 0.2 0.2 0.19 0.19 0.22 0.47 0.42 0.34 0.25 0.25 0.25 0.25 0.23 0.24 0.24 0.25 0.29 0.32 0.3 0.29 0.34 0.29 0.21
xn
CO
04/11 0.2 0.19 0.28 0.25 0.25 0.24 0.31 0.57 0.46 0.32 0.26 0.24 0.23 0.21 0.21 0.22 0.25 0.38 0.38 0.37 0.39 0.51 0.45 0.42
xn
CO
04/12 0.38 0.33 0.27 0.34 0.38 0.42 0.43 0.57 0.57 0.54 0.41 0.31 0.32 0.32 0.35 0.39 0.43 0.46 0.5 0.44 0.42 0.45 0.42 0.39
xn
CO
04/13 0.44 0.5 0.47 0.5 0.49 0.52 0.46 0.48 0.52 0.52 0.49 0.44 0.42 0.35 0.34 0.33 0.36 0.46 0.5 0.6 0.62 0.58 0.52 0.5
xn
CO
04/14 0.51 0.51 0.43 0.4 0.35 0.29 0.37 0.43 0.47 0.48 0.4 0.41 0.34 0.31 0.29 0.27 0.32 0.35 0.37 0.34 0.33 0.41 0.38 0.39
xn
CO
04/15 0.43 0.4 0.34 0.3 0.29 0.37 0.48 0.59 0.62 0.6 0.56 0.49 0.45 0.41 0.49 0.56 0.6 0.69 0.7 0.66 0.6 0.57 0.68 0.62
xn
CO
04/16 0.59 0.53 0.49 0.46 0.48 0.44 0.43 0.57 0.68 0.73 0.78# 0.55# 0.51 0.48# 0.43# 0.47 0.61 0.69 0.7 0.66 0.9 0.71 0.51 0.46
xn
CO
04/17 0.44 0.45 0.44 0.28 0.3 0.32 0.33 0.6 0.53 0.5 0.48 0.43 0.41 0.36 0.37 0.39 0.43 0.5 0.52 0.57 0.58 0.67 0.63 0.57
xn
CO
04/18 0.62 0.67 0.56 0.5 0.48 0.49 0.55 0.69 0.57 0.53 0.48 0.4 0.4 0.42# 0.36 0.36 0.4 0.43 0.38 0.48 0.42 0.5 0.49 0.53
xn
CO
04/19 0.58 0.42 0.41 0.38 0.24 0.27 0.35 0.56 0.49 0.38 0.34 0.32 0.46 0.35 0.29 0.24 0.33 0.52 0.93 0.64 0.51 0.53 0.48 0.44
xn
CO
04/20 0.34 0.27 0.26 0.33 0.42 0.39 0.42 0.53 0.66 0.53 0.47 0.36 0.36 0.28 0.2 0.19 0.25 0.34 0.43 0.43 0.43 0.44 0.39 0.36
xn
CO
04/21 0.43 0.42 0.39 0.38 0.32 0.36 0.38 0.4 0.44 0.45 0.43 0.35 0.28 0.31 0.33 0.27 0.27 0.35 0.54 0.62 0.5 0.64 0.68 0.75
xn
CO
04/22 0.56 0.56 0.55 0.54 0.4 0.38 0.5 0.67 0.32 0.23 0.24 0.22 0.17 0.15 0.16 0.17 0.22 0.26 0.25 0.25 0.22 0.22 0.29 0.22
xn
CO
04/23 0.18 0.15 0.18 0.2 0.17 0.2 0.29 0.39 0.3 0.26 0.2 0.17 0.17 0.16 0.15# 0.16# 0.21 0.26 0.25 0.26 0.3 0.32 0.39 0.31
xn
CO
04/24 0.29 0.23 0.22 0.22 0.23 0.34 0.47 0.32 0.23 0.18 0.16 0.18 0.17 0.15 0.15 0.16 0.2 0.22 0.25 0.21 0.25 0.23 0.2 0.16
xn
CO
04/25 0.18 0.19 0.19 0.17 0.21 0.3 0.33 0.39 0.25 0.17 0.17 0.15 0.16# 0.16 0.16 0.18 0.22 0.29 0.36 0.36 0.53 0.51 0.49 0.36
xn
CO
04/26 0.17 0.17 0.26 0.24 0.22 0.27 0.27 0.39 0.34 0.28 0.39 0.41 0.67 0.26 0.19 0.2 0.25 0.35 0.43 0.43 0.45 0.48 0.48 0.45
xn
CO
04/27 0.5 0.49 0.45 0.48 0.51 0.53 0.54 0.65 0.53 0.43 0.39 0.55 0.53 0.5 0.48 0.45 0.46 0.48 0.52 0.47 0.43 0.43 0.43 0.38
xn
CO
04/28 0.38 0.46 0.44 0.4 0.41 0.42 0.54 0.52 0.54 0.48 0.35 0.25 0.4 0.33 0.29 0.3 0.32 0.29 0.38 0.42 0.49 0.44 0.46 0.58
xn
CO
04/29 0.44 0.35 0.36 0.32 0.32 0.3 0.4 0.49 0.45 0.29 0.26 0.31 0.36 0.27 0.22 0.15 0.17 0.21 0.21 0.23 0.25 0.26 0.2 0.2
xn
CO
04/30 0.21 0.16 0.16 0.17 0.18 0.22 0.27 0.29 0.24 0.18 0.17 0.16 0.14# 0.15 0.16 0.17 0.2 0.24 0.28 0.24 0.23 0.29 0.33 0.25
xn
CO
菏代~るG2019/05A 代浮GOnA 代兜GCO]ppm^
xn
CO
ら戳 00 01 02 03 04 05 06 07 08 09 10 11 12 13 14 15 16 17 18 19 20 21 22 23
xn
CO
05/01 0.24 0.24 0.2 0.2 0.19 0.18 0.25 0.47 0.38 0.37 0.26 0.31 0.38 0.3 0.35 0.47 0.5 0.55 0.54 0.54 0.6 0.66 0.68 0.7
xn
CO
05/02 0.65 0.56 0.55 0.62 0.63 0.64 0.73 0.81 0.7 0.47 0.42 0.35 0.37 0.46 0.57 0.48 0.48 0.56 0.58 0.48 0.48 0.59 0.63 0.55
xn
CO
05/03 0.42 0.37 0.36 0.39 0.47 0.5 0.56 0.76 0.81 0.71 0.56 0.52 0.56 0.64 0.6 0.61 0.6 0.71 0.96 0.8 0.71 0.66 0.71 0.68
xn
CO
05/04 0.67 0.37 0.34 0.3 0.3 0.36 0.36 0.47 0.45 0.35 0.35 0.29 0.28 0.27 0.28 0.39 0.39 0.47 0.51 0.79 0.85 0.72 0.65 0.63
xn
CO
05/05 0.45 0.64 0.57 0.63 0.67 0.53 0.55 0.52 0.44 0.44 0.41 0.38 0.38 0.38 0.33 0.32 0.36 0.43 0.47 0.47 0.48 0.51 0.56 0.48
xn
CO
05/06 0.35 0.36 0.37 0.3 0.31 0.34 0.44 0.61 0.76 0.61 0.51 0.53 0.48 0.46 0.5 0.51 0.54 0.69 0.74 0.7 0.54 0.48 0.44 0.36
xn
CO
05/07 0.31 0.28 0.3 0.31 0.33 0.31 0.39 0.59 0.51 0.43 0.46 0.43 0.39 0.38 0.46 0.52 0.51 0.53 0.52 0.54 0.48 0.44 0.38 0.38
xn
CO
05/08 0.41 0.42 0.36 0.29 0.3 0.43 0.5 0.73 0.65 0.54 0.52 0.5 0.56 0.51 0.52# 0.5 0.44 0.54 0.56 0.49 0.44 0.52 0.52 0.5
xn
CO
05/09 0.46 0.5 0.45 0.45 0.47 0.48 0.59 0.88 0.83 0.73 0.67 0.59 0.57 0.31 0.29 0.4 0.49 0.54 0.67 0.68 0.62 0.62 0.46 0.49
xn
CO
05/10 0.46 0.41 0.32 0.27 0.27 0.29 0.37 0.62 0.88 0.62 0.45 0.5 0.41 0.36 0.35 0.37 0.44 0.51 0.69 0.72 0.51 0.46 0.4 0.42
xn
CO
05/11 0.44 0.54 0.49 0.53 0.51 0.46 0.65 0.73 0.73 0.68 0.66 0.6 0.46 0.37 0.33 0.37 0.35 0.36 0.37 0.42 0.45 0.53 0.53 0.41
xn
CO
05/12 0.46 0.4 0.46 0.52 0.35 0.33 0.36 0.42 0.41 0.42 0.46 0.41 0.34 0.29 0.31 0.32 0.38 0.34 0.36 0.35 0.41 0.48 0.53 0.54
xn
CO
05/13 0.5 0.41 0.37 0.35 0.35 0.35 0.43 0.58 0.63 0.51 0.32 0.28 0.28 0.24 0.24 0.25# 0.32 0.37 0.45 0.51 0.54 0.46 0.57 0.65
xn
CO
05/14 0.52 0.44 0.44 0.41 0.42 0.38 0.41 0.42 0.34 0.29 0.24 0.24 0.22 0.18 0.17 0.19 0.25 0.29 0.3 0.28 0.24 0.29 0.28 0.32
xn
CO
05/15 0.36 0.26 0.3 0.23 0.24 0.28 0.46 0.47 0.49 0.43 0.32 0.28 0.29 0.23 0.2 0.19 0.19 0.24 0.28 0.27 0.28 0.26 0.16 0.13
xn
CO
05/16 0.15 0.12 0.18 0.19 0.25 0.27 0.28 0.35 0.22 0.19 0.18 0.17 0.18 0.15 0.16 0.17 0.21 0.22 0.21 0.17 0.17 0.17 0.15 0.17
xn
CO
05/17 0.13 0.26 0.22 0.17 0.18 0.18 0.21 0.34 0.19 0.16 0.14 0.13 0.13 0.12 0.13 0.13 0.15 0.21 0.19 0.19 0.18 0.19 0.14 0.15
xn
CO
05/18 0.11 0.12 0.09 0.08 0.09 0.1 0.15 0.17 0.15 0.16 0.14 0.14 0.14 0.13 0.12 0.13 0.18 0.23 0.19 0.18 0.2 0.22 0.2 0.26
xn
CO
05/19 0.23 0.18 0.18 0.17 0.18 0.22 0.25 0.26 0.23 0.21 0.16 0.15 0.15 0.14 0.13 0.13 0.15 0.16 0.2 0.26 0.21 0.22 0.2 0.17
xn
CO
05/20 0.14 0.23 0.21 0.2 0.2 0.22 0.29 0.4 0.26 0.18 0.17 0.18 0.18 0.17 0.19 0.26 0.38 0.43 0.42 0.36 0.41 0.42 0.37 0.42
xn
CO
05/21 0.51 0.46 0.51 0.46 0.47 0.48 0.55 0.69 0.64 0.67 0.43 0.46 0.48 0.47 0.43 0.47 0.5 0.52 0.56 0.52 0.46 0.45 0.51 0.42
xn
CO
05/22 0.45 0.32 0.3 0.3 0.32 0.33 0.38 0.44 0.39 0.38 0.35 0.35 0.34 0.35 0.41 0.33 0.4 0.41 0.37 0.4 0.48 0.49 0.43 0.38
xn
CO
05/23 0.38 0.46 0.45 0.31 0.3 0.45 0.52 0.63 0.69 0.73 0.5 0.48 0.45 0.43 0.46 0.46 0.39 0.51 0.55 0.57 0.53 0.48 0.46 0.43
xn
CO
05/24 0.44 0.53 0.65 0.74 0.68 0.76 0.74 0.65 0.73 0.48 0.39 0.38 0.33 0.3 0.32 0.32 0.37 0.47 0.43 0.5 0.58 0.7 0.7 0.58
xn
CO
05/25 0.42 0.41 0.37 0.36 0.36 0.44 0.49 0.56 0.37 0.37 0.38 0.37 0.32 0.26 0.27 0.29 0.31 0.37 0.37 0.36 0.4 0.66 0.47 0.39
xn
CO
05/26 0.43 0.34 0.35 0.35 0.35 0.36 0.41 0.42 0.42 0.48 0.59 0.53 0.54 0.51 0.5 0.46 0.37 0.32 0.29 0.26 0.26 0.24 0.4 0.47
xn
CO
05/27 0.49 0.19 0.21 0.2 0.43 0.41 0.31 0.32 0.42 0.41 0.38 0.3 0.46 0.54 0.34 0.26 0.23 0.29 0.45 0.37 0.37 0.34 0.48 0.37
xn
CO
05/28 0.39 0.29 0.28 0.29 0.32 0.36 0.44 0.4 0.31 0.4 0.32# 0.27# 0.22 0.17 0.2 0.21 0.3 0.34 0.47 0.39 0.32 0.37 0.31 0.35
xn
CO
05/29 0.39 0.39 0.48 0.46 0.38 0.41 0.44 0.66 0.75 0.57 0.49 0.48 0.4 0.29 0.26 0.28 0.32 0.39 0.42 0.45 0.42 0.42 0.4 0.41
xn
CO
05/30 0.46 0.54 0.52 0.51 0.54 0.5 0.57 0.68 0.86 0.69 0.56 0.47 0.38 0.28 0.25 0.25 0.27 0.38 0.39 0.37 0.45 0.43 0.43 0.3