xn
PM10
01/01 42 32 30 30 30 30 32 33 32 35 40 40 42 58 51 84 95 99 125 104 55 50 39 36
xn
PM10
01/02 32 36 30 28 30 27 33 40 38 42 51 50 49 1000# 60# 67 66 61 58 52 48 44 43 41
xn
PM10
01/03 34 31 34 34 36 42 42 59 53 48 49 49 63 64 62 55 67 63 63 53 51 45 38 32
xn
PM10
01/04 34 35 45 44 52 57 57 73 86 101 89 83 59 50 47 57 55 52 53 71 94 87 100 104
xn
PM10
01/05 92 104 109 105 115 114 111 120 116 102 101 86 81 84 73 71 66 66 63 57 73 81 74 65
xn
PM10
01/06 60 59 57 63 62 53 35 33 29 35 41 49 65 90 100 108 76 85 82 54 46 55 55 51
xn
PM10
01/07 49 47 48 44 48 41 45 56 56 57 67 74 65 68 67 1000# 70 67 72 62 61 88 80 101
xn
PM10
01/08 93 84 77 76 70 53 52 58 56 60 1000# 60 60 72 81 114 85 85 70 110 84 62 50 50
xn
PM10
01/09 40 41 43 41 48 44 38 49 47 57 65 74 70 74 95 99 96 90 90 80 67 68 64 65
xn
PM10
01/10 57 50 60 77 70 69 76 92 108 120 129 132 90 87 98 92 96 93 99 95 95 106 119 119
xn
PM10
01/11 120 133 143 124 121 113 129 133 147 165 163 137 88 73 77 66 48 48 56 69 83 98 101 100
xn
PM10
01/12 88 74 63 61 57 83 98 106 111 112 100 84 81 74 61 68 59 71 76 78 70 77 73 70
xn
PM10
01/13 64 58 55 46 42 46 50 45 49 53 63 67 66 88 111 109 124 129 101 100 94 70 63 55
xn
PM10
01/14 44 41 31 40 41 31 44 44 53 68 71 1000# 75# 66 82 87 98 119 104 100 74 73 76 69
xn
PM10
01/15 61 68 63 76 92 105 109 120 116 113 116 111 111 106 113 105 90 97 107 140 116 98 111 89
xn
PM10
01/16 82 78 76 74 65 58 51 49 45 44 38 41 42 50 67 65 66 59 56 45 43 44 44 46
xn
PM10
01/17 33 40 29 24 23 25 31 28 31 47 49 54 59 64 65 65 65 82 75 74 66 70 73 75
xn
PM10
01/18 66 63 68 61 70 72 69 84 90 97 100 71 NA 67 68 67 79 74 72 89 94 95 100 102
xn
PM10
01/19 109 114 106 103 89 94 111 119 133 114 101 103 100 83 71 60 57 75 94 96 77 116 99 89
xn
PM10
01/20 84 75 57 42 51 84 108 134 132 142 162 126 118 99 97 92 108 133 149 143 131 139 136 132
xn
PM10
01/21 95 78 62 65 58 51 51 56 50 50 51 1000# 49 50 61 80 95 88 90 72 62 50 49 52
xn
PM10
01/22 49 59 61 53 55 66 68 59 61 57 61 96 113 107 103 139 131 116 109 93 86 84 82 78
xn
PM10
01/23 75 66 70 66 66 61 68 61 69 73 73 76 75 81 86 89 95 102 127 117 98 95 95 100
xn
PM10
01/24 93 91 90 92 101 103 105 107 139 130 132 106 73 88 98 96 89 95 106 131 94 94 94 87
xn
PM10
01/25 84 81 98 105 101 101 109 120 131 128 139 100 85 81 74 83 99 110 127 115 119 134 137 128
xn
PM10
01/26 107 95 94 86 149 99 92 105 97 70 70 86 96 234 269 231 209 217 204 159 99 72 55 50
xn
PM10
01/27 43 40 42 38 34 32 55 54 51 47 48 65 66 71 84 111 108 98 110 95 75 68 76 67
xn
PM10
01/28 71 61 62 62 66 68 66 72 84 102 99 90 62 69 64 69 67 64 62 79 80 84 88 97
xn
PM10
01/29 101 106 105 96 92 104 100 90 95 103 94 83 67 69 70 71 67 87 88 86 88 93 91 95
xn
PM10
01/30 96 106 103 118 121 103 83 86 121 137 121 108 68 63 85 88 71 67 72 93 97 110 118 102
xn
PM10
01/31 75 78 83 75 70 72 71 60 58 59 77 78 67 54 1000# 65# 57 48 47 56 52 48 49 60
xn
PM10
菏代~るG2019/02A 代浮GOnA 代兜GPM10]gg/m3^
xn
PM10
ら戳 00 01 02 03 04 05 06 07 08 09 10 11 12 13 14 15 16 17 18 19 20 21 22 23
xn
PM10
02/01 64 65 75 66 52 57 47 43 44 51 73 87 131 99 104 105 101 108 110 101 93 87 68 64
xn
PM10
02/02 69 69 73 63 65 65 80 73 72 85 102 103 76 70 78 76 72 81 91 96 109 123 129 131
xn
PM10
02/03 132 122 126 104 85 77 74 69 63 57 68 74 122 66 45 20 31 41 45 42 49 50 51 52
xn
PM10
02/04 42 42 39 40 38 39 47 53 62 60 48 88 67 55 63 64 79 77 90 69 73 67 57 68
xn
PM10
02/05 75 74 66 58 64 68 63 63 68 64 63 59 49 51 50 54 63 72 82 87 90 88 89 97
xn
PM10
02/06 87 93 100 108 100 94 93 107 102 92 83 80 67 53 53 56 49 51 56 57 50 60 66 66
xn
PM10
02/07 58 60 54 52 53 52 46 59 62 57 51 35 19 14 26 32 45 46 55 59 60 64 67 73
xn
PM10
02/08 70 67 68 77 72 70 65 73 78 76 63 62 47 61 74 66 53 45 56 53 45 40 40 37
xn
PM10
02/09 28 36 42 50 45 49 55 61 59 72 75 59 44 48 1000# 50 51 73 60 61 42 48 34 32
xn
PM10
02/10 23 24 27 25 22 26 29 31 36 44 54 54 43 35 39 59 57 53 45 57 49 47 51 37
xn
PM10
02/11 39 41 44 34 32 33 37 49 34 40 37 53 72 84 103 113 99 85 84 86 58 50 44 43
xn
PM10
02/12 39 42 38 31 23 27 34 53 40 50 46 45 52 50 54 45 43 40 41 44 44 36 45 71
xn
PM10
02/13 54 63 70 67 55 59 72 86 77 70 64 53 43 55 59 53 57 76 77 70 64 64 54 46
xn
PM10
02/14 50 46 45 45 43 39 35 55 49 55 73 54 42 58 51 55 55 47 63 53 47 47 62 65
xn
PM10
02/15 62 61 64 61 57 47 58 58 49 57 72 1000# 59# 55 41 32 35 41 53 51 56 62 71 60
xn
PM10
02/16 57 49 47 61 78 91 90 84 83 74 64 60 40 59 57 54 66 80 63 62 66 64 63 50
xn
PM10
02/17 43 38 40 38 32 26 35 37 47 55 53 52 49 59 71 74 61 46 50 51 49 46 42 40
xn
PM10
02/18 32 33 29 30 32 44 48 57 56 66 74 61 54 59 64 46 42 39 56 41 36 29 34 39
xn
PM10
02/19 30 31 29 29 21 28 34 44 58 63 42 61 39 34 37 32 26 27 28 33 32 30 32 61
xn
PM10
02/20 46 54 52 52 49 43 42 48 91 91 85 83 50 28 27 23 24 25 27 76 84 118 127 102
xn
PM10
02/21 101 127 132 130 123 119 138 146 133 115 117 79 38 38 38 31 36 38 44 48 59 75 58 84
xn
PM10
02/22 80 83 79 64 57 77 74 77 76 79 75 71 55 46 40 1000# 47# 35 34 45 46 49 36 41
xn
PM10
02/23 39 30 36 43 40 39 38 64 67 76 61 51 53 59 63 61 82 86 83 85 70 56 54 43
xn
PM10
02/24 47 48 45 48 34 41 41 47 40 61 63 59 51 42 31 32 31 21 20 29 30 22 31 31
xn
PM10
02/25 26 22 28 28 32 32 34 32 36 40 49 47 56 63 64 1000# 51 59 76 81 63 64 64 63
xn
PM10
02/26 52 66 68 56 57 70 81 74 83 84 86 86 76 66 61 1000# 59# 57 67 58 69 74 76 84
xn
PM10
02/27 74 59 61 63 59 73 86 109 112 111 118 115 99 93 74 66 58 59 61 52 50 50 66 81
xn
PM10
02/28 67 54 60 63 55 64 74 104 109 87 75 75 81 75 75 73 69 59 44 52 56 47 51 55
xn
PM10
菏代~るG2019/03A 代浮GOnA 代兜GPM10]gg/m3^
xn
PM10
ら戳 00 01 02 03 04 05 06 07 08 09 10 11 12 13 14 15 16 17 18 19 20 21 22 23
xn
PM10
03/01 51 56 61 56 53 52 53 51 57 59 72 70 57 56 53 51 48 47 68 72 71 74 71 77
xn
PM10
03/02 75 81 90 84 98 94 83 77 102 101 97 74 40 45 43 44 47 45 51 56 55 78 82 82
xn
PM10
03/03 68 51 40 34 34 34 35 38 37 33 24 17 33 29 28 29 26 22 29 31 30 47 23 22
xn
PM10
03/04 32 38 35 29 29 33 46 51 49 49 48 46 37 42 48 44 42 44 48 57 63 68 82 82
xn
PM10
03/05 74 75 91 98 96 102 99 116 115 88 85 88 63 55 60 72 83 69 90 85 109 81 38 41
xn
PM10
03/06 50 66 27 24 15 19 31 42 44 48 41 1000# 33# 22 37 44 53 42 31 27 35 32 34 45
xn
PM10
03/07 45 45 45 31 27 17 26 32 34 30 33 30 35 27 30 31 41 32 31 39 42 55 56 41
xn
PM10
03/08 40 35 47 42 37 26 29 23 34 29 32 32 37 29 20 31 35 40 53 60 47 50 57 72
xn
PM10
03/09 65 66 67 68 67 69 70 86 87 89 93 77 69 59 54 44 34 31 34 37 52 42 27 28
xn
PM10
03/10 27 27 28 19 12 11 13 17 24 33 28 14 14 17 32 31 34 33 37 34 45 40 48 55
xn
PM10
03/11 43 43 40 41 37 41 43 39 47 NA 61 45 1000# 37# 55 63 70 77 78 88 100 99 95 97
xn
PM10
03/12 94 73 75 62 71 70 79 95 112 92 49 38 29 32 39 36 40 44 52 55 59 60 60 84
xn
PM10
03/13 107 97 81 50 48 49 61 54 57 68 81 73 59 45 50 73 74 74 85 89 95 95 111 109
xn
PM10
03/14 113 113 104 98 86 78 86 99 91 90 88 75 76 81 69 69 74 76 79 86 88 95 89 96
xn
PM10
03/15 81 67 56 55 62 45 48 45 51 34 39 47 41 81 77 65 57 59 56 57 45 53 53 54
xn
PM10
03/16 54 53 58 61 73 73 72 77 78 62 41 41 31 32 34 47 47 40 51 57 57 57 64 58
xn
PM10
03/17 65 63 65 71 82 86 92 91 92 97 93 82 64 77 64 79 81 67 58 47 50 61 71 74
xn
PM10
03/18 69 69 71 78 75 81 74 89 99 95 90 76 71 59 50 47 50 53 54 67 92 99 100 91
xn
PM10
03/19 71 98 98 103 101 96 112 111 110 100 95 101 81 77 1000# 70 65 59 71 73 88 83 104 94
xn
PM10
03/20 82 82 64 68 77 80 102 102 115 68 52 53 51 47 45 40 40 33 32 29 37 50 40 45
xn
PM10
03/21 47 37 37 35 29 35 37 43 54 33 39 45 29 27 24 26 30 26 26 28 25 20 19 32
xn
PM10
03/22 33 35 34 42 51 50 57 52 59 51 47 43 26 49 60 50 59 52 69 67 72 61 53 50
xn
PM10
03/23 51 65 69 57 55 57 48 44 37 39 33 26 32 35 37 48 62 60 50 51 46 39 34 41
xn
PM10
03/24 29 31 36 32 38 42 46 46 54 59 62 53 59 50 52 46 47 42 43 32 44 43 54 50
xn
PM10
03/25 42 37 34 34 31 32 37 46 49 63 53 1000# 48# 56 62 53 49 69 73 69 77 74 73 71
xn
PM10
03/26 51 50 50 53 38 35 48 43 42 48 46 50 40 40 36 34 40 38 48 55 66 58 56 59
xn
PM10
03/27 53 61 60 73 71 69 74 80 82 65 60 62 64 61 56 51 50 62 55 56 63 51 47 83
xn
PM10
03/28 84 90 73 70 57 59 73 82 57 53 48 29 31 37 35 32 31 21 27 25 20 31 25 25
xn
PM10
03/29 17 16 20 24 32 32 36 42 33 33 20 26 25 26 31 31 34 31 36 35 36 34 37 42
xn
PM10
03/30 99x 4x 18 22 32 20 18 21 30 33 38 43 38 29 28 25 31 41 49 51 55 54 50 55
xn
PM10
03/31 54 61 44 53 66 53 75 74 69 55 54 45 35 37 63 59 78 115 104 91 76 68 62 55
xn
PM10
菏代~るG2019/04A 代浮GOnA 代兜GPM10]gg/m3^
xn
PM10
ら戳 00 01 02 03 04 05 06 07 08 09 10 11 12 13 14 15 16 17 18 19 20 21 22 23
xn
PM10
04/01 45 47 49 46 42 41 52 51 42 48 51 1000# 37# 31 40 43 38 37 37 38 48 46 44 41
xn
PM10
04/02 43 50 62 61 52 52 53 58 53 44 43 41 35 43 42 46 50 55 71 69 68 75 82 99
xn
PM10
04/03 99 99 86 85 95 99 95 101 80 71 76 63 52 46 52 57 61 66 60 63 60 54 48 51
xn
PM10
04/04 46 48 50 50 47 54 64 60 63 54 63 72 63 60 53 46 48 52 49 57 70 59 64 75
xn
PM10
04/05 91 82 86 81 82 70 71 70 79 76 76 62 46 43 49 45 61 47 48 49 44 48 41 44
xn
PM10
04/06 41 41 48 43 43 45 53 63 64 58 43 35 40 28 25 30 26 33 44 43 38 31 38 42
xn
PM10
04/07 42 51 48 51 54 52 60 62 48 43 37 41 42 48 48 50 46 49 48 56 61 62 90 56
xn
PM10
04/08 61 63 59 76 73 65 67 63 62 55 49 48 53 49 37 1000# 58# 33 32 28 33 39 38 41
xn
PM10
04/09 41 59 62 60 60 54 59 63 54 46 49 42 32 36 28 26 29 22 27 24 23 27 25 21
xn
PM10
04/10 21 21 20 26 23 19 33 40 46 31 30 26 21 29 28 21 16 22 24 25 27 23 22 21
xn
PM10
04/11 17 19 27 32 31 27 34 52 44 35 34 35 34 26 32 32 29 35 45 59 58 64 67 55
xn
PM10
04/12 45 39 18 21 23 30 32 47 36 44 48 34 42 48 56 74 68 59 69 68 61 65 55 56
xn
PM10
04/13 72 71 66 70 82 72 65 63 67 56 56 55 43 37 44 45 74 75 68 73 72 65 53 48
xn
PM10
04/14 56 60 54 53 49 52 68 66 62 54 47 51 48 31 32 24 27 38 43 43 40 43 39 31
xn
PM10
04/15 41 43 37 35 37 46 54 63 58 62 67 69 68 59 70 81 84 75 86 79 80 69 78 92
xn
PM10
04/16 90 81 72 66 63 47 49 48 45 53 55 55# 1000# 43 40* 45 53 49 46 47 46 52 53 58
xn
PM10
04/17 59 70 62 51 57 51 51 59 53 50 50 42 51 54 48 45 29 38 38 48 49 58 53 44
xn
PM10
04/18 45 53 58 75 75 75 78 66 44 43 45 42 41 41 1000# 38 33 31 29 35 39 45 41 57
xn
PM10
04/19 64 50 49 52 15* 12 14 17 14 17 11 16 32 25 32 27 21 15 23 26 19 21 19 24
xn
PM10
04/20 12 16 17 18 20 26 32 37 35 30 23 21 22 19 16 12 12 22 24 25 27 32 23 33
xn
PM10
04/21 31 37 39 40 37 29 30 21 20 17 18 21 18 25 22 24 12 24 31 27 25 26 24 21
xn
PM10
04/22 19 23 25 23 29 23 32 34 25 27 26 28 21 22 23 25 29 29 23 23 17 22 23 21
xn
PM10
04/23 21 18 33 34 25 28 31 28 27 28 23 18 18 18 1000# 20 20 22 15 15 15 14 18 25
xn
PM10
04/24 22 22 27 28 24 18 24 31 22 12 12 19 12 12 14 16 13 18 13 13 17 15 16 15
xn
PM10
04/25 19 20 32 31 27 35 32 34 27 17 18 19 14 18 24 23 22 21 23 18 26 22 24 27
xn
PM10
04/26 17 16 30 29 25 38 28 29 32 40 40 41 53 29 24 23 27 27 33 43 42 56 56 52
xn
PM10
04/27 58 60 63 64 75 70 70 73 52 59 65 74 77 79 73 68 68 59 64 56 52 47 55 52
xn
PM10
04/28 49 63 72 57 57 63 61 72 72 67 46 24 67 50 40 46 38 27 47 57 59 68 48 68
xn
PM10
04/29 68 52 47 40 48 41 46 42 28 32 36 39 50 34 29 17 15 11 15 19 18 23 22 27
xn
PM10
04/30 29 31 31 21 27 29 29 27 27 22 28 21 24 21 1000# 1000# 27# 26 25 21 20 28 28 32
xn
PM10
菏代~るG2019/05A 代浮GOnA 代兜GPM10]gg/m3^
xn
PM10
ら戳 00 01 02 03 04 05 06 07 08 09 10 11 12 13 14 15 16 17 18 19 20 21 22 23
xn
PM10
05/01 27 32 15 20 20 20 20 22 23 27 34 35 42 34 35 37 23 28 18 23 21 20 23 26
xn
PM10
05/02 30 34 26 32 31 42 47 49 36 34 32 40 44 46 66 62 46 39 32 32 28 28 32 42
xn
PM10
05/03 35 27 34 43 55 35 32 41 39 49 32 30 36 41 49 41 31 32 34 39 49 34 37 58
xn
PM10
05/04 72 75 55 37 35 28 28 27 31 20 26 30 38 32 36 17 20 35 35 36 41 36 35 52
xn
PM10
05/05 62 53 55 48 51 39 39 53 50 51 53 43 44 36 36 28 36 39 42 47 44 49 70 63
xn
PM10
05/06 49 51 58 40 41 42 43 38 40 34 33 27 1000# 23# 31 26 30 23 31 31 35 29 25 18
xn
PM10
05/07 17 15 18 28 26 23 23 17 18 29 30 30 29 34 48 40 38 39 46 44 39 50 49 43
xn
PM10
05/08 46 51 48 45 52 55 60 58 56 61 48 44 38 44 1000# 62 41 43 49 40 39 57 68 81
xn
PM10
05/09 79 82 81 77 81 82 64 74 68 75 57 60 68 27 25 31 38 36 35 32 58 58 42 46
xn
PM10
05/10 39 27 34 15 10 20 13 17 29 43 31 34 22 23 21 20 25 20 29 35 42 63 57 54
xn
PM10
05/11 56 66 76 74 69 93 86 93 93 85 85 67 56 45 47 50 52 42 36 39 39 48 59 63
xn
PM10
05/12 64 67 55 64 64 64 61 65 61 62 63 63 55 35* 53 44 48 42 50 48 49 58 60 65
xn
PM10
05/13 63 60 61 46 63 61 63 62 55 62 53 36 33 33 1000# 24 29 27 33 28 25 20 31 31
xn
PM10
05/14 24 32 37 33 34 32 34 29 22 24 22 21 13 10 9 13 9 16 15 11 12 17 17 13
xn
PM10
05/15 14 19 21 9 16 8 32 27 29 40 35 33 29 25 12 14 11 6 3 3 3 7 5 1
xn
PM10
05/16 0* 0* 5 9 13 18 15 22 22 23 29 27 19 20 26 14 18 20 15 18 21 24 21 21
xn
PM10
05/17 9 27 18 20 23 20 24 30 26 28 27 30 21 18 15 16 18 18 19 14 15 24 22 23
xn
PM10
05/18 21 11 14 17 15 13 14 15 20 28 23 30 19 22 6 8 17 19 17 5 8 23 23 33
xn
PM10
05/19 19 14 11 19 20 17 21 15 14 16 24 22 23 33 15 10 14 18 21 12 16 18 22 15
xn
PM10
05/20 22 28 26 21 18 27 23 32 29 24 26 28 30 21 22 1000# 9# 7 4 6 12 22 21 42
xn
PM10
05/21 60 65 76 77 77 81 77 79 62 84 63 51 54 56 61 65 71 71 78 79 74 78 75 61
xn
PM10
05/22 56 47 44 40 44 51 53 62 58 70 68 62 63 67 69 52 59 52 53 56 65 69 68 53
xn
PM10
05/23 59 84 74 42 42 60 72 58 61 76 62 53 55 59 53 47 34 33 48 60 64 52 48 49
xn
PM10
05/24 55 72 94 98 89 104 90 55 58 51 43 40 28 28 38 33 35 38 39 15 14 21 32 31
xn
PM10
05/25 26 37 46 33 31 37 37 34 25 31 41 39 35 37 40 26 30 32 34 35 41 31 37 31
xn
PM10
05/26 29 31 32 34 34 32 31 27 27 38 41 45 45 49 51 45 42 34 27 30 29 42 50 57
xn
PM10
05/27 55 26 44 22 52 49 29 21 30 26 16 12 12 13 16 12 12 16 23 26 20 21 20 22
xn
PM10
05/28 26 38 32 23 33 35 33 30 29 32 25 1000# 16# 14# 13 14 13 22 17 17 20 37 29 42
xn
PM10
05/29 50 69 79 72 63 69 68 77 66 73 68 57 54 43 43 40 46 49 58 62 69 68 66 74
xn
PM10
05/30 74 73 63 60 62 59 65 75 80 75 82 74 56 39 32 27 31 32 29 38 57 36 23 21