xい
PM10
01/01 8 11 6 5 3 2 2 2 4 9 5 5 13 9 6 23 21 14 9 6 6 8 5 3
xい
PM10
01/02 3 2 5 3 2 3 5 4 12 13 9 14 15 16 15 22 23 20 18 13 19 20 21 17
xい
PM10
01/03 11 15 7 4 8 8 6 5 11 14 15 21 18 20 16 23 19 28 20 21 27 22 31 28
xい
PM10
01/04 28 32 56 62 58 58 62 66 65 81 70 49 50 83 77 60 53 44 40 36 42 35 42 44
xい
PM10
01/05 46 50 55 54 56 52 55 37 47 55 74 50* 43* 33 30 30 44 57 48 45 51 52 51 48
xい
PM10
01/06 33 0* 0* 0* 0* 0* 1 4 8 9 5 7 9 8 10 7 7 13 14 18 17 21 20 24
xい
PM10
01/07 20 20 20 24 18 16 21 18 23 27 29 33 29 33 31 37 41 44 43 35 32 34 30 23
xい
PM10
01/08 27 20 22 24 19 18 14 26 24 26 25 20 29 24 27 1000# 19 20 20 19 21 14 19 17
xい
PM10
01/09 10 10 12 10 6 6 4 9 10 15 21 21 33 32 35 49 45 41 35 37 28 34 40 34
xい
PM10
01/10 28 29 30 22 27 24 29 33 45 50 43 56 1000# 62 65 70 73 58 53 63 57 52 52 48
xい
PM10
01/11 43 42 42 31 41 42 41 37 31 38 44 58 45 50 45 40 48 54 66 62 62 67 68 70
xい
PM10
01/12 72 59 50 52 57 51 28 27 32 31 28 36 29 30 25 37 44 50 51 41 33 28 27 26
xい
PM10
01/13 20 17 22 25 24 18 15 15 16 19 21 24 35 38 42 38 42 41 32 29 20 17 13 12
xい
PM10
01/14 15 17 15 15 14 12 12 11 17 29 26 25 33 54 52 47 51 45 47 47 44 48 46 47
xい
PM10
01/15 50 50 60 61 55 53 52 56 65 74 70 78 70 63 1000# 84# 85 68 62 58 46 39 31 18
xい
PM10
01/16 16 19 17 13 15 17 15 11 7 11 10 14 10 12 21 20 20 19 13 13 13 11 11 8
xい
PM10
01/17 6 3 1 2 7 5 5 11 20 32 32 31 26 22 27 21 28 31 33 39 44 34 34 38
xい
PM10
01/18 41 39 36 30 31 25 24 32 35 38 45 48 30 41 51 51 53 54 46 67 75 71 74 85
xい
PM10
01/19 86 90 82 79 103 96 88 85 66 65 68 60 63 67 61 65 75 72 84 104 99 113 106 71
xい
PM10
01/20 51 64 81 88 82 87 72 72 67 77 59 64 50 55 69 71 73 78 78 65 52 41 31 28
xい
PM10
01/21 20 9 14 20 23 20 17 14 24 21 17 20 18 19 29 37 37 34 34 30 23 33 32 30
xい
PM10
01/22 30 25 27 36 35 38 38 31 33 46 50 45 43 45 45# 1000# 41 41 44 44 41 42 39 33
xい
PM10
01/23 27 30 27 31 36 36 35 34 33 38 43 44 53 58 60 70 83 72 77 71 63 59 63 63
xい
PM10
01/24 58 55 65 57 55 48 44 58 49 58 55 47 32 54 53 61 1000# 64 65 73 81 88 74 77
xい
PM10
01/25 74 77 67 51 45 42 42 32 49 55 50 51 58 51 64 69 71 75 74 74 69 62 59 56
xい
PM10
01/26 44 40 32 40 35 38 32 31 30 39 31 44 45 46 51 59 57 45 39 32 32 30 27 20
xい
PM10
01/27 16 14 18 18 14 14 19 20 26 27 25 28 20 35 29 32 41 41 37 32 28 29 27 26
xい
PM10
01/28 29 27 25 26 26 22 23 31 35 48 52 43 44 34 34 36 41 42 43 48 40 45 48 47
xい
PM10
01/29 47 42 41 41 50 37 36 34 66 57 1000* 47A 40 45 44 45 56 53 50 55 63 67 70 67
xい
PM10
01/30 70 74 69 58 39 42 53 63 75 82 64 70 52 58 47 45 35 35 43 70 83 94 58 68
xい
PM10
01/31 45 38 31 27 26 29 27 27 27 38 41 42 32 19* 43 54 42 37 46 34 35 49 50 33
xい
PM10
菏代~るG2019/02A 代浮G┚A 代兜GPM10]gg/m3^
xい
PM10
ら戳 00 01 02 03 04 05 06 07 08 09 10 11 12 13 14 15 16 17 18 19 20 21 22 23
xい
PM10
02/01 21 16 13 11 10 12 7 13 17 27 31 34 40 40 47 50 40 44 40 31 26 25 30 31
xい
PM10
02/02 30 34 30 28 23 31 33 35 39 46 62 52 52 65 70 74 70 79 87 89 99 104 94 103
xい
PM10
02/03 98 98 103 95 91 97 93 88 87 67 49 23 36 53 58 67 71 83 83 82 63 63 69 66
xい
PM10
02/04 95 93 80 106 46 38 40 54 51 29 17 15 21 23 21 38 38 46 49 50 46 51 55 53
xい
PM10
02/05 66 69 69 71 71 67 52 45 35 47 46 53 48 53 53 49 76 115 122 108 89 94 82 91
xい
PM10
02/06 85 74 65 76 76 63 69 68 55 50 41 30 52 47 1000# 44# 43 41 48 55 54 58 64 63
xい
PM10
02/07 63 63 58 63 54 59 50 46 49 44 35 16 11 8 12 19 42 43 35 30 33 39 42 47
xい
PM10
02/08 61 56 43 32 30 25 28 23 21 21 21 21 23 26 23 24 18 26 23 26 25 23 23 21
xい
PM10
02/09 25 26 26 23 16 21 15 14 28 20 24 19 18 23 25 26 17 23 22 14 13 13 12 7
xい
PM10
02/10 8 10 15 6 12 8 14 11 8 15 12 16 18 13 21 18 22 21 27 32 33 26 22 21
xい
PM10
02/11 20 20 20 17 15 20 3 4 8 18 14 13 21 28 19 23 24 24 14* 18 22 12 15 12
xい
PM10
02/12 11 12 10 8 7 6 7 13 14 14 14 26 32 29 34 41 28 29 35 29 28 26 32 30
xい
PM10
02/13 48 54 51 39 30 27 31 27 37 33 29 30 35 31 31 30 33 30 29 27 22 23 19 22
xい
PM10
02/14 23 25 22 18 17 13 13 19 24 30 31 19 38 33 49 53# 47 52 52 48 37 34 41 41
xい
PM10
02/15 39 36 32 26 20 20 25 24 31 26 27 26 32 23 29 24 25 24 53 63 57 51 56 67
xい
PM10
02/16 58 62 49 45 37 37 35 43 50 62 49 53 46 42 45 47 37 25 26 28 22 22 16 13
xい
PM10
02/17 11 9 9 13 9 9 11 7 11 15 16 17 15 13 35 29 33 31 30 27 24 17 22 11
xい
PM10
02/18 25 24 21 20 21 14 15 17 25 40 29 19 17 25 24 28 34 29 35 37 39 39 42 49
xい
PM10
02/19 54 14* 8* 2 9 8 12 26 44 59 90 98 71 57 48 44 51 58 51 56 57 61 73 66
xい
PM10
02/20 69 70 71 67 71 67 57 57 72 75 69 59 87 69 68 67 57 68 86 95 91 82 56 42
xい
PM10
02/21 47 49 53 53 53 41 34 32 49 59 76 64 47 46 38 1000# 34# 36 31 17 11 16 14 19
xい
PM10
02/22 16 36 29 28 21 26 28 36 32 36 38 38 33 28 41 41 1000# 14 15 9 10 9 11 7
xい
PM10
02/23 4 10 15 19 16 14 9 12 20 21 22 24 32 31 37 31 29 32 23 20 16 13 14 10
xい
PM10
02/24 9 10 11 9 9 6 4 5 4 6 6 6 11 7 6 3 0* 10 12 11 12 12 19 19
xい
PM10
02/25 14 12 10 9 9 6 7 6 6 12 14 14 16 22 26 45 46 35 38 41 34 29 26 24
xい
PM10
02/26 22 20 25 26 23 23 26 27 34 34 37 34 44 1000# 44# 44 55 56 46 47 46 47 53 58
xい
PM10
02/27 62 62 66 60 71 65 53 50 60 53 40 51 43 35 39 39 30 45 26 25 23 35 35 34
xい
PM10
02/28 43 44 41 59 54 62 64 54 64 57 64 46 45 46 38 30 29 27 21 25 30 26 24 26
xい
PM10
菏代~るG2019/03A 代浮G┚A 代兜GPM10]gg/m3^
xい
PM10
ら戳 00 01 02 03 04 05 06 07 08 09 10 11 12 13 14 15 16 17 18 19 20 21 22 23
xい
PM10
03/01 24 23 21 21 26 20 24 18 21 25 25 30 30 37 46 56 69 63 61 56 64 54 62 60
xい
PM10
03/02 54 52 53 58 59 60 62 60 64 60 55 95 84 69 61 66 58 62 63 118 116 96 105 108
xい
PM10
03/03 105 111 120 109 102 92 92 96 81 44 36 4 3 2 1 3 4 5 15 17 16 21 21 26
xい
PM10
03/04 19 15 18 15 15 22 13 14 16 20 24 25 25 31 36 46 50 45 49 54 52 58 59 57
xい
PM10
03/05 41 39 50 69 67 47 37 33 52 53 55 1000# 47 74 92 70 62 81 41 7 5 6 4 6
xい
PM10
03/06 16 2 3 1 0* 0* 4 7 16 15 26 22 20 17 24 20 16 18 19 23 12 10 8 7
xい
PM10
03/07 5 7 5 1 0* 0* 0* 6 11 11 6 6 12 13 39 30 31 35 23 15 15 27 24 23
xい
PM10
03/08 21 16 17 14 9 5 7 11 23 22 20 29 16 23 22 16 14 20 20 23 27 22 24 25
xい
PM10
03/09 21 12 9 7 12 9 7 4 1 2 7 12 9 14 16 14 8 4 3 10 13 11 17 22
xい
PM10
03/10 16 6 4 2 3 6 7 6 9 17 12 13 14 16 21 22 18 11 19 21 13 18 14 13
xい
PM10
03/11 22 21 12 11 12 13 15 25 39 50 52 50 39 34 34 44 1000# 40 34 25 29 25 21 24
xい
PM10
03/12 23 29 22 28 25 28 23 26 39 47 40 30 47 54 52 51 55 55 58 52 60 60 70 71
xい
PM10
03/13 69 66 72 78 70 67 46 53 52 56 56 53 57 66 57 56 47 52 61 70 93 88 80 68
xい
PM10
03/14 66 53 61 55 56 58 46 44 63 85 91 82 76 71 71 66 73 69 64 67 63 58 47 38
xい
PM10
03/15 27 30 28 18* 8* 6 4 2 9 12 12 22 25 27 26 29 28 30 22 28 16 27 23 21
xい
PM10
03/16 21 21 30 21 25 16 23 25 44 63 57 54 61 71 83 72 59 58 67 77 62 74 90 80
xい
PM10
03/17 79 77 63 59 67 63 60 55 60 48 56 54 50 46 46 43 44 48 42 43 40 43 53 56
xい
PM10
03/18 59 59 69 63 61 66 65 59 73 75 79 76 71 64 63 59 57 64 63 65 73 90 85 92
xい
PM10
03/19 69 80 82 75 75 61 63 59 46 44 47 50 52 45 48 42 50 55 60 57 67 72 82 77
xい
PM10
03/20 90 91 105 103 99 99 74 73 117 110 91 98 92 82 78 1000# 58 60 59 43 31 21 24 29
xい
PM10
03/21 27 27 32 30 31 49 53 56 56 40 28 33 35 38 32 33 36 37 40 35 38 34 33 29
xい
PM10
03/22 29 37 35 38 43 50 61 64 51 41 42 64 56 56 55 56 67 54 49 42 32 33 30 20
xい
PM10
03/23 23 17 15 17 15 11 10 10 9 12 13 13 14 15 24 14 13 17 8 8 12 12 12 7
xい
PM10
03/24 8 10 7 11 8 15 10 9 15 15 13 17 17 16 14 13 21 36 40 42 39 45 52 52
xい
PM10
03/25 51 47 34 28 32 36 33 33 34 33 48 49 48 24* 15* 24 35 16 17 25 23 26 26 29
xい
PM10
03/26 18 14 11 15 19 14 25 22 21 22 19 33 37 27 28 1000# 34 46 50 52 46 52 59 54
xい
PM10
03/27 59 58 59 63 61 69 60 57 64 54 42 42 57 51 43 46 42 39 51 37 40 39 53 48
xい
PM10
03/28 53 61 60 52 55 52 54 50 51 42 27 23 28 23 28 25 37 36 36 25 21 26 25 21
xい
PM10
03/29 17 18 17 24 18 18 24 37 33 32 24 28 31 30 35 38 37 42 42 45 38 45 9 7
xい
PM10
03/30 3 2 5 3 12 8 13 15 13 11 10 14 16 28 31 38 44 40 44 49 45 47 47 42
xい
PM10
03/31 42 47 42 35 35 30 33 28 27 41 42 57 47 56 59 61 46 41 30 24 29 24 20 14
xい
PM10
菏代~るG2019/04A 代浮G┚A 代兜GPM10]gg/m3^
xい
PM10
ら戳 00 01 02 03 04 05 06 07 08 09 10 11 12 13 14 15 16 17 18 19 20 21 22 23
xい
PM10
04/01 12 11 15 18 12 11 6 11 9 9 11 9 21 13 1000# 12 21 14 17 16* 17 25 21 25
xい
PM10
04/02 21 28 28 36 34 35 37 40 45 54 53 42 47 62 57 52 55 55 52 53 58 54 54 48
xい
PM10
04/03 43 51 46 35 33 33 27 13 18 26 25 23 19 31 29 34 36 32 26 23 27 24 24 23
xい
PM10
04/04 30 33 37 32 25 34 31 36 32 19 33 46 54 49 49 50 38 24 21 18 18 22 25 30
xい
PM10
04/05 32 39 33 32 37 40 27 38 44 39 38 35 33 26 29 23 26 19 26 26 24 29 35 40
xい
PM10
04/06 44 43 39 40 43 43 48 49 47 52 51 44 61 47 50 41 40 37 43 42 41 49 51 61
xい
PM10
04/07 60 65 55 54 58 47 47 40 37 34 40 35 39 36 34 39 36 47 45 49 50 58 58 64
xい
PM10
04/08 66 64 60 59 54 47 47 51 46 29* 42 37 42 52 48 1000# 39 40 33 21* 27 29 29 33*
xい
PM10
04/09 37 38 36 38 41 38 42 46 48 42 36 33 44 43 40 37 51 44 26 27 21 21 16 20
xい
PM10
04/10 19 19 19 29 31 27 25 24 34 33 41 40 32 30 29 30 29 30 26 30 28 26 38 37
xい
PM10
04/11 37 42 43 31 30 25 26 31 33 37 34 40 42 45 33 48 29 17 14 13 13 9 8 10
xい
PM10
04/12 8 8 8 9 11 15 22 17 24 23 20 23 20 21 31 32 40 36 32 30 30 26 33 26
xい
PM10
04/13 31 36 40 49 35 36 28 27 25 26 28 24 32 37 43 17 11 8 15 18 16 17 24 32
xい
PM10
04/14 28 23 25 24 22 19 24 25 22 15 14 18 12 13 12 14 21 25 18 18 12 21 20 13*
xい
PM10
04/15 9 14 28 26 22 23 29 25 37 41 33 42 42 43 36 34 41 38 28 31 33 32 36 29
xい
PM10
04/16 33 34 38 22 27 10 8 13 9 12 1000# 20# 21 18 27 22 34 32 43 31 30 36 32 40
xい
PM10
04/17 31* 33 32 33 34 32 30 24 23 15 1000# 16 16 27 24 27 31 36 39 44 46 55 56 62
xい
PM10
04/18 51 66 71 63 53 58 64 70 64 47 38 60 51 46 42 40 35 39 30 39 42 41 56 50
xい
PM10
04/19 53 46 37 43 37 33 22 29 27 35 38 40 44 46 39 40 5x 4 5 9 13 9 7 4
xい
PM10
04/20 3 6 10 10 10 9 11 14 21 21 22 12 12 11 9 17 22 49 47 53 48 31 21 25
xい
PM10
04/21 25 29 12* 10 13 15 14 13 12 21 17 13 12 10 11 14 18 15 27 26 21 25 19 15
xい
PM10
04/22 13 20 17 17 18 19 24 25 32 24 19 30 33 34 37 34 27 27 25 27 29 27 30 21
xい
PM10
04/23 12 19 17 21 21 28 23 27 21 20 27 24 26 25 23 26 25 27 24 27 21 19 11 13
xい
PM10
04/24 11 20 19 23 22 24 22 29 22 26 29 31 34 29 1000# 22# 28 23 19 16 11 12 12 12
xい
PM10
04/25 9 11 17 19 21 18 19 22 20 21 19 22 14 21 23 23 21 20 16 20 12 19 21 19
xい
PM10
04/26 18 25 24 23 19 21 19 14 26 24 33 33 50 46 42 42 33 36 32 42 43 39 36 33
xい
PM10
04/27 46 50 45 56 47 47 57 57 51 47 54 51 40 37 35 39 45 45 42 36 31 31 23 31
xい
PM10
04/28 29 36 34 38 47 42 31 35 48 62 58 59 53 42 44 41 42 38 39 33 46 42 49 54
xい
PM10
04/29 57 60 64 60 69 38 46 42 44 47 44 47 45 42 37 25 26 23 26 32 30 39 44 48
xい
PM10
04/30 43 44 39 44 46 39 31 29 27 27 31 31 31 24 1000# 19# 31 27 22 29 25 20 17 16
xい
PM10
菏代~るG2019/05A 代浮G┚A 代兜GPM10]gg/m3^
xい
PM10
ら戳 00 01 02 03 04 05 06 07 08 09 10 11 12 13 14 15 16 17 18 19 20 21 22 23
xい
PM10
05/01 15 11 12 9 11 14 9 5 1 3 4 2 0* 0* 0* 1 1 2 3 3 2 10 11 14
xい
PM10
05/02 8 14 16 14 12 13 16 18 27 36 42 40 31 27 22 25 18 7 7 6 11 22 21 21
xい
PM10
05/03 17 20 15 16 7 5 7 8 14 28 28 39 35 35 42 55 54 52 37 48 44 54 50 49
xい
PM10
05/04 44 54 49 45 47 46 47 38 43 39 34 26 28 48 37 40 52 64 71 75 84 69 67 66
xい
PM10
05/05 49 24 24 38 36 33 28 36 31 29 29 40 44 39 38 33 38 38 39 50 50 55 35 38
xい
PM10
05/06 31 38 32 19 13* 15 15 14 15 13 9 5 4 1000# 6 14 15 6 6 5 3 1 7 12
xい
PM10
05/07 7 4 6 4 0* 0* 0* 2 3 9 6 6 5 9 18 19 17 31 60 51 17* 18 33 32
xい
PM10
05/08 33 39 40 41 33 25 33 51 50 60 54 53 37 20* 16 27 36 45 37 42 49 46 34 29*
xい
PM10
05/09 26 31 19 17 20 18 16 13 15 11 10 18 18 14 14 17 14 13 8 6 3 0* 0* 4
xい
PM10
05/10 4 4 3 1 0* 0* 3 4 7 4 14 12 11* 13 9 7 27 29 37 42 35 39 44 48
xい
PM10
05/11 48 49 35 35 39 56 59 47 37 23 23 23 25 22 22 26 34 36 39 41 46 44 53 54
xい
PM10
05/12 48 56 57 42 37 42 50 51 46 42 35 53 48 44 34 37 33 38 28 34 39 45 46 49
xい
PM10
05/13 40 55 64 77 82 87 78 62 63 56 47 54 56 40 25* 26 24 22 31 32 38 40 44 37
xい
PM10
05/14 29 44 34 37 31 28 31 35 22 29 20 38 36 33 21 29 13 15 13 15 19 14 18 22
xい
PM10
05/15 24 35 40 32 32 37 28 32 17 23 29 28 31 23 12* 18 22 23 26 43 24 15 28 15*
xい
PM10
05/16 20 11 18 18 20 19 11 12 12 12 20 21 26 21 7* 11 8 18 12 10* 19 23 22 22
xい
PM10
05/17 23 27 22 21 17 12 15 21 23 25 1000# 17 31 17 12 8 19 16 24 27 21 22 17 16
xい
PM10
05/18 14 13 15 12 8 4 3 8 20 25 28 25 20 20 30 23 23 25 27 17 21 20 21 17
xい
PM10
05/19 22 12 17 18 18 14 20 14 18 16* 26 10 11 8 10 10 9 16 13 22 17 18 17 18*
xい
PM10
05/20 20 18 16 12 19 17 15 23 28 19 1 5 2 0* 0* 7 31 29 25 24 13 13 12* 15*
xい
PM10
05/21 11* 14 17 12 12 24 24 35 32 48 53# 49 47 41 44 42 46 40 46 42 38 43 44 40
xい
PM10
05/22 49 53 54 62 54 42 56 63 71 64 68 72 68 71 63 59 56 55 57 46 54 55 57 69
xい
PM10
05/23 80 82 81 79 68 38* 14* 10 7 2 1000# 6 9 17 11 25 21 29 42 60 70 65 66 71
xい
PM10
05/24 66 69 61 55 54 48 47 42 37 31 31 33 40 34 30 17* 13* 10 27 31 25 35 36 50
xい
PM10
05/25 46 42 50 46 36 37 35 37 20 18* 22 27 21 24 17 18 11 18 14 18 26 22 30 34
xい
PM10
05/26 32 28 30 28 20 20 28 33 38 33 29 31 32 36 29 29 28 26 30 35 30 40 45 45
xい
PM10
05/27 52 60 54 41 47 46 49* 49* 44* 39 28* 11* 17 1000# 13 8 8 7 10 16 11 13 13 11
xい
PM10
05/28 11 12 10 9 13 12 11 13 17 15 25 3 0* 0* 6 6 8 6 11 21 22 22 20 17
xい
PM10
05/29 12 17 14 17 16 20 17 21 26 24 21 25 29 31 38 37 28 31 26 28 22 23 20 22
xい
PM10
05/30 16 21 16 15 17 18 24 31 47 49 42 43 37 28 22 16* 22 33 28 31 26 38 39 45
xい
PM10
05/31 46 41 36 46 47 37 35 26 25 37 38 35 30 15* 8 6 10 16 15 14 21 13 19 20
