xい
CO
01/01 0.36 0.34 0.27 0.22 0.2 0.21 0.22 0.26 0.27 0.27 0.23 0.25 0.26 0.26 0.26 0.26 0.31 0.38 0.34 0.32 0.33 0.35 0.37 0.34
xい
CO
01/02 0.29 0.28 0.25 0.23 0.23 0.23 0.27 0.4 0.52 0.42 0.37 0.39 0.38 0.37 0.39 0.42 0.46 0.57 0.6 0.54 0.5 0.51 0.53 0.48
xい
CO
01/03 0.42 0.38 0.32 0.24 0.23 0.23 0.23 0.4 0.42 0.39 0.38 0.42 0.42 0.42 0.41 0.42 0.45 0.58 0.63 0.6 0.6 0.67 0.77 0.85
xい
CO
01/04 0.99 0.67 0.55 0.49 0.47 0.45 0.53 0.64 1.02 1.3 0.98 0.5 0.47 0.62 0.49 0.37 0.38 0.48 0.62 0.59 0.75 0.89 0.99 1.01
xい
CO
01/05 0.72 0.42 0.44 0.47 0.47 0.47 0.55 0.51 0.73 0.87 0.68 0.53 0.42 0.38 0.42 0.43 0.59 0.68 0.64 0.62 0.68 0.74 0.79 0.84
xい
CO
01/06 0.76 0.62 0.51 0.44 0.43 0.42 0.42 0.45 0.47 0.43 0.42 0.43 0.48 0.49 0.5 0.52 0.53 0.59 0.56 0.58 0.55 0.58 0.55 0.51
xい
CO
01/07 0.51 0.46 0.44 0.47 0.45 0.38 0.36 0.56 0.79 0.59 0.49 0.48 0.39 0.36 0.33 0.35 0.35 0.46 0.5 0.41 0.38 0.36 0.37 0.34
xい
CO
01/08 0.3 0.28 0.28 0.25 0.24 0.24 0.26 0.39 0.45 0.36 0.34 0.35 0.35 0.35# 0.34 0.33 0.35 0.44# 0.47 0.42 0.41 0.41 0.44 0.4
xい
CO
01/09 0.38 0.3 0.27 0.25 0.26 0.28 0.32 0.51 0.53 0.48 0.45 0.41 0.41 0.39 0.41 0.46 0.5 0.54 0.59 0.61 0.57 0.62 0.74 0.62
xい
CO
01/10 0.58 0.53 0.47 0.45 0.48 0.49 0.52 0.66 0.67 0.51 0.49 0.43 0.36 0.35# 0.34 0.31 0.33 0.4 0.46 0.48 0.44 0.42 0.42 0.47
xい
CO
01/11 0.47 0.38 0.36 0.38 0.39 0.41 0.46 0.52 0.82 0.8 0.7 0.68 0.44 0.39 0.4 0.47 0.53 0.84 1.36 1.35 1.3 1.77 1.84 1.42
xい
CO
01/12 1.27 0.97 0.94 1.07 1.21 1 0.4 0.42 0.45 0.47 0.4 0.4 0.28 0.24 0.23 0.31 0.41 0.54 0.56 0.58 0.6 0.68 0.68 0.72
xい
CO
01/13 0.6 0.55 0.53 0.52 0.51 0.5 0.52 0.54 0.52 0.51 0.48 0.46 0.49 0.52 0.53 0.51 0.52 0.58 0.62 0.56 0.55 0.51 0.49 0.46
xい
CO
01/14 0.43 0.49 0.46 0.44 0.41 0.39 0.42 0.57 0.76 0.7 0.52 0.49 0.5 0.46 0.45 0.45 0.49 0.57 0.66 0.67 0.65 0.62 0.62 0.5
xい
CO
01/15 0.41 0.36 0.34 0.33 0.34 0.35 0.41 0.66 0.68 0.64 0.59 0.47 0.42 0.4 0.39 0.39 0.41 0.48 0.46 0.4 0.42 0.42 0.39 0.34
xい
CO
01/16 0.32 0.29 0.28 0.27 0.29 0.34 0.44 0.57 0.63 0.61 0.58 0.55 0.5 0.47 0.47 0.46 0.51 0.64 0.79 0.77 0.69 0.59 0.46 0.36
xい
CO
01/17 0.34 0.27 0.26 0.27 0.28 0.3 0.32 0.4 0.44 0.41 0.41 0.43 0.47 0.41 0.45 0.41 0.44 0.53 0.58 0.55 0.52 0.46 0.45 0.44
xい
CO
01/18 0.42 0.38 0.35 0.33 0.33 0.32 0.36 0.55 0.93 0.98 0.8 0.6 0.39 0.43 0.44 0.42 0.47 0.57 0.72 0.83 0.82 0.59 0.62 0.53
xい
CO
01/19 0.49 0.51 0.59 0.42 0.4 0.43 0.48 0.64 0.76 0.65 0.49 0.42 0.42 0.36 0.41 0.42 0.55 0.83 1.02 1.09 1.26 1.52 1.49 0.99
xい
CO
01/20 0.7 0.74 0.75 0.58 0.59 0.6 0.59 0.73 0.62 0.65 0.56 0.52 0.46 0.38 0.5 0.59 0.68 0.8 0.85 0.7 0.66 0.6 0.54 0.52
xい
CO
01/21 0.52 0.54 0.52 0.48 0.45 0.42 0.39 0.43 0.48 0.42 0.4 0.42 0.39 0.37 0.32 0.29 0.31 0.38 0.44 0.41 0.39 0.35 0.35 0.31
xい
CO
01/22 0.27 0.25 0.25 0.24 0.28 0.3 0.32 0.39 0.46 0.43 0.4 0.43 0.44 0.43 0.44 0.48# 0.5 0.58 0.62 0.57 0.49 0.51 0.51 0.48
xい
CO
01/23 0.44 0.36 0.32 0.33 0.32 0.33 0.37 0.47 0.62 0.63 0.54 0.41 0.45 0.41 0.39# 0.42 0.47 0.57 0.66 0.65 0.62 0.7 0.69 0.71
xい
CO
01/24 0.67 0.47 0.52 0.56 0.43 0.35 0.37 0.49 0.59 0.44 0.4 0.38 0.34 0.33 0.33 0.34 0.39 0.6 0.69 0.9 0.9 0.75 0.99 0.99
xい
CO
01/25 0.86 0.81 0.85 0.59 0.37 0.36 0.41 0.57 1.07 1.15 0.76 0.51 0.43 0.4 0.43 0.47 0.54 0.62 0.63 0.57 0.54 0.57 0.57 0.44
xい
CO
01/26 0.37 0.3 0.29 0.33 0.32 0.32 0.32 0.3 0.25 0.25 0.24 0.27 0.29 0.32 0.34 0.4 0.41 0.36 0.3 0.28 0.25 0.24 0.22 0.19
xい
CO
01/27 0.18 0.15 0.14 0.14 0.14 0.15 0.18 0.21 0.22 0.23 0.27 0.24 0.24 0.25 0.23 0.25 0.32 0.36 0.35 0.41 0.44 0.53 0.59 0.48
xい
CO
01/28 0.6 0.6 0.63 0.54 0.37 0.31 0.41 0.45 0.76 0.72 0.51 0.34 0.36 0.27 0.26 0.25 0.25 0.38 0.47 0.51 0.52 0.67 0.78 0.93
xい
CO
01/29 0.76 0.42 0.42 0.49 0.54 0.52 0.51 0.83 1.35 1 0.77 0.45 0.35 0.28 0.28 0.31 0.35 0.45 0.52 0.6 0.71 0.9 1.09 1.04
xい
CO
01/30 1.02 1.06 0.98 0.72 0.34 0.28 0.32 0.42 0.7 0.76 0.61 0.56 0.44 0.4 0.47 0.44 0.33 0.47 0.83 1.03 1.6 1.97 1.52 1.16
xい
CO
01/31 0.91 0.67 0.47 0.38 0.35 0.35 0.38 0.54 0.65 0.56 0.58 0.52 0.36 0.27 0.34 0.41 0.34 0.5 0.54 0.44 0.45 0.45 0.49 0.4
xい
CO
菏代~るG2019/02A 代浮G┚A 代兜GCO]ppm^
xい
CO
ら戳 00 01 02 03 04 05 06 07 08 09 10 11 12 13 14 15 16 17 18 19 20 21 22 23
xい
CO
02/01 0.42 0.51 0.47 0.42 0.4 0.39 0.36 0.43 0.47 0.46 0.49 0.52 0.51 0.53 0.56 0.6 0.66 0.84 0.8 0.74 0.68 0.71 0.77 0.78
xい
CO
02/02 0.64 0.51 0.46 0.42 0.44 0.52 0.6 0.79 0.85 0.76 0.77 0.53 0.45 0.4 0.37 0.42 0.46 0.52 0.61 0.65 0.68 0.99 1.05 1.06
xい
CO
02/03 1.13 1.02 1.05 0.99 1 1.19 1.42 1.17 1.37 1.18 0.9 0.48 0.34 0.44 0.46 0.44 0.49 0.61 0.72 0.98 0.8 0.85 1.15 0.94
xい
CO
02/04 1.05 1.12 1.06 1.35 0.49 0.29 0.32 0.46 0.65 0.74 0.71 0.7 0.68 0.62 0.59 0.7 0.8 0.88 0.94 0.92 0.86 0.81 0.77 0.77
xい
CO
02/05 0.74 0.75 0.71 0.67 0.63 0.66 0.68 0.67 0.66 0.78 0.8 0.82 0.64 0.65 0.64 0.47 0.38 0.29 0.29 0.3 0.35 0.44 0.47 0.56
xい
CO
02/06 0.55 0.51 0.5 0.48 0.5 0.49 0.47 0.45 0.39 0.41 0.4 0.36 0.41 0.39 10.4# 0.38# 0.37# 0.39 0.41 0.44 0.58 0.63 0.58 0.64
xい
CO
02/07 0.66 0.68 0.59 0.61 0.53 0.5 0.61 0.68 0.72 0.5 0.35 0.24 0.19 0.19 0.19 0.2 0.3 0.4 0.4 0.37 0.47 0.58 0.46 0.45
xい
CO
02/08 0.43 0.43 0.43 0.43 0.45 0.44 0.43 0.43 0.42 0.41 0.41 0.36 0.35 0.36 0.34 0.34 0.34 0.34 0.34 0.33 0.33 0.35 0.38 0.42
xい
CO
02/09 0.49 0.52 0.5 0.41 0.3 0.3 0.26 0.3 0.38 0.3 0.3 0.3 0.33 0.37 0.37 0.36 0.34 0.36 0.36 0.35 0.3 0.31 0.35 0.32
xい
CO
02/10 0.28 0.26 0.23 0.21 0.21 0.21 0.21 0.22 0.26 0.28 0.29 0.28 0.27 0.29 0.31 0.32 0.34 0.39 0.4 0.45 0.4 0.4 0.41 0.35
xい
CO
02/11 0.31 0.31 0.28 0.25 0.24 0.22 0.23 0.33 0.34 0.32 0.32 0.3 0.33 0.31 0.32 0.32 0.35 0.37 0.44 0.47 0.42 0.37 0.36 0.34
xい
CO
02/12 0.32 0.29 0.27 0.26 0.25 0.27 0.27 0.38 0.48 0.34 0.33 0.33 0.36 0.33 0.36 0.37 0.34 0.43 0.45 0.43 0.45 0.41 0.55 0.85
xい
CO
02/13 0.73 0.82 0.7 0.37 0.29 0.28 0.36 0.48 0.61 0.54 0.38 0.38 0.37 0.35 0.34 0.36 0.43 0.49 0.54 0.48 0.39 0.38 0.38 0.34
xい
CO
02/14 0.33 0.32 0.29 0.3 0.29 0.25 0.28 0.42 0.51 0.39 0.34 0.29 0.36 0.34 0.35 0.36 0.42 0.49 0.51 0.49 0.49 0.52 0.48 0.47
xい
CO
02/15 0.44 0.41 0.4 0.38 0.39 0.34 0.42 0.57 0.78 0.54 0.32 0.31 0.33 0.32 0.32 0.26 0.33 0.37 0.76 0.9 1.03 1.12 1.28 1
xい
CO
02/16 0.91 0.48 0.38 0.37 0.34 0.32 0.33 0.55 0.68 0.66 0.48 0.42 0.4 0.33 0.36 0.39 0.39 0.42 0.55 0.53 0.46 0.45 0.43 0.38
xい
CO
02/17 0.36 0.34 0.35 0.36 0.34 0.33 0.34 0.34 0.37 0.37 0.35 0.32 0.32 0.32 0.34 0.33 0.35 0.35 0.36 0.35 0.33 0.31 0.34 0.29
xい
CO
02/18 0.3 0.34 0.34 0.35 0.34 0.31 0.33 0.46 0.77 0.65 0.39 0.32 0.35 0.35 0.33 0.32 0.33 0.43 0.53 0.63 0.73 0.65 0.87 0.87
xい
CO
02/19 0.73 0.34 0.3 0.32 0.35 0.4 0.47 0.81 1.16 1.45 1.02 0.9 0.71 0.56 0.44 0.46 0.53 0.62 0.86 0.95 0.98 1.4 1.64 1.63
xい
CO
02/20 1.16 1.06 1.1 1.06 1.02 0.83 0.37 0.47 0.81 0.91 0.5# 0.4 0.44 0.41 0.37 0.42 0.41 0.53 0.85 0.79 0.71 0.66 0.63 0.53
xい
CO
02/21 0.51 0.49 0.51 0.51 0.46 0.4 0.42 0.52 0.89 0.82 0.64 0.47 0.44 0.4 0.34 0.33 0.37 0.51 0.51 0.4 0.41 0.58 0.58 0.48
xい
CO
02/22 0.49 0.34 0.33 0.3 0.33 0.34 0.43 0.55 0.49 0.42 0.43 0.39 0.35 0.35 0.36 0.4 0.41 0.46 0.47 0.5 0.5 0.48 0.49 0.4
xい
CO
02/23 0.34 0.37 0.4 0.43 0.44 0.44 0.49 0.6 0.7 0.6 0.59 0.53 0.56 0.57 0.57 0.57 0.58 0.64 0.59 0.55 0.53 0.52 0.5 0.47
xい
CO
02/24 0.48 0.43 0.42 0.37 0.34 0.3 0.36 0.37 0.32 0.4 0.4 0.42 0.42 0.41 0.45 0.51 0.52 0.59 0.54 0.63 0.52 0.53 0.52 0.5
xい
CO
02/25 0.49 0.42 0.4 0.39 0.38 0.38 0.47 0.49 0.52 0.41 0.38 0.35 0.37 0.39 0.4 0.49 0.49 0.47 0.53 0.53 0.46 0.42 0.37 0.3
xい
CO
02/26 0.29 0.26 0.24 0.24 0.24 0.24 0.28 0.46 0.72 0.57 0.36 0.36 0.38 0.41 0.41 0.4 0.4 0.48 0.45 0.4 0.37 0.41 0.43 0.52
xい
CO
02/27 0.51 0.6 0.52 0.46 0.43 0.4 0.46 0.6 0.84 0.66 0.52 0.47 0.38 0.36 0.38 0.42 0.39 0.66 0.74 0.54 0.57 0.97 1.18 1.35
xい
CO
02/28 1.2 0.87 0.81 0.5 0.38 0.37 0.42 0.54 0.64 0.65 0.51 0.38 0.35 0.34 0.34 0.34 0.34 0.39 0.46 0.45 0.44 0.42 0.49 0.47
xい
CO
菏代~るG2019/03A 代浮G┚A 代兜GCO]ppm^
xい
CO
ら戳 00 01 02 03 04 05 06 07 08 09 10 11 12 13 14 15 16 17 18 19 20 21 22 23
xい
CO
03/01 0.49 0.37 0.31 0.3 0.31 0.33 0.38 0.4 0.47 0.41 0.38 0.4 0.39 0.37 0.38 0.38 0.39 0.44 0.5 0.56 0.5 0.49 0.52 0.49
xい
CO
03/02 0.53 0.47 0.45 0.47 0.47 0.49 0.5 0.63 0.76 0.66 0.54 0.53 0.55 0.54 0.48 0.51 0.5 0.63 0.72 0.87 1.03 1.09 0.99 0.89
xい
CO
03/03 0.87 0.73 0.69 0.65 0.63 0.57 0.67 0.8 0.78 0.49 0.39 0.48 0.4 0.34 0.37 0.41 0.55 0.54 0.66 0.63 0.69 0.39 0.39 0.36
xい
CO
03/04 0.37 0.28 0.3 0.25 0.27 0.29 0.31 0.39 0.5 0.41 0.38 0.38 0.39 0.43 0.49 0.54 0.6 0.68 0.85 0.89 1.08 1.32 1.5 1.08
xい
CO
03/05 0.66 0.76 0.99 1 0.92 0.71 0.63 0.83 1.33 1.18 0.71 0.5# 0.58 0.61 0.66 0.58 0.55 0.55 0.57 0.48 0.46 0.54 0.61 0.67
xい
CO
03/06 0.61 0.34 0.35 0.31 0.3 0.3 0.44 0.67 0.83 0.87 1.04 0.73 0.47 0.43 0.45 0.4 0.37 0.45 0.53 0.45 0.46 0.56 0.59 0.5
xい
CO
03/07 0.4 0.39 0.39 0.38 0.37 0.37 0.36 0.48 0.5 0.41 0.38 0.38 0.35 0.39 0.41 0.51 0.47 0.55 0.72 0.69 0.61 0.57 0.51 0.46
xい
CO
03/08 0.45 0.48 0.47 0.44 0.45 0.46 0.49 0.69 0.88 0.77 0.73 0.86 0.63 0.84 0.64 0.46 0.4 0.56 0.56 0.49 0.47 0.45 0.51 0.68
xい
CO
03/09 0.62 0.42 0.49 0.44 0.41 0.39 0.47 0.38 0.34 0.34 0.4 0.43 0.42 0.55 0.57 0.47 0.39 0.43 0.53 0.81 0.85 0.82 0.88 1.11
xい
CO
03/10 0.86 0.34 0.24 0.26 0.2 0.21 0.3 0.39 0.46 0.55 0.29 0.28 0.33 0.39 0.51 0.54 0.44 0.51 0.59 0.64 0.55 0.62 0.67 0.67
xい
CO
03/11 0.83 0.48 0.37 0.37 0.33 0.37 0.34 0.51 0.99 0.97 0.66 0.62 0.56 0.41 0.41 0.45 0.47 0.6 0.77 0.75 0.77 0.61 0.51 0.49
xい
CO
03/12 0.56 0.55 0.46 0.43 0.48 0.52 0.49 0.66 1.2 0.99 0.6 0.44 0.44 0.42 0.39 0.4 0.41 0.48 0.64 0.7 0.85 1 1.21 0.92
xい
CO
03/13 0.79 0.84 0.98 1.12 0.97 0.99 0.52 0.65 0.82 0.74 0.52 0.46 0.46 0.45 0.42 0.42 0.39 0.61 0.93 0.94 1.17 1.23 0.97 0.74
xい
CO
03/14 0.77 0.81 0.68 0.6 0.51 0.49 0.45 0.62 0.67 0.72 0.56 0.49 0.45 0.39 0.31 0.3 0.35 0.4 0.4 0.4 0.43 0.32 0.28 0.26
xい
CO
03/15 0.26 0.25 0.25 0.23 0.21 0.2 0.24 0.36 0.44 0.38 0.35 0.34 0.35 0.34 0.35 0.38 0.42 0.47 0.5 0.38 0.38 0.45 0.56 0.54
xい
CO
03/16 0.47 0.59 0.69 0.47 0.51 0.46 0.55 0.7 0.73 0.69 0.56 0.58 0.55 0.53 0.48 0.44 0.44 0.61 0.73 0.68 0.6 0.74 0.84 0.76
xい
CO
03/17 0.79 0.69 0.61 0.51 0.62 0.53 0.42 0.41 0.53 0.49 0.47 0.46 0.42 0.39 0.38 0.35 0.35 0.4 0.48 0.45 0.4 0.39 0.5 0.6
xい
CO
03/18 0.69 0.52 0.52 0.56 0.52 0.53 0.57 0.69 1.02 0.83 0.79 0.69 0.72 0.52 0.5 0.4 0.44 0.6 0.94 1.03 1.23 1.07 1.21 1.28
xい
CO
03/19 0.61 0.74 0.82 0.78 0.71 0.58 0.47 0.54 0.71 0.61 0.37 0.37 0.37 0.35 0.34 0.33 0.38 0.53 0.57 0.56 0.74 1.03 1.05 0.78
xい
CO
03/20 0.7 0.73 0.63 0.62 0.64 0.68 0.74 0.87 0.93 0.92 0.67 0.58 0.56 0.5 0.48 0.49# 0.49 0.64 0.59 0.42 0.34 0.34 0.32 0.33
xい
CO
03/21 0.33 0.29 0.3 0.29 0.31 0.36 0.48 0.62 0.63 0.44 0.32 0.32 0.29 0.27 0.28 0.29 0.29 0.4 0.53 0.47 0.45 0.4 0.35 0.35
xい
CO
03/22 0.32 0.28 0.3 0.25 0.27 0.33 0.38 0.48 0.47 0.43 0.39 0.34 0.3 0.34 0.35 0.34 0.45 0.48 0.55 0.5 0.45 0.41 0.43 0.35
xい
CO
03/23 0.33 0.28 0.26 0.24 0.22 0.21 0.23 0.27 0.31 0.29 0.28 0.28 0.31 0.25 0.27 0.25 0.25 0.26 0.29 0.26 0.24 0.23 0.21 0.21
xい
CO
03/24 0.23 0.27 0.23 0.22 0.24 0.24 0.26 0.33 0.43 0.53 0.48 0.48 0.53 0.5 0.55 0.51 0.54 0.65 0.65 0.58 0.69 0.82 0.89 0.89
xい
CO
03/25 0.96 0.7 0.51 0.43 0.5 0.57 0.59 0.69 0.9 0.75 1.17 1.37 1.01 0.4 0.4 0.75 0.8 0.64 0.75 0.68 0.64 0.6 0.79 0.36
xい
CO
03/26 0.28 0.27 0.29 0.29 0.32 0.33 0.38 0.46 0.53 0.41 0.33 0.37 0.38 0.42 0.38 0.41 0.42 0.55 0.63 0.58 0.67 0.74 0.9 0.96
xい
CO
03/27 0.88 0.8 0.64 0.62 0.62 0.61 0.61 0.69 0.94 0.93 0.57 0.45 0.5 0.52 0.57 0.53 0.4 0.47 0.64 0.59 0.5 0.57 0.6 0.53
xい
CO
03/28 0.47 0.44 0.51 0.55 0.53 0.5 0.51 0.74 0.64 0.44 0.35 0.26 0.27 0.23 0.25 0.28 0.33 0.45 0.49 0.35 0.29 0.3 0.28 0.2
xい
CO
03/29 0.18 0.18 0.2 0.19 0.19 0.21 0.27 0.53 0.42 0.35 0.28 0.26 0.24 0.24 0.26 0.28 0.3 0.35 0.39 0.34 0.35 0.31 0.24 0.26
xい
CO
03/30 0.26 0.27 0.28 0.31 0.31 0.32 0.37 0.47 0.6 0.45 0.37 0.33 0.35 0.41 0.36 0.35 0.37 0.42 0.54 0.65 0.74 0.82 0.8 0.71
xい
CO
03/31 0.68 0.6 0.45 0.38 0.36 0.37 0.43 0.32 0.32 0.4 0.46 0.44 0.37 0.39 0.38 0.4 0.39 0.4 0.4 0.39 0.4 0.42 0.34 0.31
xい
CO
菏代~るG2019/04A 代浮G┚A 代兜GCO]ppm^
xい
CO
ら戳 00 01 02 03 04 05 06 07 08 09 10 11 12 13 14 15 16 17 18 19 20 21 22 23
xい
CO
04/01 0.29 0.24 0.21 0.2 0.18 0.18 0.22 0.36 0.45 0.35 0.33 0.33 0.38 0.33 0.3 0.31# 0.42 0.44 0.48 0.5 0.46 0.52 0.58 0.64
xい
CO
04/02 0.66 0.6 0.59 0.56 0.52 0.6 0.64 0.74 1.11 1.21 0.95 0.52 0.59 0.63 0.42 0.43 0.31 0.4 0.47 0.46 0.51 0.49 0.63 0.45
xい
CO
04/03 0.27 0.19 0.21 0.2 0.22 0.22 0.24 0.35 0.49 0.38 0.33 0.31 0.3 0.29 0.31 0.25 0.28 0.36 0.44 0.42 0.46 0.47 0.39 0.37
xい
CO
04/04 0.43 0.45 0.42 0.4 0.43 0.49 0.53 0.71 0.66 0.32 0.35 0.29 0.29 0.26 0.26 0.28 0.24 0.27 0.3 0.29 0.29 0.31 0.4 0.49
xい
CO
04/05 0.46 0.5 0.46 0.36 0.39 0.39 0.3 0.31 0.33 0.34 0.33 0.33 0.31 0.29 0.3 0.29 0.33 0.4 0.49 0.59 0.77 0.87 1 1.06
xい
CO
04/06 1.38 0.93 0.84 0.63 0.62 0.52 0.68 0.72 0.59 0.48 0.47 0.44 0.54 0.59 0.61 0.45 0.42 0.45 0.45 0.48 0.51 0.63 0.64 0.62
xい
CO
04/07 0.58 0.48 0.41 0.38 0.4 0.41 0.43 0.42 0.36 0.35 0.34 0.33 0.33 0.33 0.34 0.37 0.39 0.42 0.46 0.52 0.54 0.57 0.56 0.55
xい
CO
04/08 0.44 0.61 0.61 0.51 0.41 0.4 0.53 0.81 0.69 0.42 0.4 0.42 0.38 0.39 0.39 0.39 0.38 0.44 0.45 0.44 0.44 0.47 0.5 0.46
xい
CO
04/09 0.42 0.36 0.35 0.35 0.36 0.39 0.46 0.64 0.59 0.5 0.39 0.42 0.4 0.31 0.3 0.28 0.32 0.4 0.51 0.36 0.31 0.3 0.28 0.26
xい
CO
04/10 0.25 0.21 0.23 0.28 0.27 0.24 0.29 0.43 0.47 0.34 0.28 0.28 0.29 0.28 0.26 0.24 0.26 0.41 0.5 0.32 0.34 0.37 0.33 0.37
xい
CO
04/11 0.34 0.43 0.43 0.43 0.38 0.32 0.42 0.6 0.48 0.36 0.32 0.34 0.35 0.28 0.28 0.3 0.3 0.37 0.39 0.45 0.35 0.34 0.39 0.28
xい
CO
04/12 0.27 0.28 0.3 0.24 0.23 0.24 0.29 0.42 0.43 0.39 0.37 0.36 0.36 0.36 0.36 0.38 0.38 0.46 0.53 0.5 0.43 0.43 0.43 0.47
xい
CO
04/13 0.6 0.61 0.58 0.49 0.32 0.36 0.39 0.37 0.4 0.41 0.4 0.44 0.49 0.31 0.27 0.3 0.35 0.39 0.75 0.83 0.5 0.42 0.77 0.69
xい
CO
04/14 0.52 0.3 0.3 0.27 0.31 0.31 0.39 0.48 0.43 0.34 0.3 0.29 0.25 0.22 0.21 0.23 0.26 0.29 0.3 0.35 0.37 0.34 0.33 0.3
xい
CO
04/15 0.28 0.31 0.33 0.31 0.29 0.28 0.28 0.41 0.48 0.4 0.39 0.4 0.46 0.46 0.42 0.44 0.49 0.56 0.54 0.6 0.56 0.56 0.69 0.82
xい
CO
04/16 0.75 0.62 0.56 0.31 0.28 0.27 0.36 0.46 0.61 0.71 0.69 0.76# 0.69# 0.65 0.78 0.87 1 1.24 1.45 0.67 0.43 0.48 0.47 0.47
xい
CO
04/17 0.38 0.29 0.26 0.24 0.22 0.23 0.29 0.37 0.51 0.4 0.32 0.33 0.38 0.37 0.37 0.36 0.39 0.48 0.63 0.72 0.94 1 1.17 0.93
xい
CO
04/18 0.76 0.56 0.54 0.47 0.41 0.45 0.54 0.59 0.62 0.46 0.42 0.44 0.4 0.42 0.52 0.48 0.47 0.56 0.65 0.84 0.78 0.78 1.01 0.92
xい
CO
04/19 0.9 0.45 0.36 0.32 0.32 0.31 0.29 0.4 0.61 0.59 0.48 0.53 0.5 0.48 0.46 0.49 0.54 0.52 0.77 0.61 0.55 0.46 0.4 0.29
xい
CO
04/20 0.3 0.3 0.3 0.29 0.3 0.3 0.32 0.46 0.59 0.59 0.44 0.44 0.42 0.42 0.4 0.39 0.51 0.77 0.95 0.98 0.57 0.38 0.43 0.57
xい
CO
04/21 0.53 0.39 0.25 0.21 0.21 0.26 0.35 0.46 0.42 0.43 0.35 0.32 0.29 0.25 0.34 0.42 0.54 0.95 1.1 0.89 0.75 0.44 0.4 0.37
xい
CO
04/22 0.44 0.38 0.29 0.29 0.31 0.32 0.33 0.46 0.56 0.39 0.29 0.29 0.28 0.25 0.24 0.22 0.24 0.33 0.36 0.34 0.3 0.34 0.25 0.22
xい
CO
04/23 0.2 0.16 0.17 0.16 0.18 0.22 0.31 0.39 0.32 0.26 0.24 0.23 0.28 0.24 0.24 0.24 0.25 0.35 0.42 0.32 0.28 0.27# 0.22 0.15
xい
CO
04/24 0.15 0.19 0.19 0.19 0.2 0.25 0.31 0.46 0.35 0.27 0.24 0.24 0.23 0.23 0.24 0.26 0.25 0.35 0.39 0.3 0.26 0.26 0.2 0.17
xい
CO
04/25 0.16 0.14 0.14 0.16 0.16 0.16 0.2 0.36 0.3 0.22 0.19 0.19 0.19 0.17 0.18 0.16 0.19 0.25 0.32 0.38 0.38 0.38 0.4 0.37
xい
CO
04/26 0.47 0.47 0.38 0.31 0.22 0.23 0.24 0.36 0.59 0.4 0.37 0.3 0.33 0.33 0.35 0.36 0.34 0.47 0.64 0.55 0.44 0.47 0.66 0.48
xい
CO
04/27 0.55 0.37 0.36 0.39 0.29 0.27 0.32 0.4 0.48 0.44 0.44 0.4 0.35 0.33 0.3 0.35 0.4 0.4 0.43 0.44 0.42 0.43 0.42 0.43
xい
CO
04/28 0.46 0.43 0.47 0.48 0.45 0.46 0.4 0.34 0.3 0.24 0.23 0.26 0.28 0.22 0.25 0.22 0.24 0.3 0.38 0.47 0.55 0.46 0.51 0.49
xい
CO
04/29 0.48 0.52 0.53 0.45 0.46 0.41 0.45 0.5 0.46 0.4 0.46 0.45 0.4 0.36 0.29 0.26 0.26 0.31 0.31 0.39 0.44 0.41 0.36 0.37
xい
CO
04/30 0.35 0.28 0.23 0.21 0.22 0.22 0.24 0.41 0.35 0.25 0.25 0.21 0.18 0.17 0.15# 0.17# 0.2 0.32 0.38 0.33 0.25 0.25 0.21 0.18
xい
CO
菏代~るG2019/05A 代浮G┚A 代兜GCO]ppm^
xい
CO
ら戳 00 01 02 03 04 05 06 07 08 09 10 11 12 13 14 15 16 17 18 19 20 21 22 23
xい
CO
05/01 0.17 0.18 0.18 0.15 0.17 0.18 0.21 0.32 0.32 0.36 0.35 0.44 0.48 0.46 0.46 0.46 0.49 0.62 0.63 0.55 0.55 0.51 0.57 0.54
xい
CO
05/02 0.43 0.33 0.29 0.29 0.26 0.26 0.34 0.5 0.55 0.59 0.71 0.72 0.55 0.45 0.47 0.52 0.54 0.61 0.69 0.69 0.58 0.55 0.54 0.54
xい
CO
05/03 0.59 0.55 0.37 0.29 0.25 0.28 0.26 0.43 0.74 0.36 0.34 0.31 0.36 0.31 0.28 0.26 0.28 0.33 0.39 0.43 0.43 0.6 0.8 0.89
xい
CO
05/04 0.9 0.93 0.9 0.7 0.84 0.79 0.53 0.43 0.44 0.42 0.42 0.38 0.31 0.3 0.25 0.25 0.29 0.4 0.43 0.49 0.47 0.48 0.47 0.44
xい
CO
05/05 0.38 0.28 0.32 0.4 0.36 0.33 0.42 0.47 0.66 0.64 0.41 0.36 0.43 0.4 0.39 0.34 0.53 0.6 0.51 0.5 0.72 0.71 0.55 0.49
xい
CO
05/06 0.4 0.37 0.37 0.33 0.26 0.25 0.31 0.42 0.63 0.5 0.36 0.35 0.38 0.42 0.37 0.31 0.37# 0.39 0.44 0.38 0.34 0.31 0.31 0.28
xい
CO
05/07 0.29 0.21 0.19 0.19 0.19 0.19 0.22 0.3 0.41 0.33 0.27 0.3 0.28 0.33 0.29 0.28 0.28 0.36 0.51 0.47 0.32 0.34 0.46 0.52
xい
CO
05/08 0.63 0.64 0.47 0.51 0.43 0.39 0.48 0.74 0.77 0.65 0.69 0.68 0.44 0.36 0.35 0.39 0.48 0.58 0.6 0.49 0.48 0.55 0.59 0.51
xい
CO
05/09 0.5 0.4 0.33 0.32 0.34 0.37 0.41 0.49 0.66 0.62 0.42 0.36 0.38 0.4 0.42 0.47 0.45 0.64 0.65 0.57 0.44 0.54 0.76 0.82
xい
CO
05/10 0.6 0.58 0.55 0.38 0.35 0.35 0.43 0.71 0.88 0.6 0.4 0.32 0.38 0.36 0.37 0.36 0.5 0.54 0.5 0.46 0.4 0.48 0.5 0.61
xい
CO
05/11 0.71 0.62 0.51 0.42 0.4 0.47 0.49 0.52 0.51 0.35 0.35 0.34 0.27 0.23 0.23 0.24 0.26 0.3 0.37 0.48 0.44 0.53 0.77 0.6
xい
CO
05/12 0.56 0.53 0.49 0.34 0.31 0.35 0.39 0.52 0.58 0.45 0.37 0.41 0.37 0.28 0.39 0.47 0.35 0.33 0.37 0.39 0.58 0.48 0.69 0.72
xい
CO
05/13 0.73 0.61 0.41 0.38 0.36 0.34 0.33 0.43 0.47 0.39 0.31 0.33 0.3 0.25 0.24 0.26 0.27 0.39 0.55 0.52 0.58 0.63 0.61 0.44
xい
CO
05/14 0.39 0.4 0.37 0.33 0.32 0.28 0.34 0.47 0.37 0.29 0.28 0.26 0.26 0.24 0.22 0.24 0.23 0.28 0.35 0.32 0.36 0.31 0.33 0.35
xい
CO
05/15 0.35 0.32 0.3 0.3 0.29 0.29 0.32 0.4 0.34 0.31 0.32 0.3 0.24 0.2 0.17 0.2 0.22 0.31 0.39 0.41 0.37 0.39 0.36 0.21
xい
CO
05/16 0.2 0.21 0.22 0.21 0.21 0.2 0.24 0.38 0.33 0.29 0.28 0.28 0.33 0.48 0.35 0.35 0.37 0.53 0.77 0.61 0.65 0.55 0.42 0.32
xい
CO
05/17 0.25 0.18 0.15 0.13 0.13 0.14 0.26 0.62 0.57 0.51# 0.54 0.33 0.31 0.26 0.25 0.25 0.31 0.47 0.75 0.4 0.32 0.29 0.29 0.3
xい
CO
05/18 0.24 0.18 0.18 0.14 0.13 0.16 0.2 0.32 0.37 0.35 0.2# 0.2 0.21 0.22 0.22 0.25 0.26 0.27 0.28 0.25 0.24 0.26 0.24 0.21
xい
CO
05/19 0.2 0.17 0.16 0.16 0.19 0.2 0.24 0.26 0.24 0.19 0.21 0.25 0.23 0.2 0.25 0.28 0.33 0.4 0.56 0.49 0.51 0.48 0.4 0.35
xい
CO
05/20 0.25 0.31 0.21 0.16 0.14 0.2 0.3 0.74 0.75 0.28 0.35 0.32 0.27 0.37 0.49 0.37 0.55 0.63 0.71 0.47 0.39 0.34 0.33 0.3
xい
CO
05/21 0.32 0.31 0.25 0.22 0.21 0.21 0.25 0.36 0.62 0.49 0.44# 0.39# 0.44 0.36 0.43 0.63 0.41 0.43 0.76 0.6 0.59 0.94 0.86 0.98
xい
CO
05/22 1 0.79 0.75 0.66 0.62 0.54 0.71 0.94 0.61 0.5 0.47 0.49 0.44 0.45 0.45 0.44 0.42 0.56 0.8 0.76 0.78 0.8 0.93 1.15
xい
CO
05/23 0.92 0.75 0.65 0.67 0.67 0.29 0.22 0.38 0.57 0.41 0.43 0.6 0.65 0.65 0.5 0.45 0.34 0.44 0.58 0.66 0.68 0.74 0.83 1.05
xい
CO
05/24 0.86 0.74 0.71 0.68 0.62 0.6 0.63 0.79 0.72 0.5 0.39 0.38 0.37 0.33 0.47 0.38 0.29 0.43 0.87 0.55 0.59 0.57 0.54 0.51
xい
CO
05/25 0.32 0.27 0.29 0.3 0.3 0.35 0.4 0.47 0.41 0.39 0.23 0.21 0.18 0.17 0.18 0.18 0.2 0.26 0.33 0.35 0.41 0.37 0.7 0.58
xい
CO
05/26 0.56 0.55 0.53 0.46 0.4 0.44 0.48 0.58 0.57 0.52 0.46 0.35 0.37 0.32 0.32 0.33 0.34 0.38 0.44 0.49 0.52 0.78 0.8 0.76
xい
CO
05/27 0.62 0.6 0.56 0.36 0.51 0.59 0.6 0.64 0.82 0.57 0.37 0.32 0.31 0.28# 0.25 0.25 0.25 0.34 0.5 0.52 0.56 0.42 0.33 0.3
xい
CO
05/28 0.34 0.21 0.18 0.19 0.18 0.23 0.22 0.54 0.87 0.42 0.34 0.2 0.25 0.3 0.37 0.32 0.19 0.2 0.33 0.32 0.35 0.36 0.35 0.28
xい
CO
05/29 0.26 0.21 0.21 0.21 0.18 0.17 0.2 0.31 0.42 0.37 0.27 0.25 0.26 0.27 0.26 0.26 0.27 0.35 0.41 0.36 0.34 0.35 0.32 0.25
xい
CO
05/30 0.26 0.23 0.22 0.21 0.23 0.29 0.35 0.55 0.79 0.77 0.45 0.44 0.32 0.24 0.21 0.18 0.23 0.46 0.5 0.35 0.48 0.58 0.6 0.57
xい
CO
05/31 0.59 0.52 0.47 0.49 0.52 0.43 0.38 0.36 0.38 0.36 0.41 0.28 0.26 0.19 0.17 0.17 0.21 0.3 0.4 0.36 0.45 0.33 0.45 0.38
