
xい
NO2
01/01 14 15 11 8.9 7.3 8.6 9 11 10 11 6.5 8 8.8 8.3 8.5 8.9 11 14 12 13 14 15 17 16
xい
NO2
01/02 12 8 7.6 6.1 6.7 8 12 18 21 20 16 17 16 14 18 21 22 28 27 25 23 24 24 22
xい
NO2
01/03 16 17 13 8.5 8.9 9.7 9.6 16 16 16 16 20 18 18 18 18 21 25 28 25 26 29 29 28
xい
NO2
01/04 28 27 23 20 18 18 20 20 25 36 33 18 16 26 23 21 20 21 25 28 32 32 33 35
xい
NO2
01/05 26 19 23 23 19 18 19 16 19 28 28 22 16 15 18 20 32 36 32 29 28 26 26 25
xい
NO2
01/06 23 24 17 13 13 14 12 13 11 10 9.4 9.2 8.8 9.9 11 11 12 17 16 18 17 18 17 15
xい
NO2
01/07 16 14 14 17 17 13 15 20 23 21 19 22 17 16 12 14 14 18 19 12 11 11 12 12
xい
NO2
01/08 8.1 7.6 7.4 6.8 7.4 8 10 16 18 15 14 15 14 15# 16 17 17 20 22 19 17 17 18 17
xい
NO2
01/09 17 12 11 8.4 8.6 11 12 20 19 19 18 15 14 11 14 18 19 21 21 23 21 26 31 29
xい
NO2
01/10 25 22 16 15 17 22 25 26 24 20 21 21 15 17# 17 18 20 22 24 25 22 21 22 25
xい
NO2
01/11 24 13 10 12 16 19 20 19 21 27 32 36 25 24 27 33 30 33 36 31 29 28 30 32
xい
NO2
01/12 33 29 29 28 27 25 18 14 13 16 17# 17 11 8.7 8.2 13 19 26 26 27 26 26 24 24
xい
NO2
01/13 20 14 13 13 13 11 11 11 11 10 9.1 9.3 8.9 9.5 11 12 14 17 19 17 17 17 14 13
xい
NO2
01/14 11 9.9 8.9 7.7 7.5 8.4 12 18 22 21 18 18 21 16 13 15 18 20 22 23 25 24 25 17
xい
NO2
01/15 13 11 9.3 7.9 8.9 9.6 15 25 21 21 23 18 14 16 16 17 16 17 16 14 15 14 13 11
xい
NO2
01/16 8.8 6.9 7.9 6.9 6.3 6.7 9 16 18 21 19 19 14 15 18 19 20 24 26 26 21 15 13 10
xい
NO2
01/17 9.6 6.4 7.4 7.3 5.7 7 9.6 12 15 14 15 13 14 11 13 13 16 21 21 19 17 14 14 14
xい
NO2
01/18 12 11 11 11 12 13 17 23 25 29 30 27 14 16 20 22 23 32 38 50 49 36 35 32
xい
NO2
01/19 31 28 36 26 16 16 21 27 25 25 21 17 17 15 17 20 27 42 50 55 55 54 53 44
xい
NO2
01/20 34 34 36 32 31 27 27 24 20 21 18 17 14 10 10 14 17 23 27 18 16 14 11 8.9
xい
NO2
01/21 8.5 7.4 5.4 5.4 6 6.7 9.8 13 15 14 13 14 13 13 13 12 14 17 21 20 20 16 16 13
xい
NO2
01/22 9.4 9.4 8.1 6.9 6.7 7.5 10 14 18 19 14 15 15 14 15 16# 19 24 25 23 18 17 18 17
xい
NO2
01/23 15 12 8.2 9.2 11 11 15 20 23 26 27 17 18 15 13# 16 21 27 31 29 29 30 31 40
xい
NO2
01/24 35 23 32 34 24 15 16 21 24 19 15 14 9.3 12 12 15 21 32 34 47 50 39 49 47
xい
NO2
01/25 44 38 37 31 17 17 23 27 34 45 41 30 21 14 15 16 22 26 26 25 23 27 26 19
xい
NO2
01/26 15 8.1 8.5 9.9 7.2 7.4 9.9 11 11 11 9.1 8.2 7.7 7.9 9.4 13 13 13 13 12 11 10 8.4 7.4
xい
NO2
01/27 7.2 3.9 3 3.4 3.6 3.6 6.9 8.6 10 10 9.1 7.7 7.2 6.8 6.5 7.9 13 18 18 19 21 28 30 25
xい
NO2
01/28 29 29 29 26 23 21 24 24 29 32 28 18 22 13 14 16 16 23 30 33 35 41 40 38
xい
NO2
01/29 38 27 29 31 30 29 31 30 33 38 41 22 19 11 11 14 19 23 23 25 33 44 46 45
xい
NO2
01/30 42 41 38 35 21 12 15 21 27 31 28 31 23 18 25 25 16 24 43 52 55 53 47 42
xい
NO2
01/31 39 38 26 23 20 26 33 26 26 34 32 27 20 11 17 21 17 25 28 22 25 22 20 13
xい
NO2
菏代~るG2019/02A 代浮G┚A 代兜GNO2]ppb^
xい
NO2
ら戳 00 01 02 03 04 05 06 07 08 09 10 11 12 13 14 15 16 17 18 19 20 21 22 23
xい
NO2
02/01 12 7 6.2 5.9 6.5 6.7 8 11 14 12 13 13 12 14 16 20 23 32 28 24 20 22 26 26
xい
NO2
02/02 20 20 19 15 16 26 27 26 28 28 30 19 13 12 10 15 16 19 22 24 25 38 45 44
xい
NO2
02/03 44 36 34 32 32 36 33 28 41 42 29 13 8.9 11 13 12 17 25 26 31 25 27 39 33
xい
NO2
02/04 33 33 33 31 14 8 10 12 9.9 7.6 7.2 6.3 6.6 5.6 5.5 6.9 9.2 9.7 12 14 9.7 9.3 9.2 9.6
xい
NO2
02/05 9.1 9.6 8.5 7.4 6.9 6.5 7.1 8.7 9.6 12 13 13 9.3 9 10 7.2 9.1 8.4 9 9.6 15 15 13 14
xい
NO2
02/06 16 11 11 11 12 14 10 10 7.8 8 6.8# 14# 13* 26x 100# 207# 13# 8.3 11 14 21 23 18 20
xい
NO2
02/07 23 22 17 20 16 17 18 21 21 12 7.6 3.9 2.5 4 9.5 8.3 11 12 13 9.8 14 18 14 14
xい
NO2
02/08 9.9 9.8 8.2 9.5 8.3 8.6 9.5 9.6 8.6 14 16 10 13 13 11 11 12 12 15 14 14 16 18 18
xい
NO2
02/09 21 26 22 18 11 14 8.6 11 14 8.6 9.7 11 11 12 13 15 14 14 15 15 13 13 15 14
xい
NO2
02/10 10 11 10 8.3 8.3 9.2 8.4 8.9 9.2 10 10 11 10 9.8 10 12 13 15 16 18 16 16 17 13
xい
NO2
02/11 9.7 8.6 7.8 7.7 7.7 6.8 7.7 12 12 14 13 13 16 16 16 17 16 19 20 23 20 16 17 16
xい
NO2
02/12 14 12 10 10 9.6 9.7 12 15 16 13 14 16 16 15 18 20 15 18 16 16 16 15 22 35
xい
NO2
02/13 33 34 31 14 9.2 9.9 16 19 19 20 18 19 19 17 16 19 20 23 26 24 17 16 16 13
xい
NO2
02/14 13 13 13 19 16 12 13 20 21 18 16 11 17 17 18 19# 20# 22 23 21 19 21 17 15
xい
NO2
02/15 12 14 17 16 18 14 20 21 24 22 14 15 16 15 18 18 18 22 41 51 47 47 47 43
xい
NO2
02/16 40 21 19 21 19 18 20 22 24 28 22 21 20 16 15 17 19 21 26 25 20 18 15 13
xい
NO2
02/17 10 6.8 7.8 8.5 8.6 9 10 10 12 10 10 9.9 10 11 11 13 14 16 16 16 16 15 14 11
xい
NO2
02/18 14 13 10 11 13 11 12 16 22 25 17 12 12 13 16 17 19 22 24 32 35 31 33 34
xい
NO2
02/19 34 9.7 7.7 13 15 20 26 27 29 40 39 46 45 26 24 27 29 31 41 40 40 47 47 44
xい
NO2
02/20 41 38 36 33 31 31 18 18 25 31 25# 14x 23x 19x 16x 18x 19x 27x 35x 33x 28x 27x 27x 19
xい
NO2
02/21 19 19 20 20 17 14 15 16 21 27 27 22 21 18 18 19# 22# 23 20 15 15 27 30 24
xい
NO2
02/22 26 8.4 7.5 6.6 10 13 19 24 18 17 20 19 16 17 18 19 18 19 18 20 17 19 17 13
xい
NO2
02/23 9.8 7.4 7.7 6.7 6.9 7.4 11 17 20 17 21 16 15 17 18 19 20 23 20 19 18 17 16 13
xい
NO2
02/24 16 14 14 10 8.4 8.3 11 13 12 18 15 16 18 18 20 26 24 30 21 27 21 18 17 14
xい
NO2
02/25 13 9.3 8.4 6.5 6.2 7 18 14 16 13 12 11 14 15 14 21 19 22 25 26 22 18 14 10
xい
NO2
02/26 10 10 8.8 9.9 13 9.7 13 22 26 24 17 15 18 19 18 20 23 29 21 18 16 19 22 30
xい
NO2
02/27 28 29 26 22 17 11 10 20 31 26 21 20 17 15 17 30 24 31 33 23 22 40 47 47
xい
NO2
02/28 42 35 35 21 12 14 17x 21x 23x 28x 26x 17 14 12 15 13 14 17 19 19 21 18 20 19
xい
NO2
菏代~るG2019/03A 代浮G┚A 代兜GNO2]ppb^
xい
NO2
ら戳 00 01 02 03 04 05 06 07 08 09 10 11 12 13 14 15 16 17 18 19 20 21 22 23
xい
NO2
03/01 19 13 11 11 11 12 17 13 14 14 15 13 12 13 15 16 18 18 20 23 20 18 18 18
xい
NO2
03/02 23 17 15 17 18 20 18 18 24 26 24 23 19 17 16 18 17 25 28 27 36 40 34 28
xい
NO2
03/03 25 18 18 15 17 18 21 21 20 12 12 12 10 9.3 11 15 19 17 24 26 29 14 15 13
xい
NO2
03/04 14 7.1 9.3 6.8 6.8 9.9 10 12 15 16 13 13 14 16 17 21 23 20 29 33 49 56 53 44
xい
NO2
03/05 27 29 41 42 38 32 26 31 39 42 33 19# 21# 20 20 24 23 22 18 12 11 14 20 24
xい
NO2
03/06 27 8.2 11 9 8.1 8.6 21 31 32 28 36 29 17 16 18 17 14 17 21 16 13 20 23 18
xい
NO2
03/07 13 8.6 9.6 7.2 6.2 7.8 9.9 18 21 20 20 23 18 21 19 29 26 21 22 20 18 16 13 10
xい
NO2
03/08 8.2 8.9 7.3 5.8 7.7 11 12 28 33 32 31 35 25 31 30 25 21 29 26 23 23 22 26 34
xい
NO2
03/09 30 24 27 25 27 25 30 24 20 20 28 27 25 25 34 28 23 24 31 37 38 37 37 36
xい
NO2
03/10 32 14 5.7 7.6 4.3 4.2 15 18 22 26 9.5 8.6 12 12 18 23 17 19 26 27 20 25 26 24
xい
NO2
03/11 26 18 13 13 8.8 16 11 19 39 38 34 31 24 18 18 24 26 29 36 32 32 27 22 21
xい
NO2
03/12 26 26 21 20 24 24 19 20 30 29 18 12 19 12 10 14 14 16 25 29 33 45 60 45
xい
NO2
03/13 33 37 52 51 45 47 26 30 31 32 20 14 17 17 14 16 16 30 47 51 59 59 50 33
xい
NO2
03/14 31 39 39 25 18 20 19 22 25 30 29 21 17 17 15 15 17 17 16 14 18 13 11 9.5
xい
NO2
03/15 11 7.7 8.4 6.6 6.3 6.6 9.5 16 21 20 16 14 14 17 19 22 22 24 25 21 19 25 31 32
xい
NO2
03/16 27 37 40 36 35 34 33 34 35 29 27 22 19 20 18 19 21 31 40 35 28 33 40 33
xい
NO2
03/17 36 28 30 20 27 25 20 15 21 22 18 18 15 13 15 15 14 16 15 16 16 14 21 24
xい
NO2
03/18 29 19 16 19 20 22 26 26 31 30 33 34 33 24 20 21 24 29 38 44 55 51 50 48
xい
NO2
03/19 22 37 38 37 35 26 17 19 23 23 14 13 12 10 12 15 16 23 23 23 36 50 52 41
xい
NO2
03/20 31 31 26 24 25 27 25 30 34 35 26 19 16 13 11 12# 16# 23 22 16 14 13 10 12
xい
NO2
03/21 12 11 13 14 12 9.1 15 16 17 12 9.8 10 8.8 8.2 9.6 14 14 17 23 21 18 16 12 12
xい
NO2
03/22 15 14 16 11 16 19 14 16 13 14 15 13 8 8.4 9.2 14 19 22 26 22 20 16 18 12
xい
NO2
03/23 13 8.9 6.9 6.8 5.8 6.2 7.4 9.9 14 15 11 10 14 9.6 13 12 11 11 12 10 8.7 8.6 7 6.6
xい
NO2
03/24 9.1 8.3 6.7 5.4 7 10 8.3 12 19 29 21 23 21 17 19 16 20 28 30 27 32 32 37 35
xい
NO2
03/25 35 29 20 18 22 25 21 18 24 27 33 39 42 22 20 41 42 31 34 31 29 29 30 15
xい
NO2
03/26 9.7 7.3 9 8.5 8.5 9.7 11 15 16 14 13 14 11 11 14 19 18 31 31 23 30 30 41 45
xい
NO2
03/27 48 42 29 25 27 27 28 27 33 32 15 14 18 17 18 21 17 22 29 25 19 19 26 19
xい
NO2
03/28 17 14 20 21 23 18 18 21 18 14 12 8.5 9.2 8.4 8.9 13 17 19 18 13 10 11 11 8
xい
NO2
03/29 7.6 6.3 7.2 7.4 7.5 7.4 9.7 16 11 13 10 8.6 7.6 7.3 8.1 11 10 12 12# 14 14 13 7.6 6
xい
NO2
03/30 6 5.9 6.2 12 8.5* 6.4 11 16 22 15 9.6 7.5 8.2 9.7 9.2 9.3 10 13 19 25 30 35 34 28
xい
NO2
03/31 29 25 17 11 9.3 11 16 8.4 7.9 11 9.7 9.9 7.5 6.7 7.5 8.8 9.7 12 12 12 13 15 11 8.1
xい
NO2
菏代~るG2019/04A 代浮G┚A 代兜GNO2]ppb^
xい
NO2
ら戳 00 01 02 03 04 05 06 07 08 09 10 11 12 13 14 15 16 17 18 19 20 21 22 23
xい
NO2
04/01 7.5 8.6 5.4 5.6 4.8 4.8 11 18 21 19 18 18 21 15 16 19# 24 28 25 26 24 30 31 31
xい
NO2
04/02 30 31 30 27 24 26 25 25 30 40 35 19 20 22 17 20 16 16 19 18 23 20 27 18
xい
NO2
04/03 9 6.1 5.2 6.4 7 6.9 8.3 12 19 17 16 12 12 10 14 13 12 14 17 16 20 21 14 15
xい
NO2
04/04 19 24 19 18 19 19 18 24 25 12 14 11 13 12 9.9 15 13 12 13 11 11 11 14 19
xい
NO2
04/05 19 19 19 13 12 13 8.6 8.9 9.2 9.8 8.6 7.9 7 5.2 6.6 7.3 7.7 10 14 19 31 38 45 42
xい
NO2
04/06 40 33 28 20 22 18 19 17 13 10 8.8 8.3 11 12 15 11 10 12 12 14 15 22 24 22
xい
NO2
04/07 17 12 10 7.8 9 8.7 11 10 8.5 6.8 5.5 5.6 6.5 6.4 5.6 7.1 8.9 10 13 16 18 18 19 17
xい
NO2
04/08 11 12 13 10 6.8 6.7 14 21 16 9.6 9.7 11 9.4 9.6 11 12# 13 16 17 14 16 17 18 16
xい
NO2
04/09 16 8.8 7.7 7.2 9.1 12 13 16 15 13 9.1 9.1 9.6 8.2 9.2 13 12 13 14 10 7.8 6.4 6.2 5.1
xい
NO2
04/10 5 6.3 7.2 10 9.6 7.8 8.8 11 12 11 9.7 9 9.3 8.6 8.1 9.6 11 17 19 13 14 12 14 13
xい
NO2
04/11 14 18 24 17 19 12 16 18 13 10 9.3 11 11 11 12 13 10 14 14 18 14 11 14 10
xい
NO2
04/12 8.6 7.8 9.4 7.4 6.8 6 9.5 13 13 13 9 10 8.5 7.5 9.4 17 19 21 25 25 19 19 22 20
xい
NO2
04/13 28 25 24 20 9.4 14 16 12 14 16 14 12 14 11 11 13 17 19 36 42 23 18 32 30
xい
NO2
04/14 24 9.2 8.3 7.5 11 11 14 16 14 11 7.7 7 5.5 4.9 4.5 5.7 9.6 11 10 14 16 12 11 8.7
xい
NO2
04/15 7 7.5 7.9 7.2 7 8.6 9.2 14 18 18 18 20 22 20 17 20 24 25 22 26 23 23 31 37
xい
NO2
04/16 35 33 24 10 8.3 8.3 18 25 28 33 41 40# 35# 37 41 47 49 50 55 33 22 22 22 25
xい
NO2
04/17 19 8.1 5.2 4.5 5.1 6.3 12 13 14 9.8 6.7 5.9# 9.2 7.8 9 12 15 17 24 28 40 50 53 40
xい
NO2
04/18 30 19 17 11 9.5 11 18 21 21 13 11 14 12 12 15 19 18 23 24 34 35 29 40 39
xい
NO2
04/19 41 16 12 9 8.1 8.9 8.1 13 20 20 20 26 17 16 20 29 23 22 32 29 23 17 15 11
xい
NO2
04/20 11 8.3 9.2 9.3 15 13 11 14 17 15 19 16 12 13 12 15 24 40 42 44 22 13 13 19
xい
NO2
04/21 16 9.8 4.7 3.1 4.7 9.6 16 16 12 11 9.6 7.9 8.4 6.8 12 18 24 33 36 30 25 18 14 12
xい
NO2
04/22 14 13 8.8 7.6 9.4 11 9.2 10 13 11 8.4 10 9.5 8.3 8.4 10 11 12 13 12 10 12 9.9 7.2
xい
NO2
04/23 4.7 3.9 5.3 5.1 6.8 9.6 11 10 7.9 7.7 9.1 8 8.5 7 9 13 13 14 16 13 9.4 9.5 8.2 5.4
xい
NO2
04/24 5.7 7.5 7.5 6.8 10 13 11 13 11 10 8.9 8.6 8.8 8.3 8.8 8.7# 11# 13* 15* 11* 9.6* 7.2# 6.1 4.2
xい
NO2
04/25 4.4 4.3 4.1 5 5.9 5.9 6.9 10 7.7 7 6.5 7.1 5.8 5.8 7.5 7.4# 7.9 8.9 12 15 17 18 20 20
xい
NO2
04/26 21 22 19 21 15 15 11 11 17 12 13 10 12 11 13 18 12 15 22 25 19 17 25 15
xい
NO2
04/27 20 14 12 13 9.2 8.4 10 11 13 14 14 11 9.3 9 9.2 11 13 15 15 16 16 17 16 17
xい
NO2
04/28 17 18 19 20 19 19 15 12 9.4 8 7.9 8.5 7.7 5.8 6.7 7.3 8.8 11 17 21 26 23 24 24
xい
NO2
04/29 21 18 17 12 9.9 12 16 14 12 13 13 11 11 9.6 8.9 11 11 13 13 14 16 17 13 12
xい
NO2
04/30 13 9.9 9.3 7.5 8.8 8.6 9.3 13 10 9.1 9.3 8 8 7.6 7.5# 9.4# 10# 14 17 16 9.7 9.3 8.2 7.5
xい
NO2
菏代~るG2019/05A 代浮G┚A 代兜GNO2]ppb^
xい
NO2
ら戳 00 01 02 03 04 05 06 07 08 09 10 11 12 13 14 15 16 17 18 19 20 21 22 23
xい
NO2
05/01 7.1 5.1 4.8 3.6 4.9 6.5 10 12 10 13 10 11 13 12 13 12 12 13 18 16 15 13 16 15
xい
NO2
05/02 11 12 10 11 12 11 18 22 23 33 40 37 36 25 26 33 41 36 35 32 28 26 24 27
xい
NO2
05/03 26 28 19 10 8.6 15 13 22 31 18 17 13 13 12 12 14 14 16 19 24 24 32 41 47
xい
NO2
05/04 45 43 42 28 37 36 19 14 14 12 11 10 8.4 8.4 7.4 8 9.4 13 13 15 14 15 15 14
xい
NO2
05/05 10 7.1 9.4 14 12 11 14 13 18 17 11 9.6 13 9.8 10 7.7 14 22 20 21 34 26 18 14
xい
NO2
05/06 10 8 8.1 8 8.4 6.7 10 18 25 21 16 18 19 23 20 16# 22# 23 18 16 14 13 11 11
xい
NO2
05/07 13 7.4 8.1 7.4 6.6 7.4 8.5 12 17 15 11 14 12 14 13 15 12 16 22 23 14 15 23 28
xい
NO2
05/08 29 31 27 27 21 24 23 26 28 25 22 27 21 14 18 21 23 26 27 22 21 23 27 21
xい
NO2
05/09 19 19 14 12 15 16 16 17 21 22 17 14 15 17 18 24 26 30 26 26 19 22 31 33
xい
NO2
05/10 20 31 12 16 17 15 19 23 27 20 16 14 13 9.2 9.2 14 20 21 23 21 19 20 21 30
xい
NO2
05/11 33 25 22 16 14 17 15 14 14 13 11 11 7.6 6.6 6.6 9.3 8.9 9.9 13 17 17 20 34 27
xい
NO2
05/12 26 20 20 16 12 14 14 14 15 10 8.9 12 10 9.8 11 12 9.7 14 13 13 27 18 20 18
xい
NO2
05/13 20 17 12 9.6 9.5 9.7 9.6 12 14 11 9.4 9.7 9.9 7.6 7.8 14 11 16 25 22 25 30 27 19
xい
NO2
05/14 17 18 16 12 12 10 13 14 13 11 9.6 10 8.4 7.8 8.1 13 12 13 16 16 18 14 15 20
xい
NO2
05/15 18 18 15 19 17 16 11 11 10 13 13 11 9 8.4 7.2 11 10 12 15 16 15 16 16 10
xい
NO2
05/16 8.4 6.2 6.9 6 6.4 6.1 7.8 9.5 8.1 9.5 9.2 9.4 14 19 13 11 12 17 23 21 20 18 14 11
xい
NO2
05/17 8.6 6.9 5.2 4.1 4.2 4.6 9.3 15 16 17# 20 13 11 9.8 9.3 9 12 16 22 14 12 11 11 10
xい
NO2
05/18 8.4 6.7 7.2 6 4.4 4.2 9 13 13 11 6.7# 7.7 7.7 9.3 8.6 10 11 9.7 11 8.6 8.5 8.5 7.8 6.7
xい
NO2
05/19 6 5.4 4.7 5.1 5.9 6.7 8.6 7.8 7.8 5.2 5.8 7.8 6.9 6.9 7.8 9.8 10 12 18 16 18 16 14 12
xい
NO2
05/20 8.9 11 8.1 5.8 5.7 7.3 10 14 15 10 14 15 13 19 27 29 21 22 27 20 15 12 13 11
xい
NO2
05/21 13 15 15 10 12 9.3 12 16 23 25 24# 21# 25 18 22 35 27 20 35 28 26 38 41 41
xい
NO2
05/22 41 33 30 30 30 27 27 33 18 14 15 16 13 13 14 26 24 27 33 33 32 31 30 41
xい
NO2
05/23 36 33 21 22 34 15 10 15 25 19 23 27# 202# 30# 24 26 13 16 20 21 18 20 24 30
xい
NO2
05/24 23 18 21 22 20 18 19 20 18 19 12 11 11 8.6 17 19 12 16 41 27 25 22 21 22
xい
NO2
05/25 10 9 9.5 9.6 11 14 16 18 14 14 8.9 9.3 6.7 5.5 6.8 6.5 5.5 8.5 13 16 20 15 29 26
xい
NO2
05/26 24 20 17 16 13 13 14 15 15 15 12 8.9 9.3 7.9 9.3 9.9 9 13 15 15 17 32 34 32
xい
NO2
05/27 23 22 19 9.2 13 17 17 21 23 18 16 16 14 14# 9.4 9.4 11 13 20 21 24 16 14 12
xい
NO2
05/28 15 9.9 8.7 8.2 7.6 10 8.9 15 19 16 19 16 18 17 15 19 10 9.5 15 14 15 15 14 12
xい
NO2
05/29 12 8.3 8.3 9.7 7.4 7.2 9.4 14 18 17 14 11 11 13 13 16 15 16 20 17 16 18 15 12
xい
NO2
05/30 12 12 13 12 16 19 19 21 26 25 18 18 15 8.5 8.3 11 11 18 20 17 18 28 29 22
xい
NO2
05/31 22 17 16 20 23 18 15 15 14 14 13 9.1 12 7.1 6.9 11 10 13 15 18 20 15 19 18
