x_
O3
01/01 37 38 39 39 39 38 38 37 37 37 38 37 38 39 38 37 37 37 37 39 39 39 40 41
x_
O3
01/02 41 42 42 41 41 40 36 33 33 35 36 32 35 36 36 35 33 33 32 32 33 34 35 36
x_
O3
01/03 37 35 27 25 22 13 20 23 31 32 32 31 31 32 31 32 31 29 28 29 31 32 33 34
x_
O3
01/04 35 35 35 34 34 34 31 28 28 28 30 33 33 48 39 30 15 18 17 12 7.3 4.8 3.2 16
x_
O3
01/05 20 17 15 14 15 14 12 11 12 20 24 22 24 22 14 13 9.5 8.4 8.7 5.9 3.3 3.1 2.9 4.1
x_
O3
01/06 10 14 10 11 9.8 8.4 10 8.4 4 3.8 8.5 28 35 34 36 36 36 37 38 38 38 39 40 40
x_
O3
01/07 40 41 41 40 39 39 37 34 35 35 35 35 37 35 35 33 30 21 19 6.8 3.1 3.3 1.1 1.4
x_
O3
01/08 1.3 1.3 1.2 1.3 8.4 12 4.3 14 20 28 37 37 37 38 36 33 33 33 33 33 35 36 36 38
x_
O3
01/09 39 39 39 38 37 36 33 30 31 33 36 38 40 41 40 39 36 35 36 36 36 36 36 36
x_
O3
01/10 38 39 39 39 37 37 30 13 14 24 20 39 50# 55# 55# 30# 31# 17# 9.1 4.5 1.4 1.3 1.1 1.4
x_
O3
01/11 1.3 1.3 1.6 1.4 1.2 1.3 1.2 1.6 4.1 7.6 9.3 25# 357# 143# 20# 15x 9.1A 13 8.9 3.6 2.6 1.5 1.4 1.4
x_
O3
01/12 1.9 10 15 12 18 20 17 13 15# 12 17 16 13 19 15 14 16 19 22 24 24 24 25 27
x_
O3
01/13 30 33 36 22 24 26 22 21 17 30 32 33 30 32 36 35 35 31 34 35 37 38 41 44
x_
O3
01/14 45 46 47 49 49 49 46 41 42 42 45 46 40# 46 45 45 43 42 43 43 43 43 44 45
x_
O3
01/15 46 46 46 44 41 13* 5.1 4.2 5.4 6.1 9.4 9.4 17 33 35 28 25 29 41 45 45 49 50 51
x_
O3
01/16 51 51 54 57 58 58 52 47 43 47 47 49 52 53 49 45 41 29 38 32 36 29 28 33
x_
O3
01/17 33 30 34 35 37 35 25 14 24 42 43 42 38 40 30 35 39 42 46 48 51 49 49 49
x_
O3
01/18 50 52 51 48 48 48 49 46 44 47 48 50 50 51 51 49 47 46 46 48 49 49 47 47
x_
O3
01/19 47 47 46 30 34 21 7.4 6.2 9.1 21 39 51 58 58 51 53 45 36 21 9.2 5.5 6.5 4.5 1.9
x_
O3
01/20 1.8 3.8 2.9 1.4 4 3.5 5.8 7.7 10 13 24 37 43 40 34 37 42 45 50 51 55 57 57 55
x_
O3
01/21 55 56 55 52 51 49 45 42 37 37 37 37 39 39 37 36 34 33 33 35 37 30 31 36
x_
O3
01/22 45 46 44 43 46 42 36 33 27 25 28 39 41 42# 41 42 46 42 33 48 51 44 50 48
x_
O3
01/23 54 58 61 60 61 60 55 49 52 57 57 58# 60 60 60 60 58 58 58 59 61 63 64 67
x_
O3
01/24 70 72 73 72 72 71 68 65 63 61 61 62 64 64 64 65 64 59 61 63 65 66 64 64
x_
O3
01/25 64 64 64 62 58 21* 13 6 11 41 60# 61 62 61 58 61 57 55 57 48 55 38 37 46
x_
O3
01/26 63 64 65 62 55 57 52 49 50 48 49 51 54 54 50 46 47 45 45 47 44 43 41 42
x_
O3
01/27 43 45 45 44 46 44 42 42 43 43 41 42 42 45 45 44 43 39 40 40 42 42 42 43
x_
O3
01/28 44 44 45 44 41 15 4 3.5 9.5 15 27 49 46A 53 50 49 44 38 40 38 37 42 51 52
x_
O3
01/29 52 52 52 51 50 50 44 39 42 45 46 50 51 51 51 49 47 43 43 45 45 45 45 46
x_
O3
01/30 47 47 37 20 14 29 16 7.3 9.3 17 31 60 57 50 48 44 41 30 5.7 4 2.1 2.1 5.6 4.1
x_
O3
01/31 2.5 15 20 15 6.2 12 13 5.2 6.5 29 36 48 65 64 55 55 51 44 41 49 53 53 51 49
x_
O3
菏代~るG2019/02A 代浮GhLA 代兜GO3]ppb^
x_
O3
ら戳 00 01 02 03 04 05 06 07 08 09 10 11 12 13 14 15 16 17 18 19 20 21 22 23
x_
O3
02/01 50 51 49 48 46 48 45 44 44 42 42 42 43 44 46 45 45 44 46 47 48 49 46 48
x_
O3
02/02 49 48 48 48 47 30 2.9 3 6.7 15 30 49 60A 65 54 56 45 35 15 18 32 13 2.6 15
x_
O3
02/03 21 13 11 9.9 7.2 1.6 1.6 3.7 10 20 49 70 74 77 72 66 61 51 37 39 26 9.2 5.7 1.7
x_
O3
02/04 1.8 2 6 28 26 26 26 22 23 37 42 42 42 43 41 45 45 46 44 46 39 32 26 28
x_
O3
02/05 29 33 33 29 35 40 38 36 35 38 35 36 40 44 40 42 43 41 38 25 19 15 15 28
x_
O3
02/06 37 38 32 24 23 19 13 14 24 31 32 40 44 48 51 50 48 44 36 19 18 14 2A 1.1#
x_
O3
02/07 1.5 2.1 2.1 3.8 7.9 32 21 10 22 37 49 54 53 50 65 65 70 61 52 49 46 41 41 37
x_
O3
02/08 35 26 29 35 35 38 38 34 35 36 38 43 37A 44 42 44 43 34 34 31 27 27 31 32
x_
O3
02/09 30 27 24 28 30 27 24 27 27 29 12A 0x 0x 0x 0x 0x 0x 0x 0x 0x 0x 0x 0x 0x
x_
O3
02/10 0x 0x 0x 0x 0x 0x 0x 0x 0* 0x 0x 0x 0x 0x 0x 0x 0x 0x 0x 0x 0x 0* 0x 0x
x_
O3
02/11 0x 0x 0x 0x 0x 0x 0x 0x 0# 0# 28# 0.7# 40# 40 40 40 NA 36 35 35 36 37 37 38
x_
O3
02/12 39 40 41 41 41 40 39 35 34 37 39 40 40 41 40 40 39 26 28 27 28 29 22 18
x_
O3
02/13 22 30 35 33 31 31 27 16 16 14 14 12 15 37 43 47 47 42 40 40 43 45 45 45
x_
O3
02/14 43 41 27 25 29 24 21 11 8 12 18 19 31 33 33 30 32 32 30 41 32 30 20 10
x_
O3
02/15 9.3 10 14 19 21 24 12 12 8.9 18 31 40 57 60 51 49 46 41 42 37 29 27 23 22
x_
O3
02/16 36 36 35 31 29 26 26 25 22 20 25 31 40 39 39 39 36 35 38 40 32 31 35 35
x_
O3
02/17 39 39 41 42 44 39 37 36 40 44 44 44 44 44 43 44 43 41 41 41 42 42 42 43
x_
O3
02/18 34 32 33 46 45 39 19 8.2 11 14 20# 15 17 27 38 42 34 26 31 27 24 27 21 8.7
x_
O3
02/19 13 32 35 31 28 24 17 6.1 3.2 4.9 15 19 24 37 45 52 38 25 18 14 17 13 5.4 12
x_
O3
02/20 23 11 10 8.9 4.6 10 2.7 4.9 16 24 31 38 51 49 46 45 46 46 37 33 31 30 24 23
x_
O3
02/21 21 25 27 29 28 27 29 27 30 34 24 32 40 37 41 40 36 50 37 19 27 28 20 22
x_
O3
02/22 30 36 39 39 36 36 33 30 25 31 30 30 23 32 31 28 31 28 20 27 38 48 51 52
x_
O3
02/23 51 49 48 46 45 45 43 40 42 43 43 41 41 43 45 47 42 39 33 42 44 44 44 46
x_
O3
02/24 47 49 50 50 46 38 50 49 46 36 42 39 42 40 44 41 44 31 35 40 36 27 24 18
x_
O3
02/25 13 11 20 19 14 19 5.9 4.7 14 11 12 18 15 28 38 50 49 45 48 51 50 53 57 58
x_
O3
02/26 56 57 57 56 56 54 49 43 43 47 51 50 49 50 51 50 47 47 49 50 48 51 47 41
x_
O3
02/27 15 13 16 14 16 8.8 4.1 6.2 13 12 30 41 49 59 66 78 71 35 30 25 16 5.6 4.5 18
x_
O3
02/28 23 22 29 11 27 29 24 25 30 23 28 27 31 34 36 44 44 36 44 44 47 45 48 49
x_
O3
菏代~るG2019/03A 代浮GhLA 代兜GO3]ppb^
x_
O3
ら戳 00 01 02 03 04 05 06 07 08 09 10 11 12 13 14 15 16 17 18 19 20 21 22 23
x_
O3
03/01 50 40 39 30 37 50 37 47 48 49 50 50 53 51 48 44 38 33 33 28 31 31 32 30
x_
O3
03/02 31 36 32 30 25 26 28 28 26 39 42 53 63 68 68 66 60 54 34 14 9.9 39* 42 35
x_
O3
03/03 29 21 26 28 20 16 18 17 17 21 30 44 47 49 39 31 28 22 12 25 43 33 35 26
x_
O3
03/04 23 23 21 20 19 10 4.4 14 26 36 44 49 55 57 54# 50 55 56 56 53 56 56 57 61
x_
O3
03/05 63 63 60 59 60 56 52 49 51 53 55 58 57 58 61 58 62 48 52 53 44 35 23 19
x_
O3
03/06 12 8.6 12 26 29 31 19 21 20 15 43 48 53 53 48 52 48 51 53 47 48 52 57 49
x_
O3
03/07 41 51 50 55 60 62 57 52 48 58 60 60 63 70 75 73 70 70 65 63 66 67 69 67
x_
O3
03/08 68 66 63 61 61 60 56 52 50 48 44 48 47 44 50 48 45 47 42 50 50 48 48 52
x_
O3
03/09 51 20* 17 21 9.4 11 7.7 3.1 3.8 4.1 7.3 14 19 18 18 22 15 24 14 1.5 23 19 24 28
x_
O3
03/10 31 38 33 38 38 39 40 43 39 40 32 29 26 22 21 17 16 18 24 17 26 53 64 65
x_
O3
03/11 73 74 69 62 56 50 46 45 47 47 49 50 55 58 58 59 53 50 53 54 56 56 54 51
x_
O3
03/12 52 51 60 66 62 9.7* 9.9 32 63 70 72 77 80 81 79 77 71 67 63 64 63 64 64 66
x_
O3
03/13 68 67 64 58 63 67 63 58 58 68 72 73 75 76 77 75 75 72 73 71 73 75 74 74
x_
O3
03/14 75 74 72 71 71 68 61 52 54 46 49 52 50 64 66 70 61 58 51 40 48 54 58 60
x_
O3
03/15 60 59 52 50 54 54 51 34 34 45 49 61 66 64 60# 70 66 65 62 62 45 36 45 60
x_
O3
03/16 65 69 70 69 70 67 69 69 66 66 66 66 67 67 69 71 69 69 68 68 67 67 67 69
x_
O3
03/17 68 65 64 59 52 40 31 24 19 16 23 24 29 47 53 56 57 58 57 59 60 62 59 60
x_
O3
03/18 61 60 46 45 42 38 26 8.5 8 18 29 40 57 68 66 66 65 57 41 48 45 44 44 29
x_
O3
03/19 19 26 17 10 13 18 20 16 25 43 49 55 56 58 54 52 53 52 52 53 53 51 51 51
x_
O3
03/20 52 52 47 36 32 12 3.4 8.5 13 33 47 68 58 54# 90 92 75 67 65 54 50 43 40 39
x_
O3
03/21 33 25 3.7 7.2 8.8 16 13 9.2 19 38 50 86 70 48 50 45 47 36 13 12 21 19 14 18
x_
O3
03/22 20 18 19 27 34 38 39 37 44 49 45 49 58 58 52 48 48 48 45 43 51 51 49 49
x_
O3
03/23 49 50 51 53 54 54 54 51 50 52 51 50 50 50 50 51 52 49 48 52 56 58 57 59
x_
O3
03/24 63 62 62 64 65 64 60 61 60 60 59 57 55 55 55 51 50 40 40 36 45 33 4.3 2.8
x_
O3
03/25 5.8 8.3 5.3 1.7 1.6 2.1 2.4 1.8 2.2 3.6 4.5 21 44 48 46 53 53 54 52 47 46 39 35 23
x_
O3
03/26 18 32 42 44 46 51 47 44 44 48 51 54 56 58 59 60 56 57 59 61 61 58 56 57
x_
O3
03/27 58 53 41 39 36 23 12 6 8 30 42 63 77 81 73 68 64 61 46 13 2.9 2.1 1.7 1.7
x_
O3
03/28 2.5 13 28 21 16 10 26 26 30 38 40 51 58 50 41 40 41 40 27 25 22 16 6.5 2
x_
O3
03/29 2.7 2.5 4.7 24 27 28 24 23 24 28 36 44 50 49 55 54 51 44 41 44 43 35 42 62
x_
O3
03/30 56 55 48 45 40 21 21 22 33 32 40 51 52 60 59 54 56 55 58 58 60 60 62 63
x_
O3
03/31 63 64 69 69 69 67 71 73 74 74 72 71 68 66 65 63 63 62 61 61 61 59 60 61
x_
O3
菏代~るG2019/04A 代浮GhLA 代兜GO3]ppb^
x_
O3
ら戳 00 01 02 03 04 05 06 07 08 09 10 11 12 13 14 15 16 17 18 19 20 21 22 23
x_
O3
04/01 62 62 60 60 60 60 56 54 52 55 55# 56 58 59 59 60 58 61 62 63 64 67 69 70
x_
O3
04/02 70 70 70 69 67 66 62 57 56 56 55 53 53 55 51# 41 41 34 29 19 15 18 5.4 2.2
x_
O3
04/03 1.6 3.7 43 50 47 45 33 24 26 22 30 33 19 17 16 25 24 15 4.4 3.6 2.3 5.2 1.9 27
x_
O3
04/04 53 56 56 56 56 54 52 48 46 49 48 55 60 67 75 59 47 48 58 58 59 60 55 57
x_
O3
04/05 56 56 56 57 56 56 54 50 50 54 56 61 62 65 64 63 56 55 53 58 57 54 54 56
x_
O3
04/06 45 13 9.3 15 17 13 11 19 37 47 60 67 69 62 61 57 58 60 55 40 26 20 18 11
x_
O3
04/07 2 4.5 12 2.9 6.9 9.3 5.2 8 11 44 53 69 85 81 82 81 78 75 72 72 74 72 74 43*
x_
O3
04/08 33 37 33 21 21 19 14 15 26 50 69 89# 91 92# 90# 84# 78# 69# 60 48 39 19 12 7.1
x_
O3
04/09 6.1 4.3 4.7 7.4 4.2 2.8 4.5 6.8 11 26 60 80 106# 74# 58 48 38 26 16 14 13 16 14 14
x_
O3
04/10 16 16 14 13 10 2.6 3.8 9.2 16 19 32 38 38 34 35 38 36 38 47 48 52 55 57 59
x_
O3
04/11 59 60 57 57 57 56 55 49 45 47 53 47 45 51 53 53 48 44 31 38 35 31 27 35
x_
O3
04/12 43 47 49 44 44 43 50 44 53 56 58 58 60 60 60 59 59 57 57 57 54 54 58 58
x_
O3
04/13 60 59 59 59 57 47 28 22 29 37 37 29# 25 45 36 35 32 30 17 11 7.6 4.8 4.6 1.9
x_
O3
04/14 8.5 11 5.1 7.7 12 16 19 28 31 42 53 56 59 59 57 54 55 51 55 49 48 79* 76 71
x_
O3
04/15 72 71 71 74 75 74 71 68 64 62 61 64# 61 67 70 69 66 63 59 56 58 64 64 66
x_
O3
04/16 65 63 56 40 35 38 31 23 25 27 23 21 50 52 56 57 62 64 63 60 56 54 49 56
x_
O3
04/17 57 58 52 52 42 32 25 36 42 53 64 67 74 77 78 74 71 71 73 65 72 72 70 65
x_
O3
04/18 57 43 24 28 17 22 21 22 41 69 87 102 104 101 104 105 90 80 71 48 28 34 14 15
x_
O3
04/19 32 34 35 21 21 20 27 38 33 38 54 60 79 78 64 65 60 52 37 24 29 25 17 11
x_
O3
04/20 9.1 4.1 9.2 14 9.4 2.2 3.2 4.1 18 46 58 66 75 77 78 73 61 53 46 38 31 23 47 53
x_
O3
04/21 45 40 29 29 26 40 40 32 43 44 50 50 56 63 58 53 46 35 29 31 22 7.4 6.9 3
x_
O3
04/22 5.6 2.4 1.7 2.1 4.7 3.6 5.3 12 20 36 53 49 42 43 40 36 33 9.1 8 18 8.8 5.6 1.8 3.3
x_
O3
04/23 8 9.9 11 4.6 7.9 18 21 24 22 23 34 58 77 82 71 63 52 41 32 23 14 5.3 1.8 1.7
x_
O3
04/24 4.1 7.2 6.7 3.4 4.4 6.7 7 11 22 27 41 48 58 67 54 44 44 31 20 21 34 19 30 23
x_
O3
04/25 20 12 8.4 2.4 1.4 4 3.9 10 24 46 70 75 84 66 67 57 41 28 21 22 26 26 26 30
x_
O3
04/26 34 38 35 39 38 38 43 47 52 61 61 65 63 62 59 57 57 56 62 65 68 68 64 64
x_
O3
04/27 69 72 75 72 71 70 68 67 68 69 69 68 65 63 64 61 60 58 57 55 56 56 55 52
x_
O3
04/28 55 54 51 44 38 19 18 26 36 44 48 50 55 57 55 60 61 55 47 33 14 9.9 15 19
x_
O3
04/29 17 25 23 20 22 15 14 21 27 36 51 83 89 97 79 51 57 51 42 33 29 12 7.6 4
x_
O3
04/30 4.1 9.7 14 6.7 2.1 2.7 4 17 30 51 64# 65 36 33 27 25 22 24 29 27 30 30 24 26
x_
O3
菏代~るG2019/05A 代浮GhLA 代兜GO3]ppb^
x_
O3
ら戳 00 01 02 03 04 05 06 07 08 09 10 11 12 13 14 15 16 17 18 19 20 21 22 23
x_
O3
05/01 30 27 24 21 21 34 42 37 32 31 35 43 46 49 46 43 44 49 42 33 51 62 67 65
x_
O3
05/02 64 64 69 72 74 82 79 70 68 66 67 64 63 65 66 62 64 73 74 67 63 62 66 70
x_
O3
05/03 71 71 67 62 58 62 61 64 65 67 70 71 72 71 71 71 71 68 65 60 56 59 64 69
x_
O3
05/04 70 68 65 65 65 67 66 63 63 63 61 62 61 61 60 62 62 60 58 58 59 60 63 66
x_
O3
05/05 67 68 68 67 67 67 64 62 63 62 61 60 59 60 60 60 56 54 54 53 52 53 51 52
x_
O3
05/06 54 57 59 62 60 57 56 48 42 49 41 34 56 59 57# 51 49 54 54 53 54 52 55 61
x_
O3
05/07 65 65 65 70 67 68 64 55 56 62 60 58 61 60 60 59 60 58 58 59 61 61 62 61
x_
O3
05/08 61 60 62 63 62 62 61 54 22 14 43 36 38 39 46 48 46 41 39 41 40 40 47 34
x_
O3
05/09 30 29 25 25 25 27 23 29 22 34 41 39 40 42 31 29 33 38 29 17 20 24 33 61
x_
O3
05/10 56 61 69 62 62 43 39 30 51 54 53 47 56 56 54 52 52 46 53 61 63 63 60 62
x_
O3
05/11 63 63 60 55 52 47 28 29 35 48 50 51 49 52 54 50 47 45 43 42 42 42 50 50
x_
O3
05/12 47 47 47 46 37 13 16 24 36 38 38 39 40 38 40 39 38 36 35 33 30 30 29 33
x_
O3
05/13 33 35 35 33 33 28 18 26 27 33 56 72 79 80 75 69 53 55 38 27 11 14 4.9 7.7
x_
O3
05/14 6.7 4.3 2.4 3.8 6.4 23 19 15 16 19 28 39 49 41 45# 43 41 34 30 29 31 38 34 37
x_
O3
05/15 31 30 28 28 32 32 26 20 18 23 29# 37 47 51 63 70 41 25 31 25 16 5.1 1.6 2.2
x_
O3
05/16 4 15 12 10 11 13 5.6 6 13 24 33 29 47 46 38 36 28 19 17 14 14 12 13 14
x_
O3
05/17 13 12 11 16 22 13 8.9 2.8 2.6 2.2 5.8 17 22 17 13 32 37 25 9.9 2.5 1.8 5.9 6 3.7
x_
O3
05/18 1.4 3.7 4.9 1.7 1.3 3.4 3 17 22 31 33 19 25 35 41 44 48 40 29 16 18 20 19 18
x_
O3
05/19 19 17 14 4.9 3.2 3.6 5.1 11 27 45 51 45 58 54 42 45 39 35 25 14 7.5 1.8 1.9 2.5
x_
O3
05/20 5.8 7.2 3.4 10 15 19 22 61 38 31 14 56 45 40 32 46 51 46 57 61 59 59 58 63
x_
O3
05/21 63 65 64 62 64 66 63 58 59 71 76 81 83 83 76 69 68 69 65 62 64 68 66 51
x_
O3
05/22 60 53 41 31 21 14 23 16 24 60 62 65 59 58 59 60 55 53 52 47 51 38 38 46
x_
O3
05/23 43 41 22 28 26 17 27 20 5.3 16 42 51 67# 65 61 60 59 56 55 58 59 58 59 59
x_
O3
05/24 61 62 62 61 59 59 55 55 56 59 60 60 58 56 53 52 46 45 43 43 40 41 44 43
x_
O3
05/25 46 48 50 50 50 50 48 47 48 50 54 56 56 58 56 53 50 50 48 44 43 40 40 42
x_
O3
05/26 43 40 40 34 32 26 27 33 40 64 77 81 80 66 62 61 60 47 40 37 36 34 30 28
x_
O3
05/27 30 29 27 22 24 18 9.8 9.2 14 29 52 62 64 52 50 53 54 45 34 28 19 19 9.7 3.8
x_
O3
05/28 4.7 5.4 6.3 4.8 2.4 4.4 5.1 6.4 7.7 31 27 32# 24 31 33 37 40 40 39 39 38 37 40 39
x_
O3
05/29 38 34 32 27 26 36 54 49 50 55 57 60 61 62 58 54 56 55 57 57 58 60 45 26
x_
O3
05/30 17 32 32 24 29 24 14 20 57 57 56 55 66 80 81 67 43 40 42 53 45 11 6.1 2.7
