基隆
PM10
01/01 9 11 9 9 13 8 8 12 12 12 13 11 13 11 11 11 10 11 14 14 12 9 11 11
基隆
PM10
01/02 8 6 9 11 10 10 12 9 12 9 14 20 18 22 18 18 13 17 11 12 16 9 11 11
基隆
PM10
01/03 19 8 11 9 12 12 12 11 9 6 10 10 10 11 10 12 7 7 15 15 15 13 17 18
基隆
PM10
01/04 20 16 12 7 10 7 11 13 22 13 14 1000# 9 6 1000# 52 59 60 62 63 62 72 67 71
基隆
PM10
01/05 60 59 59 56 56 63 41 32 30 31 29 30 19 16 15 17 18 14 17 29 21 29 7 13
基隆
PM10
01/06 7 6 5 9 10 9 7 8 6 10 10 11 9 11 27 21 28 28 25 22 15 25 23 16
基隆
PM10
01/07 16 15 13 19 18 19 25 19 23 21 25 21 25 27 27 28 28 19 23 20 27 32 28 24
基隆
PM10
01/08 17 13 15 18 19 16 15 18 11 9 11 7 7 9 1000# 6 9 12 13 10 12 11 9 12
基隆
PM10
01/09 17 11 14 16 17 13 20 15 7 16 9 16 21 16 26 25 22 28 36 40 42 26 38 13
基隆
PM10
01/10 27 17 21 27 10 23 7 19 31 34 15# 20 20 20 9 14 17 18 19 20 21 21 16 20
基隆
PM10
01/11 20 17 23 14 18 19 13 21 46 49 34 29 32 29 35 43 54 61 45 49 45 41 44 53
基隆
PM10
01/12 30 32 35 37 32 29 22 24 21 24 22 25 14 21 20 28 22 30 29 32 29 32 28 24
基隆
PM10
01/13 14 16 14 14 15 17 18 26 25 23 1000# 17 20 18 23 14 12 22 21 24 23 17 26 25
基隆
PM10
01/14 29 20 23 20 23 21 29 32 29 27 35 34 61 31 35 37 41 33 37 31 34 31 31 30
基隆
PM10
01/15 32 27 27 27 23 26 21 22 28 35 28 28 29 31 36 31 20 23 23 32 29 24 32 36
基隆
PM10
01/16 32 31 32 23 25 22 18 17 21 24 18 20 23 20 23 21 14 14 13 16 11 11 11 15
基隆
PM10
01/17 10 11 15 13 9 10 15 22 20 25 29 29 33 35 32 40 46 51 47 52 47 55 53 49
基隆
PM10
01/18 42 96 60 56 47 44 43 42 48 41 47 45 41 41 44 37 39 38 36 36 33 31 32 31
基隆
PM10
01/19 31 29 36 27 19 26 38 35 39 41 49 37 37 51 47 58 72 53 62 63 52 49 48 40
基隆
PM10
01/20 30 32 37 39 29 32 33 38 54 47 43 56 61 77 100 95 102 79 70 61 58 53 47 42
基隆
PM10
01/21 51 44 31 30 30 28 27 20 17 19 25 24 26 25 22 24 24 18 24 31 26 22 19 15
基隆
PM10
01/22 20 24 27 24 27 28 34 39 36 43 44 47 54 52 51 53 54 50 49 47 43 48 45 41
基隆
PM10
01/23 37 38 33 36 45 52 60 52 55 61 63 64 68 1000# 69 64 65 59 57 58 54 53 55 57
基隆
PM10
01/24 59 58 57 53 52 50 54 55 52 51 1000# 46 47 47 46 48 53 53 52 48 51 53 53 52
基隆
PM10
01/25 39 32 38 36 32 39 43 46 48 44 41 44 39 47 46 43 49 45 39 40 40 39 44 42
基隆
PM10
01/26 43 39 41 29 31 35 31 41 47 52 50 52 62 58 46 37 37 38 35 29 33 30 31 29
基隆
PM10
01/27 35 30 24 30 25 29 28 29 28 27 32 21 20 29 27 25 28 23 29 17 31 24 19 22
基隆
PM10
01/28 15 18 16 15 12 11 15 19 32 28 23 26 22 25 23 21 17 26 21 29 22 21 27 22
基隆
PM10
01/29 31 25 26 19 14 20 19 24 22 29 1000# 34 25 25 29 24 33 28 29 23 27 24 23 23
基隆
PM10
01/30 30 21 17 20 18 18 22 24 31 25 41 38 46 61 71 50 60 63 58 58 57 52 50 50
基隆
PM10
01/31 47 37 37 40 42 31 30 29 31 43 49 78 81 56 65 41 70 50 40 40 35 37 35 31
基隆
PM10
監測年月：2019/02， 測站：基隆， 測項：PM10（μg/m3）
基隆
PM10
日期 00 01 02 03 04 05 06 07 08 09 10 11 12 13 14 15 16 17 18 19 20 21 22 23
基隆
PM10
02/01 39 34 32 32 37 27 36 39 42 39 40 37 42 46 46 51 51 48 44 40 37 37 37 31
基隆
PM10
02/02 32 29 21 28 25 28 28 28 31 15 21 25 18 15 17 15 16 20 35 46 61 58 15* 17
基隆
PM10
02/03 70 51 56 56 51 58 52 54 50 45 46 38 1000# 49 38 47 46 38 41 40 42 42 48 43
基隆
PM10
02/04 57 42 53 57 31 21 18 18 31 31 38 37 36 36 45 51 56 61 56 53 45 43 39 37
基隆
PM10
02/05 62 29 25 18 17 23 28 39 40 54 65 72 75 85 72 60 57 63 67 73 77 68 66 71
基隆
PM10
02/06 70 77 65 49 48 39 40 46 76 69 71 60 49 34 37 37 34 35 44 48 64 64 63 65
基隆
PM10
02/07 67 58 52 46 51 59 44 41 54 63 44 40 34 68 57 60 61 59 56 51 35 37 36 30
基隆
PM10
02/08 26 24 23 32 42 46 43 39 34 28 19 21 21 21 23 21 29 22 18 24 28 23 26 19
基隆
PM10
02/09 11 18 20 21 18 28 24 20 22 25 22 21 18 10 11 10 12 11 13 10 9 13 12 11
基隆
PM10
02/10 10 11 8 11 11 7 8 9 8 8 12 8 7 13 11 12 10 11 10 10 7 13 15 9
基隆
PM10
02/11 20 9 9 10 9 6 5 8 9 14 12 14 19 15 16 17 15 12 10 10 12 13 14 9
基隆
PM10
02/12 8 9 10 6 9 9 11 9 6 14 11 11 13 15 22 32 36 30 26 31 36 45 45 48
基隆
PM10
02/13 53 44 42 27 25 17 21 19 20 20 24 19 18 18 25 27 29 29 27 24 25 26 21 23
基隆
PM10
02/14 29 24 25 27 26 27 10 16 20 31 33 51 39 1000# 32 31 31 23 26 18 20 25 17 11
基隆
PM10
02/15 20 19 16 18 16 21 28 30 33 33 53 48 46 41 41 44 50 70 56 56 45 32 32 31
基隆
PM10
02/16 23 23 20 25 21 11 19 19 19 19 16 21 13 9 14 21 17 16 9 10 15 12 9 9
基隆
PM10
02/17 10 9 8 7 7 15 17 12 12 12 17 19 14 15 12 14 15 13 9 13 12 15 11 13
基隆
PM10
02/18 17 11 10 12 9 9 14 11 15 21 27 11 17 18 22 15 20 16 21 24 29 35 29 32
基隆
PM10
02/19 27 33 20 20 13 16 10 19 27 32 27 21 21 1000# 21 22 33 35 41 28 26 23 40 26
基隆
PM10
02/20 24 26 25 25 27 31 26 46 40 57 32 41 38 29 37 49 65 62 61 62 64 50 40 68
基隆
PM10
02/21 54 36 29 24 16 12 17 25 21 28 26 21 14 18 21 34 32 26 25 18 19 21 31 26
基隆
PM10
02/22 34 27 27 19 18 17 9 11 14 8 14 13 12 12 12 14 10 13 17 18 21 27 27 33
基隆
PM10
02/23 34 32 36 31 29 33 30 34 36 37 33 36 26 22 23 31 29 25 21 22 22 27 24 25
基隆
PM10
02/24 22 23 19 18 14 13 15 6 21 20 21 27 20 20 17 25 28 22 21 19 21 19 17 22
基隆
PM10
02/25 22 17 14 19 20 14 24 23 23 23 24 31 30 26 24 43 37 33 35 36 32 29 34 36
基隆
PM10
02/26 35 29 35 34 32 33 38 31 33 32 32 26 1000# 44 42 44 38 35 34 33 30 32 32 32
基隆
PM10
02/27 28 23 27 30 43 37 41 41 46 59 79 72 73 89 90 87 80 72 59 53 46 51 53 47
基隆
PM10
02/28 69 54 47 33 27 21 20 25 28 29 23 23 16 23 28 29 23 28 30 23 28 29 32 21
基隆
PM10
監測年月：2019/03， 測站：基隆， 測項：PM10（μg/m3）
基隆
PM10
日期 00 01 02 03 04 05 06 07 08 09 10 11 12 13 14 15 16 17 18 19 20 21 22 23
基隆
PM10
03/01 28 21 22 20 17 25 32 30 31 27 36 33 36 36 38 38 32 30 30 32 43 42 32 35
基隆
PM10
03/02 33 29 32 30 32 39 37 36 85 75 60 71 99 139 145 108 97 116 96 88 90 96 104 88
基隆
PM10
03/03 74 67 74 74 75 72 80 57 46 33 42 29 15 12 9 11 15 16 13 18 25 24 19 16
基隆
PM10
03/04 28 16 22 22 16 21 24 21 28 21 25 27 31 27 25 34 31 36 34 33 39 42 46 42
基隆
PM10
03/05 52 59 67 62 61 62 48 43 38 36 33 27 29 1000# 23 17 16 46 68 36 24 21 21 25
基隆
PM10
03/06 19 17 21 17 18 17 16 15 20 24 24 22 15 17 21 26 27 34 32 25 22 22 22 19
基隆
PM10
03/07 24 18 23 26 29 28 32 34 42 77 79 61 62 98 127 97 87 74 60 59 50 48 51 48
基隆
PM10
03/08 49 34 32 23 20 19 18 19 17 15 16 1000# 16 17 21 14 12 14 13 10 12 14 12 9
基隆
PM10
03/09 12 15 15 15 15 18 13 18 18 16 12 15 15 14 18 13 16 18 19 21 20 19 19 19
基隆
PM10
03/10 16 9 13 14 10 14 16 16 14 19 12 15 21 13 18 25 24 27 26 35 32 44 55 60
基隆
PM10
03/11 60 59 44 39 32 40 37 42 41 29 35 29 36 36 36 35 33 38 30 37 34 30 35 30
基隆
PM10
03/12 32 32 35 31 35 31 34 46 59 56 52 52 48 48 49 48 52 48 50 54 45 47 42 42
基隆
PM10
03/13 44 35 40 38 36 35 43 46 47 45 51 49 57 56 57 1000# 41 39 38 46 41 44 47 46
基隆
PM10
03/14 46 46 45 46 44 47 45 42 45 42 43 57 66 72 76 69 56 47 42 48 42 41 45 33
基隆
PM10
03/15 30 25 17 18 17 23 16 52 21 22 27 29 28 34 31 39 36 33 38 36 35 28 32 29
基隆
PM10
03/16 27 21 20 31 38 35 39 43 40 38 41 42 45 46 55 51 43 34 32 34 42 39 40 34
基隆
PM10
03/17 32 32 29 22 21 20 27 32 31 27 21 16 17 21 27 20 21 16 18 23 21 20 26 21
基隆
PM10
03/18 24 20 20 21 29 30 30 20 33 37 43 58 62 52 39 44 41 56 43 47 41 38 34 33
基隆
PM10
03/19 30 30 33 36 31 23 28 26 27 18 24 27 30 29 28 37 33 32 32 30 20 20 16 21
基隆
PM10
03/20 18 18 21 17 19 16 14 25 19 23 31 30 55 50 39 63 60 52 54 54 52 48 59 61
基隆
PM10
03/21 64 57 56 50 46 60 62 55 51 44 53 52 56 53 52 51 58 57 55 57 48 55 42 38
基隆
PM10
03/22 37 40 46 50 58 49 50 49 55 50 40 1000# 40 41 38 26 23 29 25 25 25 25 23 24
基隆
PM10
03/23 29 21 13 17 24 28 26 22 27 21 20 29 25 34 39 29 29 30 35 34 41 37 39 33
基隆
PM10
03/24 31 31 32 28 30 31 26 33 29 24 28 30 36 30 23 34 25 28 24 24 23 23 22 22
基隆
PM10
03/25 25 28 21 23 18 18 17 15 22 27 30 28 24 16 20 18 23 21 20 25 25 22 21 20
基隆
PM10
03/26 15 13 16 17 22 19 28 30 29 32 25 24 21 1000# 31 29 36 36 38 35 28 32 32 26
基隆
PM10
03/27 22 24 25 21 23 21 29 23 32 33 29 47 45 51 50 46 49 52 46 48 45 44 48 59
基隆
PM10
03/28 60 43 52 60 63 65 68 77 64 45 37 34 28 37 33 37 34 42 37 30 33 29 26 30
基隆
PM10
03/29 29 26 29 31 34 35 34 44 48 43 46 41 35 47 44 45 49 44 42 40 40 33 28 28
基隆
PM10
03/30 21 20 18 23 18 18 23 24 18 33 33 36 34 33 31 35 29 25 25 32 35 33 40 42
基隆
PM10
03/31 52 47 53 60 59 63 80 88 88 81 86 82 68 64 57 54 52 47 28 37 41 38 32 30
基隆
PM10
監測年月：2019/04， 測站：基隆， 測項：PM10（μg/m3）
基隆
PM10
日期 00 01 02 03 04 05 06 07 08 09 10 11 12 13 14 15 16 17 18 19 20 21 22 23
基隆
PM10
04/01 26 24 25 29 28 21 7 15 14 21 23 18 23 27 1000# 28 37 41 41 39 45 47 49 44
基隆
PM10
04/02 45 45 47 33 30 23 31 23 23 34 29 14 10 17 20 13 22 23 17 26 29 28 22 22
基隆
PM10
04/03 24 44 55 69 35 17 20 28 34 36 34 38 37 34 27 32 38 38 47 47 42 44 35 24
基隆
PM10
04/04 26 32 23 16 16 17 16 18 22 20 18 14 14 17 22 27 34 24 25 36 31 29 32 27
基隆
PM10
04/05 30 33 32 29 29 29 21 22 24 20 25 18 22 15 14 15 13 10 15 14 16 12 15 16
基隆
PM10
04/06 17 5 7 17 14 13 20 13 22 20 24 27 24 25 27 30 25 29 27 32 40 35 35 38
基隆
PM10
04/07 47 42 49 43 44 56 55 78 59 61 58 62 62 50 54 51 54 60 61 59 55 56 47 50
基隆
PM10
04/08 46 52 47 43 40 43 50 56 49 52 41 43 1000# 42 47 45 25 32 22 31 27 29 25 33
基隆
PM10
04/09 25 25 25 24 31 50 48 55 61 62 58 66 62 62 60 56 59 52 56 56 59 63 60 56
基隆
PM10
04/10 48 43 38 44 34 36 43 40 44 47 50 43 49 57 43 1000# 33 33 32 23 25 14 11 10
基隆
PM10
04/11 12 10 10 8 10 9 16 16 17 20 12 9 14 23 21 10 12 17 14 10 9 12 11 10
基隆
PM10
04/12 15 15 20 30 21 29 26 27 36 NA NA 1000* 29A 35 30 29 39 31 27 34 33 34 27 25
基隆
PM10
04/13 20 16 10 12 13 14 18 24 17 21 22 27 22 21 17 24 35 30 39 36 35 33 34 35
基隆
PM10
04/14 26 27 15 17 17 15 15 22 21 16 14 14 13 11 17 18 15 19 22 17 31 61 60 43
基隆
PM10
04/15 35 41 49 52 46 52 55 55 47 41 43 51 50 44 42 45 39 42 33 27 31 24 29 23
基隆
PM10
04/16 25 30 23 25 27 19 13 16 15 15 19 15 17 19 22 28 34 44 52 48 37 33 36 34
基隆
PM10
04/17 27 32 22 28 25 28 35 28 23 17 21 19 23 25 1000# 18 26 31 31 28 38 33 34 43
基隆
PM10
04/18 37 29 30 28 29 25 37 34 42 42 38 30 33 31 NA 1000# 46 32 38 33 35 29 31 33
基隆
PM10
04/19 22 23 32 29 27 34 27 31 37 34 31 39 43 50 56 61 54 50 52 53 60 55 46 43
基隆
PM10
04/20 43 55 61 57 53 46 51 61 55 36 32 25 19 20 23 19 18 17 23 34 29 27 25 26
基隆
PM10
04/21 26 30 26 24 11 9 9 15 12 14 12 15 12 18 15 24 18 18 21 28 23 28 27 33
基隆
PM10
04/22 29 30 29 27 27 29 31 32 23 26 29 22 20 20 15 18 17 32 31 37 42 27 26 34
基隆
PM10
04/23 30 28 27 29 34 33 33 47 47 37 41 39 42 37 33 31 31 39 44 53 49 47 50 46
基隆
PM10
04/24 39 33 35 32 39 35 40 41 49 47 51 43 40 42 42 37 37 35 47 47 48 42 39 44
基隆
PM10
04/25 38 42 35 39 32 35 46 58 51 51 56 48 37 1000# 35 34 44 48 56 52 44 40 29 20
基隆
PM10
04/26 15 23 21 19 11 11 15 15 15 8 15 13 11 9 21 26 23 32 34 35 39 36 40 31
基隆
PM10
04/27 37 41 40 36 38 33 41 45 39 38 41 42 42 35 31 28 30 29 28 26 24 24 21 23
基隆
PM10
04/28 26 23 23 21 16 21 25 19 19 21 33 57 47 44 42 31 36 39 49 48 42 38 32 29
基隆
PM10
04/29 26 28 27 28 33 38 42 42 37 33 50 20 21 20 1000# 25 35 31 30 36 36 35 36 34
基隆
PM10
04/30 39 38 39 40 41 39 44 47 50 40 37 30 32 31 40 40 37 38 32 47 44 33 33 29
基隆
PM10
監測年月：2019/05， 測站：基隆， 測項：PM10（μg/m3）
基隆
PM10
日期 00 01 02 03 04 05 06 07 08 09 10 11 12 13 14 15 16 17 18 19 20 21 22 23
基隆
PM10
05/01 28 29 24 25 13 10 10 15 8 9 7 15 14 11 13 21 21 29 24 32 34 38 32 41
基隆
PM10
05/02 45 39 53 53 89 118 150 120 89 71 56 48 50 36 44 49 46 53 48 43 40 32 29 30
基隆
PM10
05/03 20 24 24 26 24 30 49 55 50 54 47 43 32 38 73 63 45 42 39 34 23 29 27 32
基隆
PM10
05/04 33 31 26 29 31 29 23 26 32 26 25 26 24 29 23 22 27 24 25 23 29 25 29 23
基隆
PM10
05/05 23 19 27 22 21 25 30 27 26 28 27 30 26 23 24 27 25 24 28 28 33 33 29 27
基隆
PM10
05/06 29 24 18 21 20 15 22 17 22 18 22 19 18 25 15 22 21 27 24 37 35 31 28 30
基隆
PM10
05/07 22 29 32 38 29 20 24 17 14 17 20 29 31 31 31 32 31 37 34 26 27 24 19 19
基隆
PM10
05/08 13 13 21 20 18 18 18 19 20 20 1x 10 14 11 7 16 13 11 10 13 12 17 8 10
基隆
PM10
05/09 17 13 13 9 9 11 12 10 9 8 9 10 9 7 12 23 18 22 13 10 8 11 14 21
基隆
PM10
05/10 18 16 21 16 20 19 15 8 9 18 19 21 19 17 15 1000# 14 27 24 16 24 25 25 15
基隆
PM10
05/11 20 15 21 20 16 15 14 22 16 23 24 21 24 31 37 34 35 33 33 22 25 19 21 32
基隆
PM10
05/12 29 27 27 32 27 24 26 33 23 21 23 16 19 23 26 27 27 31 24 4 11 11 17 11
基隆
PM10
05/13 7 10 9 7 10 12 16 16 9 16 10 23 22 21 19 16 11 28 53 49 35 34 29 34
基隆
PM10
05/14 33 29 36 44 40 46 52 50 46 36 41 47 38 36 1000# 35 44 44 44 55 47 30 32 41
基隆
PM10
05/15 38 37 40 40 31 32 32 21 32 25 22 21 24 26 22 20 25 32 31 31 33 40 28 29
基隆
PM10
05/16 34 31 28 33 36 34 34 38 42 31 27 36 34 31 36 32 37 34 32 33 35 25 26 28
基隆
PM10
05/17 33 37 34 33 30 18 17 21 17 25 19 16 11 13 10 6 15 17 10 24 21 26 23 41
基隆
PM10
05/18 32 33 34 19 26 30 28 22 20 26 24 22 19 32 28 41 29 31 34 33 33 40 37 38
基隆
PM10
05/19 36 32 30 24 25 26 25 27 21 21 22 30 13 18 23 34 32 24 31 31 36 39 36 32
基隆
PM10
05/20 34 28 32 32 28 30 25 10 14 8 15 42 54 27 1000# 38 24 28 27 29 35 31 59 60
基隆
PM10
05/21 77 67 67 73 72 72 75 69 75 72 74 67 66 53 49 49 50 45 51 42 39 44 39 35
基隆
PM10
05/22 30 33 30 30 24 28 38 39 37 34 40 1000# 37 32 40 39 37 33 37 32 40 30 29 34
基隆
PM10
05/23 29 25 27 30 28 27 27 31 20 16 14 11 7 11 14 12 7 18 22 25 23 26 22 19
基隆
PM10
05/24 14 13 22 24 23 14 22 24 23 27 NA 23 32 34 39 28 34 34 31 34 29 29 27 31
基隆
PM10
05/25 30 25 25 29 30 26 26 23 23 23 23 24 47 36 45 44 48 42 35 43 36 40 34 53
基隆
PM10
05/26 27 29 32 35 32 31 37 32 36 32 28 36 32 32 34 38 36 39 37 25 32 24 30 33
基隆
PM10
05/27 28 27 25 25 27 30 24 32 37 39 37 1000# 32 38 33 24 27 29 32 35 25 24 29 29
基隆
PM10
05/28 28 27 30 27 34 31 30 26 18 17 19 12 23 27 29 31 34 40 41 37 33 32 38 32
基隆
PM10
05/29 32 34 32 36 27 32 33 35 35 31 32 26 25 26 22 16 27 17 18 21 18 20 19 18
基隆
PM10
05/30 17 20 15 17 18 19 23 32 31 29 26 25 28 25 22 22 21 27 17 17 20 21 22 19
基隆
SO2
01/01 0.3 1.1 1.1 1.1 1.1 1.1 1.1 1.1 1.1 1.1 1.1 1.1 1.1 1.1 1.1 1.1 1.1 1.1 1.1 1.1 1.2 1.1 1.1 1.1
基隆
SO2
01/02 1.2 1.5 1.4 1.5 1.4 1.4 1.5 1.5 1.5 1.5 1.5 1.5 1.6 1.5 1.5 1.5 1.5 1.5 1.5 1.5 1.4 1.4 1.5 1.5
基隆
SO2
01/03 1.4 0.5 0.4 0.4 0.5 0.5 0.5 0.5 0.5 0.6 0.6 0.5 0.5 0.6 0.5 0.6 0.5 0.6 0.6 0.6 0.6 0.6 0.5 0.6
基隆
SO2
01/04 0.6 1.1 1 1 1.2 1.1 1.7 3.1 4 2.7 1.8 1.5# 1.3 1.2 3.7 3.7 4.2 2.7 3.3 3.3 3.7 3.9 3.6 4
基隆
SO2
01/05 3.6 5.3 4.3 3 2.5 2.2 1.9 3.8 3.9 2.8 2.5 3.7 3.1 2.2 1.5 1.4 1.4 1.4 1.3 1.3 1.4 1.3 1.6 2
基隆
SO2
01/06 1.9 1.6 1.7 1.7 2.1 1.8 1.4 3.1 2.2 1.6 1.5 1.4 1.5 1.4 1.3 1.4 1.4 1.4 1.4 1.4 1.3 1.4 1.4 1.3
基隆
SO2
01/07 1.2 1.4 1.3 1.2 1.4 1.4 1.2 1.5 1.5 1.6 1.8 1.7 1.5 1.5 1.4 1.6 1.5 1.6 2 2.5 3.4 3.2 3.4 3.2
基隆
SO2
01/08 1.6 1.3 2 2.3 3.8 2.2 0.8 0.5 0.3 0.3 0.2 0.2 0.2 0.3# 0.2 0.3 0.4 1.6 1.6 1.6 1.6 1.6 1.5 1.5
基隆
SO2
01/09 0.9 0.7 0.7 0.7 0.7 0.7 0.8 0.8 0.8 0.8 0.7 0.9 0.9 0.4# 0.9# 0.6 0.8 0.9 0.7 0.9 0.8 0.8 0.8 0.8
基隆
SO2
01/10 1 2.2 2.5 2.5 2.5 2.5 2.6 3.7 5.2 2.7A 2.5 2.6 3.5 2 1.8 1.7 2.9 2.3 2.3 2.3 2.6 2.6 2.7 2.8
基隆
SO2
01/11 2.6 1.7 1.5 1.4 1.6 1.5 1.9 3.7 4.1 3.7 2.6 3.1 3 2.6 2.1 2.5 2.3 1.6 3.3 1.6 1.6 1.5 2.6 3.3
基隆
SO2
01/12 2.7 1.8 1.7 2 1.3 1.4 1.4 1.6 1.2 1.3 2.2 3.4 2.7 1.1 1 0.9 0.9 1 0.9 0.9 0.9 0.8 0.9 0.9
基隆
SO2
01/13 1.1 1.4 1.4 1.4 1.3 1.7 1.4 1.4 1.5 1.5 1.5 1.3 1.4A 1.4A 1.3A 1.3 1.2 1.3 1.2 1.3 1.2 1.2 1.3 1.2
基隆
SO2
01/14 1.3 1 1 1 1 1 1 1.1 1.5 1.5 1.3 1.3# 1.3 1.3 1.2 1.3 1.2 1.5 1.5 1.4 1.4 1.4 1.5 1.4
基隆
SO2
01/15 1.4 1.2 1.1 1 1.1 1.3 1.4 2 2.1 2.8 2.1 1.8 1.6 2.9 4.7 2.7 1.6 1.2 1 1.1 1 1.1 0.9 0.9
基隆
SO2
01/16 0.9 1.1 1.1 1.1 1.1 1.1 1.1 1.1 1.1 1.1 1.1 1.1 1.2 1.1 1.2 1.2 1.2 1.1 1 1.1 1.1 1 1 1
基隆
SO2
01/17 1.1 1.2 1.1 1.2 1.2 1.2 1.2 1.2 1.1 1.3 1.3 1.2 1.3 1.3 1.2 1.3 1.2 1.3 1.3 1.4 1.5 1.4 1.4 1.4
基隆
SO2
01/18 1.5 1.3 1.2 1.2 1.1 1 1.1 1.1 1 1 1.1 1.2 1 1.1 1.1 1.1 1.1 1 1.1 1.2 1.2 1.1 1.1 1.1
基隆
SO2
01/19 1 1.1 1 0.9 1 1.1 2 3.1 2.6 2.3 3.4 3.2 2.8 2.7 3.2 2.4 2.3 2.1 1.8 1.8 1.6 1.6 1.7 1.7
基隆
SO2
01/20 1.3 1.6 1.4 1.1 1 1.1 0.9 1.6 3.1 2.6 1.3 1 0.7 0.7 0.8 0.7 0.7 0.6 0.5 0.5 0.5 0.4 0.4 0.3
基隆
SO2
01/21 0.8 1.1 1 0.8 0.9 0.9 0.8 0.9 0.8 0.9 0.8 1 1.1 0.9 0.9 1 1 0.9 1 1 0.9 0.8 0.9 0.9
基隆
SO2
01/22 0.9 1.1 1.1 1.1 1.1 1.2 1.3 1.4 1.6 1.9 2.1 2.5 2.8 2.7 3.1 3.2 2.8 2.6 2.5 2.2 2.1 2.1 2 1.7
基隆
SO2
01/23 1.6 1.3 1.2 1.5 1.7 1.9 2 2.4 2.1 2 1.9 2# 1.9 1.8 1.5 1.9# 1.8 1.5 1.4 1.3 1.3 1.2 1.3A 1.2A
基隆
SO2
01/24 1.3A 1.2 1.3 1.4 1.4 1.5 1.5 1.5 1.6 1.7# 1.7 1.6 1.6# 1.5 1.5 1.5 1.5 1.7 1.5 1.6 1.6 1.5 1.6 1.4
基隆
SO2
01/25 1.1 1.1 1.1 1.1 1.1 1.1 1.3 1.5 1.9 1.7 1.4 1.3 1.3 1.2 1.2 1.2 1.1 1.3 1.3 1.2 1.1 1.1 1.2 1.2
基隆
SO2
01/26 1.5 1.2 1.2 1 1 1 1 1 0.9 1 1 1.1 1.1 1 0.9 0.9 0.9 0.8 0.8 0.8 0.8 0.7 0.7 0.7
基隆
SO2
01/27 0.9 1.2 1.1 1.1 1.1 1.1 1.1 1.2 1.1 1.2 1.2 1.2 1.2 1.3 1.2 1.3 1.3 1.4 1.3 1.4 1.3 1.3 1.3 1.4
基隆
SO2
01/28 1.1 1 1 1 1 1 1.6 2.1 3 2.2 1.8 1.5 1.4 1.3 1.3 1.1 1.3 1.2 1.3 1.4 1.4 1.6 1.5 1.5
基隆
SO2
01/29 1.3 1.5 1.3 1.3 1.2 1.2 1.4 1.6 1.7 1.6 1.6 1.5 1.6 1.6 1.6 1.6 1.6 1.5 1.7 1.8 1.8 1.9 1.7 1.7
基隆
SO2
01/30 1.8 1.4 1.3 1.3 1.3 1.3 1.6 2.1 2.3 1.9 4 4 4 5.3 4.9 4.5 4.2 3.8 2.7 2.6 2.9 2.9 3 3.1
基隆
SO2
01/31 1.9 1.9 1.9 2.3 2.2 1.9 1.6 1.9 1.8 2.6 3.4 4.6 4.3 4.9 5.6 2.3 3 1.7 0.9 0.9 0.8 0.9 0.8 0.8
基隆
SO2
監測年月：2019/02， 測站：基隆， 測項：SO2（ppb）
基隆
SO2
日期 00 01 02 03 04 05 06 07 08 09 10 11 12 13 14 15 16 17 18 19 20 21 22 23
基隆
SO2
02/01 1.7 1.1 1.1 1.1 1.1 1.1 1.2 1.1 1.1 1.1 1.1 1.2 1.1 1.2 1.1 1.1 1.3 1.4 1.5 1.4 1.2 1.4 1.3 1.2
基隆
SO2
02/02 0.9 1.5 1.4 1.4 1.4 1.5 1.8 2.1 2.4 1.8 1.7 1.6 1.5 1.4 1.3 1.5 1.4 1.5 1.8 3.2 2 2.3 1.7 1.6
基隆
SO2
02/03 2.3 3 2.4 2.2 2 2.1 2.2 2.5 2.3 2.4 3.4 2.5 2.4# 2.9 2.4 3.2 3.8 3.2 2.1 2.2 2.1 1.9 1.9 1.7
基隆
SO2
02/04 1.7 1.7 2.6 1.8 1.1 1.1 1.1 1 1.1 1.1 1.1 1.1 1.1 1.3 1.3 1.3 1.3 1.2 1.4 1.4 1.2 1.2 1.4 1.2
基隆
SO2
02/05 2.5 1.3 1.3 1.3 1.2 1.6 1.7 2.1 3.2 2.4 1.9 1.5 1.7 1.7 1.4 1.2 1.5 2.4 2.5 2.3 1.7 1.7 2.2 2.2
基隆
SO2
02/06 1.8 1.3 1.2 1.1 1.1 1.1 1.1 1.4 1.5 1.7 1.5 1.5 1.5 1.4 1.2 1.1 0.9 0.8 1.1 1.3 2 1.9 2 1.8
基隆
SO2
02/07 1.4 1.6 1.6 1.5 1.7 1.6 1.4 1.5 1.6 1.6 1.4 1.3 1.2 1.5 1.4 1.4 1.2 1.3 0.9 1.7 0.9 0.8 1.2 0.9
基隆
SO2
02/08 1 0.9 0.8 0.9 0.9 0.9 0.9 0.9 1 1 0.9 0.9 0.9 1 1.4 1.1 0.9 0.9 0.8 1 1.1 1.3 1.2 1.5
基隆
SO2
02/09 1.4 1.6 1.7 1.2 1.6 1.5 1.5 1.4 1.6 1.5 1.4 1.3 1.4 1.4 1.8 1.5 1.3 1.2 1.2 1.2 1.2 1.1 1.3 1.2
基隆
SO2
02/10 1.2 1.1 1.3 1.2 1.2 1.2 1.2 1.1 1.3 1.3 1.2 1.6 1.8 2 2.1 1.9 1.9 2 1.9 2.1 1.9 1.4 1.6 1.6
基隆
SO2
02/11 2 1.9 1.5 1.4 1.3 1.3 1.4 1.4 1.4 1.5 1.4 1.4 1.4 1.4 1.3 1.3 1.4 1.3 1.3 1.3 1.3 1.4 1.4 1.3
基隆
SO2
02/12 1.5 1.3 1.3 1.3 1.3 1.2 1.4 1.3 1.5 1.5 1.4 1.4 1.4 1.6 1.7 1.7 1.5 1.7 1.8 1.9 2.1 2.3 1.8 2.1
基隆
SO2
02/13 2.3 2.1 1.8 1.7 1.8 1.9 2.2 1.8 1.8 1.8 1.7 1.6 1.7 1.5 1.7 1.5 1.6 1.4 1.5 1.6 1.5 1.5 1.6 1.8
基隆
SO2
02/14 1.7 2 1.9 1.9 1.8 1.9 2.2 2.3 2 1.9 1.9 2.1 1.7 1.7 1.7 1.6 1.6 1.6 1.7 1.8 1.8 1.7 1.8 1.7
基隆
SO2
02/15 1.9 0.6 0.6 0.6 0.6 0.7 0.8 1.2 1.1 1.9 2.2 2.1 2.2 1.6 1.5 1.3 0.7 0.6 0.6 0.6 0.4 0.5 0.6 0.6
基隆
SO2
02/16 0.6 0.9 0.9 0.8 0.8 0.9 0.9 0.9 0.9 0.9 0.8 0.9 0.9 0.9 0.9 0.9 0.8 0.9 0.8 0.9 0.7 0.8 0.9 0.8
基隆
SO2
02/17 0.7 1.5# 1.6 1.6 1.6 1.6 1.7 1.5 1.6 1.6 1.6 1.7 1.7 1.7 1.6 1.6 1.6 1.5 1.7 1.6 1.6 1.6 1.6 1.6
基隆
SO2
02/18 1.8 1.5 1.5 1.6 1.5 1.7 1.6 1.7 2 2.8 2.8 3.2 2.6 2.2 2.7 2.1 2.1 2.3 2.6 2.2 2.4 2.6 2.2 2.4
基隆
SO2
02/19 1.6 1.4 4.1 1.2 1.1 1.1 1.3 1.3 1.6 2.2 2.4 2.5 2.2 1.6# 2.2 2.2 1.9 1.9 1.7 1.4 1.3 1.2 1.2 1.2
基隆
SO2
02/20 1.4 1.1 1 1.1 1.4 1.5 1.6 1.6 1.5 2.8 2.6 2 1.4 1.8 2 1.8 1.5 1.7 1.9 1.4 1.1 0.9 1 1
基隆
SO2
02/21 1.1 0.9 0.9 0.9 0.9 0.8 1 1 1.1 1.1 1.2 1 1.1 0.9 1 1.2 1.1 1.1 1 1.2 1 0.9 1 0.9
基隆
SO2
02/22 0.7 1 1.1 1.1 1.1 1 1.1 1.1 1.3 1.3 1.3 1.3 1 1 1 1 1.1 1 1 1 0.9 0.9 1 1.1
基隆
SO2
02/23 1.1 1.1 1 1 1 1 1 1.1 1 1 1 1 1 1 1 1 1 1 1.1 1 1 1 1 0.9
基隆
SO2
02/24 0.5 1 0.9 1 0.9 1 1 1 1 1 1 1 1 1 1 1 1 1 1 1.3 1.2 1.2 1.3 1.1
基隆
SO2
02/25 1.3 1.5 1.4 1.5 1.5 1.7 1.7 1.9 1.7 1.7 1.6 1.6 1.5 1.6 1.9 1.7 1.6 1.7 1.6 1.6 1.5 1.6 1.5 1.6
基隆
SO2
02/26 1.7 1.4 1.4 1.5 1.5 1.5 1.7 1.8 1.6 1.6 1.7 1.6 1.6 1.5 1.6 1.6 1.7# 1.7 1.3 1.3 1.4 1.5 1.5 1.4
基隆
SO2
02/27 1.1 1.3 1.3 1.8 3.4 2 3.7 2.9 2.9 2.4 3.3 3 2.6 3.3 1.9 1.5 1.3 1.3 1.5 1.4 1.5 1.9 2.2 2.1
基隆
SO2
02/28 1.7 1.9 1.6 1.2 1.2 0.9 0.9 1.2 0.9 1.1 1.1 0.9 0.8 0.9 0.8 0.8 0.9 0.9 0.9 0.8 0.8 0.7 0.9 0.9
基隆
SO2
監測年月：2019/03， 測站：基隆， 測項：SO2（ppb）
基隆
SO2
日期 00 01 02 03 04 05 06 07 08 09 10 11 12 13 14 15 16 17 18 19 20 21 22 23
基隆
SO2
03/01 1.7 0.8 0.7 0.7 0.7 0.8 0.8 0.8 0.8 0.8 0.9 0.8 0.9 0.9 0.8 1 0.9 0.9 0.8 0.8 0.8 0.9 0.8 0.8
基隆
SO2
03/02 0.6 1 1 1 1 1.1 1.1 1.4 1.2 1.3 1.1 7.4 1.9 1.1 1.8 1.4 1.4 1.6 1.8 1.5 2.2 1.9 1.6 2.2
基隆
SO2
03/03 1.9 1.7 2.7 2.1 1.2 1.4 1.6 2 1.5 1.3 1.4 1.4 1.4 2 1.3 1.3 1.3 1.4 1.4 2.4 2.6 1.7 3.3 2.4
基隆
SO2
03/04 1.5 1.2 1.1 1.5 1.4 1.1 1.1 1.2 1.2 1.1 1.1 1.2 1.1# 1.1 1.1 1 1.1 1.1 1.1 1.1 1.2 1.2 1.1 1.1
基隆
SO2
03/05 1.3 1.9 1.8 1.7 1.8 1.7 1.8 2 1.9 1.9 1.7 1.7 1.7 1.8# 1.6 1.7 1.7 2.2 2 1.8 2 2.4 2.9 2.6
基隆
SO2
03/06 1.8 2.5 2.2 2.4 3.1 2.4 2.1 1.9 2.1 2 1.4 1.7 2 1.4 1.5 1.2 1.3 1.2 1.2 1.1 1.1 1.2 1.1 1
基隆
SO2
03/07 1 1 1 1 1 1.1 1.1 1.3 1.2 1.3 1.3 1.5 1.4 1.5 1.3 1.2 1.4 1.3 1.2 1.1 1.1 1.1 1.1 1.2
基隆
SO2
03/08 1.3 0.8 0.6 0.7 0.5 0.6 0.6 0.7 0.7 0.7 0.7 0.7 0.8# 0.7 0.7 0.7 0.6 0.7 0.6 0.7 0.8 1.1 1.2 1
基隆
SO2
03/09 0.9 1.2 1.3 1.3 1.5 1.5 1.4 1.8 1.9 1.9 1.8 2.8 3.4 2.6 2 1.6 1.6 1.8 5.5 2.1 1.7 1.6 1.4 1.7
基隆
SO2
03/10 2 1.9 1.4 1.3 1.3 1.3 1.3 1.4 1.4 1.4 1.2 1.2 1.3 1.9 2.7 1.8 1.3 1.5 1.4 1.5 1.4 1.5 1.5 1.5
基隆
SO2
03/11 1.6 1.5 1.5 1.5 1.4 1.4 1.5 1.6 1.6 1.5 1.5 1.5 1.5 1.5 1.5 1.6 1.7 1.6 1.7 1.9 2.1 1.9 1.8 1.8
基隆
SO2
03/12 1.7 1.3 1.3 1.3 1.2 1.3 1.6 3.7 3.7 2.5 2.1 1.8 1.6 1.7 1.8 1.8 1.8 1.9 1.7 1.6 1.4 1.6 1.5 1.4
基隆
SO2
03/13 1.5 1.2 1.3 1.2 1.2 1.3 1.6 1.7 1.5 1.3 1.4 1.4 1.3 1.3 1.2 1.3 1.1 1.1 1.1 1.1 1.1 1.2 1.3 1.2
基隆
SO2
03/14 1.1 1.1 1.3 1.2 1 1.2 1 1.2 1.1 1.3 1.2 2.1 2.4 2.3 3.1 2.6 1.6 3.5 1.9 1.6 1.2 1.1 1.1 0.9
基隆
SO2
03/15 1.1 1.2 1.2 1.1 1.3 1.1 1.2 1.5 1.4 1.5 1.4 1.4 1.5 1.7 1.9 1.9 1.9 1.6 1.6 1.6 1.5 1.7 1.5 1.4
基隆
SO2
03/16 1.3 1.4 1.4 1.9 1.9 1.8 1.9 2.1 2 1.8 1.7 1.7 1.7 1.8 1.8 1.8 1.7 1.7 1.5 1.8 1.7 1.4 1.3 1.2
基隆
SO2
03/17 1.3 1.3 1.2 1.2 1.1 1.1 1.3 1.8 1.9 1.9 1.5 1.3 1.3 1.2 1.2 1.2 1.2 1.1 1.2 1.1 1.1 1.2 2.1 1.2
基隆
SO2
03/18 1.3 1.4 1.5 1.5 1.7 1.5 1.4 2 2.8 2.9 2.6 3.1 2.9 2.5 1.7 2.7 1.9 1.9 1.9 1.7 1.5 1.2 1.4 1.5
基隆
SO2
03/19 1.2 1.3 1.3 1.2 1 0.8 1 0.9 1 1.4 1.4 1.8 1.2 1 1 1 0.9 1 1 1 0.9 0.8 0.8 0.9
基隆
SO2
03/20 0.6 1.4 1.4 1.5 1.4 1.4 1.5 2.2 2 2.2 4.8 4.7 4 2.6 2.5 2.7 2.9 2.5 2.1 2.6 2.6 2.1 2.3 2
基隆
SO2
03/21 1.6 0.9 0.9 0.9 1 1.1 1.4 1.3 1.3 1 0.9 1.4 3.5 2.1 1.4 1.5 1.2 1.1 0.9 0.9 0.9 0.8 0.9 0.7
基隆
SO2
03/22 1.8 2.7 2 1.5 1.4 1.4 1.4 1.4 1.4 1.4 1.5 1.4# 1.3 1.3 1.4 1.3 1.3 1.2 1.3 1.3 1.3 1.2 1.3 1.1
基隆
SO2
03/23 1.3 1.1 1.2 1.1 1.1 1.1 1.1 1.1 1.1 1.1 1.3 1.3 1.2 1.2 1.1 1.1 1.2 1.2 1 1.3 1.1 1.2 1.1 1
基隆
SO2
03/24 1.1 1.3 1.4 1.3 1.4 1.5 1.4 1.5 1.6 1.5 1.6 1.7 1.8 1.8 1.7 1.6 1.7 1.8 1.7 1.8 1.9 2.4 2.1 2.2
基隆
SO2
03/25 1.8 1 0.7 0.7 0.9 1.7 1.6 1.8 2 1.3 2 2.2# 2.2 3.8 1.1 2.2 1.8 0.8 1.5 1.1 1.5 1.3 0.4 0.2
基隆
SO2
03/26 0.6 1 1 1 1 0.8 1.2 1.1 1.1 1.1 1 1 0.9 1.1 1.1 1.1 1.1 1.1 1.1 1.3 1.2 1.4 1.2 1.2
基隆
SO2
03/27 1.2 1.2 1.2 1.3 1.3 1.4 1.6 1.6 2.9 2.6 2.5 2.8 2.1 2.2 2.1 1.8 2.1 3.6 1.7 1.7 2.4 2.3 2.2 3.6
基隆
SO2
03/28 2.9 3.2 3.4 2.8 2.2 1.4 1.3 2.2 1.7 1.9 1.3 1.2 0.9 2.5 5 5.6 3.2 3.2 1.4 1.6 1.2 1 1 1.3
基隆
SO2
03/29 1.5 1.6 1.6 1.9 1.7 1.8 2.2 2.7 2.4 2.4 2.2 1.5 1.4 1.4 1.4 1.4 2.1 2.4 1.6 1.6 1.8 1.2 1.5 1.3
基隆
SO2
03/30 1.8 1.3 1.2 2.9 2.3 2.7 1.9 3 2.2 2.1 2.2 1.9 1.4 1.1 1.2 1.1 1 1.1 1.2 1.1 1.1 1 1.1 1
基隆
SO2
03/31 1 1.2 1.2 1.3 1.2 1.2 1.3 1.4 1.4 1.3 1.5 1.5 1.5 1.6 1.4 1.4 1.3 1 0.9 1 1 1 1 0.9
基隆
SO2
監測年月：2019/04， 測站：基隆， 測項：SO2（ppb）
基隆
SO2
日期 00 01 02 03 04 05 06 07 08 09 10 11 12 13 14 15 16 17 18 19 20 21 22 23
基隆
SO2
04/01 1.3 1.3 1.3 1.3 1.2 1.3 1.2 1.3 1.4 1.3 1.3 1.3 1.4 1.5 1.5# 1.4 1.5 1.4 1.6 1.7 1.8 1.8 1.9 1.7
基隆
SO2
04/02 1.5 1.9 1.8 1.6 1.5 1.7 1.7 2.2 2.3 2.4 2.3 2 1.8 1.8 1.8 1.7 1.9 2.1 2.1 2.7 2.7 3.4 3.5 3.3
基隆
SO2
04/03 2.9 3.9 2.3 2 1.7 1.3 1.3 1.8 2.1 2.3 2.2 2.6 2.2 2.1 1.4 2.5 2.7 2.4 3.5 2.6 2.5 5.3 2.6 1.4
基隆
SO2
04/04 1.4 1.1 1 0.9 0.9 0.9 1 1 1.1 1.5 1.4 1.5 1.6 1.8 2.1 2.9 2.3 1.4 2.6 1.4 1.1 1.3 1.8 1.5
基隆
SO2
04/05 1.2 1.5 1.8 1.5 1.4 2.9 1.5 3.8 1.5 2 1.7 2.2 1.9 1.5 1.3 1.3 1.1 1.1 1.1 1.2 1.2 1.2 1.2 1.1
基隆
SO2
04/06 1.1 1.4 1.4 1.4 1.5 1.5 1.7 2.1 6.5 4 4.8 2.3 2 3.9 2.8 2.3 2.3 2.1 2 2.1 2.1 2 2 1.8
基隆
SO2
04/07 2.5 1.5 2.1 1.3 1.1 3.1 4.8 6 2.2 1.9 1.9 1.7 1.8 2.5 1.5 1.6 1.4 1.6 1.6 1.7 1.3 1.2 1.1 1.2
基隆
SO2
04/08 1.4 2.8 2.4 2.3 2.2 2.4 2.9 4.4 4.5 5.4 4.6 4.4 4.3# 3.7 3.9 3.6 2.4 2.1 2.2 2.2 2.3 2.3 2.6 3.1
基隆
SO2
04/09 3 1.2 1 0.9 1.2 1.7 1.8 2.5 3.2 2.2 2.1 2.9 3.6 2.9 2.7 2.3 1.8 1.5 1.8 1.7 1.7 2.6 1.9 1.4
基隆
SO2
04/10 1.1 1.3 1.3 1.4 1.5 1.6 1.8 2.1 2.5 2.5 2.5# 1.7# 1.6 1.2 1.1 1 1 1# 0.9# 0.8 0.7 0.7 0.7 0.7
基隆
SO2
04/11 1 1.3 1.2 1.3 1.3 1.2 1.4 1.6 1.7 1.7 1.6 1.6# 2.6 3.6 2.5 3.1 1.8 1.7 1.9 1.7 2.5 1.5 1.4 1.3
基隆
SO2
04/12 1.4 0.8 0.8 0.8 0.8 0.8 0.8 0.9 0.9 NA NA 0.3A 1.2 1.2 1.1 1.1 1.2 1.1 1.2 1.3 1.3 1.4 1.3 1.2
基隆
SO2
04/13 1.2 0.6 0.6 0.6 0.4 0.6 0.7 1.5 4 4.1 5.4 6.5 3.1 2.9 0.8 1.9 1.2 1.2 2.1 0.9 0.5 0.6 0.8 0.9
基隆
SO2
04/14 0.8 1.4 0.9 1.8 1.1 0.6 0.5 3.4 3.4# 1.2 1.3 0.8 1.6 0.5 0.2 0.6 2.6 4.6 3.1 2.6 0.1 0.4 0.5 0
基隆
SO2
04/15 -0.2 1 1.1 1 1 0.9 0.8 0.8 1.4# 1.3 1.5 1.4 1.4 1.3 1.2 1.2 1.2 1.2 1.1 1 0.9 0.9 0.9 0.8
基隆
SO2
04/16 0.8 1.5 1.4 1.4 1.5 2.1 2.5 2.7 1.6# 2.6 2.9 2 1.7 1.4 1.6 1.9 1.4 1.5 2.9 2.1 2.5 2.5 2.6 3.8
基隆
SO2
04/17 2 2.6 2.4 2 1.9 1.9 4.4 4.2# 5.9 4.9 2.9 1.3 1.3 1.3# 2.3# 3.3# 2.7 0.9 0.9 0.7 1 1 1.1 1.3
基隆
SO2
04/18 1.3 1.1 1.1 1.1 1.4 1.3 1.8 2.2 3.1 2.9 2.3 1.6 2.3 2.4 2.9 3 2.2 1.1 1.1 1.1 1.2 1.1 1 0.8
基隆
SO2
04/19 1.1 1.6 1.6 1.8 2 1.9 1.9 2.9 4.3 4 2.7 4.1 3.8 4.2 4.4 4.8 5.1 3.2 2.7 3.1 2.9 2 2.3 1.9
基隆
SO2
04/20 3.1 2.3 2.3 2.6 2.3 2.4 3.1 5.6 4.9 3.7 3.4 2.9 2.6 2.3 2.3 2.2 2.2 2.2 2.1 2.2 2.1 2.4 2.5 2.4
基隆
SO2
04/21 1.9 1.9 1.8 2.9 1.9 1.7 2.1 1.8 1.8 2 2.2 2.2 2.3 2.5 2.4 2.5 2.2 2.3 2 1.9 1.7 1.9 2.1 2.1
基隆
SO2
04/22 1.8 1.3 1.1 1.1 1.3 1.1 1.6 1.9 1.4 2.5 2.9 1.8 0.9 0.9 0.8 1.1 1.2# 2.5# 3 2.5 3.9 2.3 3.2 2.4
基隆
SO2
04/23 2.1 1.4 1.2 1.4 4 1.9 5 4 3.6 3.5 3.6 4.1 3.1 2.2 2.2 2.1 2.1 2.3 2.2 4.8 5.6 4.6 4.8 3.1
基隆
SO2
04/24 2.4 1.1 1.1 1.1 0.9 1.1 1.8 4 4.1 3.5 3.8 4.3 3.7 2.7 2 1.6 1.8 1.6 1.4 1.1 1.1 1.3 1.4 1
基隆
SO2
04/25 1.4 1.8 2.1 2 1.6 2.4 4.5 3.8 4.2 4.6 4.1 5.1 4.1 2.7# 2.3 2.4 2.5 2.6 2.7 3 2.5 2.6 2.6 2.2
基隆
SO2
04/26 1.6 1 1 0.9 1 1.1 1.4 1.3 1.1 1.2 1.2 1.3 1.1 1.1 1.2 1.3 1.1 1.2 1.2 1.2 1.3 1.1 1.4 1.1
基隆
SO2
04/27 1.1 1.2 1.1 1.3 1.2 1.2 1.2 1.2 1.2 1.2 1.2 1.3 1.2 1.3 1.2 1.2 1.3 1.3 1.3 1.2 1.4 1.3 1.2 1.4
基隆
SO2
04/28 1.2 0.4 0.5 0.7 0.6 0.8 1.1 2.4 1.9 2 3.8 3 2 2 1.8 3.5 2.7 1.9 1.3 2 1.5 1.4 1.3 0.9
基隆
SO2
04/29 0.4 1.4 1.3 1.3 1.4 1.8 3.1 2.8 3.8 3.5 2.1 1.6 2.1 2 2.6# 3.7 3.8 3.4 3.4 2.6 2 1.9 1.9 2
基隆
SO2
04/30 1.7 2.3 1.8 1.4 1.9 1.5 2.2 2.7 3.1 3.1 2.7 3.1 2.4 2.2 2 1.6 1.5 1.5 1.5 5.3 2.5 1.1 1 1
基隆
SO2
監測年月：2019/05， 測站：基隆， 測項：SO2（ppb）
基隆
SO2
日期 00 01 02 03 04 05 06 07 08 09 10 11 12 13 14 15 16 17 18 19 20 21 22 23
基隆
SO2
05/01 1.7 1.1 1.1 1.1 1.4 1.3 1 1 1.2 1.1 1.2 1.4 1.3 1.4 1.7 1.8 1.2 1.2 1.2 1.2 1.1 1.2 1.1 1
基隆
SO2
05/02 0.7 1.2 1.3 1.3 1.3 1.6 1.8 1.6 1.6 1.7 1.5 1.5 1.5 1.4 1.5 1.4 1.5 1.6 1.4 1.5 1.3 1.4 1.4 1.4
基隆
SO2
05/03 1.5 1.2 1.1 1 1.2 1.1 1.2 1.4 1.5 1.4 1.3 1.1 1.2 1.3 1.5 1.6 1.5 1.4 1.4 1.4 1.5 1.6 1.5 1.4
基隆
SO2
05/04 0.8 1.1 1.2 1.2 1.1 1.1 1.1 1 1.1 1.1 1.1 1.2 0.9 1.1 1.1 1 1 1.2 1.4 1.4 1.5 1.3 1.4 1.3
基隆
SO2
05/05 1.7 1.2 1.2 1.1 1.1 1.3 1.3 1.4 1.2 1.2 1.1 1.3 1.2 1.3 1.3 1.2 1.2 1.2 1.2 1.2 1.1 1.3 1.3 1.1
基隆
SO2
05/06 1 1.4 1.3 1.2 1.4 1.3 1.5 1.6 1.9 1.7 1.8 1.7 1.4 1.4 1.4 1.4 1.4 1.4 1.5 1.6 1.6 1.5 1.4 1.5
基隆
SO2
05/07 1.4 1.3 1.3 1.3 1.3 1.3 1.2 1.2 1.3 1.3 1.3 1.3 1.4 1.3 1.3 1.5 1.6 1.6 1.9 1.7 1.6 1.4 1.3 1.5
基隆
SO2
05/08 1.2 1.1 1.1 1.1 1.1 1.2 1.9 2.2 2.4 2.2 1.6 1.2 1.2 1.2 1.5 1.7 2.1 1.5 1.9 2.1 2.6 2.7 2.1 2.1
基隆
SO2
05/09 1.8 1.2 1.1 1.2 1.5 1.9 1.9 2.2 1.7 1.4 1.3 1.2 1.2 1.2 1.3 1.3 1.3 1.2 1.2 1.1 1.1 1.2 1.2 1.4
基隆
SO2
05/10 0.8 0.8 1 0.9 0.8 0.8 1 0.9 1 1 1 1.1 1 0.9 0.9 1 1 1.1 1.1 1.2 1.3 1.2 1 1
基隆
SO2
05/11 1.3 1.2 1.2 1.2 1.2 1.1 1.3 1.6 1.8 2.2 1.8 1.7 1.5 1.5 1.7 1.6 1.4 1.6 1.4 1.4 1.4 1.4 1.5 1.5
基隆
SO2
05/12 1.1 0.8 0.9 0.9 1.2 1.4 1.4 1.9 0.9 1.1 1.2 1.3 1.5 1.1 1.2 1.2 1.1 0.9 0.7 0.7 0.8 0.7 0.7 1.1
基隆
SO2
05/13 1 1.5 1.3 1.3 2 2.1 3.7 4 2 2.3 2.9 2.9 3 2.6 2 2 2.7 4.1 4.2 2.2 2.1 2.1 2 2.2
基隆
SO2
05/14 2 1.4 1.4 1.8 2.2 3.4 5.4 5.2 4.1 2.9 2.3 1.9 2.2 2# 7.3 3.8 1.4 1.3 1.2 0.9 0.9 0.8 1 1
基隆
SO2
05/15 1.1 1.7 1.6 1.4 1.5 1.5 1.8 1.8 2 2.1 1.8 1.8 2.7 1.8 2.1 1.8 1.8 2.6 2.7 3.1 3.1 2.8 2.7 2.6
基隆
SO2
05/16 4.3 1.7 1.4 1.5 1.4 1.4 1.8 3 3.9 2.9 2.7 5.8 3.2 2.3 2 1.9 2.3 1.9 1.9 1.8 3.2 3.8 1.5 1.5
基隆
SO2
05/17 1.5 1.8 1.7 1.6 1.4 1.5 2.1 1.9 2.2 2.6 2.8 2.7 2.5 1.7 1.4 1.4 1.5 1.8 1.5 1.7 1.8 2 1.9 2
基隆
SO2
05/18 1.5 1.5 1.4 1.2 0.9 1 1.7 2.2 1.8 1.8 1.3 1 1.6 1.1 0.9 1.1 1 1.1 2.9 2 1.5 1.5 1.2 1.5
基隆
SO2
05/19 1.8 0.9 0.6 0.7 0.6 0.6 0.8 1.1 1.3 1.2 0.7 2 0.7 0.8 0.8 1 1.2 2.1 4.3 3.1 2.7 2.8 2.2 1.3
基隆
SO2
05/20 1.1 1.5 3.3 2.1 1.7 1.6 1.8 1.4 1.2 1.5 0.9 0.9 0.9 1.1 1# 0.9 0.6 0.5 0.5 0.3 0.4 0.5 0.5 0.6
基隆
SO2
05/21 1.4 1.1 1.2 1.2 1.3 1.5 1.5 1.7 1.6 1.7 1.8 1.8 1.7 1.5 1.5 1.4 1.6 1.6 1.6 1.5 1.4 1.6 1.4 1.3
基隆
SO2
05/22 1 1.1 1.1 1.1 1 1.2 1.3 1.7 1.8 1.8 1.7 1.6 8.7x 1.3 1.8 1.5 1.4 1.5 1.6 1.6 1.4 1.4 1.4 1.5
基隆
SO2
05/23 1 1.4 1.8 1.8 1.8 1.9 1.8 1.8 1.6 1.2 1.2 1.1 1 1 1 1.1 1.1 1.1# 1.1 2.2 1.7 1.2 1.2 1
基隆
SO2
05/24 1.2 1.3 1.2 1.2 1.3 1.2 1.3 1.4 1.4# 1.4 NA 1.5 1.4 1.4 1.5 1.5 1.6 1.4 1.4 1.5 1.4 1.3 1.4 1.4
基隆
SO2
05/25 1.4 1.5 1.6 1.4 1.7 1.9 1.7 1.5 1.4 1.4 1.4 1.4 1.5# 1.5 0.8 0.8 0.8 0.7 0.7 0.9 0.7 0.7 0.7 0.7
基隆
SO2
05/26 0.9 1.2 1.3 1.2 1.2 1.4 2.5 2.2 1.9 1.6 1.4 1.4 1.4 1.4 1.8 2.3 1.3 1.3 1.3 1.3 1.4 1.3 1.5 1.4
基隆
SO2
05/27 1.4 1.5 1.4 1.6 1.8 2.2 2.7 2.1 3.2 3.9 2.8 2.9# 2.7# 2.9 1.8 1.5 1.8 2 2.1 1.9 2 1.9 2 3.3
基隆
SO2
05/28 2.7 3.8 1.7 1.4 1.2 1.9 2.1 2 1.2 0.9 0.9 0.8 0.7 0.8 0.8 0.7 0.8 0.8 0.9 0.7 0.8 0.8 0.9 0.9
基隆
SO2
05/29 1.3 1.6 1.7 1.7 1.5 1.6 1.7 1.8 1.9 1.8 1.7 1.7 1.5 1.6 1.7 1.8 1.6 1.6 1.6 1.6 1.7 1.7 1.6 1.7
基隆
SO2
05/30 1.5 1.3 1.4 1.3 1.2 1.4 1.8 2.4 1.9 1.6 1.6 1.5 1.5 1.4 1.6 2 2 1.9 1.6 1.7 1.8 1.9 1.9 2.1
基隆
CO
01/01 0.18 0.19 0.18 0.18 0.18* 0.19 0.2 0.22 0.23 0.24 0.24 0.24 0.25 0.25 0.24 0.23 0.23 0.24 0.23 0.22 0.22 0.21 0.21 0.21
基隆
CO
01/02 0.2 0.2 0.19 0.19 0.19 0.22 0.23 0.28 0.27 0.26 0.27 0.28 0.3 0.28 0.28 0.28 0.28 0.3 0.31 0.25 0.24 0.25 0.23 0.24
基隆
CO
01/03 0.23 0.19 0.19 0.21 0.21 0.21 0.26 0.32 0.31 0.31 0.31 0.33 0.32 0.32 0.34 0.34 0.34 0.34 0.35 0.33 0.31 0.31 0.29 0.26
基隆
CO
01/04 0.24 0.26 0.26 0.24 0.21 0.33 0.63 1.59 2.11 0.69 0.27 0.21# 0.25 0.23 0.52 0.57 0.68 0.6 0.62 0.73 0.84 0.89 0.94 0.84
基隆
CO
01/05 0.69 0.42 0.45 0.24 0.23 0.23 0.2 0.25 0.22 0.33 0.46 0.4 0.22 0.27 0.4 0.39 0.37 0.42 0.5 0.54 0.61 0.57 0.4 0.32
基隆
CO
01/06 0.31 0.31 0.32 0.36 0.34 0.31 0.27 0.34 0.43 0.42 0.46 0.45 0.42 0.4 0.38 0.39 0.44 0.47 0.37 0.32 0.29 0.3 0.3 0.27
基隆
CO
01/07 0.23 0.25 0.25 0.26 0.27 0.27 0.3 0.41 0.46 0.66 0.7 0.39 0.36 0.36 0.34 0.35 0.36 0.6 0.82 1.15 1.43 1.23 1.44 1.21
基隆
CO
01/08 0.82 0.65 0.66 0.64 0.76 0.25 0.27 0.28 0.26 0.27 0.24 0.25 0.27 0.27# 0.24 0.24 0.27 0.32 0.28 0.26 0.24 0.25 0.25 0.26
基隆
CO
01/09 0.28# 0.27# 0.27 0.28 0.27 0.28 0.32 0.42 0.35 0.33 0.37 0.41 0.41 0.42# 0.3# 0.31 0.35 0.4 0.43# 0.39 0.42 0.39 0.47 0.53
基隆
CO
01/10 0.55 0.76 0.8 0.73 0.66 0.62 0.6 1.53 2.01 0.71 0.41 0.37 0.34 0.33 0.32 0.31 0.37 0.43 0.76 0.85 0.88 0.84 0.86 0.81
基隆
CO
01/11 0.71 0.72 0.62 0.47 0.44 0.46 0.6 0.91 0.95 0.67 0.32 0.22 0.22 0.22 0.22 0.26 0.25 0.28 0.27 0.26 0.34 0.59 0.75 0.82
基隆
CO
01/12 0.31 0.24 0.24 0.26 0.23 0.23 0.24 0.33 0.34 0.33 0.37 0.32 0.32 0.34 0.36 0.39 0.49 0.57 0.58 0.55 0.53 0.55 0.54 0.59
基隆
CO
01/13 0.57 0.45 0.41 0.41 0.42 0.44 0.47 0.6 0.64 0.6 0.6 0.44 0.52 0.53 0.45 0.42 0.42 0.43 0.45 0.48 0.48 0.44 0.43 0.43
基隆
CO
01/14 0.38 0.35 0.33 0.3 0.3 0.34 0.42 0.65 0.79 0.66 0.44 0.42# 0.39 0.36 0.34 0.38 0.44 0.54 0.79 0.65 0.47 0.55 0.92 0.44
基隆
CO
01/15 0.31 0.28 0.27 0.26 0.34 0.37 0.54 0.88 1.01 0.75 0.52 0.42 0.34 0.33 0.32 0.29 0.3 0.31 0.31 0.3 0.29 0.31 0.28 0.27
基隆
CO
01/16 0.27 0.27 0.34 0.39 0.42 0.42 0.44 0.44 0.38 0.34 0.33 0.37 0.42 0.47 0.48 0.49 0.39 0.33 0.31 0.27 0.27 0.29 0.27 0.26
基隆
CO
01/17 0.26 0.26 0.26 0.27 0.28 0.3 0.3 0.35 0.29 0.32 0.34 0.32 0.33 0.34 0.34 0.33 0.36 0.38 0.35 0.35 0.35 0.35 0.36 0.33
基隆
CO
01/18 0.31 0.29 0.28 0.26 0.24 0.25 0.3 0.34 0.3 0.22 0.22 0.21 0.21 0.2 0.21 0.23 0.23 0.29 0.32 0.5 0.41 0.32 0.32 0.33
基隆
CO
01/19 0.28 0.19 0.19 0.21 0.24 0.37 0.41 0.48 0.43 0.54 0.67 0.3 0.34 0.36 0.3 0.29 0.32 0.34 0.39 0.52 0.66 0.77 0.74 0.81
基隆
CO
01/20 0.66 0.56 0.53 0.46 0.4 0.46 0.48 0.83 0.83 0.5 0.34 0.46 0.5 0.61 0.66 0.57 0.55 0.53 0.5 0.49 0.53 0.53 0.55 0.52
基隆
CO
01/21 0.47 0.38 0.32 0.27 0.26 0.25 0.27 0.27 0.26 0.26 0.25 0.27 0.23 0.21 0.19 0.2 0.21 0.26 0.38 0.24 0.28 0.23 0.26 0.23
基隆
CO
01/22 0.2 0.24 0.25 0.28 0.28 0.33 0.32 0.39 0.42 0.4 0.45 0.41 0.41 0.39 0.39 0.41 0.42 0.43 0.43 0.39 0.37 0.35 0.44 0.42
基隆
CO
01/23 0.36 0.34 0.37 0.32 0.33 0.4 0.64 0.91 0.43 0.39 0.37# 0.38 0.4 0.38 0.38 0.39# 0.4 0.41 0.41 0.41 0.38 0.39 0.37 0.4
基隆
CO
01/24 0.33 0.32 0.31 0.3 0.3 0.33 0.34 0.38 0.36 0.32# 0.31 0.3 0.31 0.29 0.3 0.32 0.35 0.43 0.4 0.37 0.36 0.37 0.44 0.4
基隆
CO
01/25 0.42 0.42 0.37 0.3 0.32 0.36 0.52 0.79 1.22 0.42 0.3 0.29 0.28 0.28 0.28 0.28 0.32 0.39 0.36 0.32 0.3 0.32 0.34 0.31
基隆
CO
01/26 0.3 0.3 0.26 0.21 0.16 0.18 0.18 0.21 0.25 0.3 0.3 0.32 0.35 0.3 0.22 0.19 0.21 0.22 0.2 0.18 0.17 0.17 0.17 0.18
基隆
CO
01/27 0.18 0.16 0.15 0.14 0.14 0.15 0.17 0.18 0.18 0.17 0.21 0.23 0.28 0.23 0.24 0.22 0.24 0.26 0.36 0.42 0.33 0.27 0.33 0.44
基隆
CO
01/28 0.26 0.26 0.21 0.18 0.19 0.21 0.49 0.93 1.51 0.68 0.23 0.18 0.16 0.17 0.17 0.17 0.2 0.41 0.61 0.53 0.58 0.62 0.59 0.31
基隆
CO
01/29 0.19 0.17 0.17 0.16 0.17 0.21 0.31 0.5 0.62 0.47 0.3 0.22 0.21 0.23 0.21 0.22 0.29 0.44 0.57 0.65 0.6 0.78 0.47 0.39
基隆
CO
01/30 0.32 0.22 0.26 0.25 0.21 0.29 0.47 0.9 0.91 0.51 0.39 0.35 0.36 0.38 0.39 0.35 0.38 0.58 0.87 0.95 1.03 1.08 1.23 1.24
基隆
CO
01/31 0.83 0.69 0.77 0.87 0.93 0.65 0.58 0.88 0.65 0.77 0.58 0.66 0.66 0.54 0.51 0.4 0.39 0.38 0.35 0.42 0.46 0.47 0.43 0.38
基隆
CO
監測年月：2019/02， 測站：基隆， 測項：CO（ppm）
基隆
CO
日期 00 01 02 03 04 05 06 07 08 09 10 11 12 13 14 15 16 17 18 19 20 21 22 23
基隆
CO
02/01 0.33 0.29 0.26 0.27 0.29 0.32 0.37 0.41 0.42 0.4 0.42 0.44 0.43 0.43 0.44 0.43 0.56 0.71 0.57 0.48 0.46 0.45 0.44 0.47
基隆
CO
02/02 0.61 0.29 0.28 0.27 0.33 0.47 0.59 0.82 1.17 0.42 0.32 0.33 0.31 0.28 0.26 0.26 0.26 0.33 0.45 0.53 0.52 0.7 0.36 0.44
基隆
CO
02/03 0.44 0.42 0.87 1.09 1.06 1.1 1.01 1.14 0.91 0.79 0.58 0.43 0.66# 0.53 0.41 0.43 0.5 0.47 0.66 0.71 0.81 0.81 0.86 0.76
基隆
CO
02/04 0.78 0.68 0.53 0.69 0.7 0.65 0.62 0.65 0.72 0.68 0.7 0.76 0.79 0.81 0.81 0.82 0.81 0.75 0.71 0.7 0.72 0.64 0.6 0.58
基隆
CO
02/05 0.61 0.47 0.45 0.41 0.39 0.4 0.39 0.39 0.38 0.37 0.34 0.26 0.27 0.22 0.21 0.24 0.24 0.31 0.36 0.4 0.42 0.49 0.36 0.27
基隆
CO
02/06 0.31 0.36 0.36 0.33 0.35 0.37 0.4 0.47 0.35 0.36 0.36 0.36 0.36 0.34 0.34 0.34 0.32 0.42 0.61 0.97 1.11 0.98 0.88 0.82
基隆
CO
02/07 0.99 0.98 0.87 0.71 0.57 0.47 0.57 0.76 0.56 0.44 0.41 0.38 0.34 0.31 0.36 0.38 0.39 0.41 0.39 0.42 0.39 0.4 0.47 0.46
基隆
CO
02/08 0.39 0.28 0.26 0.28 0.28 0.26 0.25 0.28 0.27 0.23 0.22 0.23 0.22 0.18 0.2 0.25 0.19 0.21 0.2 0.23 0.23 0.2 0.23 0.23
基隆
CO
02/09 0.22 0.19 0.19 0.19 0.19 0.2 0.25 0.24 0.23 0.24 0.22 0.22 0.24 0.21 0.21 0.2 0.2 0.2 0.19 0.19 0.19 0.2 0.18 0.17
基隆
CO
02/10 0.17 0.14 0.13 0.13 0.13 0.13 0.15 0.17 0.2 0.21 0.22 0.22 0.24 0.2 0.23 0.22 0.22 0.2 0.2 0.22 0.22 0.19 0.2 0.17
基隆
CO
02/11 0.17 0.2 0.2 0.19 0.2 0.21 0.24 0.3 0.28 0.26 0.25 0.26 0.24 0.24 0.23 0.24 0.25 0.26 0.25 0.26 0.27 0.28 0.25 0.24
基隆
CO
02/12 0.22 0.19 0.19 0.18 0.19 0.2 0.24 0.33 0.33 0.3 0.28 0.28 0.28 0.27 0.28 0.31 0.33 0.46 0.66 0.74 0.43 0.38 0.32 0.49
基隆
CO
02/13 0.41 0.26 0.21 0.19 0.19 0.22 0.31 0.34 0.42 0.28 0.23 0.23 0.27 0.23 0.21 0.22 0.24 0.28 0.28 0.25 0.25 0.37 0.41 0.46
基隆
CO
02/14 0.41 0.48 0.33 0.35 0.34 0.34 0.23 0.33 0.36 0.35 0.31 0.33 0.34 0.33 0.35 0.33 0.34 0.38 0.39 0.43 0.36 0.5 0.41 0.39
基隆
CO
02/15 0.35 0.46 0.4 0.39 0.36 0.47 0.5 0.8 0.65 0.54 0.34 0.32 0.36 0.33 0.34 0.35 0.36 0.35 0.35 0.34 0.34 0.35 0.34 0.3
基隆
CO
02/16 0.26 0.28 0.3 0.27 0.26 0.27 0.31 0.33 0.35 0.31 0.31 0.3 0.29 0.29 0.31 0.35 0.36 0.37 0.36 0.36 0.37 0.42 0.39 0.32
基隆
CO
02/17 0.29 0.29# 0.29 0.29 0.27 0.25 0.24 0.26 0.27 0.26 0.26 0.27 0.28 0.26 0.24 0.23 0.22 0.2 0.21 0.17 0.19 0.21 0.2 0.19
基隆
CO
02/18 0.17 0.19 0.19 0.19 0.19 0.2 0.36 0.48 1.07 0.78 0.76 0.26 0.4 0.49 0.32 0.28 0.32 0.29 0.29 0.24 0.22 0.28 0.33 0.34
基隆
CO
02/19 0.31 0.2 0.21 0.18 0.21 0.25 0.3 0.48 0.62 0.84 0.69 0.29 0.28 0.24# 0.26 0.28 0.3 0.35 0.36 0.3 0.27 0.29 0.27 0.25
基隆
CO
02/20 0.22 0.19 0.22 0.21 0.28 0.35 0.47 0.56 0.43 0.39 0.26 0.24 0.2 0.2 0.2 0.21 0.23 0.24 0.24 0.3 0.35 0.39 0.41 0.36
基隆
CO
02/21 0.33 0.31 0.3 0.3 0.29 0.28 0.33 0.48 0.42 0.33 0.31 0.29 0.28 0.27 0.27 0.27 0.3 0.34 0.49 0.31 0.28 0.32 0.34 0.32
基隆
CO
02/22 0.29 0.29 0.28 0.29 0.31 0.3 0.32 0.36 0.47 0.42 0.32 0.33 0.3 0.29 0.29 0.33 0.33 0.36 0.34 0.34 0.37 0.42 0.44 0.46
基隆
CO
02/23 0.46 0.47 0.46 0.45 0.45 0.46 0.48 0.53 0.52 0.47 0.45 0.41 0.39 0.37 0.37 0.38 0.39 0.39 0.33 0.3 0.31 0.3 0.31 0.27
基隆
CO
02/24 0.25 0.25 0.24 0.23 0.22 0.22 0.26 0.34 0.36 0.37 0.36 0.38 0.38 0.37 0.37 0.42 0.41 0.42 0.43 0.48 0.54 0.57 0.52 0.41
基隆
CO
02/25 0.37 0.33 0.32 0.29 0.31 0.36 0.49 0.59 0.32 0.34 0.3 0.28 0.28 0.26 0.26 0.26 0.28 0.31 0.3 0.25 0.28 0.32 0.29 0.27
基隆
CO
02/26 0.26 0.25 0.25 0.24 0.24 0.24 0.28 0.37 0.32 0.32 0.28 0.27 0.29# 0.27# 0.29# 0.29 0.31# 0.34 0.47 0.55 0.64 0.72 0.61 0.77
基隆
CO
02/27 0.69 0.61 0.55 0.51 0.5 0.6 0.63 0.67 0.98 0.77 0.62 0.53 0.42 0.39 0.42 0.5 0.48 0.48 0.62 0.79 0.82 1.17 1.32 1.18
基隆
CO
02/28 1.16 1.06 0.51 0.23 0.24 0.24 0.31 0.42 0.29 0.28 0.27 0.26 0.26 0.29 0.26 0.27 0.29 0.31 0.3 0.28 0.28 0.35 0.37 0.35
基隆
CO
監測年月：2019/03， 測站：基隆， 測項：CO（ppm）
基隆
CO
日期 00 01 02 03 04 05 06 07 08 09 10 11 12 13 14 15 16 17 18 19 20 21 22 23
基隆
CO
03/01 0.37 0.29 0.31 0.28 0.27 0.3 0.29 0.3 0.34 0.34 0.32 0.33 0.31 0.32 0.3 0.32 0.36 0.36 0.34 0.35 0.3 0.3 0.36 0.4
基隆
CO
03/02 0.39 0.32 0.35 0.35 0.42 0.39 0.5 0.62 0.56 0.48 0.47 0.44 0.44 0.45 0.44 0.47 0.48 0.63 0.63 0.5 0.47 0.49 0.49 0.49
基隆
CO
03/03 0.44 0.44 0.43 0.4 0.39 0.4 0.43 0.4 0.41 0.45 0.41 0.35 0.24 0.23 0.24 0.33 0.32 0.39 0.4 0.37 0.33 0.35 0.34 0.33
基隆
CO
03/04 0.32 0.32 0.33 0.32 0.32 0.39 0.46 0.56 0.5 0.47 0.49 0.49 0.51# 0.52 0.5 0.52 0.52 0.55 0.53 0.5 0.49 0.46 0.4 0.34
基隆
CO
03/05 0.32 0.36 0.37 0.34 0.33 0.39 0.55 0.71 0.46 0.37 0.38 0.34 0.33 0.33# 0.35 0.39 0.42 0.61 0.52 0.42 0.5 0.56 0.6 0.67
基隆
CO
03/06 0.64 0.68 0.65 0.5 0.41 0.36 0.41 0.42 0.37 0.34 0.37 0.39 0.37 0.36 0.33 0.36 0.39 0.42 0.43 0.4 0.37 0.38 0.42 0.37
基隆
CO
03/07 0.33 0.29 0.27 0.25 0.23 0.22 0.22 0.37 0.35 0.37 0.37 0.33 0.35 0.51 0.61 0.47 0.44 0.41 0.43 0.42 0.4 0.43 0.47 0.47
基隆
CO
03/08 0.46 0.33 0.24 0.2 0.19 0.2 0.23 0.29 0.27 0.21 0.21 0.22 0.26# 0.28 0.2 0.2 0.21 0.24 0.2 0.23 0.52 0.76 0.76 0.36
基隆
CO
03/09 0.39 0.51 0.38 0.36 0.46 0.41 0.39 0.54 0.68 0.8 0.57 0.53 0.44 0.5 0.58 0.53 0.57 0.48 0.31 0.3 0.29 0.37 0.52 0.32
基隆
CO
03/10 0.26 0.27 0.31 0.21 0.2 0.21 0.29 0.26 0.3 0.33 0.32 0.4 0.4 0.35 0.33 0.42 0.42 0.45 0.45 0.43 0.5 0.47 0.49 0.47
基隆
CO
03/11 0.52 0.43 0.32 0.27 0.25 0.28 0.31 0.38 0.35 0.29 0.29 0.29 0.27 0.27 0.26 0.25 0.31 0.48 0.57 0.63 0.63 0.59 0.53 0.56
基隆
CO
03/12 0.42 0.37 0.39 0.36 0.34 0.37 0.59 1.87 1.43 0.36 0.35 0.35 0.3 0.32 0.32 0.32 0.34 0.4 0.56 0.74 0.69 0.61 0.49 0.41
基隆
CO
03/13 0.37 0.3 0.27 0.26 0.36 0.39 0.6 0.46 0.31 0.29 0.28 0.28 0.27 0.28 0.31 0.34 0.32 0.33 0.31 0.3 0.41 0.53 0.54 0.28
基隆
CO
03/14 0.24 0.23 0.24 0.23 0.23 0.23 0.25 0.28 0.29 0.26 0.27 0.58 0.54 0.46 0.25 0.23 0.24 0.27 0.25 0.22 0.22 0.23 0.21 0.2
基隆
CO
03/15 0.2 0.19 0.19 0.2 0.21 0.24 0.37 0.6 0.34 0.29 0.25 0.23 0.21 0.21 0.22 0.23 0.24 0.26 0.33 0.42 0.41 0.35 0.32 0.37
基隆
CO
03/16 0.39 0.32 0.34 0.27 0.26 0.31 0.32 0.31 0.28 0.32 0.35 0.28 0.3 0.3 0.34 0.37 0.37 0.33 0.44 0.57 0.37 0.33 0.32 0.45
基隆
CO
03/17 0.32 0.22 0.23 0.22 0.25 0.28 0.42 0.68 0.84 0.63 0.27 0.29 0.36 0.29 0.28 0.25 0.25 0.25 0.24 0.24 0.24 0.3 0.34 0.26
基隆
CO
03/18 0.25 0.24 0.24 0.22 0.23 0.28 0.5 0.49 0.67 0.56 0.65 0.85 0.58 0.3 0.28 0.3 0.32 0.58 0.41 0.34 0.36 0.33 0.31 0.28
基隆
CO
03/19 0.25 0.24 0.25 0.25 0.26 0.25 0.31 0.45 0.38 0.29 0.28 0.31 0.31 0.31 0.33 0.34 0.38 0.48 0.52 0.48 0.34 0.35 0.35 0.47
基隆
CO
03/20 0.48 0.47 0.45 0.4 0.38 0.43 0.51 1.3 0.55 0.68 0.43 0.42 0.49 0.41 0.35 0.41 0.4 0.51 0.82 0.75 0.7 0.81 1.01 0.75
基隆
CO
03/21 0.79 0.59 0.71 0.64 0.58 0.55 0.51 0.57 0.53 0.43 0.41 0.42 0.41 0.37 0.28 0.28 0.25 0.34 0.32 0.25 0.37 0.31 0.23 0.24
基隆
CO
03/22 0.24 0.19 0.2 0.24 0.24 0.24 0.23 0.28 0.25 0.25 0.25 0.24# 0.25 0.25 0.25 0.22 0.21 0.22 0.21 0.19 0.2 0.2 0.19 0.16
基隆
CO
03/23 0.16 0.17 0.18 0.16 0.17 0.16 0.16 0.17 0.18 0.19 0.18 0.18 0.17 0.17 0.16 0.17 0.19 0.19 0.2 0.19 0.19 0.19 0.2 0.2
基隆
CO
03/24 0.19* 0.18 0.17 0.18 0.17 0.21 0.22 0.32 0.39 0.31 0.33 0.48 0.62 0.42 0.27 0.38 0.45 0.55 0.57 0.55 0.56 0.68 0.63 0.62
基隆
CO
03/25 0.66 0.55 0.49 0.39 0.41 0.45 0.44 0.59 0.68 0.54 0.53 0.37# 0.22 0.29 0.38 0.24 0.27 0.3 0.28 0.43 0.38 0.32 0.32 0.29
基隆
CO
03/26 0.3 0.27 0.27 0.27 0.27 0.32 0.55 0.48 0.38 0.36 0.32 0.31 0.29 0.28 0.28 0.29 0.32 0.35 0.47 0.53 0.56 0.52 0.47 0.3
基隆
CO
03/27 0.35 0.32 0.39 0.38 0.38 0.41 0.55 0.55 0.58 0.5 0.5 0.44 0.25 0.26 0.27 0.27 0.29 0.38 0.6 0.78 0.85 0.93 0.89 0.75
基隆
CO
03/28 0.65 0.59 0.61 0.54 0.42 0.41 0.44 0.58 0.62 0.47 0.45 0.35 0.3 0.3 0.31 0.31 0.31 0.37 0.64 0.67 0.54 0.52 0.54 0.5
基隆
CO
03/29 0.43 0.35 0.35 0.35 0.37 0.44 0.68 0.68 0.45 0.24 0.23 0.2 0.21 0.2 0.23 0.21 0.24 0.23 0.23 0.27 0.23 0.27 0.23 0.26
基隆
CO
03/30 0.25 0.3 0.31 0.29 0.33 0.34 0.38 0.53 0.51 0.55 0.35 0.29 0.28 0.3 0.29 0.29 0.32 0.37 0.39 0.34 0.31 0.29 0.27 0.26
基隆
CO
03/31 0.23 0.21 0.2 0.19 0.19 0.2 0.28 0.38 0.37 0.39 0.38 0.31 0.29 0.25 0.26 0.26 0.25 0.25 0.23 0.22 0.23 0.23 0.22 0.21
基隆
CO
監測年月：2019/04， 測站：基隆， 測項：CO（ppm）
基隆
CO
日期 00 01 02 03 04 05 06 07 08 09 10 11 12 13 14 15 16 17 18 19 20 21 22 23
基隆
CO
04/01 0.2 0.2 0.2 0.19 0.2 0.2 0.22 0.27 0.26 0.23 0.22 0.23 0.22 0.23 0.24# 0.26 0.26 0.31 0.34 0.38 0.36 0.33 0.33 0.3
基隆
CO
04/02 0.28 0.26 0.25 0.24 0.25 0.3 0.44 0.86 0.84 0.91 0.68 0.3 0.31 0.28 0.3 0.32 0.58 0.7 0.74 0.9 0.82 0.64 0.77 0.64
基隆
CO
04/03 0.76 0.53 0.45 0.54 0.35 0.24 0.28 0.44 0.51 0.54 0.58 0.54 0.56 0.47 0.48 0.45 0.58 0.63 0.85 1.06 1.22 0.89 0.56 0.2
基隆
CO
04/04 0.18 0.18 0.17 0.17 0.17 0.18 0.22 0.27 0.37 0.39 0.3 0.28 0.27 0.27 0.25 0.26 0.29 0.32 0.3 0.22 0.25 0.4 0.4 0.31
基隆
CO
04/05 0.21 0.22 0.2 0.21 0.2 0.18 0.18 0.19 0.23 0.25 0.24 0.23 0.23 0.26 0.25 0.23 0.24 0.24 0.41 0.49 0.48 0.48 0.46 0.43
基隆
CO
04/06 0.39 0.36 0.36 0.38 0.35 0.36 0.53 0.67 0.43 0.31 0.28 0.27 0.24 0.25 0.26 0.3 0.34 0.42 0.64 0.72 0.73 0.75 0.68 0.66
基隆
CO
04/07 0.68 0.62 0.68 0.75 0.67 0.67 0.68 0.63 0.53 0.46 0.49 0.52 0.52 0.41 0.39 0.44 0.47 0.53 0.54 0.46 0.6 0.65 0.47 0.54
基隆
CO
04/08 0.51 0.46 0.43 0.41 0.43 0.5 0.75 0.74 0.63 0.46 0.38 0.36 0.37# 0.35 0.33 0.34 0.31 0.36 0.36 0.44 0.49 0.48 0.67 0.54
基隆
CO
04/09 0.5 0.33 0.35 0.35 0.43 0.5 0.65 0.73 0.64 0.52 0.47 0.47 0.42 0.38 0.38 0.38 0.34 0.33 0.35 0.49 0.64 0.54 0.55 0.45
基隆
CO
04/10 0.39 0.34 0.36 0.35 0.26 0.29 0.33 0.4 0.45 0.46 0.35# 0.25# 0.22 0.25 0.27 0.29 0.28 0.29# 0.31# 0.25 0.25 0.25 0.23 0.22
基隆
CO
04/11 0.23 0.23 0.22 0.2 0.2 0.22 0.33 0.57 0.58 0.4 0.27 0.27 0.27 0.31 0.26 0.3 0.25 0.27 0.24 0.24 0.26 0.23 0.2 0.2
基隆
CO
04/12 0.22 0.25 0.25 0.25 0.27 0.3 0.33 0.37 0.32 NA NA 0.53 0.27 0.21 0.2 0.2 0.23 0.25 0.31 0.33 0.3 0.31 0.26 0.25
基隆
CO
04/13 0.21 0.17 0.16 0.16 0.19 0.31 0.34 0.75 0.5 0.29 0.24 0.26 0.25 0.28 0.32 0.44 0.57 0.7 0.72 0.75 0.72 0.76 0.8 0.72
基隆
CO
04/14 0.44 0.4 0.27 0.21 0.17 0.24 0.37 0.31 0.25 0.24 0.21 0.23 0.23 0.22 0.23 0.22 0.23 0.22 0.27 0.24 0.28 0.34 0.32 0.27
基隆
CO
04/15 0.26 0.22 0.22 0.23 0.24 0.25 0.31 0.35 0.31 0.28 0.27 0.27 0.29 0.27 0.27 0.25 0.26 0.37 0.45 0.36 0.35 0.41 0.39 0.33
基隆
CO
04/16 0.34 0.24 0.24 0.24 0.27 0.24 0.28 0.53 0.58 0.52 0.64 0.41 0.24 0.23 0.21 0.19 0.23 0.25 0.3 0.36 0.41 0.39 0.44 0.23
基隆
CO
04/17 0.25 0.21 0.2 0.22 0.23 0.3 0.4 0.55 0.32 0.32 0.31 0.3 0.28 0.31# 0.3 0.29 0.3 0.33 0.45 0.52 0.56 0.56 0.39 0.54
基隆
CO
04/18 0.42 0.37 0.36 0.46 0.41 0.47 0.73 0.7 0.59 0.5 0.44 0.29 0.28 0.3 0.32 0.32 0.37 0.42 0.55 0.51 0.52 0.34 0.36 0.41
基隆
CO
04/19 0.36 0.33 0.37 0.35 0.38 0.52 0.53 1.09 1.01 0.72 0.54 0.5 0.5 0.47 0.46 0.42 0.39 0.39 0.59 0.68 0.71 0.7 0.53 0.53
基隆
CO
04/20 0.54 0.6 0.65 0.59 0.56 0.59 0.71 0.92 0.82 0.47 0.31 0.27 0.28 0.27 0.26 0.26 0.3 0.3 0.38 0.52 0.53 0.52 0.44 0.45
基隆
CO
04/21 0.44 0.37 0.38 0.36 0.4 0.42 0.4 0.42 0.4 0.36 0.36 0.31 0.27 0.26 0.27 0.28 0.31 0.35 0.41 0.5 0.51 0.56 0.56 0.63
基隆
CO
04/22 0.66 0.55 0.48 0.4 0.37 0.43 0.7 0.81 0.44 0.41 0.46 0.25 0.21 0.2 0.18 0.2 0.23 0.25 0.3 0.5 0.63 0.54 0.5 0.59
基隆
CO
04/23 0.52 0.28 0.22 0.26 0.29 0.33 0.42 0.44 0.46 0.5 0.48 0.31 0.29 0.22 0.19 0.2 0.23 0.28 0.48 0.68 0.52 0.62 0.56 0.61
基隆
CO
04/24 0.6 0.44 0.42 0.44 0.42 0.46 0.62 0.66 0.61 0.59 0.6 0.33 0.29 0.28 0.2 0.17 0.17 0.24 0.34 0.43 0.4 0.25 0.26 0.21
基隆
CO
04/25 0.18 0.19 0.17 0.16 0.18 0.21 0.44 0.45 0.52 0.33 0.32 0.28 0.24 0.21 0.22 0.21 0.23 0.27 0.35 0.22 0.23 0.27 0.19 0.2
基隆
CO
04/26 0.19 0.16 0.17 0.18 0.19 0.2 0.24 0.27 0.25 0.24 0.23 0.22 0.22 0.21 0.24 0.25 0.28 0.31 0.33 0.37 0.37 0.37 0.35 0.32
基隆
CO
04/27 0.32 0.34 0.33 0.31 0.31 0.32 0.34 0.32 0.31 0.31 0.31 0.33 0.31 0.29 0.28 0.26 0.26 0.28 0.29 0.25 0.25 0.26 0.26 0.35
基隆
CO
04/28 0.29 0.32 0.3 0.27 0.27 0.34 0.48 0.52 0.44 0.42 0.29 0.2 0.21 0.21 0.21 0.22 0.32 0.44 0.56 0.66 0.61 0.59 0.43 0.35
基隆
CO
04/29 0.33 0.26 0.25 0.23 0.22 0.27 0.35 0.38 0.3 0.25 0.23 0.22 0.2 0.21 0.19# 0.24 0.28 0.32 0.34 0.51 0.5 0.57 0.5 0.39
基隆
CO
04/30 0.37 0.43 0.35 0.31 0.32 0.36 0.57 0.66 0.53 0.37 0.22 0.21 0.18 0.16 0.21 0.25 0.36 0.44 0.41 0.18 0.27 0.29 0.27 0.29
基隆
CO
監測年月：2019/05， 測站：基隆， 測項：CO（ppm）
基隆
CO
日期 00 01 02 03 04 05 06 07 08 09 10 11 12 13 14 15 16 17 18 19 20 21 22 23
基隆
CO
05/01 0.3 0.29 0.28 0.27 0.23 0.21 0.24 0.33 0.33 0.37 0.39 0.38 0.35 0.3 0.29 0.29 0.35 0.3 0.28 0.28 0.3 0.33 0.33 0.36
基隆
CO
05/02 0.34 0.36 0.37 0.39 0.48 0.56 0.46 0.54 0.77 0.47 0.35 0.37 0.4 0.35 0.36 0.41 0.47 0.35 0.35 0.31 0.33 0.34 0.33 0.36
基隆
CO
05/03 0.3 0.3 0.26 0.24 0.27 0.33 0.27 0.3 0.31 0.26 0.24 0.22 0.21 0.2 0.22 0.22 0.23 0.27 0.43 0.46 0.5 0.48 0.37 0.58
基隆
CO
05/04 0.46 0.31 0.21 0.18 0.18 0.17 0.22 0.24 0.24 0.21 0.22 0.21 0.23 0.22 0.2 0.19 0.24 0.38 0.53 0.35 0.37 0.33 0.36 0.38
基隆
CO
05/05 0.23 0.26 0.23 0.22 0.26 0.31 0.27 0.23 0.2 0.21 0.17 0.2 0.18 0.18 0.18 0.19 0.21 0.25 0.29 0.23 0.23 0.34 0.27 0.17
基隆
CO
05/06 0.15 0.16 0.16 0.16 0.16 0.17 0.26 0.51 0.63 0.34 0.24 0.19 0.17 0.17 0.18 0.19 0.19 0.26 0.35 0.19 0.21 0.22 0.19 0.17
基隆
CO
05/07 0.17 0.17 0.16 0.16 0.15 0.14 0.16 0.2 0.17 0.16 0.16 0.16 0.19 0.18 0.21 0.28 0.39 0.42 0.23 0.47 0.29 0.21 0.22 0.26
基隆
CO
05/08 0.24 0.24 0.22 0.22 0.28 0.34 0.5 0.58 0.58 0.73 0.27 0.3 0.27 0.23 0.25 0.27 0.24 0.34 0.31 0.27 0.24 0.26 0.22 0.27
基隆
CO
05/09 0.29 0.26 0.21 0.2 0.17 0.24 0.28 0.51 0.25 0.22 0.2 0.2 0.24 0.35 0.23 0.23 0.23 0.26 0.25 0.24 0.27 0.42 0.24 0.23
基隆
CO
05/10 0.19 0.17 0.17 0.19 0.19 0.25 0.34 0.37 0.31 0.26 0.25 0.23 0.24 0.23 0.23 0.24 0.25 0.29 0.35 0.29 0.24 0.35 0.22 0.19
基隆
CO
05/11 0.19 0.18 0.2 0.21 0.21 0.23 0.23 0.48 0.28 0.26 0.23 0.22 0.21 0.21 0.3 0.23 0.23 0.29 0.27 0.23 0.3 0.36 0.37 0.38
基隆
CO
05/12 0.35 0.39 0.37 0.41 0.47 0.44 0.5 0.21 0.19 0.18 0.17 0.18 0.17 0.17 0.17 0.17 0.18* 0.2 0.22 0.24 0.27 0.29 0.3 0.26
基隆
CO
05/13 0.19 0.15 0.14 0.13 0.19 0.33 0.61 0.59 0.29 0.19 0.17 0.16 0.17 0.18 0.14 0.15 0.15 0.21 0.36 0.56 0.56 0.52 0.54 0.52
基隆
CO
05/14 0.49 0.49 0.52 0.61 0.69 0.74 0.86 0.63 0.34 0.5 0.41 0.37 0.22 0.21# 0.2 0.22 0.25 0.29 0.28 0.25 0.29 0.25 0.22 0.2
基隆
CO
05/15 0.22 0.2 0.2 0.2 0.21 0.23 0.38 0.31 0.27 0.25 0.26 0.26 0.26 0.24 0.23 0.23 0.27 0.35 0.48 0.62 0.71 0.64 0.65 0.53
基隆
CO
05/16 0.52 0.49 0.47 0.41 0.42 0.51 0.59 0.69 0.61 0.47 0.52 0.45 0.35 0.34 0.3 0.33 0.47 0.41 0.39 0.37 0.42 0.34 0.3 0.35
基隆
CO
05/17 0.31 0.27 0.25 0.17 0.21 0.2 0.3 0.56 0.56 0.74 0.92 0.87 0.58 0.33 0.3 0.26 0.37 0.45 0.49 0.55 0.67 0.74 0.51 0.45
基隆
CO
05/18 0.47 0.54 0.43 0.21 0.17 0.28 0.38 0.32 0.38 0.47 0.39 0.35 0.37 0.35 0.3 0.3 0.35 0.41 0.39 0.5 0.46 0.53 0.33 0.32
基隆
CO
05/19 0.37 0.26 0.25 0.22 0.23 0.25 0.36 0.47 0.3 0.23 0.24 0.26 0.29 0.23 0.27 0.28 0.27 0.25 0.27 0.48 0.6 0.6 0.44 0.38
基隆
CO
05/20 0.31 0.23 0.29 0.32 0.27 0.22 0.27 0.25 0.37 0.36 0.32 0.39 0.38 0.27 0.23 0.2 0.21 0.22 0.23 0.21 0.26 0.22 0.2 0.22
基隆
CO
05/21 0.17 0.2 0.19 0.16 0.17 0.2 0.23 0.28 0.24 0.23 0.23 0.23 0.22 0.2 0.19 0.2 0.21 0.25 0.49 0.39 0.34 0.33 0.3 0.27
基隆
CO
05/22 0.29 0.24 0.21 0.21 0.2 0.25 0.43 0.8 0.59 0.27 0.24 0.22 0.21 0.22 0.21 0.24 0.28 0.3 0.35 0.45 0.5 0.38 0.41 0.49
基隆
CO
05/23 0.42 0.44 0.41 0.35 0.31 0.37 0.45 0.6 0.24 0.22 0.24 0.24 0.19 0.2 0.2 0.22 0.25 0.29 0.31 0.43 0.3 0.41 0.3 0.27
基隆
CO
05/24 0.26 0.19 0.19 0.18 0.19 0.2 0.23 0.28 0.32# 0.32 NA 0.22# 0.21 0.21 0.21 0.23# 0.24 0.26 0.22 0.24 0.21 0.18 0.18 0.18
基隆
CO
05/25 0.2 0.18 0.17 0.17 0.19 0.15 0.16 0.19 0.21 0.22 0.23 0.23 0.23# 0.22 0.11 0.12 0.12 0.13 0.14 0.11 0.11 0.17 0.12 0.12
基隆
CO
05/26 0.12 0.11 0.1 0.12 0.13 0.19 0.25 0.23 0.22 0.17 0.17 0.15 0.14 0.16 0.15 0.16 0.17 0.21 0.24 0.16 0.19 0.14 0.13 0.18
基隆
CO
05/27 0.22 0.14 0.12 0.15 0.18 0.21 0.24 0.34 0.39 0.34 0.28 0.27# 0.2# 0.2 0.26 0.24 0.32 0.4 0.5 0.58 0.57 0.37 0.54 0.42
基隆
CO
05/28 0.37 0.3 0.29 0.29 0.36 0.36 0.51 0.51 0.19 0.19 0.21 0.2 0.19 0.16 0.16 0.18 0.17 0.19 0.16 0.14 0.13 0.12 0.13 0.11
基隆
CO
05/29 0.09 0.07 0.06 0.07 0.07 0.07 0.1 0.16 0.11 0.1 0.09 0.09 0.08 0.1 0.1 0.12 0.12 0.14 0.18 0.24 0.27 0.28 0.23 0.15
基隆
CO
05/30 0.16 0.15 0.15 0.15 0.16 0.23 0.49 0.71 0.22 0.17 0.15 0.13 0.12 0.13 0.15 0.17 0.26 0.26 0.37 0.48 0.58 0.49 0.56 0.52
基隆
O3
01/01 40 40 41 41 40 40 40 40 39 39 40 39 40 39 40 40 41 40 41 41 42 41 42 42
基隆
O3
01/02 43 43 43 42 42 40 39 38 38 38 38 38 38 37 36 37 37 37 37 37 38 38 39 39
基隆
O3
01/03 39 41 42 41 41 41 39 36 36 36 36 34 36 36 36 36 35 36 35 35 36 36 37 37
基隆
O3
01/04 37 37 34 33 33 24 6.6 2.1 3.1 20 31 34# 34 34 27 29 9.5 13 8.3 2.4 1.2 1 1.1 1.8
基隆
O3
01/05 1 3.6 2 7.6 14 16 16 12 17 17 17 22 27 16 15 18 20 16 17 15 9.7 12 16 9.4
基隆
O3
01/06 11 14 14 12 15 24 31 21 25 41 41 42 43 41 42 40 37 34 36 37 38 37 37 38
基隆
O3
01/07 42 42 42 40 38 41 40 36 32 17 17 27 33 35 36 36 36 24 5.1 1.4 1.3 1.7 1.2 1
基隆
O3
01/08 0.9 0.6 0.7 1.8 0.8 35 32 37 36 35 39 40 40 40# 39# 38 34 36 38 39 39 41 40 41
基隆
O3
01/09 41 41 40 39 38 37 34 29 32 35 38 39 40 39# 43 42 41 42 40 40 37 38 29 15
基隆
O3
01/10 11 6.2 2.3 2.2 3.2 21 20 2.4 4.3 5.2A 0# 32 34 42 42 40 27 23 7.5 1.4 0.7 0.8 0.4 0.6
基隆
O3
01/11 0.5 0.6 0.6 0.8 0.4 1.3 0.5 1.1 2.4 7.4 22 28 22 20 16 9.1 14 12 12 17 9.7 2.6 0.8 1.2
基隆
O3
01/12 4.5 15 18 13 21 22 18 17 20 19 15 14 12 17 20 18 21 21 23 23 22 23 26 26
基隆
O3
01/13 30 34 35 34 34 32 30 16 19 22 20 25 27 26 30 31 31 34 32 31 31 34 35 34
基隆
O3
01/14 40 38 37 37 37 31 32 31 14 17 33 37# 40 42 41 39 34 31 16 13 27 10 8.8 29
基隆
O3
01/15 36 39 40 38 23 9.6 2.4 2.4 3.6 5.7 18 29 28 22 18 23 29 43 44 46 46 46 48 48
基隆
O3
01/16 49 49 52 54 56 54 53 51 48 48 47 48 52 50 50 47 44 44 42 40 40 38 40 40
基隆
O3
01/17 40 41 41 42 42 36 39 39 41 41 41 40 38 37 39 40 39 41 43 47 48 47 48 47
基隆
O3
01/18 48 48 49 48 47 46 40 40 42 44 47 46 46 46 48 46 44 42 41 28 32 38 33 27
基隆
O3
01/19 34 47 43 31 22 13 11 10 16 14 15 42 57 63 63 59 55 54 48 32 11 7.8 3.8 1.3
基隆
O3
01/20 2.8 4.6 5.9 6.7 9.4 7.6 5.2 3.8 11 26 35 41 45 40 34 41 44 46 47 47 51 54 53 51
基隆
O3
01/21 52 51 49 48 47 45 43 41 40 40 39 35 38 38 40 38 38 36 25 37 33 38 35 39
基隆
O3
01/22 44 45 47 47 49 42 43 43 38 36 33 34 37 42 43 49 51 54 55 57 57 58 49 40
基隆
O3
01/23 39 36 28 37 47 49 23 20 47 49 52 52 51# 90# 46 53# 55# 54 55 55 57 58 61 56
基隆
O3
01/24 66 68 68 68 67 66 66 63 61 60# 59 59 61 62 63 62 60 57 59 64 64 61 54 38
基隆
O3
01/25 28 24 29 40 37 28 14 7.2 6.8 50 61 62 63 63 65 65 61 56 60 62 62 61 61 62
基隆
O3
01/26 61 60 60 57 51 54 49 47 48 45 48 51 52 51 48 47 47 46 46 46 44 42 42 43
基隆
O3
01/27 43 44 44 44 45 45 43 43 42 42 39 35 31 38 36 41 40 37 28 19 20 23 17 8
基隆
O3
01/28 17 14 13 12 12 5.4 1.5 2.9 4.1 21 42 45 48 49 49 49 49 32 14 9.7 6 2.8 5.1 29
基隆
O3
01/29 47 48 46 39 29 27 31 13 11 20 38 42 49 49 50 48 41 36 24 18 23 14 32 33
基隆
O3
01/30 35 48 41 36 31 20 8.2 4.5 12 24 25 35 45 38 45 52 40 22 5.3 2.2 1.3 1.2 1.2 1.8
基隆
O3
01/31 0.9 1.1 1 1.1 1.1 3.3 5.1 8.7 10 12 35 49 62 77 75 53 48 37 47 52 55 52 49 48
基隆
O3
監測年月：2019/02， 測站：基隆， 測項：O3（ppb）
基隆
O3
日期 00 01 02 03 04 05 06 07 08 09 10 11 12 13 14 15 16 17 18 19 20 21 22 23
基隆
O3
02/01 49 48 48 46 47 46 44 44 43 42 41 40 41 42 44 44 32 22 28 29 28 29 23 14
基隆
O3
02/02 7.1 40 44 42 40 18 7.7 4.7 9.1 40 45 45 48 47 46 45 45 42 34 12 28 4.3 35 20
基隆
O3
02/03 19 16 2.5 1.2 1.5 1 1.3 4 13 30 44 60 45# 52 62 67 61 47 25 23 12 8.1 6.4 7.8
基隆
O3
02/04 4.5 11 22 27 27 31 34 31 31 36 38 36 37 37 39 39 40 42 42 43 39 41 39 38
基隆
O3
02/05 36 44 43 44 44 42 45 43 38 36 39 41 43 44 43 46 47 41 29 19 15 13 25 34
基隆
O3
02/06 29 23 22 24 16 8.4 7.6 11 27 29 36 40 50 49 49 46 46 38 15 3.5 2.7 4.7 4.8 4.4
基隆
O3
02/07 1.7 1.1 1.1 1.9 8.3 17 4.6 3.1 17 34 39 49 58 58 66 65 63 60 56 48 45 41 36 34
基隆
O3
02/08 38 40 42 43 42 42 41 39 40 39 41 39 41 39 32 33 39 38 38 33 22 29 25 20
基隆
O3
02/09 37 33 32 35 36 34 30 36 31 36 37 37 37 35 30 38 40 39 41 39 40 39 40 41
基隆
O3
02/10 42 42 41 42 42 41 40 41 38 38 38 29 31 36 34 34 26 28 29 24 22 32 32 31
基隆
O3
02/11 23 30 34 35 41 40 36 36 36 35 36 35 36 36 37 36 34 35 36 35 32 32 35 36
基隆
O3
02/12 37 39 39 39 38 38 35 30 26 19 34 35 36 35 28 27 28 19 9.6 4 13 15 25 15
基隆
O3
02/13 16 19 26 26 23 28 16 22 18 25 30 34 37 42 43 44 44 43 40 39 41 28 18 8
基隆
O3
02/14 6.5 3.7 11 11 9.7 18 34 21 28 31 37 39 41 42 39 42 49 53 50 45 44 29 32 28
基隆
O3
02/15 30 21 21 15 17 17 14 3.4 6.9 11 22 32 38 47 54 53 47 47 48 45 41 40 42 44
基隆
O3
02/16 43 40 37 36 37 40 42 42 41 41 41 42 43 46 46 45 44 43 43 43 43 42 43 44
基隆
O3
02/17 45 46# 45 44 44 43 44 43 41 43 42 48 44 42 42 42 41 41 41 41 42 41 41 41
基隆
O3
02/18 42 44 45 43 44 41 31 28 13 15 14 28 24 30 31 36 32 29 27 28 31 27 26 24
基隆
O3
02/19 21 28 24 31 30 25 21 11 6.9 4.9 14 35 36 39 44# 34 37 38 36 39 38 33 32 31
基隆
O3
02/20 34 37 35 26 16 8.5 2.4 7.3 23 18 29 38 40 40 39 37 37 30 26 26 33 33 31 32
基隆
O3
02/21 33 35 36 37 38 37 32 26 26 31 34 35 38 41 39 42 40 37 29 35 41 44 47 47
基隆
O3
02/22 46 43 44 44 42 43 42 40 33 34 36 33 41 45 46 45 46 47 48 48 48 51 49 50
基隆
O3
02/23 49 47 45 44 44 44 43 42 43 42 40 42 44 45 45 46 46 45 45 46 47 44 44 45
基隆
O3
02/24 48 48 49 49 50 52 50 44 54 56 53 53 55 55 56 54 56 56 55 47 27 29 34 48
基隆
O3
02/25 50 52 45 42 38 34 27 32 47 45 46 46 48 49 52 52 51 49 52 54 51 52 55 54
基隆
O3
02/26 55 55 55 52 52 51 47 44 46 44 49 49 44 40 46 47 45 46 40 24 11 12 16 6.3
基隆
O3
02/27 7.5 6.7 7.5 12 15 6.6 6.5 5.7 4.3 18 26 36 50 56 58 55 47 51 40 14 4.2 1.1 1.1 1.1
基隆
O3
02/28 1.2 1.5 27 48 40 42 36 29 34 35 36 41 44 44 47 47 46 45 46 47 48 46 36 26
基隆
O3
監測年月：2019/03， 測站：基隆， 測項：O3（ppb）
基隆
O3
日期 00 01 02 03 04 05 06 07 08 09 10 11 12 13 14 15 16 17 18 19 20 21 22 23
基隆
O3
03/01 30 26 25 45 50 45 47 49 45 44 45 47 49 48 50 49 46 44 42 39 46 45 41 36
基隆
O3
03/02 31 29 27 28 26 25 7.8 12 33 43 44 45 59 61 58 55 58 40 41 50 49 41 44 44
基隆
O3
03/03 47 43 39 43 44 41 37 37 39 40 36 45 43 42 44 34 34 28 23 19 39 39 37 42
基隆
O3
03/04 44 36 32 43 46 41 39 35 38 41 45 48 50# 54 55 56 57 58 56 58 57 54 58 59
基隆
O3
03/05 63 61 58 59 58 41 17 27 48 51 50 54 55 55# 52 53 51 39 42 45 40 34 28 21
基隆
O3
03/06 22 15 16 22 24 28 24 26 33 37 44 43 46 53 58 53 55 57 58 59 58 59 59 55
基隆
O3
03/07 58 62 63 65 63 59 58 50 51 62 61 62 64 70 75 71 68 67 65 66 66 67 65 59
基隆
O3
03/08 65 61 58 58 57 55 53 48 47 49 50 49# 45 40 49 49 49 48 50 49 28 9 11 36
基隆
O3
03/09 28 17 20 20 16 16 20 12 9.6 9.1 19 18 25 25 18 21 19 24 23 25 26 24 13 34
基隆
O3
03/10 37 39 31 43 42 41 30 36 35 36 37 35 34 32 33 35 40 37 36 42 27 31 38 40
基隆
O3
03/11 36 51 52 52 49 46 47 47 48 49 52 53 58 60 60 64 65 47 25 12 5 8.5 13 8.5
基隆
O3
03/12 16 18 15 13 16 10 2.3 3.6 30 69 71 70 71 73 73 73 69 65 53 28 25 31 39 40
基隆
O3
03/13 42 46 54 47 37 25 12 46 65 68 68 70 70 71 73 69 64 70 70 72 54 45 48 69
基隆
O3
03/14 74 74 72 71 71 69 66 64 62 63 64 49 52 54 52 54 56 56 57 54 57 57 58 59
基隆
O3
03/15 58 59 59 59 58 55 38 22 48 53 57 61 62 66 69 72 66 66 60 43 35 39 38 29
基隆
O3
03/16 26 35 33 52 59 54 54 59 62 60 58 63 65 67 69 64 59 59 31 18 56 61 60 44
基隆
O3
03/17 41 50 45 52 35 28 14 3.8 6.2 35 54 54 45 51 55 58 59 61 61 62 59 50 38 53
基隆
O3
03/18 55 51 44 42 39 42 22 18 6.7 19 23 30 55 55 58 56 58 41 50 55 55 56 54 47
基隆
O3
03/19 53 53 44 31 42 57 53 42 49 47 45 45 52 53 53 52 48 45 39 39 48 48 48 38
基隆
O3
03/20 22 17 6.5 10 12 31 29 12 39 30 29 50 70 73 65 82 61 56 21 22 23 15 5.5 8.5
基隆
O3
03/21 3.2 5.8 2.8 2 1.5 11 11 12 19 39 52 59 51 60 54 52 47 39 37 35 25 21 16 17
基隆
O3
03/22 19 14 20 42 45 49 53 51 49 46 48 49# 55 53 53 50 48 47 48 48 49 49 49 49
基隆
O3
03/23 50 48 49 50 51 53 52 50 50 50 49 47 48 48 48 49 50 50 52 54 57 58 58 58
基隆
O3
03/24 61 57 61 61 62 53 45 36 19 41 42 23 24 30 45 36 27 20 13 17 5.7 5.5 6.8 2.5
基隆
O3
03/25 1.8 5.1 6.8 12 12 10 9.7 5.2 2.2 8.7 5.8 7.2# 44 38 35 51 51 52 50 36 36 45 53 52
基隆
O3
03/26 45 33 31 39 52 26 18 38 42 44 48 49 54 57 55 60 58 58 42 40 27 37 43 50
基隆
O3
03/27 37 23 13 7.7 11 29 15 16 17 26 43 62 68 72 72 74 64 37 24 5 6 2.7 6.3 12
基隆
O3
03/28 16 21 31 28 38 38 31 23 28 35 45 59 54 51 45 43 45 33 13 8.6 14 12 6.4 3.2
基隆
O3
03/29 6.5 8.1 3.7 8.1 6.8 3.6 2.7 8.6 15 30 36 45 47 48 49 53 49 49 50 52 50 51 52 53
基隆
O3
03/30 51 48 43 39 35 31 27 17 24 27 47 52 56 57 59 60 56 52 51 56 57 59 60 59
基隆
O3
03/31 60 62 65 66 66 66 70 72 72 68 66 66 64 62 62 62 61 60 58 58 58 57 56 58
基隆
O3
監測年月：2019/04， 測站：基隆， 測項：O3（ppb）
基隆
O3
日期 00 01 02 03 04 05 06 07 08 09 10 11 12 13 14 15 16 17 18 19 20 21 22 23
基隆
O3
04/01 59 58 56 56 56 57 56 54 53 55 55 54 55 56 57# 49 49 57 60 56 60 64 62 59
基隆
O3
04/02 54 63 61 50 39 33 18 7.6 8.9 15 17 48 49 50 48 45 22 6.2 4.9 2.2 1.8 3.7 6.4 6.5
基隆
O3
04/03 3.7 22 31 22 27 38 37 28 25 29 24 22 20 28 29 29 23 23 11 3.2 1.2 3.8 20 50
基隆
O3
04/04 53 52 53 54 55 51 47 40 36 36 41 44 47 45 47 51 61 43 36 54 53 41 38 44
基隆
O3
04/05 51 47 48 48 49 48 51 41 41 44 46 53 54 56 58 60 64 63 38 24 18 17 14 14
基隆
O3
04/06 14 14 12 9.3 7.9 5.9 4.1 15 11 38 48 52 57 51 50 43 42 42 20 6.6 5.9 10 14 12
基隆
O3
04/07 7.3 8.6 11 5.4 6.7 15 14 27 45 63 65 76 86 79 78 78 76 67 59 59 37 32 30 13
基隆
O3
04/08 9.4 9.6 9.8 11 11 6.7 6.9 15 25 36 65 67# 72 70 66 57 40 31 26 13 7.5 7.3 1.6 2.1
基隆
O3
04/09 3.5 6.2 4.8 5.1 3.6 2.3 2.5 7.8 25 42 43 61 73 74 80 75 65 57 47 27 8.4 14 15 12
基隆
O3
04/10 9.3 7.7 3.3 1.9 7.3 6.5 8.5 9.8 16 23 33 39 38 27 35# 27# 46# 49 49 44# 52 54 56 57
基隆
O3
04/11 58 58 57 58 56 55 44 21 26 39 48 47# 27# 30 42 39 51 53 48 48 46 49 52 54
基隆
O3
04/12 57 54 52 55 55 56 56 57 58 NA NA 0x 0x 0# 0x 0x 0x 0# NA NA NA NA 0# NA
基隆
O3
04/13 NA NA NA NA NA NA 0# 0x 0x 0x 0# NA NA 35# 35 24 16 12 12 12 4.3 2.5 2.1 4
基隆
O3
04/14 13 16 28 35 49 26 15 31 39 49 51 53 57 57 57 56 53 48 47 48 62 75 70 70
基隆
O3
04/15 67 63 69 71 72 72 69 66 62 61 63 62 65 66 65 65 64 55 43 35 29 28 30 36
基隆
O3
04/16 38 49 40 37 33 44 34 24 27 23 11 34 49 49 56 60 59 61 56 50 34 29 19 45
基隆
O3
04/17 43 48 46 35 32 25 17 24 44 50 56 61 67 69# 68 72 71 73 59 31 20 37 58 25
基隆
O3
04/18 34 32 27 16 28 22 19 28 40 64 76 65 59 62 70 61 66 53 29 27 29 49 30 22
基隆
O3
04/19 39 36 18 14 23 11 10 3.5 7.2 17 41 48 73 93 91 70 46 44 25 31 21 13 15 17
基隆
O3
04/20 10 5.9 3.5 7.9 7.1 2.1 3.7 7.6 15 34 48 59 59 65 65 66 64 63 53 37 25 27 29 25
基隆
O3
04/21 24 25 24 26 24 26 24 31 39 46 51 54 63 69 71 70 63 54 40 19 17 17 11 6.7
基隆
O3
04/22 3.1 1.8 2.6 3.5 3.6 2.1 3.3 8.9 27 33 40 47 44 37 33 33 27 34 33 14 2.8 7.3 5.7 1.1
基隆
O3
04/23 2.7 6.1 6.1 3.1 3.3 2.9 5 11 16 27 41 42 57 62 58 54 52 49 32 2.9 1.7 0.6 0.6 0.8
基隆
O3
04/24 1.2 1.3 1.6 0.5 1.3 1.1 2 7.6 19 34 55 65 75 73 64 55 47 47 40 38 29 34 30 25
基隆
O3
04/25 26 21 20 16 8.3 5.3 7.1 16 22 30 56 64 64 59 55 57 66 52 31 27 17 16 33 43
基隆
O3
04/26 47 45 46 49 51 54 52 53 59 61 62 65 63 62 60 61 60 63 67 69 67 65 64 64
基隆
O3
04/27 65 69 70 67 67 65 65 64 66 65 65 63 61 58 58 55 55 51 50 54 53 54 52 47
基隆
O3
04/28 52 39 40 28 20 10 7.1 18 22 36 45 44 46 47 48 41 40 46 29 9.8 10 4.2 6.1 8.9
基隆
O3
04/29 18 18 15 16 20 11 15 29 24 33 48 51 51 48 43# 44 52 38 40 22 20 9.4 7.6 7.7
基隆
O3
04/30 11 5.1 10 7.9 5.6 4.4 5.7 15 35 51 52 57 54 53 56 58 50 29 17 14 32 41 40 31
基隆
O3
監測年月：2019/05， 測站：基隆， 測項：O3（ppb）
基隆
O3
日期 00 01 02 03 04 05 06 07 08 09 10 11 12 13 14 15 16 17 18 19 20 21 22 23
基隆
O3
05/01 27 26 30 29 31 40 48 45 46 49 46 42 46 45 46 44 45 51 52 58 61 61 61 42
基隆
O3
05/02 39 36 38 39 56 64 75 64 35 57 59 51 56 56 51 43 45 71 68 65 58 55 44 34
基隆
O3
05/03 41 39 38 34 29 28 56 60 58 63 68 69 70 69 70 70 69 67 56 44 29 26 31 15
基隆
O3
05/04 35 34 36 39 47 60 55 55 58 55 50 55 56 57 55 57 53 49 40 49 41 47 46 40
基隆
O3
05/05 54 48 50 40 34 43 43 54 58 58 59 59 59 59 58 56 54 50 47 49 48 38 40 46
基隆
O3
05/06 49 50 50 46 48 50 40 17 18 30 35 41 56 57 54 52 53 48 44 53 51 51 57 63
基隆
O3
05/07 63 64 64 68 67 65 62 61 61 61 60 60 56 58 54 48 33 44 57 37 49 58 54 38
基隆
O3
05/08 31 30 28 26 18 14 4 5.1 15 23 56 54 56 59 52 48 43 51 49 45 44 48 53 51
基隆
O3
05/09 49 46 46 46 49 45 39 25 46 50 52 53 53 43 51 51 53 51 51 49 39 24 52 56
基隆
O3
05/10 63 65 68 60 55 31 24 43 50 56 54 58 61 64 65 65 58 59 51 55 59 49 56 55
基隆
O3
05/11 54 53 49 36 26 28 35 33 43 36 42 49 53 53 43 47 42 37 39 41 31 19 12 13
基隆
O3
05/12 9.2 6.9 2.6 1.1 1.8 3.6 13 31 38 40 43 44 45 45 45 43 42 39 34 27 25 23 11 17
基隆
O3
05/13 26 22 31 30 18 4.4 5.4 16 27 26 30 27 37 40 30 30 25 18 46 18 6.5 1.8 1.7 1
基隆
O3
05/14 1.7 1.9 2.8 2.1 1.3 2.9 4.9 15 25 33 41 48 48 45 32# 36 44 48 51 49 42 44 44 45
基隆
O3
05/15 45 46 46 47 41 28 21 36 42 47 50 49 47 48 50 49 47 42 32 11 4.1 1.7 1.7 2.3
基隆
O3
05/16 1.6 3.4 2.4 3.6 2.8 2.1 4.1 6.6 12 28 42 27 43 44 38 38 28 22 16 15 11 14 27 13
基隆
O3
05/17 8.1 5.6 9.6 21 12 13 7.4 4.2 4.2 1.3 0.8 1.7 6.6 20 23 25 23 9.2 13 2.3 1.4 0.8 1.1 1.7
基隆
O3
05/18 1.4 0.5 1.8 9.9 13 6.2 9.4 17 23 27 38 30 32 41 41 40 38 36 25 12 20 7.6 14 12
基隆
O3
05/19 6.1 13 11 13 9.5 8.1 7 12 28 40 41 34 41 42 41 45 43 31 24 4.3 1.5 1.8 2.5 4.6
基隆
O3
05/20 6.8 6.5 4.7 6.3 8.9 12 12 42 44 40 67 74 58 55 48 42 39 46 54 59 50 56 62 46
基隆
O3
05/21 63 45 49 60 63 64 64 63 67 67 70 72 75 70 68 66 69 68 49 38 38 51 49 38
基隆
O3
05/22 29 30 32 35 32 24 14 9.7 35 54 58 65# 71 65 64 62 57 57 56 45 25 30 29 22
基隆
O3
05/23 23 18 18 22 19 15 9.3 9.8 63 67 63 54 56 56 57 57 58 57 53 42 49 20 32 35
基隆
O3
05/24 39 55 55 54 55 54 51 50 53 52 NA 53 52 52 50 49 45 43 44 43 44 44 44 44
基隆
O3
05/25 41 41 46 43 36 46 45 47 50 47 49 54 54# 52 50 50 50 50 50 50 49 45 48 47
基隆
O3
05/26 46 48 48 40 27 16 21 28 38 46 47 44 43 43 46 53 37 36 33 36 32 37 36 27
基隆
O3
05/27 22 24 21 16 16 13 14 19 25 35 49 63 65# 63 30# 43 35 23 13 4.1 4.9 5.6 0.7 1.5
基隆
O3
05/28 1.6 4.9 5 2.9 1 2.6 2.8 8.1 43 50 51 51 52 55 55 57 56 53 55 55 57 55 54 54
基隆
O3
05/29 55 56 56 56 56 56 53 50 53 54 57 63 67 64 61 60 60 62 61 53 35 31 36 42
基隆
O3
05/30 36 35 31 31 26 14 8.6 13 55 61 62 62 59 57 51 47 42 40 28 12 6.9 7.9 4.4 2.5
基隆
NO2
01/01 1.1 1.6 1.5 1.5 1.4 1.3 1.5 2.1 2.3 2.6 2.5 2.5 2.5 3 2.4 2.5 2.4 3.1 3.2 2.9 2.9 3.2 2.6 2.4
基隆
NO2
01/02 2.3 2.5 1.9 1.8 2 2.2 3.8 5.1 4.5 5 5 5.8 6.5 5.7 6.5 5.4 6.1 6.1 6.2 4.6 4.4 4.1 3.7 3.3
基隆
NO2
01/03 3 1.7 1.5 1.7 1.5 1.7 3.4 5.2 4.6 6 4.9 6 4.9 5.1 5.5 5.2 6.2 5.1 5.7 5.5 4.8 4.6 3.9 3.5
基隆
NO2
01/04 3.2 3.1 3.3 4.1 5.3 8.2 25 35 37 18 5.3 3.2# 4.1# 3.7 29 34 49 37 37 38 37 36 35 30
基隆
NO2
01/05 29 24 25 20 12 11 14 19 16 16 15 17 11 16 20 18 18 21 19 20 22 18 14 21
基隆
NO2
01/06 20 12 13 14 13 11 7.4 18 16 6.9 6.5 6.3 6.1 7 6.2 7.1 9.5 12 9.5 8.2 7.4 9 7.9 6.5
基隆
NO2
01/07 4.3 1.6 1.6 1.6 2.2 1.5 3.5 7.7 9.4 17 19 9.6 7 6 6.3 7 6.7 15 20 22 25 25 20 17
基隆
NO2
01/08 13 13 15 17 17 7.4 9.8 6.3 6.8 8.3 5.2 4.4 4.4 3.9# 4.7 6 5.6 6.9 5.5 4.2 3.6 3.3 3.1 2.7
基隆
NO2
01/09 2.3 2.1 1.8 1.5 2 1.9 5 9.9 6.9 5.9 5.5 6.4 6.4 6.6# 7.8# 7.2 7.8 8.6 9 7.6 8.2 7.3 12 15
基隆
NO2
01/10 16 18 18 16 13 9.8 18 32 39 11* 8.2* 17 16 6.9 5.9 5.6 18 24 28 26 28 22 22 21
基隆
NO2
01/11 19 18 15 12 12 9.7 10 16 22 29 17 15 16 17 17 22 18 20 20 12 18* 21 22 28
基隆
NO2
01/12 21 13* 10x 14x 7.9* 8.4* 12x 16x 14# 15* 18x 17x 18x 16x 14* 17x 14x 15* 13x 12x 12* 4.5x -0.2* -0.2*
基隆
NO2
01/13 -0.2* -0.2* -0.2* -0.2* -0.2* -0.2* -0.2* -0.2* -0.2* -0.2* -0.2# 6.8# 11 11 8.1 6.5 7.7 6.6 8.8 9.9 11 9.6 7.9 9.7
基隆
NO2
01/14 6.2 4.4 4.1 3.1 3.1 7.8 13 16 26 20 10 9.2# 6.9 6.3 6.6 8.4 11 16 26 22 14 19 25 12
基隆
NO2
01/15 8 7.3 7.2 6.4 10 14 22 25 27 31 24 17 19 27 32 27 21 9.3 9.4 7.7 7.6 8.4 7.6 7
基隆
NO2
01/16 6.5 1.9 2.3 2.3 2.3 2.6 3.7 4.7 4.2 3.8 4.6 5.5 5.2 5.8 5.3 6.4 6.5 4.9 4.6 4.2 3.8 4.8 3.3 2.6
基隆
NO2
01/17 2.4 1.7 1.5 1.6 1.4 5.4 5.1 5.8 4.2 3.8 5.2 4.7 5.1 6 5.9 6 7.6 8 6.9 6.2 5.7 5.3 5.2 4.3
基隆
NO2
01/18 3.5 2.3 2 1.8 1.9 3.2 9.1 10 6.5 4.9 3.1 3.5 4.4 4.5 4.2 5.9 6.6 8.6 9.6 21 17 12 11 14
基隆
NO2
01/19 11 3.9 4.9 7.3 9.7 17 23 23 21 28 39 13 12 12 12 13 14 13 15 21 28 27 27 26
基隆
NO2
01/20 24 23 20 14 10 11 14 19 24 20 10 6.3 6.1 11 16 11 8.2 7.7 6 5.5 5.5 5.8 4.8 3.8
基隆
NO2
01/21 3.4 3.9 3.4 3.1 3.1 3.1 4.2 5.4 5.8 6.6 7 9.2 6.9 6.4 5.4 5.8 6.7 8.5 16 7 11 6.6 8.7 5.6
基隆
NO2
01/22 4.2 3 2.2 2.6 2.3 5 6.5 8.5 12 10 12 14 12 9 11 9.3 11 9.4 11 7.6 8.2 7.7 12 13
基隆
NO2
01/23 8.2 7.3 8 6.2 5.3 7.7 31 35 12 11 8.3 9.3# 12# 12# 11 11# 12 12 11 11 9.6 9.8 8.9 12
基隆
NO2
01/24 6.3 5.8 4.8 4.7 4.4 5.6 6.6 8.9 9.9 8# 7.2 200# 6.3# 5.9 7.2 7.7 9.5 12 12 9.2 8.9 9.5 12 14
基隆
NO2
01/25 16 11 9.2 4.8 6 15 32 39 40 12 5.2 4.8 4.2 4.8 5 4.3 7.4 11 9.2 6.2 5.3 5.8 6.2 4.3
基隆
NO2
01/26 3.3 3.4 3.4 2.9 2.5 2.6 3.4 4.1 4.9 5.4 5.5 5.3 5.9 5.2 4.2 4 4.2 5.5 4 4 3.9 3.7 3.6 3.8
基隆
NO2
01/27 3.2 2.6 2.2 1.9 1.8 1.9 3.3 3.6 3.9 4.2 5.9 8.2 10 7.2 6.7 6 6.4 8.3 16 21 19 12 14 20
基隆
NO2
01/28 11 8.6 7.8 6 5.7 9.6 17 21 29 22 7.1 4.6 3.2 2.8 4 3.9 5.1 16 25 26 28 28 26 14
基隆
NO2
01/29 4.1 2.9 5.3 4 5 6.7 15 26 22 19 10 5.1 4.3 5 5.2 5.8 9.7 15 21 27 24 30 16 13
基隆
NO2
01/30 8.8 2.9 5.1 4.8 4.7 9.3 21 27 27 22 23 18 21 31 32 24 32 43 46 43 40 37 37 34
基隆
NO2
01/31 33 26 29 31 32 30 25 24 25 33 27 31 32 23 25 19 19 12 6.7 6.3 6 5.8 4.9 4.3
基隆
NO2
監測年月：2019/02， 測站：基隆， 測項：NO2（ppb）
基隆
NO2
日期 00 01 02 03 04 05 06 07 08 09 10 11 12 13 14 15 16 17 18 19 20 21 22 23
基隆
NO2
02/01 3.3 2.3 2.2 2 2.1 2.5 4.5 5.7 5.7 5.9 6.6 7.3 6.4 6.6 7 7.4 17 24 16 13 13 12 12 16
基隆
NO2
02/02 22 4.7 3.7 4.4 7.9 15 24 26 29 8.4 5 6.2 4.9 4.4 4.2 4.9 4.4 7.8 17 39 22 36 11 18
基隆
NO2
02/03 23 19 32 30 27 25 24 28 27 22 18 10 29# 27 17 14 15 22 31 29 32 30 29 24
基隆
NO2
02/04 26 18 18 8.7 6 5.1 3.5 5.6 7.1 5.9 6.2 6.4 6.6 9.6 7.2 7.8 8.2 7.4 7.5 6.3 8.8 5.7 9.2 8
基隆
NO2
02/05 9.7 4 4.1 3.6 3 4.9 4.5 4.8 8 10 7.6 4.6 4.8 5.3 6.8 4.6 4.3 9.8 13 18 16 20 14 7.5
基隆
NO2
02/06 9.6 12 13 9.6 10 10 10 13 6.2 10 6.8 6.8 4.8 3.9 4.1 6 4.4 12 23 30 29 32 31 32
基隆
NO2
02/07 30 24 20 17 14 9.7 13 13 15 9.2 9.2 8.2 7.8 5.7 4.2 5.2 5.9 6.9 4.8 9.9 4.5 4.8 5.4 6.3
基隆
NO2
02/08 3.3 2.6 2.4 2 2.6 2.7 3.8 5.4 4.6 5.8 4 5.1 4.3 6.6 13 12 5.4 5.5 5.5 9.3 19 13 16 23
基隆
NO2
02/09 5.8 10 11 4.5 2.9 5.5 12 5.1 9.2 6.5 5 5.3 6.1 7.6 15 6.5 4.5 5.5 4.1 5 4.7 4.9 3.7 3.3
基隆
NO2
02/10 3.1 1.9x 2.3* 1.7x 1.3x 1.9x 2.7x 2.7x 3.7x 3.8x 4.7 15 13 9.5 12 11 18 17 14 20 21 11 9.3 12
基隆
NO2
02/11 20 13 8.9 9.5 2.7 3.2 7.2 8 5.8 7.7 5.4 6.1 5.2 5.8 4.7 5.9 7.4 6 5.2 5.6 7.4 8.1 5.3 4.3
基隆
NO2
02/12 3.3 1.7 1.7 1.8 1.8 2 4.7 8.9 12 22 6.8 5.6 5.8 7.8 15 15 15 22 25 28 22 24 15 19
基隆
NO2
02/13 20 16 6.9 9.3 9.3 8.3 22 14 17 12 7.3 7 7 5.2 6.2 5.7 6.7 7.1 8.1 7.9 6.9 13 18 25
基隆
NO2
02/14 24 26 15 15 15 14 8.8 25 17 16 9.2 7.9 5.7 4.9# 8.2# 6.7 7.7 5.9 6.9 9.4 8.2 18 11 11
基隆
NO2
02/15 7.8 12 9.2 8.6 7.5 15 20 28 22 24 21 13 12 8.6 5.7 6.9 8.9 6.6 6 6.1 6.6 6.6 5.3 4.9
基隆
NO2
02/16 3.9 3.7 3.8 3.7 2.9 3 4.5 4.1 4.9 4.9 5.8 5.7 5.4 4.8 4.9 5.4 5.3 6.3 5.6 5.1 4.9 5.5 4.2 3.8
基隆
NO2
02/17 3.4 2.2# 1.9 1.9 1.9 1.9 3.1 2.8 3.9 3.7 4.1 4 3.9 3.7 3.7 5 4.5 3.9 3.7 3.5 3.9 4.3 3.6 3.2
基隆
NO2
02/18 2.7 1.7 1.8 2 1.6 2.5 14 16 31 30 34 15 19 21 16 8.9 14 16 18 14 11 14 13 12
基隆
NO2
02/19 9.7 5.5 8.2 5.2 5.1 7.2 12 20 20 26 23 9.6 9.3 5.4# 6.8 7 8.5 8.9 11 7.9 6.9 8.4 7.6 6
基隆
NO2
02/20 4.9 2.5 2.7 2.5 4.8 8.1 17 22 14 24 15 10 8.1 8.2 8.9 10 9.7 14 19 17 8.3 7.2 7.2 4.5
基隆
NO2
02/21 3.2 3 2.5 2.3 2.4 2.5 7.2 13 12 7.9 6.6 5.3 5.7 5.4 6.3 5.7 6.8 7.2 15 8.6 5.9 7 4.3 4.4
基隆
NO2
02/22 3.2 3.5 3.5 4.2 4.7 4.8 8 11 18 17 15 18 9.1 5.9 6.1 7.6 8.1 7.8 7.1 6.2 5.2 5.5 5.3 4.6
基隆
NO2
02/23 5.1 3.7 3.7 3.5 3.8 4.1 5.5 7.6 6.5 6.7 6.9 6.5 5.7 6 6.2 6.4 7.1 7 6.5 5.2 5.3 6.3 6.3 4.8
基隆
NO2
02/24 3.6 1.7 1.1 1 0.8 0.9 2.4 7.1 3.8 3.3 3.8 3.9 3.9 4.1 3 4.4 4.6 4.9 5.4 9 23 20 15 6.6
基隆
NO2
02/25 4.9 3.4 3.9 2.5 4.2 8.8 22 20 6.2 7.9 6.2 6.6 5.9 4.9 6.7 5.2 6.6 7 6.7 4.6 6.9 7.8 5.8 4.9
基隆
NO2
02/26 4 2.7 2.3 2.4 2.6 3.1 6.3 9.7 7 8.7 6.3 5.5 5.4# 6.7 6.8 6.1 8.8# 8.1 14 19 25 24 19 24
基隆
NO2
02/27 18 14 15 13 16 17 21 25 28 27 28 25 15 10 8.4 13 16 11 16 24 24 26 24 21
基隆
NO2
02/28 21 24 10 2.3 5.7 3.2 7.6 12 5.8 5.7 6.3 4.8 4.2 6.3 4.9 5.4 5.3 5.7 5.5 4.6 4.6 5.1 9.3 10
基隆
NO2
監測年月：2019/03， 測站：基隆， 測項：NO2（ppb）
基隆
NO2
日期 00 01 02 03 04 05 06 07 08 09 10 11 12 13 14 15 16 17 18 19 20 21 22 23
基隆
NO2
03/01 8.1 4.1 3.9 2.4 1.9 2.9 3.9 3.9 6.2 6.7 6.5 5.6 5 6.1 4.9 5.8 6.8 7.6 8.1 8.7 5.3 5.9 8.6 11
基隆
NO2
03/02 10 6.8 6.2 5 5.3 6.3 20 19 14 12 9.4 15 5.5 4.9 7 9.6 8.9 16 18 9.4 9.4 14 11 12
基隆
NO2
03/03 7.5 7 6.9 6.3 6.8 4.6 6.7 8.4 8.5 7.6 11 6.3 6.4 12 7.5 17 15 20 20 23 9.2 8.4 10 6.2
基隆
NO2
03/04 4.8 6.1 6.1 6.4 6.3 5 6.5 11 8.8 8 6.1 6.5 6.2# 5.7 5.3 6.1 7.3 8.5 8.7 7.5 7.6 8 6.4 5.7
基隆
NO2
03/05 5.3 4.3 3.9 3.5 3.5 7 26 25 10 7.2 7.7 5.1 4.2 3.4# 5.1 6.2 8.5 22 17 11 16 19 21 25
基隆
NO2
03/06 24 28 27 19 15 14 18 19 17 16 9 13 12 11 7.5 5.3 5.5 6.1 6.8 5.9 6.1 7.4 6.4 5.5
基隆
NO2
03/07 4.5 2.4 2 1.6 1.9 2.2 2.9 9.9 9.4 5.4 6.5 5.3 6 7.2 7.7 6.7 7.4 6.5 6.6 6.3 5.5 5.7 6.1 7.6
基隆
NO2
03/08 4.6 3.6 3 2.6 2.5 2.8 4.5 7.3 7.8 5.8 5 5.1 6.3# 15 5.4 5.4 5.6 6.5 5.5 6.5 22 33 32 14
基隆
NO2
03/09 13 21 17 13 17 16 14 22 27 30 27 28 23 23 30 28 31 25 24 20 18 17 22 9.9
基隆
NO2
03/10 11 8.3 9.4 4.4 4.3 5.2 11 7.1 7 6.3 4.8 7.4 8.2 9.2 9.5 11 8.6 10 13 12 21 18 14 11
基隆
NO2
03/11 13 6.3 4.9 4.3 4 4.3 6.7 8.8 8.1 7.4 6.6 7.4 6.3 5.6 5.7 5.2 7.7 17 23 32 35 29 21 23
基隆
NO2
03/12 15 8 8.2 8.2 7.4 12 22 32 34 7.6 7.6 7.6 6.8 7.1 7.1 7.3 8.8 11 19 32 29 24 17 15
基隆
NO2
03/13 11 6.1 5 4.9 7.8 16 35 18 8.2 6.5 6.7 7 6.5 7.7 7.6 9 7.7 7.3 6.9 5.9 15 18 17 5.6
基隆
NO2
03/14 2.6 1.6 1.8 2 1.7 1.9 3.8 4.7 5.3 4.2 4.8 23 21 19 15 12 9.9 13 10 8.6 3.7 4.2 3.4 2.2
基隆
NO2
03/15 3 2.4 2.5 3 3.3 4.2 18 32 13 11 9.8 7.2 5.9 4.4 5.7 5.3 5.9 6.9 11 21 21 14 12 16
基隆
NO2
03/16 17 8.6 9.3 7.1 5.9 9 12 10 7.5 9.9 12 8.2 8.2 7.7 8 10 12 11 24 32 13 9 10 15
基隆
NO2
03/17 9.7 5.1 5.2 4.7 6 6.4 20 32 33 20 6 5.9 9.7 7.3 6.6 5.4 5.1 4.6 4.8 4.5 4.9 10 17 8
基隆
NO2
03/18 5.4 4.8 7.1 6.1 5.7 5.6 19 24 30 20 26 34 21 12 11 14 12 26 16 13 11 9.3 8.3 9.8
基隆
NO2
03/19 7.2 3.7 4.2 5.3 5.7 2.8 5.7 14 8.1 11 13 12 5.6 5.4 6 7.2 9.1 11 14 14 7.7 7.5 6.9 11
基隆
NO2
03/20 13 15 19 13 9 10 17 33 12 23 26 17 16 11 10 12 23 20 34 32 29 28 31 22
基隆
NO2
03/21 22 11 13 11 10 11 15 17 14 9.6 8 8.7 17 10 5.1 6.7 5.7 8.4 8.1 5.5 9.9 12 13 14
基隆
NO2
03/22 12 17 13 3.3 3.3 2.5 3.5 5 5.5 6.7 6.7 5.3# 4.7 4.9 4.1 3.6 4.5 5 4.8 4.1 3.7 4.1 4 3.2
基隆
NO2
03/23 2.8 2.9 2.4 1.8 1.9 1.8 2.5 3.1 4.1 3.8 3.8 4.6 3.8 3.8 3.3 3.3 3.3 3.9 4 3.3 3 3.5 3.9 3.7
基隆
NO2
03/24 3.1 2.5 1.9 2.1 2 3.6 8.4 16 26 11 10 18 20 13 7.1 11 16 23 24 22 27 30 28 31
基隆
NO2
03/25 29 21 16 11 14 17 18 22 24 22 26 23# 9.1 17 19 10 9.7 11 11 22 19 13 5.4 4
基隆
NO2
03/26 4.3 4.5 4.3 3.2 2.5 9 23 12 8.4 7.5 5.3 6 5.2 5.5 6.1 6.4 8.2 8.9 15 20 22 19 14 7.6
基隆
NO2
03/27 9.8 8.7 13 14 11 9.2 25 22 22 22 22 15 7.6 7.4 8.4 7.8 16 40 30 39 35 31 30 31
基隆
NO2
03/28 28 20 17 15 8 7.3 12 20 20 14 13 9.5 5.5 11 19 19 15 22 27 30 19 17 17 19
基隆
NO2
03/29 15 11 12 11 10 13 17 20 18 12 9.5 6.6 8.4 9.1 9.5 9.1 13 13 11 8 8.3 8 8.4 7.7
基隆
NO2
03/30 7.5 5.2 4.8 5.3 7.5 9.3 12 22 18 17 10 6.6 5.6 3.8 3.4 3.2 3.8 7 7.4 5.9 4.7 3.9 3.4 2.5
基隆
NO2
03/31 2 2.1 2.1 1.9 1.8 2.5 3.8 5.1 5.3 6.5 6.8 5.2 4.5 4.3 4.3 4.5 4.3 4.7 4.4 4.4 4.5 5.5 4.8 3.7
基隆
NO2
監測年月：2019/04， 測站：基隆， 測項：NO2（ppb）
基隆
NO2
日期 00 01 02 03 04 05 06 07 08 09 10 11 12 13 14 15 16 17 18 19 20 21 22 23
基隆
NO2
04/01 2.8 1.5 1.4 1.4 1.5 2.2 2.6 5.1 5.1 4.4 3.9 4.6 4.4 5 5.3# 4.8 4.9 6.1 7.5 11 9.3 7.5 7.7 6.6
基隆
NO2
04/02 4.5 3.2 3.1 3 3.9 9 22 35 30 30 30 8.4 7 6.2 7.4 6.6 18 23 24 31 29 28 27 29
基隆
NO2
04/03 34 18 12 16 9.6 6.7 9.7 19 23 23 27 29 32 24 24 24 33 33 41 42 38 38 22 3.5
基隆
NO2
04/04 2.6 0.8 0.8 0.5 0.4 0.8 2.9 4.8 7.4 10 5.3 3.2 3.9 7.3 7.8 14 9.6 8.4 13 4.9 4.8 13 13 9.2
基隆
NO2
04/05 3.8 6.6 5.4 5 4.8 7.6 5.3 14 13 10 9.4 7 7.3 8.2 6.2 5.5 3.1 3.7 15 20 18 16 17 13
基隆
NO2
04/06 10 8.4 7.3 7.6* 9.3 8.6 13 18 34 13 11 11 7.5 14 14 21 21 16 25 33 30 27 21 19
基隆
NO2
04/07 20 14 18 21 16 15 16 16 11 9.7 12 12 11 10 6.9 8.6 10 14 15 12 20 16 12 18
基隆
NO2
04/08 16 14 10 8 8.4 10 17 19 17 28 6.2 4.5 4.2# 3.6 5.9 11 7 6.7 7.3 14 16 14 19 17
基隆
NO2
04/09 15 9.3 9.7 9.6 12 15 16 20 16 14 15 13 10 8 6.7 7.1 6.1 7.4 12 22 32 26 19 15
基隆
NO2
04/10 11 10 9.4 11 8.8 11 12 15 16 20 14# 7.7# 6.3 9.9 7.4# 6.5# 9.7# -10.9# 5.1# 4.2 4.2 4.3 3.8 3.8
基隆
NO2
04/11 3.4 1.9 1.8 1.2 1.7 1.8 8.8 25 21 12 5.9# 203# 18# 24 14 15 8.3 7.7 9.9 9.2 12 6.5 3.1 2.2
基隆
NO2
04/12 1.8 2.2 2.5 2.2 2.2 2.6 4.4 6.5 5.5 NA NA 2.9* 4.5 3.8 4.3 4.5 6.6 7 9.7 11 10 9.6 8.3 9.2
基隆
NO2
04/13 5.5 3.5 3.8 4 4.4 14 18 29 28 22 29 27 22 20 13 25 33 35 37 33 27 29 27 24
基隆
NO2
04/14 17 14 8.2 7.7 4.3 8.2 18 17 14 6.9 5.6 5.4 5.5 4.7 3.9 4.9 9.4 17 14 11 6.4 7.5 7.7 5.8
基隆
NO2
04/15 5.3 3 1.8 2.1 2.5 2.7 4.7 6.4 5.8 4.3 3.7 4.5 4.6 4.2 4.3 4.4 4.7 11 16 16 18 16 13 9.8
基隆
NO2
04/16 8.7 6.2 4.7 4.9 8.7 6.2 16 28 26 29 40 23 11 12 8.5 7.6 9.2 9.6 14 16 21 22 27 15
基隆
NO2
04/17 8.8 7.9 6.3 6.2 5.6 8.9 19 21 14 13 11 7.9 5.5 5.6# 6.7# 4.5 5.4 6.4 13 23 27 19 11 26
基隆
NO2
04/18 14 8.1 11 13 8.8 11 22 23 21 12 8.9 8.6 15 15 14 18 13 8.9 21 20 20 6.4 16 16
基隆
NO2
04/19 11 8.1 14 14 13 20 20 30 36 34 18 20 14 11 9.7 22 30 24 35 30 33 30 28 21
基隆
NO2
04/20 18 19 19 16 16 17 19 22 21 15 10 7.1 10 4.5 3.7 4.2 4.7 6 11 19 22 20 20 17
基隆
NO2
04/21 13 9.7 8.7 9 8.6 10 12 15 9.2 9 7.8 7.2 5.2 4.8 5.8 4.4 5.4 7.2 15 23 24 19 19 20
基隆
NO2
04/22 23 21 16 13 11 9.8 13 18 10 13 18 6.4 2.6 2.7 1.9 2.6 8.2# 13# 19 26 28 26 23 24
基隆
NO2
04/23 19 9.3 6.6 7.3 13 12 14 17 18 19 20 21 13 5.6 4 4.6 5.5 8.6 18 41 47 43 41 30
基隆
NO2
04/24 26 17 16 15 14 13 14 19 21 23 23 11 7.5 7.5 5.6 4.9 5.7 6.9 9.5 10 13 9 8.9 7.8
基隆
NO2
04/25 6.5 6.3 6 5.5 6.7 8.6 15 15 20 15 11 8.9 5.3 4.3 4.7 4.6 5.5 7.4 13 10 12 12 8.7 5.5
基隆
NO2
04/26 3.7 2.7 1.2 1.3 0.7 1.3 2.9 3.8 2.4 1.6 1.2 0.9 1.1 0.9 0.8 2.5 2.5 3.1 2 2.1 2.5 2.4 2.3 1.4
基隆
NO2
04/27 1.1 1.5 1.6 1.5 1.4 2 2.9 2.7 2.8 3.4 3.8 4.1 4 3.7 3.7 4.1 3.8 5.7 5.6 3.3 4 4 3.3 8
基隆
NO2
04/28 3.7 6.3 5.7 5 6.2 13 19 17 15 12 12 8.7 10 10 9.1 15 19 18 27 35 27 30 29 19
基隆
NO2
04/29 11 5.5 4.5 5.8 7 11 16 14 19 16 5.7 4.5 4.3 5.5 11# 12# 15 23 21 26 20 21 17 14
基隆
NO2
04/30 11 20 13 11 13 13 18 21 18 11 6.3 6 4.7 4.1 6.3 7.7 13 23 21 22 13 5.4 4.5 6.4
基隆
NO2
監測年月：2019/05， 測站：基隆， 測項：NO2（ppb）
基隆
NO2
日期 00 01 02 03 04 05 06 07 08 09 10 11 12 13 14 15 16 17 18 19 20 21 22 23
基隆
NO2
05/01 7.1 4.8 4.5 4.2 6.1 7.7 6.5 8 7.1 7.6 11 16 11 12 11 12 11 6.9 6.4 5.7 5.7 7 6.7 9.9
基隆
NO2
05/02 6.6 5.8 3.9 3.5 5.1 8.4 6.5 11 24 14 11 12 14# 12 12 16 18 7.4 7.7 7.1 10 12 12 11
基隆
NO2
05/03 7.6 5.2 3.6 4.3 6.8 9.4 7.3 6.6 8.1 6.1 5 3.5 3 2.9 3.4 4 4.4 6.5 12 17 22 25 18 26
基隆
NO2
05/04 16 8.3 5.8 4.2 3.8 4.2 7.5 6.5 6.2 5.7 7.6 6.6 6.8 6.4 6 6 8.5 12 18 13 16 13 13 16
基隆
NO2
05/05 5.8 6.4 5.5 4.5 5.9 6.8 7.7 4.8 3.1 3.5 2.5 3 2.8 3.3 3.5 3.5 5.1 6.7 7.9 5.4 6.5 12 9.5 3.8
基隆
NO2
05/06 2.2 1.8 1.9 1.6 1.7 2.2 9.5 22 23 13 12 11 2.6 3 3.5 4.7 4.5 7.3 12 2.9 4.7 5.7 2.9 2
基隆
NO2
05/07 1.3 1.6 1.5 1.8 1.5 2.4 3.2 4.9 4.4 4.2 3.9 3.5 5.1 4.2 6.5 12 23 18 8 23 10 5.5 6.6 11
基隆
NO2
05/08 9.7 3.6 4.1 3.7 6.8 11 27 33 28 29 6.4 7.6 6.1 5.3 10 16 20 12 16 18 17 14 9.5 9.4
基隆
NO2
05/09 8.2 6.7 5 4.7 7 11 18 33 13 10 7.6 6 6 14 5.4 7.1 7.4 7.4 6.1 4.8 7.1 18 7.3 6.3
基隆
NO2
05/10 4.1 2.4 2.1 2.4 2.6 9.3 19 12 8 5.5 6.4 4.2 4.1 3.6 2.7# 3.9# 4.8 7.2 10 8.1 6.2 11 5.6 5.3
基隆
NO2
05/11 4.2 2.5 1.9 2.8 3.8 3.7 4.5 14 6.6 14 9.9 5.4 2.8 2.8 12 4.2 4.4 6.7 5.4 5.4 9.8 14 14 13
基隆
NO2
05/12 11 11 17 15 13 12 13 9 3.4 3.8 3.5 3.1 2.8 2.8 3.1 3.2 3.4 4.3 4.6 5.8 6.6 6.9 11 6.7
基隆
NO2
05/13 3.4 5.2 0.8 0.8 4.5 11 16 17 4.6 7.6 7.2 8.7 5.5 6.9 6.4 8 13 23 22 24 19 19 16 16
基隆
NO2
05/14 16 15 14 17 21 21 25 24 19 16 14 14 8.3 6.4# 20 14 9.1 7.9 6.3 5 6.9 5.7 4.3 3.8
基隆
NO2
05/15 4.4 2.4 1.9 1.8 2.5 5.2 15 7.4 6.1 5.1 4 5.2 7.3 4.3# 2.6 2.6 4 8.2 14 24 27 26 23 18
基隆
NO2
05/16 18 17 14 12 11 10 12 18 19 16 19 26 11 11 11 11 19 17 15 14 20 24 9.5 12
基隆
NO2
05/17 11 10 8.2 4.8 6.7 8.1 13 15 16 20 22 24 22 14 10 9.2 11 19 15 17 17 15 14 13
基隆
NO2
05/18 11 13 10 6.5 3.7 7.7 9.6 7.9 11 15 9.5 8.6 10 8.5 7.2 8.5 8.3 12 19 22 15 18 9.5 10
基隆
NO2
05/19 11 6.2 5.2 4.1 3.8 5.7 7.7 9.7 6 3.7 3.4 8.7 4.7 3.7 5.5 4.5 5.6 15 21 27 26 27 21 15
基隆
NO2
05/20 12 8.3 10 14 11 9.4 10 11 16 17 4.6 5.4 7.1 4.8 6# 4.9 4.5 5.1 4.8 4.2 9.3 5.4 3.6 5.3
基隆
NO2
05/21 2.2 3 2.6 1.9 1.6 3.6 5 6.8 4.7 4.7 4.1 3.6 3.9 3.4 3 4.1 4.7 5.7 17 16 14 11 8.8 10
基隆
NO2
05/22 12 8.5 8.3 5.7 6.1 14 27 34 20 9.6 8.4 5.9 5.3# 6.3 6.8 6.5 9.6 9.7 11 16 25 17 17 19
基隆
NO2
05/23 15 14 13 10 11 15 23 24 7.7 6.3 7.3 8.7 5.5 3.9 3.3 4.8 6 7.7 7.8 15 9.2 20 10 7.5
基隆
NO2
05/24 5.5 2.9 2.2 2.9 2.8 3.1 4.5 7.1 7.3# 7.1 NA 3.6 3.6 2.8 3 3.9# 4.1 4.6 3.6 4.1 3 2.2 2.2 2.1
基隆
NO2
05/25 3.4 3.1 1.8 3.3 4.4 1.9 2.2 2.8 3.2 3.4 3.7 3.2 3.2# 3 2.7 2.8 2.9 3.4 3.1 2.4 2.7 6 2.9 3.4
基隆
NO2
05/26 3.1 2.3 1.7 3.1 5.9 11 12 9.5 6.2 4 3.5 2.9 2.6 3.3 4.3 7.6 4.7 5 7.3 4.2 7.1 3.3 3.5 7.7
基隆
NO2
05/27 8.6 4.5 4.8 5.4 7.5 11 13 15 15 15 10 8.5# 4.8# 4 9.9 7.5 15 21 24 24 20 15 18 18
基隆
NO2
05/28 18 14 12 11 12 12 15 17 4.7 3.7 4 4.7 5.6 3.5 3.9 4.5 4.8 5.9 5.1 3.6 3.2 3.6 3.6 3.2
基隆
NO2
05/29 2.6 1.5 1.5 1.5 1.4 1.6 3.9 6.6 4.3 3.6 4 3.4 3.7 5 4.6 5.7 4.8 4.9 6.6 10 16 16 12 6.6
基隆
NO2
05/30 6.5 4.7 4.9 4.5 5.8 13 25 34 8.5 4.1 3.5 3 2.8 2.8 4.3 5.6 11 9.9 15 21 23 20 20 21
