彰化
PM10
01/01 42 12 19* 11 13 12 10 10 13 11 11 28 33 37 35 43 38 29 25 23 18 11 10 12
彰化
PM10
01/02 7 4 3 3 13 10 10 17 14 15 16 27 29 31 34 27 38 32 34 30 24 25 21 16
彰化
PM10
01/03 20 21 10 21 18 17 12 13 23 19 18 26 24 23 31 26 1000# 29 30 29 27 33 27 29
彰化
PM10
01/04 34 50 46 62 66 72 60 52 49 50 58 58 74 85 85 58 51 43 43 47 42 42 41 46
彰化
PM10
01/05 40 47 48 55 55 53 57 56 56 61 68 58 68 47* 52 76 71 53 47 43 47 45 43 30
彰化
PM10
01/06 19 9 5 1 1 0* 13 12 10 9 7 19 17 13 13 20 26 26 21 23 25 24 26 24
彰化
PM10
01/07 24 18 27A 24x 23x 21A 18x 17x 19x 19A 22A 28x 34A 35x 34x 52A 45A 47A 44A 45x 1000* 1000* 40A 1000*
彰化
PM10
01/08 68A 50A 41A 42A 1000* 1000* 1000* 1000* 1000* 1000* 1000# 32 30 24 28 33 36 32 25 26 22 21 18 23
彰化
PM10
01/09 23 8 13 12 10 11 13 15 23 25 25 30 42 37 51 47 41 37 33 33 34 31 29 34
彰化
PM10
01/10 34 32 48 44 39 48 53 72 77 63 51 63 62 65 73 83 67 65 65 58 66 50 39 51
彰化
PM10
01/11 51 53 55 50 45 42 46 53 46 50 55 52 51 53 44 50 54 62 64 57 59 58 60 62
彰化
PM10
01/12 62 64 58 45 46 50 20 22 28 38 39 52 51 45 42 51 53 47 53 43 41 33 33 27
彰化
PM10
01/13 16 17 23 29 25 15 19 24 23 24 26 49 53 56 58 64 81 52 31* 31 29 20 15 13
彰化
PM10
01/14 18 15 16 20 18 12 21 15 21 24 34 47 54 48 51 54 44 43 45 44 46 42 45 50
彰化
PM10
01/15 51 59 64 61 78 73 75 85 79 88 1000# 84# 70 58 64 85 79 75 68 66 56 49 37 17
彰化
PM10
01/16 31 29 29 26 27 25 21 10 14 14 15 21 24 19 23 25 24 21 15 12 15 17 16 12
彰化
PM10
01/17 8 7 3 6 7 7 8 18 19 31 27 32 31 28 21 22 29 35 41 49 44 44 44 43
彰化
PM10
01/18 37 42 40 35 34 34 37 36 35 39 53 51 51 51 53 71 59 72 70 68 66 69 72 70
彰化
PM10
01/19 75 82 84 80 79 88 88 84 90 84 88 74 74 77 57 66 74 91 112 102 100 89 95 102
彰化
PM10
01/20 104 94 90 78 87 89 94 80 82 85 84 82 68 63 72 83 107 100 80 85 72 61 49 33
彰化
PM10
01/21 21 15 20 29 28 26 20 26 28 23 22 23 27 40 45 43 38 40 29 28 34 41 33 37
彰化
PM10
01/22 26 28 33 40 40 32 34 32 35 43 46 1000# 38 52 47 48 43 38 45 53 49 46 39 37
彰化
PM10
01/23 35 38 38 37 38 40 43 48 52 45 58 61 59 68 67 73 76 77 75 72 70 70 63 69
彰化
PM10
01/24 64 62 60 58 53 59 58 60 62 57 60 59 67 69 68 60 62 62 65 73 72 75 68 72
彰化
PM10
01/25 72 63 69 65 71 63 59 53 53 57 56 69 59 70 74 85 87 84 87 81 76 71 70 58
彰化
PM10
01/26 70 48 56 47 43 42 40 39 40 36 54 64 90 72 72 70 64 48 36 42 31 36 41 32
彰化
PM10
01/27 31 26 24 17 21 23 18 24 26 22 31 30 54 44 44 42 37 39 39 41 39 36 27 26
彰化
PM10
01/28 32 32 25 25 28 31 36 33 34 49 39 45 52 57 62 51 1000# 46 52 38 42 45 40 40
彰化
PM10
01/29 44 41 47 48 43 42 41 45 49 52 49 57 51 46 55 58 61 58 57 65 63 63 57 55
彰化
PM10
01/30 72 58 57 47 53 71 84 85 85 82 73 87 81 75 71 64 63 87 101 99 93 80 78 81
彰化
PM10
01/31 59 38 45 37 31 33 32 37 53 62 65 81 68 55 42 41 51 49 48 42 38 58 50 36
彰化
PM10
監測年月：2019/02， 測站：彰化， 測項：PM10（μg/m3）
彰化
PM10
日期 00 01 02 03 04 05 06 07 08 09 10 11 12 13 14 15 16 17 18 19 20 21 22 23
彰化
PM10
02/01 21 11 16 18 15 12 20 17 22 33 41 44 56 44 43 36 44 42 36 32 32 32 40 31
彰化
PM10
02/02 33 32 34 32 34 38 38 38 44 48 62 74 87 80 83 90 87 78 86 86 84 78 77 89
彰化
PM10
02/03 84 88 89 93 91 75 59 50 37 46 36 32 50 55 64 68 73 80 79 72 67 52 41 51
彰化
PM10
02/04 55 62 52 77 58 51 54 71 59 32 25 33 33 41 51 59 58 68 57 60 60 57 60 62
彰化
PM10
02/05 72 75 73 67 74 61 43 43 45 49 53 51 49 1000# 57* 88 109 110 116 99 92 100 98 100
彰化
PM10
02/06 90 77 74 58 52 65 86 74 69 62 59 48 54 50 44 42 54 49 40 47 49 90 62 69
彰化
PM10
02/07 72 59 59 52 48 54 48 49 49 42 33 21 21 14 16 39 47 40 39 35 35 38 39 58
彰化
PM10
02/08 56 47 39 42 38 28 34 30 27 21 26 32 41 44 34 33 26 32 26 26 25 21 19 23
彰化
PM10
02/09 27 29 32 27 27 21 25 21 23 26 28 23 23 28 22 30 24 23 22 22 15 19 16 9
彰化
PM10
02/10 16 12 13 13 10 11 12 10 16 19 19 20 21 22 25 31 40 37 31 31 32 35 27 22
彰化
PM10
02/11 22 25 25 25 23 19 12 10 20 13 19 24 35 33 38 33 28 23 17 20 21 16 18 12
彰化
PM10
02/12 11 17 18 18 14 11 13 15 17 15 17 25 31 37 31 25 23 30 31 26 22 32 29 43
彰化
PM10
02/13 61 44 39 37 42 31 38 43 48 41 37 41 37 32 36 37 42 37 28 28 25 24 30 23
彰化
PM10
02/14 26 23 24 20 24 19 28 26 49 34 27 29 40 1000# 108x 41 48 54 55 57 48 50 49 43
彰化
PM10
02/15 46 44 42 28 36 32 29 35 40 29 31 37 50 46 1000# 49 56 59 69 65 68 73 62 62
彰化
PM10
02/16 73 74 65 70 60 63 70 59 54 64 60 77 49 44 46 44 43 31 26 26 28 30 26 20
彰化
PM10
02/17 9 14 16 15 11 18 14 12 16 17 21 34 31 36 52 43 44 44 32 28 22 25 16 17
彰化
PM10
02/18 19 21 26 29 25 14 23 21 39 42 20 33 31 28 32 33 46 37 37 44 44 41 47 48
彰化
PM10
02/19 58 21 12* 9 12 23 28 40 65 89 89 69 56 53 48 54 60 70 75 82 79 67 74 69
彰化
PM10
02/20 65 55 60 61 67 78 63 59 66 76 97 102 101 80 71 74 76 86 99 131 119 72 56 53
彰化
PM10
02/21 62 74 77 71 67 39 40 44 55 58 71 58 46 61 58 48 41 39 43 23 20 11 21 20
彰化
PM10
02/22 25 50 43 36 33 35 43 42 39 36 1000# 31# 32 29 30 37 37 18 16 12 8 12 12 11
彰化
PM10
02/23 9 13 16 16 16 20 16 16 15 20 27 50 46 39 32 34 25* 25 18 20 17 17 13 11
彰化
PM10
02/24 10 17 18 14 8 7 5 7 15 14 13 13 17 14 8 12 8 16 9 19 21 16 20 21
彰化
PM10
02/25 14* 12 19 17 13 7 9 12 16 18 24 24 29 37 37 39 41 41 38 42 38 41 32 27
彰化
PM10
02/26 22 32 34 38 30 39 36 39 37 36 1000# 45 47 57 60 65 73 60 47 38 44 48 52 60
彰化
PM10
02/27 54 58 67 84 106 107 81 67 57 53 50 58 42 33 37 35 35 35 26 37 41 38 34 25
彰化
PM10
02/28 28 34 65 84 135 139 120 113 86 80 68 64 60 54 53 42 36 36 28 38 37 41 26 26
彰化
PM10
監測年月：2019/03， 測站：彰化， 測項：PM10（μg/m3）
彰化
PM10
日期 00 01 02 03 04 05 06 07 08 09 10 11 12 13 14 15 16 17 18 19 20 21 22 23
彰化
PM10
03/01 28 27 23 22 23 27 23 26 24 28 32 31 40 45 51 77 74 67 68 66 64 74 52 49
彰化
PM10
03/02 51 69 67 69 80 71 66 59 64 76 92 106 91 84 77 74 78 98 100 109 104 90 99 97
彰化
PM10
03/03 99 149 136 137 134 124 114 71 54 36 38 8 8 5 2 4 9 17 12 19 20 23 22 24
彰化
PM10
03/04 29 19 16 21 23 24 31 31 27 24 30 33 41 46 55 51 54 54 53 54 58 54 53 47
彰化
PM10
03/05 46 43 47 47 40 42 40 51 60 45 72 63 73 87 1000# 52 62 85 47 18 11 8 10 12
彰化
PM10
03/06 14 15 9 5 6 12 13 10 20 19 16 29 25 27 28 20 19 22 21 30 20 14 13 15
彰化
PM10
03/07 9 12 13 8 7 11 7 14 15 15 1000# 12 18 19 43 44 37 40 42 32 35 31 29 31
彰化
PM10
03/08 29 21 26 21 16 16 21 28 26 28 34 29 14 29 34 22 23 28 28 32 29 23 29 27
彰化
PM10
03/09 31 24 10 5 7 5 11 12 12 10 10 10 9 8 13 21 15 13 9 5 9 13 12 17
彰化
PM10
03/10 25 9 10 10 7 9 13 8 9 10 17 21 26 20 20 29 24 16 18 21 20 18 21 13
彰化
PM10
03/11 21 21 18 17 16 16 28 36 34 54 56 50 48 37 46 49 47 42 37 37 35 37 35 35
彰化
PM10
03/12 32 29 32 29 28 24 25 36 44 53 46 43 60 64 65 61 56 57 56 52 56 58 58 61
彰化
PM10
03/13 60 61 56 59 58 56 65 68 59 63 59 58 65 61 1000# 59 57 51 63 65 71 75 80 95
彰化
PM10
03/14 104 105 88 73 61 60 57 72 88 81 78 86 69 77 87 71 78 74 70 56 63 57 50 40
彰化
PM10
03/15 36 41 35 25 14* 11 7 8 11 17 17 22 28 25 25 32 28 27 23 26 21 21 31 22
彰化
PM10
03/16 18 28 28 24 25 34 36 46 55 56 70 71 76 68 53 57 63 58 76 76 73 81 81 75
彰化
PM10
03/17 72 66 68 75 80 78 72 66 60 49 48 51 55 44 47 43 38 46 42 45 40 39 40 50
彰化
PM10
03/18 47 48 58 64 67 64 69 67 70 68 61 71 81 74 81 69 75 82 77 76 78 101 90 94
彰化
PM10
03/19 92 89 82 79 74 74 74 68 55 47 51 46 67 62 64 72 75 57 62 60 61 70 75 74
彰化
PM10
03/20 80 91 96 98 100 106 114 120 88 74 66 1000# 81# 82 69 48 53 44 58 44 33 29 30 30
彰化
PM10
03/21 30 28 26 33 41 42 43 38 36 27 34 30 30 1000* 1000* NA 1000# 30 38 32 37 40 38 35
彰化
PM10
03/22 36 32 31 29 48 69 71 68 66 54 74 74 61 52 56 70 73 59 56 44 38 41 28 28
彰化
PM10
03/23 22 26 24 20 21 18 14 12 11 21 19 28 21 27 31 22 22 17 18 16 17 18 21 11
彰化
PM10
03/24 16 13 15 15 13 15 22 20 20 26 27 18 35 24 25 25 32 39 40 44 37 43 55 53
彰化
PM10
03/25 45 34 34 40 44 40 26 34 47 59 53 44 50 30 27 30 36 41 25 25 32 32 43 43
彰化
PM10
03/26 22 15 19 18 27 25 33 32 26 27 35 32 34 42 43 65# 49 58 53 44 46 57 54 52
彰化
PM10
03/27 55 52 51 57 64 68 66 74 68 67 47 44 65 42 42 46 41 37 40 54 52 52 59 66
彰化
PM10
03/28 69 73 69 58 56 61 55 61 49 36 32 35 29 34 34 38 45 38 29 31 27 33 26 18
彰化
PM10
03/29 23 24 25 27 32 26 31 40 30 30 33 30 27 34 37 38 51 49 56 56 57 58 19 10
彰化
PM10
03/30 5 6 10 12 14 14 24 17 25 26 14 19 22 41 42 51 49 51 54 54 73 109 48 45
彰化
PM10
03/31 45 36 36 30 34 35 40 35 35 46 50 50 75 67 121 80 69 61 36 37 30 31 29 18
彰化
PM10
監測年月：2019/04， 測站：彰化， 測項：PM10（μg/m3）
彰化
PM10
日期 00 01 02 03 04 05 06 07 08 09 10 11 12 13 14 15 16 17 18 19 20 21 22 23
彰化
PM10
04/01 18 21 20 15 14 13 12 15 12 13 19 1000# 15 22 17 19 30 18* 22 17 27 25 19 17
彰化
PM10
04/02 32 37 37 37 37 43 43 48 54 60 63 56 53 58 47 61 64 57 59 63 63 66 72 57
彰化
PM10
04/03 57 64 60 55 42 43 44 34 30 36 31 31 37 44 46 44 48 46 43 35 32 30 37 42
彰化
PM10
04/04 44 43 42 45 40 43 42 47 40 49 47 63 57 60 47 80 59 43 46 35 38 34 35 36
彰化
PM10
04/05 40 32 50 47 56 51 51 72 63 60 50 47 43 34 36 37 25 24 26 26 37 41 42 46
彰化
PM10
04/06 40 40 43 51 55 50 71 79 81 83 60 70 49 37* 44 32* 41 48 46 50 50 62 62 75
彰化
PM10
04/07 72 71 76 74 70 59 52 51 48 45 46 47 46 42 39 41 50 51 50 65 79 89 84 93
彰化
PM10
04/08 91 81 80 66 56 55 55 51 41 33 42 43 57 52 42 41* 41 34 23* 34 38 49 49 48
彰化
PM10
04/09 45 42 48 49 41 55 64 61 58 42 42 43 51 45 43 40 1000# 34 35 30 42 36 31 22
彰化
PM10
04/10 26 27 25 27 30 33 40 38 37 39 39 36 40 35 33 26 34 34 24 44 48 48 50 51
彰化
PM10
04/11 50 55 47 29 32 34 36 42 41 38 42 46 46 42 39 55 38 30 21 17 16 15 19 17
彰化
PM10
04/12 14 12 16 14 13 16 24 30 25 26 26 41 42 51 54 56 46 42 36 39 41 32 34 32
彰化
PM10
04/13 34 51 50 57 39 43 36 30 23 26 26 35 28 57 50 28 25 20 18 32 27 24 26 31
彰化
PM10
04/14 37 38 47 42 42 45 44 40 37 30 34 37 26 15 15 32 37 34 28 23 28 30 29 49
彰化
PM10
04/15 15* 26 35 32 28 37 36 38 49 48 45 50 48 50 42 34 33 38 35 40 38 45 41 46
彰化
PM10
04/16 42 50 53 38 33 22 14 20 17 22 26 27 19 22 1000# 36 41 40 39 37 44 59 57 60
彰化
PM10
04/17 47 48 43 44 48 45 34 32 28 25 18 25 29 33 32 33 42 38 41 47 49 55 61 67
彰化
PM10
04/18 73 80 83 79 81 80 76 81 66 63 61 60 52 45 32 30 30 25 45 53 52 55 45 40
彰化
PM10
04/19 54 56 48 35 35 33 35 34 31 27 32 29 53 48 74 27* 12* 10 20 29 20 13 18 12
彰化
PM10
04/20 9 8 8 11 18 27 21 23 11 25 30 24 27 21 30 38 62 73 86 83 67 32 19* 31
彰化
PM10
04/21 31 42 14 16 19 10 10 13 10 19 22 20 21 13 22 16 26 24 33 36 25 32 26 27
彰化
PM10
04/22 20 21 31 25 30 22 27 19 24 26 26 33 36 30 31 27 29 32 24 28 37 25 31 32
彰化
PM10
04/23 13 16 17 26 24 26 28 24 21 19 32 27 22 20 20 1000# 19 23 25 26 25 29 28 9
彰化
PM10
04/24 21 17 15 17 19 23 29 29 27 34 24 31 26 24 20 26 16 29 19 20 18 19 17 17
彰化
PM10
04/25 11 22 16 11 19 21 21 27 23 29 25 22 22 18 19 21 19 20 22 25 31 31 27 30
彰化
PM10
04/26 25 21 25 22 23 28 24 32 30 32 50 52 64 66 55 47 40 32 37 37 38 41 25 43
彰化
PM10
04/27 47 62 59 54 66 58 49 46 64 51 54 52 51 49 56 62 52 52 41 34 33 28 28 27
彰化
PM10
04/28 33 29 35 36 37 41 40 38 65 61 69 68 64 71 61 51 49 41 45 46 40 42 44 46
彰化
PM10
04/29 53 76 67 73 77 71 75 75 71 60 64 40* 38 34 30 25 22 25 26 30 37 42 50 56
彰化
PM10
04/30 56 45 46 41 35 24 35 27 30 28 23 1000# 28# 33 26 32 25 25 24 28 27 26 25 24
彰化
PM10
監測年月：2019/05， 測站：彰化， 測項：PM10（μg/m3）
彰化
PM10
日期 00 01 02 03 04 05 06 07 08 09 10 11 12 13 14 15 16 17 18 19 20 21 22 23
彰化
PM10
05/01 20 18 16 14 19 20 5 9 6 10 13 10 4 1 5 8 6 11 11 8 13 19 15 15
彰化
PM10
05/02 16 14 16 19 27 18 29 27 32 31 43 38 46 38 41 33 28 20 13 29 40 32 39 40
彰化
PM10
05/03 23 42 21 20 12 15 17 17 22 36 41 41 50 45 63 66 67 79 74 56 53 54 54 54
彰化
PM10
05/04 53 54 63 56 59 56 54 52 40 44 33 32 43 45 44 52 69 69 78 80 87 75 65 68
彰化
PM10
05/05 69 62 58 49 29 48 48 42 45 32 43 53 47 52 46 42 40 44 33 36 38 39 45 52
彰化
PM10
05/06 39 37 33 26 19* 25 20 21 20 17 1000# 9 8 23 18 19 23 19 20 8 6 8 20 14
彰化
PM10
05/07 11 12 12 10 17 4 22 8 16 15 14 15 10 18 18 15 24 35 36 26 20 20 18 31
彰化
PM10
05/08 23 28 36 35 45 55 42 59 55 63 67 66 47 26* 30 31 46 46 42 42 52 45 47 51
彰化
PM10
05/09 42 38 35 26 26 35 37 33 38 36 31 32 29 24 23 17 20 28 18 18 14 11 12 16
彰化
PM10
05/10 15 15 21 19 15 15 17 25 27 24 35 27 25 28 29 49 40 45 45 36 37 31 37 41
彰化
PM10
05/11 37 41 38 43 34 36 40 55 50 29 25 30 27 32 30 37 43 46 37 42 45 51 49 51
彰化
PM10
05/12 42 45 43 34 35 38 38 58 48 47 51 57 68 55 52 53 50 33 46 34 41 42 42 56
彰化
PM10
05/13 55 64 69 64 66 73 84 72 59 58 70 75 62 55 40 28 35 30 45 49 57 57 55 65
彰化
PM10
05/14 58 63 64 61 53 58 45 36 26 25 30 46 34 27 25 27 21 22 15 19 26 20 21 28
彰化
PM10
05/15 34 37 38 38 41 33 33 45 32 27 28 30 1000# 15* 12 17 23 34 34 27 29 30 23 23
彰化
PM10
05/16 28 6 28 29 22 19 14 15 11 16 19 21 32 16 17 15 16 21 28 40 34 34 31 34
彰化
PM10
05/17 27 30 30 22 25 23 31 27 25 23 30 29 23 13 1000* 13A 25 29 26 22 23 24 27 29
彰化
PM10
05/18 25 23 22 17 6 10 14 17 24 26 23 26 23 29 27 26 26 28 23 19 23 22 21 22
彰化
PM10
05/19 16 16 17* 21 20 20 19 19 21 22 20 10 18 18 20 15 23 23 22 30 30 30 28 24
彰化
PM10
05/20 23 28 22 18 24 24 24 29 30 24 23 14* 11 6 5 10 30 30 33 29 30 24 18 24
彰化
PM10
05/21 17 21 16 17 21 28 30 42 42 64 61 58 48 53 48 56 61 68 52 51 50 53 53 46
彰化
PM10
05/22 56 50 54 58 57 47 68 78 82 76 79 86 86 77 81 53 55 56 52 44 52 53 53 64
彰化
PM10
05/23 63 75 71 84 77 68 28* 21 28 16 10 12 17 18 31 40 39 27 41 67 88 75 84 81
彰化
PM10
05/24 75 75 76 77 72 75 73 71 60 49 38 44 48 44 1000# 19* 14* 17 34 40 48 56 66 51
彰化
PM10
05/25 57 58 57 56 53 60 59 54 51 44 30 28 29 24 25 28 28 29 23 35 32 39 44 50
彰化
PM10
05/26 51 54 55 58 53 65 64 50 32 32 36 36 39 45 38 43 39 39 34 37 42 49 60 69
彰化
PM10
05/27 82 87 88 78 71 61 61 60 53 51 37 32 26 31 29 2 7 13 19 28 33 34 22 16
彰化
PM10
05/28 10 15 25 24 22 26 32 33 32 18 35 5 0* 10 8 8 15 12 29 35 35 38 33 31
彰化
PM10
05/29 19 20 28 18 25 32 26 28 30 35 39 36 40 50 44 51 46 36 38 39 34 34 26 26
彰化
PM10
05/30 26 22 27 26 25 27 29 37 43 52 1000# 46 46 42 41 43 59 62 58 58 48 45 53 59
彰化
SO2
01/01 2.6 1.9 1.8 2.1 2.1 1.9 2.1 2.3 2.2 2.3 2.2 2.4 2.3 2.2 2.3 2.3 2.4 2.1 2.3 2.3 2.1 2.2 2 2.1
彰化
SO2
01/02 1.3 1.2 1.3 1.3 1.2 1 1.5 1.5 1.7 1.7 1.8 2.1 1.8 2.2 2.1 1.7 1.8 2.1 2 1.8 1.7 1.9 1.6 1.6
彰化
SO2
01/03 2.1 1.7 1.8 1.7 1.4 1.6 1.5 1.5 1.9 1.8 1.7 2.1 1.9 1.9 2 2.3 2.5 2 2.1 2.1 2.4 2.1 2.4 2
彰化
SO2
01/04 9.2 2.9 1.2 1.1 0.7 1 0.8 1.1 1.4 1.9 4.6 2.6 2.4 3.4 4.4 2 1.6 1.1 1.1 1 1.3 1.2 1.3 1.2
彰化
SO2
01/05 1.1 0.1 -0.3 -0.1 -0.1 0.4 0.5 0.3 0.4 0.7 0.7 1.1 2.6 1.2 0.5 3.2 2.9 0.8 0.8 0.6 1 0.9 0.6 0
彰化
SO2
01/06 -0.1 1.6 1.3 1.1 1 1.1 1.1 1.1 1.1 1.4 1.5 1.4 1.2 1.4 1.5 1.7 1.5 1.7 1.5 1.7 1.8 1.8 2.1 1.8
彰化
SO2
01/07 1.3 1 1.4 1.6 1.9 2.1 1.7 1.6 2.1 2.6 2.7 2.8 3.4 2.3 1.9 1.7 1.9 1.5 1.3 1.4 1.1 1.1 1 0.7
彰化
SO2
01/08 1.2 1.6 1.9 1.8 1.9 1.6 2 2 1.8 2.1# 2.3 2.1 1.8 1.7 2.2 2.1 2 2 2.2 2.3 2.4 2.3 2.3 2.8
彰化
SO2
01/09 2.8 2 2 2.1 1.8 1.9 1.7 2.1 2.5 2.8 2.6 2.8 2.1 2.3 2.6 2.5 2.2 2.4 1.8 2.1 2.3 2.5 3.3 3.3
彰化
SO2
01/10 4 3.6 3.7 3.8 3.7 3.5 3.6 2.8 3 3.2 3.3 3.4 3.1 2.9 3.2 3.2 2.8 2.9 2.8 2.6 2.9 2.9 2.9 2.9
彰化
SO2
01/11 2.2 1.1 1 1 0.8 0.9 1.1 1.5 1.7 2.2 2.2 1.9 3.4 4.5 6.3 4.5 2.8 1.9 1.4 1.2 1.4 1.9 2.1 2.6
彰化
SO2
01/12 2.6 5.4 5.1 4.7 4.4 3.9 3.3 3.2 3.6 4.2 3.8 1.7 1.6 1.4 2 1.3 1.5 1.4 1.6 1.4 1.4 1.3 1.3 1.2
彰化
SO2
01/13 1.1 1.9 1.8 1.9 1.8 1.7 1.5 1.7 1.8 1.9 1.9 1.8 1.8 1.8 1.7 2.7 3 1.8 1.5 1.5 1.3 1.4 1.5 1.3
彰化
SO2
01/14 2.3 1.9 1.6 1.6 1.8 1.7 1.7 1.8 1.8 2.4 2.6 2.6 3 2.1 2.3 2.1 1.7 1.7 1.6 1.8 1.7 1.8 1.7 1.7
彰化
SO2
01/15 2.3 2.3 2 1.8 1.8 1.8 1.9 2.1 2.4 2.8 2.6# 2.7 2.3 2.3 2.3 2 1.5 1.7 1.7 1.6 1.6 1.7 1.6 1.8
彰化
SO2
01/16 0.8 1.1 1 0.9 0.7 0.9 0.5 0.5 0.7 0.7 0.9 1.1 0.9 0.9 1 0.8 1 1 0.8 0.9 1 0.6 1 0.6
彰化
SO2
01/17 1.4 2.4 2.4 2.3 2.3 2.3 2.4 2.6 2.7 2.5 2.7 2.8 2.9 2.7 2.8 2.8 2.8 2.9 2.8 3 2.9 2.8 2.7 2.9
彰化
SO2
01/18 3.1 0.9 0.6 0.6 1 0.6 0.6 0.9 1.5 2.5 3.1 2.7 3.4 2.8 6.7# 9.3 9.5 9.5 5 4.9 3.9 3.8 3.3 4.3
彰化
SO2
01/19 3.4 4.5 3.3 2.7 2.6 2.4 2.7 2.6 3.2 3.5 3.7 3.7 3.7 3 2.7 3.4 3.1 3.8 5.4 4.2 3.4 3.7 3.9 7.6
彰化
SO2
01/20 6.4 4.5 7.8 5 4 3.7 3.6 4.4 4.7 4.6 4.5 4.6 3.9 2.9 2.9 2.9 2.9 2.6 2.8 2.8 2.6 2.6 2.4 2.3
彰化
SO2
01/21 2.1 1 1.1 1.1 1.3 1 1 1.3 1.5 1.4 1.4 1.7 1.7 1.5 1.8 1.4 1.3 1.7 1.3 1.4 1.4 1.6 1.5 1.1
彰化
SO2
01/22 1.3 1.9# 1.8 1.8 1.8 2 1.9 2.4 2.5 2.6 2.7 2.9# 2.9 3.1 2.8 3 2.5 2.7 2.7 3 2.7 2.7 2.7 3.2
彰化
SO2
01/23 2.9 2.3 2.3 2.2 2.5 2.6 2.9 2.9 3.6 3.6 3.6 3.6 3.3 3.2 2.7 2.7 3 2.7 2.5 2.6 2.9 3 2.8 3
彰化
SO2
01/24 2.6 2.1 1.9 2.3 2.9 2.5 2.1 1.8 2.5 2.6 3.4 3.5 3.1 2.2 2.4 2.3 2.3 2.6 2.4 3 3.1 2.6 2.7 2.1
彰化
SO2
01/25 3.2 2.5 2.8 3 2.8 2.4 2.3 3 2.7 2.9 3.4 5.2 3.1 3 3.4 2.7 2.7 2.4 2.4 2.5 2.4 2.6 2.5 2.5
彰化
SO2
01/26 1.9 3.5 3.4 3.2 2.9 2.7 2.7 2.7 3 2.7 2.2 2.5 2.7 2.7 2.8 2.8 2.8 2.2 2 1.9 2.1 2.5 2.6 2
彰化
SO2
01/27 3.3 1.9 1.7 1.7 1.5 1.7 1.7 1.8 1.8 1.8 2.1 2.7 2.4 2.5 2.5 2.5 2.6 2.5 2.4 2.5 2.5 2.9 3 2.6
彰化
SO2
01/28 1.6 2.7 2.9 2.4 2.7 3.4 3.6 3.5 3.5 3.9 3.9 3.7 5.8 6.8 8.2 7.1 3.4 3.3 3.2 3 3.5 3.9 3.6 3.9
彰化
SO2
01/29 4.9 3.3 3.7 3.4 3.2 2.6 2.5 3.2 3.6 4.4 4.5 5 4.5 3.4 3.3 3.4 3.5 3.1 2.9 3.1 2.8 3.3 3.5 3.2
彰化
SO2
01/30 3.9 2.1 2 2.1 1.9 2.3 2.3 2.3 2.2 2.7 2.9 5.1 6.2 9.2 6.1 6.5 4.3 3.7 3.1 4 3.5 3.3 3 3.9
彰化
SO2
01/31 3.8 2.3 2.5 2.4 2.3 1.9 2 2.3 4 3.9 4.4 5.2 4.9 4.3 3.9 3.5 6.6 3.5 3.2 2.7 3 2.9 2.6 2.1
彰化
SO2
監測年月：2019/02， 測站：彰化， 測項：SO2（ppb）
彰化
SO2
日期 00 01 02 03 04 05 06 07 08 09 10 11 12 13 14 15 16 17 18 19 20 21 22 23
彰化
SO2
02/01 2 1.9 1.9 1.8 1.7 1.5 1.7 1.9 2.1 2.2 2.3 2.5 2.8 2.5 2.5 2.2 2.6 2.2 2 2.2 2.4 2.6 2.6 2.3
彰化
SO2
02/02 1.7 2.4 2.1 2.1 2.1 2.1 2.2 2.7 3.7 3.5 3.6 5.2 7.1 7.5 13 11 6.3 4 2.4 2.5 3 2.5 2.5 2.3
彰化
SO2
02/03 2.6 1.5 1.7 1.6 1.3 1.6 1.5 1.6 1.7 1.8 1.7 1.8 3.4 5.3 4.8 8.1 5.3 5.2 5.5 3.2 2.2 1.9 2 2.3
彰化
SO2
02/04 1.8 2.8 2.5 3.2 3.2 2.8 2.7 2.8 2.3 2.3 2.4 2.6 2.4 2.3 2.7 2.5 2.7 2.5 2.2 2.1 1.9 2 1.9 2.1
彰化
SO2
02/05 2.6 2.3 2.2 2.1 2.2 2 2.1 2.5 2.7 2.7 2.8 2.9 3.5 5.2 3.6# 9.5 7.1 5.1 2.6 2.1 2.9 3.2 2.9 4.4
彰化
SO2
02/06 3.8 1.5 1.7 1.7 1.5 2.3 3.1 2.4 2.1 2 2.1 2.2 3.5 4.5 5.4 4.7 7.4 5.1 3.1 2.4 2.2 3.7 3.5 3.1
彰化
SO2
02/07 2.1 1.5 1.3 1.3 0.9 0.9 1.1 1.2 1.7 2 1.1 0.9 0.6 0.7 0.8 1.8 2.5 2 1.8 2 1.7 1.3 1.4 1.3
彰化
SO2
02/08 1.1 0.8 0.3 0 0.1 0.2 0.2 0.3 0.5 0.6 0.5 0.6 0.9 1.2 0.8 0.6 0.5 0.8 0.5 0.2 0.4 0.3 0.2 0.6
彰化
SO2
02/09 1.6 1.7 1.8 2.7 2 1.8 1.8 1.9 2 2.2 2 1.9 2 2.4 2.4 2.3 2 2.1 2 1.9 1.9 1.9 1.7 2.2
彰化
SO2
02/10 1.6 1.6 1.7 1.6 1.7 1.4 1.4 1.3 1.9 2.1 2.3 2.3 2.4 2.2 2.2 2.6 2.3 2.4 1.8 1.7 1.4 1.6 1.6 1.6
彰化
SO2
02/11 1.2 1.7 1.5 1.6 1.7 1.7 1.8 1.7 1.7 1.7 1.9 2.1 2.2 1.9 2 1.9 1.8 1.9 2 1.9 1.9 2.1 2.3 2.2
彰化
SO2
02/12 2.4 1.3 1 1 1.1 1 1 1.3 1.7 1.4 1.8 2 2.2 1.5 1.9 1.7 1.7 1.7 1.8 1.6 1.2 1.6 1.5 2.5
彰化
SO2
02/13 4.3 4.7 4.2 2.9 2.8 2.5 2.6 3.4 4 3.5 2.9 2.8 2.8 3 2.8 2.7 3.2 3.2 3.3 3.2 3.1 2.8 3 2.8
彰化
SO2
02/14 3.1 3 2.8 2.4 2.3 2.2 2.6 3 2.8 2.9 2.9 3.3 2.9 2.7 2.4 2.4 2.8 2.7 2.7 2.2 2.3 2.3 2.5 3.1
彰化
SO2
02/15 2.1 1.7 1.7 1.6 1.6 2.1 2 2.8 2.8 2.6 2.6 2.4 3.3 3.4 3.2# 4.2# 4.9 7 7.8 4.7 3.9 3.5 2.7 2.9
彰化
SO2
02/16 2.8 3.2 2.8 3 2.8 2.6 2.9 3.1 3.1 3.5 2.9 6.2 2.8 2.6 2.1 2.3 2.1 2 2 1.9 2.1 2.7 2.4 2.2
彰化
SO2
02/17 1.1 1.6 1.6 1.5 1.7 1.6 1.7 2.2 2.1 2.1 1.8 2.1 2.3 2.2 2 2.3 2.4 2.1 2.1 1.9 2 1.8 1.7 1.8
彰化
SO2
02/18 2 0.7 0.7 0.9 1 0.7 0.7 1.4 1.7 1.7 1.2 1.6 1.3 1.3 1 0.9 1.1 0.9 1 1 1 1 0.9 3.1
彰化
SO2
02/19 4.2 1.8 1.4 1.5 1.6 1.5 1.9 2.9 3.8 5 5 3.8 5.9 8.1 7.3 6.5 4.8 5.1 7.5 8.8 6.4 5.2 4.6 4.9
彰化
SO2
02/20 4.1 2.9 2.8 2.9 2.9 3.2 2.7 2.2 2.3 2.7 3 3.5 8.3 5 5.2 4.2 4.9 4 2.2 2.4 2.3 2 1.9 1.9
彰化
SO2
02/21 1.8 2.6 2.5 2.5 2.3 2.1 2.5 2.3 2.4 2.6 4.4 3.3 3.1 5 5.8 4.7 3.5 2.6 2.3 2 2.3 2.3 3.4 6.1
彰化
SO2
02/22 3 1.2 1.3 1 1.2 0.8 0.9 1 0.6 1.3 1.3 1.4# 1.3# 1.2# 1.1x 1# 1 0.6 0.9 1 0.7 0.8 0.9 0.7
彰化
SO2
02/23 0.3 1.3 1.4 1.1 1.2 1.1 0.8 1.3 1.4 1.2 1.4 1.9 1.9 1.2 1.1 1 1 1 0.6 0.9 0.7 0.8 0.6 0.9
彰化
SO2
02/24 0.8 1.3 1.3 1.1 1.2 1.1 1.1 1.2 1.3 1.2 1.5 1.4 1.1 1.2 1.1 1 1.2 1.8 1.1 1.1 1.3 1.3 1.4 1.3
彰化
SO2
02/25 1.6 1.1 1 1.2 1.1 0.7 1.2 1.3 1.3 1.4 1.6 2.1 2.3 2.1 1.9 2.1 2.1 2.1 1.9 1.9 1.8 1.6 1.6 1.4
彰化
SO2
02/26 0.7 1.8 2 1.7 1.7 1.8 1.8 2.1 2.5 2.8 2.8 2.8 2.6 2.4 2.4 3.3 4.8 3.4 1.9 1.9 1.9 2.3 2.3 2.8
彰化
SO2
02/27 3.2 4.8 5.7 4.7 3.5 3.8 3.2 3.4 3.8 4.5 4.7 4.9 5 3.4 4.1 3.1 3.5 3.5 3.9 6 6.2 4.9 4.7 4
彰化
SO2
02/28 3.3 3.5 4.5 4 2.9 2.6 3.2 3.3 3.6 3.8 6.1 2.6 2.1 2.3 2 2.5 2.4 2.6 2.6 2.7 2.8 2.8 2.1 2.3
彰化
SO2
監測年月：2019/03， 測站：彰化， 測項：SO2（ppb）
彰化
SO2
日期 00 01 02 03 04 05 06 07 08 09 10 11 12 13 14 15 16 17 18 19 20 21 22 23
彰化
SO2
03/01 3 2.8 2.9 2.5 2.3 2.3 2.3 2.5 2.8 3 2.9 2.9 3.1 3.1 2.9 2.5 2.3 2.5 2.3 2.7 2.4 2.7 2.3 2.2
彰化
SO2
03/02 2.4 3.8 3 3.5 2.9 2.6 3.1 2.8 3 3.2 5.2 8 11 13 8.9 5.4 4.3 6 5.2 4.8 3.9 4.2 2.6 4.9
彰化
SO2
03/03 6 6.2 5 2.5 1.7 1.2 1.1 1.5 3.5 1.3 1.1 0.2 0.2 -0.1 0.1 0.1 0.2 0.3 0.3 1 1.9 0.8 0.3 0.4
彰化
SO2
03/04 0.4 0.2 0 0 0 0.2 0 0.5 0.5 0.8 0.9 1.2 1.3 0.9 1 1 1.2 1.1 1.2 1.4 1.1 1.6 1.6 1.5
彰化
SO2
03/05 0.8 5.7 5.9 3.3 3.5 2.5 2.5 2.6 3.3 3.8 4.5 3.2 3 4.6 4.8 4# 4.2 2.8 2 1.5 1.6 1.7 1.5 1.2
彰化
SO2
03/06 1.8 2.4 2.2 2.3 2.1 2.3 2.3 2.4 2.6 2.9 2.6 2.9 2.5 2.9 2.6 2.4 2.6 2.6 2.1 2.7 2.5 2.5 2.3 2.6
彰化
SO2
03/07 2.1 1.4 1.2 0.9 1 0.9 0.9 1.1 1.3 0.8 1.3 1.1# 1.2 1.2 1.6 1.4 1 1.1 1 1.1 1 1 0.8 0.5
彰化
SO2
03/08 1.4 0.4 0.6 0.4 0.2 0.3 0.6 0.9 1.1 1.1 1.3 1.6 1.2 1.2 2.1 2.1 1 1.5 1.2 1.4 1.1 1.1 0.9 1.2
彰化
SO2
03/09 1.5 0.7 0.8 0.8 1 0.7 1.1 1.1 1.4 1.2 1.4 1.3 1.8 1.4 1.9 1.5 1.2 1.3 1.3 0.9 0.9 1 1.2 1.5
彰化
SO2
03/10 1 3.2 2.6 1.5 1.2 1.2 1.4 1.4 1.6 2.4 1.9 2.1 1.8 2 1.6 2.6 1.9 1.7 1.7 1.6 1.6 1.6 1.8 1
彰化
SO2
03/11 2.6 3 1.9 1.2 1.1 1.1 1.1 1 1.4 1.8 1.6 2.1 1.9 1.7 1.9 2 1.8 1.2 1.1 1.1 1.4 1.5 1.4 1.4
彰化
SO2
03/12 1.8 2.1 2 2 2.1 2.7 2.3 3 2.8 2.5 2.8 2.7 5.6 3.2 3.3 2.8 2.3 2.2 2.5 2.3 2.3 3 2.9 3.9
彰化
SO2
03/13 6 6.6 2.8 2.2 1.9 1.9 2.3 3.1 3.8 4.7 4.6 3.6 5.8 4.9 4.8 3.6 3.8 3 2.7 2.8 3.3 4 6.3 3.6
彰化
SO2
03/14 3.2 2.9 2.6 2.6 2.6 3.7 4.6 11 5.1 4 5 6.3 4.1 5 6.5 3.4 2.8 2.7 2.2 2.2 2.4 1.9 1.7 1.9
彰化
SO2
03/15 1.4 2.2 2 1.8 1.4 1.5 1.5 1.9 1.9 1.7 2 2.2 2.3 1.9 2.1 1.8# 1.7 2.3 2.2 2.2 2.2 2.3 2.5 2.5
彰化
SO2
03/16 1.8 2.4 2.4 2.8 2.6 2.2 2.4 4.9 6 5.4 4.3 4.5 4.4 3.8 4.6 5.1 4.7 4.6 4.5 4.2 3.9 3.3 4.3 3.4
彰化
SO2
03/17 3.6 1.6 2 1.4 1.6 1.9 2.2 2.9 2.1 2.4 1.7 1.9 2.6 1.6 1.7 1.9 1.8 1.5 1.1 1.3 1.5 1.6 1.2 1.3
彰化
SO2
03/18 1.5 1.8 2.1 2.7 2.2 1.9 2.9 3.6 2.8 2.3 2.7 6.2 6 5.4 5.3 7.2 14 9.1 6.2 4.4 4 4.7 4.2 5.3
彰化
SO2
03/19 3.5 3.6 3.6 2.9 2.4 2.8 3.5 2.9 2.9 3.3 3.9 3.3 3.6 3.2 3.7 3 3 3.2 2.8 3.1 3.2 3 3.3 6.3
彰化
SO2
03/20 6.2 4.6 4.7 5.6 6.3 7 6.7 5.3 6.1 5.7 5.3 3.8 2.3# 3.8 3.3 3.1 3.3 3 3.3 3.5 4.1 3 2.6 2.6
彰化
SO2
03/21 3.1 1.4 2.5 3.2 6.1 6.6 6.9 5.4 2.3 1.8 1.9 1.9 1.6 1.9 1.9 1.9 2.4 2.9 3.7 2 1.4 1.3 1.7 3.6
彰化
SO2
03/22 2.4 5 4.9 3.6 3.7 3.4 3 3.2 4.6 7.3 6.5 10 3.4 2.7 2.6 3.2 2.7 2.7 2.7 2.8 2.7 2.7 2.2 2
彰化
SO2
03/23 2.7 2.5 2.5 2.3 2.3 2 2.1 1.9 1.9 2.4 2.2 2.6 2.8 2.7 2.2 1.9 2.2 1.8 1.8 1.6 1.8 1.6 1.8 1.7
彰化
SO2
03/24 1.8 0.7 0.9 1.2 0.6 0.7 0.6 0.8 0.9 0.9 1.2 1.1 1.6 5.7 1.3 1.1 1.2 1.2 1.4 1.5 1.6 1.9 1.8 1.9
彰化
SO2
03/25 1.8 2 2.8 3.4 3.7 3.1 2.7 2.5 3.1 3.8 3 3.3 3.3 2.3 1.9 2.6 2.7 4.1 2.6 2.5 2.2 2.5 2.3 2.2
彰化
SO2
03/26 1.9 0.6 0.6 0.7 1 0.9 1.2 0.9 1.7 1.5 1.7 1.9 1.9 1.9 2.6 4 1.5 1.6 1.5 1.4 1.6 1.8 2.1 1.7
彰化
SO2
03/27 1.3 2.3 2.4 2.5 3.2 3.2 3 3.7 3.4 3.8 2.9 2.5 4.1 3.6 3.2 2.8 2.7 2.8 3.2 3.3 2.8 5.9 5.8 4.2
彰化
SO2
03/28 5.2 10 3.6 2.6 2.3 2.3 2.8 3.4 3.6 3.6 2.8 2.5 2.7 2.9 2.2 2.9 3.5 2.4 2.3 2.1 1.8 2.2 2.3 2.2
彰化
SO2
03/29 1.9 0.7 0.9 0.9 1.5 1.3 1.6 2.8 1.4 1.1 1.4 1.1 1 1.2 1.3 1.1 1.1 1.1 1.9 1.4 1.5 2.5 0.5 0.2
彰化
SO2
03/30 1.5 1 0.9 1.4 1.3 0.8 0.8 1.4 1.8 1.7 1.3 1.3 2.7 2 1.5 1.6 1.5 2 1.9 2.1 2.5 2.5 1.8 1.7
彰化
SO2
03/31 0.9 3 2.7 2.7 2.6 2.5 2.5 2.4 2.7 2.8 2.8 4.7 3.8 2.8 2.8 2.9 3.2 2.9 2.3 2.2 2.2 2.4 2.3 1.9
彰化
SO2
監測年月：2019/04， 測站：彰化， 測項：SO2（ppb）
彰化
SO2
日期 00 01 02 03 04 05 06 07 08 09 10 11 12 13 14 15 16 17 18 19 20 21 22 23
彰化
SO2
04/01 0.9 0.7 0.7 0.7 0.5 0.6 0.4 0.4 0.6 0.5 0.8 1.1# 0.6# 0.9 0.8 0.8 0.6 0.7 0.8 0.9 1 1 0.8 0.8
彰化
SO2
04/02 1.2 3.8 2.2 3.5 3.7 2.4 4.5 5.5 5 6.6 11 9 5.9 3.5 3.2 5.8 3.8 2.6 2.2 2.1 2.1 2.4 2.2 2.1
彰化
SO2
04/03 1 2.8 2.7 2.6 2.4 2.7 2.4 2.7 2.8 3.1 3.2 3.2 3.1 3 2.9 2.9 2.8 2.7 2.9 2.7 3.1 3 3 3.4
彰化
SO2
04/04 3.6 1.1 1.2 0.8 1.2 1 1 1.2 1.5 2.2 2.3 4.3 1.7 1.7 1 1.8 1 0.8 0.4 0.2 0.1 0.3 0.3 0.9
彰化
SO2
04/05 1.3 1.7 2.3 1.7 1.5 1.6 1.2 1.7 2 1.7 2 2.3 2.2 1.7 2.6 2.8 2 1.7 1.8 1.8 1.7 2.1 2.1 1.9
彰化
SO2
04/06 1.3 2.6 2.6 2.7 3.2 2.9 14 9.4 5.5 3.8 3.9 4.3 5.9 4.7 4.5 4 3.3 3.3 3.2 3 2.7 2.8 4.2 5.2
彰化
SO2
04/07 11 3.8 1.9 1.3 0.7 3.8 4.8 3.3 0.9 0.6 0.7 0.4 1 0.7 0.2 0.4 0.7 0.3 0.2 0.8 0.9 1.1 0.8 1.3
彰化
SO2
04/08 1.7 5.8 4.3 5.5 8.8 5.1 5.8 3.4 3.6 2.5 2.4 2.5 2.6 2.8 2.7 2.4 2.5 2.1 2.5 1.9 3 3.7 5.3 4.8
彰化
SO2
04/09 5.6 4.5 3.6 5.1 4 5.1 3.4 4.8 3.2 3.6 3.2 2.7 2.5 3.3 3.4 3.2 2.5# 1.5 1.5 1.5 1.7 1.6 1.6 1.7
彰化
SO2
04/10 0.4 2.7 2.8 2.7 2.9 3.2 3.2 2.9 3.1 2.9 3.6 3.6 3.7 3.7 3.8 3.8 3.6 3.5 2.7 4.3 3.5 4.8 6.1 6.1
彰化
SO2
04/11 4.2 3.1 5.3 3.5 3.4 3.3 3.7 4.5 3.7 3.6 3.3 3.2 3.9 4.1 3.3 5.7 2.2 2 2.1 1.8 1.9 1.6 2.1 2.5
彰化
SO2
04/12 2.5 1.6 1.4 1.3 1.4 1.5 1.4 1.7 1.7 1.7 1.9 2.3 2.6 2.5 2.7 2.4 2.5 2.5 2.5 2.7 2.6 2.2 2.1 2
彰化
SO2
04/13 1.5 2.8 2.5 3.2 3.1 2.4 2.6 2.5 2.3 2.5 2.4 2.8 3.4 4.8 3 2.4 2.2 2.3 2.5 2.3 3.7 2.3 2 2.5
彰化
SO2
04/14 3.7 2.1 2 1.7 1.8 1.7 2 2.5 2.3 2.3 2.3 2.1 2.5 1.8 1.6 1.7 2 1.7 1.7 1.7 1.6 1.5 1.7 2.8
彰化
SO2
04/15 2.2 2.2 2.1 2 1.8 1.9 1.9 2.2 2.5 2.2 2.2 2.1 2.3 2.3 2.5 2.4 2.4 2.5 2.5 2.7 2.6 2.4 2.5 2.8
彰化
SO2
04/16 2.3 3.6 5.2 3.8 2 1.6 2.2 2.7 2.5 2.1 2.5 2.6 2.7 2.5 2.8 3.2# 3 3.1 3.5 3.2 2.9 2.6 2.3 2.5
彰化
SO2
04/17 3.3 1.2 1.2 1.1 1.3 0.9 0.7 0.9 1.5 1.3 1.9 2.1 2.5 2.6 2.5 2.2 2.8 2.7 2.5 2.9 2.3 3.1 11 4.9
彰化
SO2
04/18 3.5 5.7 4.9 4.1 6.7 4.7 5.8 6.8 4.5 4.3 4.3 4.5 4.4 4.4 3.2 2.9 3.2 3.1 7.7 5.9 5.2 5.7 4.2 4
彰化
SO2
04/19 4.5 4.6 3.9 3 2.1 2.1 2.2 3 2.9 2.1 2.2 2.1 2.8 2.9 4.7 2.8 2.1 2.4 4.8 4.2 5.4 3.4 5.6 5.7
彰化
SO2
04/20 2 0.8 0.8 1.1 1.9 1.5 3.8 3 2.1 1.3 2.3 1.6 1.1 1.3 1.7 4.7 7.2 8.5 7.6 5.8 3.3 2.2 1.7 1.2
彰化
SO2
04/21 1.1 4.5 2.1 1.8 1.9 2 2 2.2 2.6 2.5 2.5 2.5 2 2.2 2.2 2.4 2.2 2.3 2.6 2.7 4 2.8 4.1 3.1
彰化
SO2
04/22 2.8 2.1 2.2 3 1.5 1.8 3 3.7 1.5 1.3 1.3 2.1 2.2 2.5 2.3 1.7 1.9 2 2.4 1.8 3.3 1.4 1.5 1.8
彰化
SO2
04/23 1.1 0.5 0.2 0.3 1.1 4.2 3.3 0.8 0.5 0.1 0.3 0.4 0.2 0.4 0.8 1.6 1 1 0.9 0.7 0.2 0.6 2 4
彰化
SO2
04/24 2.8 6.6 4.3 4.6 3.2 2.6 3 2.7 2.3 2 2.3 2.3 2.4 2.2 2.4 2.4 2 2 1.6 1.4 1.5 1.5 1.8 1.5
彰化
SO2
04/25 2.5 2.9 2.9 3.1 3.3 3.4 3.4 3.6 3 3.1 2.7 2.7 2.7 3.1 3 2.6 2.8 2.7 2.8 3.9 4.1 3.4 3.2 4.8
彰化
SO2
04/26 5 3.6 2.6 2.8 2.5 2.5 3.5 4.5 4.2 3.7 4.1 4.2 7.6 7 7.9 9.1 3.4 3.2 3.2 3 3.1 3.2 2.8 2.4
彰化
SO2
04/27 1.7 4.2 3.9 3.3 3.8 3.5 3.3 3.5 3.1 3.2 3.4 3.7 2.9 3.2 3.2 3.2 3 2.8 2.9 3 3.2 3.2 3.5 3.9
彰化
SO2
04/28 3.3 1.9 1.9 2 2.2 3.5 2.8 2.4 1.8 1.6 1.6 1.7 1.6 3.2 10 8 2.1 1.5 1.8 3.3 3.6 3.7 2.8 2.9
彰化
SO2
04/29 5.5 8.6 3.4 3.3 4.2 3.7 5.6 5.6 5 4.7 6.2 3.5 3 2.9 3.2 3.9 3.3 3.3 4.4 4.1 4.2 4.5 5.1 4.7
彰化
SO2
04/30 11 2.6 3.9 6.4 5.3 5.6 6.3 1.8 1.3 1.3 1.1# 1.6 1.9 1.4 1.5 1.4 1.3 1.3 1.9 1.5 1 2.9 2.1 1.4
彰化
SO2
監測年月：2019/05， 測站：彰化， 測項：SO2（ppb）
彰化
SO2
日期 00 01 02 03 04 05 06 07 08 09 10 11 12 13 14 15 16 17 18 19 20 21 22 23
彰化
SO2
05/01 2.5 2.3 3.8 1.9 3.2 1 0.9 1 1.1 1 1.1 0.9 0.7 0.9 0.6 0.9 0.9 1 0.8 1 0.7 0.6 0.9 0.5
彰化
SO2
05/02 1 0.2 0.1 0.2 0.2 0.1 0.3 0.4 0.7 0.4 0.9 0.9 0.2 0.1 0 0.1 0.1 0.2 0.1 0.3 0.2 0 0.1 -0.2
彰化
SO2
05/03 -0.3 4.2 2.7 2.7 2 2.4 2.5 2.7 2.8 2.6 2.3 2.3 2.6 2.5 3 2.9 2.9 2.9 3 1 1.1 0.9 1 0.9
彰化
SO2
05/04 2 2.3 7.3 2 1.6 2.6 2.2 1.7 1.3 1.3 1.2 1.3 1.9 2.1 1.8 2.2 3.2 3.2 3.3 2.7 3.3 4.8 7.4 4.1
彰化
SO2
05/05 4 3.3 3.4 2 2 2 2.4 2.4 3.1 2.1 2.8 6.1 11 11 5.3 5.9 4.4 3.3 2.8 2.9 3.3 4 4.1 10
彰化
SO2
05/06 5 3 2.5 2.1 2.3 2.4 2.3 2.3 2.9 2.5 2.8 1.3# 1 1.1 1.2 1.2 1.3 1 0.8 0.9 0.7 0.9 0.8 1
彰化
SO2
05/07 0.2 1.5 1.8 1.5 1.6 1.8 1.7 1.7 2.1 1.9 2 2.1 2.2 2.1 2.1 2.1 2 2 2.9 2.2 1.7 2 2.2 2.3
彰化
SO2
05/08 3.1 2.3 2.4 2.8 2.6 3.4 3.7 4.4 5.5 6 3.5 3.7 4.2 2.4 2.5 2.6 2.6 2.8 2.7 2.3 2.5 2.4 2.3 2.1
彰化
SO2
05/09 2.2 2.7 2.7 3 3.1 2.6 3.2 3.8 3.4 4 3.7 3.1 3.6 3.1 3.2 3.1 3.2 3.5 3.3 3.3 3.3 3.1 3 3
彰化
SO2
05/10 2 2.2 2.4 2.2 2.3 2.3 2.1 2.9 2.6 2.9 5 2.7 2.7 3 2.7 4 3.3 4 3.7 2.8 2.6 2.9 3 3
彰化
SO2
05/11 3.4 3.1 2.9 2.2 2.2 2.8 2.4 2.3 2.6 3 2.5 2.9 2.9 3 2.8 3.5 2.5 2.3 2.5 2.8 2.8 3.3 2.8 2.9
彰化
SO2
05/12 4.1 2.4 1.8 1.9 1.7 1.8 1.6 2.1 1.5 2.2 2.5 5 9.4 7.2 7.9 9.8 7.2 4.2 1.4 1.5 1.4 1.5 2.7 4.6
彰化
SO2
05/13 1.8 3.4 3.4 3.4 3.3 2.4 3.6 2.2 2.5 2.5 2.5 3.1 3.2 2.7 2.8 2.2 1.9 1.7 2.7 3.3 3.4 3.2 3 4.9
彰化
SO2
05/14 6.2 4.2 6.2 8 9.3 13 9.7 3.8 2.9 2.1 2 2.9 2 1.8 2 2 2.1 1.5 1.2 1.6 1.9 2.6 2.6 3
彰化
SO2
05/15 2.2 3.7 4.2 4.8 3.7 2.4 4.2 3.3 2.7 2.1 2.1 2.5 1.5 2.2# 1.7 1.5 2.5 3 2.8 2.1 2.3 1.9 1.4 1.9
彰化
SO2
05/16 1.6 1.8 2.9 2.1 3.7 3.4 3.5 1.5 1.1 1.3 1.2 1.4 1.1 0.9 1.1 0.6 0.7 0.9 1.6 2.7 1.2 1 0.9 2
彰化
SO2
05/17 2.2 3.6 2.9 2.3 1.5 1.4 1.6 1.3 1.6 1.4 1.4 1.4 1 1 1.4# 2 1.5 1.1 1.2 1.2 1.6 2.8 2.3 2.7
彰化
SO2
05/18 2.1 2.1 2 1.6 1.5 1.5 1.2 1.6 1.7 1.5 1.6 1.5 1.4 1.4 1.5 1.6 2.3 2.8 1.7 1.4 1.5 1.8 1.2 1.3
彰化
SO2
05/19 2.6 3.4 3.1 2.9 3.4 3.2 3.2 3.4 3.2 3.1 2.8 2.7 2.9 3 3.2 2.8 2.8 3.1 2.9 3.2 3.2 3 3.2 4.9
彰化
SO2
05/20 5.9 4.1 3.1 2.4 2 2.1 3.6 3.1 2 1.9 1.9 1.7 1.6 1.7 1.5 2.2 2.1 1.8 2 1.9 1.8 1.7 1.7 1.8
彰化
SO2
05/21 1.8 1.2 1.8 1.3 1.2 1.2 1.5 1.8 1.9 2.1 1.8 2 1.8 1.8 1.7 2.1 2.1 1.9 1.7 1.8 1.8 1.8 2.5 2.1
彰化
SO2
05/22 2.2 2.7 4.2 3.1 2.8 2.7 3 3.4 4 3.7 3.3 3.8 5.1 4.7 6.3 4.4 3.6 4.3 3.1 2.5 2.9 2.4 2.6 2.6
彰化
SO2
05/23 4.5 9.6 6.5 8.5 4.7 4.5 2.5 2.4 2.7 2.5 2.6 2.4 2.6 2.7 3.2 5.9 7.8 3.7 3.6 3.2 3.7 3.9 3 5.9
彰化
SO2
05/24 5.2 4.4 7.4 4.7 4.6 4.6 5.4 11 4.3 3.4 3.6 3.7 5.7 3.7 3.6 3.3# 3 2.9 4.1 3.9 4.8 3.8 3.7 3.5
彰化
SO2
05/25 3.9 3.8 3.8 3.4 3.4 3.4 3.5 3.4 3.8 3.9 3.1 3.4 3 2.9 5.7 7 4.7 3.7 3.1 5.4 5.6 5 4.4 4.4
彰化
SO2
05/26 4 3.4 4 6 3.9 5.3 4.6 3.4 2.2 2.8 2.6 3.5 4.1 4.5 5.2 5 3.8 5.7 6.5 4 4 3 4.6 8
彰化
SO2
05/27 16 9.7 6.9 6.5 5.5 4.4 4.2 4.3 5.6 5.3 5.9 3.5 3.6 3.4 3.3 2.8 2.8 3.4 4.1 8.1 8 10 14 12
彰化
SO2
05/28 6.2 11 7.5 8.3 7.9 7.4 3.9 6 4 2.9 3.1 2.2 2.4 4# 3.7 2.2 2.7# 3# 2.6 2.6 2.4 2.5 2.3 2.4
彰化
SO2
05/29 2.3 1.2 1.3 1.4 1.3 1.5 1.4 1.3 1.6 2 1.8 1.8 1.7 2.1 2.2 2 1.9 1.4 1.9 2 1.8 1.5 1.3 1.6
彰化
SO2
05/30 0.8 2.9 2.5 2.6 3 2.8 3 3.4 3.8 3.4# 3.6# 4.7 8.7 10 8.5 6.4 7.8 6.4 8 4.9 5.3 4.5 4 8.2
彰化
CO
01/01 0.48 0.36 0.29 0.24 0.24 0.24 0.27 0.35 0.42 0.4 0.35 0.36 0.38 0.35 0.33 0.36 0.45 0.48 0.45 0.41 0.4 0.45 0.41 0.37
彰化
CO
01/02 0.33 0.26 0.24 0.23 0.23 0.25 0.34 0.56 0.68 0.55 0.45 0.45 0.45 0.46 0.48 0.44 0.51 0.63 0.63 0.54 0.56 0.52 0.51 0.42
彰化
CO
01/03 0.39 0.41 0.34 0.27 0.29 0.28 0.38 0.57 0.52 0.48 0.48 0.54 0.53 0.49 0.51 0.54 0.55 0.73 0.64 0.7 0.69 0.77 0.78 0.79
彰化
CO
01/04 0.7 0.56 0.5 0.49 0.5 0.53 0.57 0.79 0.8 0.62 0.48 0.48 0.61 0.66 0.57 0.41 0.4 0.53 0.58 0.61 0.69 0.71 0.62 0.54
彰化
CO
01/05 0.44 0.5 0.47 0.38 0.34 0.43 0.46 0.64 0.79 0.78 0.71 0.68 0.61 0.49 0.52 0.61 0.5 0.49 0.56 0.62 0.64 0.63 0.66 0.65
彰化
CO
01/06 0.65 0.63 0.5 0.45 0.44 0.45 0.47 0.55 0.59 0.52 0.5 0.54 0.58 0.54 0.55 0.6 0.62 0.67 0.65 0.65 0.59 0.61 0.54 0.49
彰化
CO
01/07 0.46 0.44 0.45 0.43 0.38 0.38 0.55 0.76 0.82 0.55 0.52 0.5 0.48 0.39 0.39 0.42 0.43 0.58 0.59 0.48 0.48 0.46 0.44 0.38
彰化
CO
01/08 0.32 0.3 0.29 0.26 0.26 0.28 0.34 0.49 0.51 0.44# 0.42 0.42 0.41 0.37 0.36 0.37 0.4 0.53 0.53 0.48 0.5 0.49 0.44 0.4
彰化
CO
01/09 0.37 0.32 0.31 0.3 0.32 0.34 0.42 0.63 0.65 0.6 0.54 0.55 0.49 0.46 0.49 0.5 0.55 0.63 0.65 0.66 0.64 0.75 0.67 0.64
彰化
CO
01/10 0.62 0.54 0.5 0.51 0.51 0.51 0.53 0.61 0.56 0.48 0.48 0.46 0.4 0.37 0.37 0.37 0.4 0.5 0.57 0.55 0.49 0.47 0.48 0.46
彰化
CO
01/11 0.47 0.36 0.29 0.33 0.4 0.44 0.56 0.87 0.81 0.63 0.49 0.47 0.46 0.4 0.44 0.46 0.48 0.58 0.62 0.71 1.05 1.53 1.45 1.02
彰化
CO
01/12 1.09 0.89 0.95 0.81 0.75 0.6 0.39 0.58 0.75 0.7 0.58 0.48 0.41 0.37 0.36 0.42 0.49 0.59 0.67 0.71 0.75 0.8 0.77 0.77
彰化
CO
01/13 0.66 0.62 0.6 0.58 0.57 0.58 0.61 0.68 0.69 0.66 0.64 0.65 0.66 0.62 0.62 0.7 0.83 0.75 0.73 0.67 0.62 0.6 0.56 0.52
彰化
CO
01/14 0.51 0.47 0.44 0.42 0.41 0.41 0.5 0.75 0.69 0.62 0.55 0.57 0.54 0.45 0.44 0.45 0.51 0.61 0.64 0.64 0.55 0.57 0.45 0.38
彰化
CO
01/15 0.36 0.37 0.37 0.41 0.42 0.45 0.57 0.76 0.75 0.67 0.58# 0.53 0.46 0.43 0.41 0.45 0.5 0.62 0.51 0.45 0.48 0.47 0.42 0.35
彰化
CO
01/16 0.33 0.3 0.29 0.3 0.36 0.45 0.56 0.76 0.77 0.69 0.7 0.64 0.58 0.53 0.52 0.55 0.61 0.77 0.82 0.78 0.7 0.62 0.44 0.38
彰化
CO
01/17 0.34 0.31 0.28 0.3 0.31 0.33 0.38 0.54 0.52 0.46 0.45 0.48 0.5 0.46 0.46 0.45 0.49 0.62 0.66 0.62 0.61 0.57 0.5 0.45
彰化
CO
01/18 0.42 0.41 0.39 0.38 0.39 0.4 0.5 0.84 0.78 0.85 0.83 0.66 0.56 0.52 0.59 0.57 0.59 0.75 0.58 0.56 0.51 0.54 0.62 0.61
彰化
CO
01/19 0.57 0.42 0.42 0.42 0.43 0.5 0.65 0.82 0.81 0.76 0.58 0.5 0.48 0.44 0.4 0.44 0.53 0.67 0.78 0.78 0.98 1.1 1.15 1.11
彰化
CO
01/20 1.04 0.62 0.5 0.44 0.39 0.46 0.64 0.62 0.69 0.87 0.72 0.59 0.44 0.5 0.63 0.74 0.86 0.96 0.91 0.82 0.82 0.71 0.59 0.55
彰化
CO
01/21 0.55 0.54 0.53 0.49 0.46 0.41 0.42 0.53 0.57 0.5 0.51 0.54 0.45 0.33 0.31 0.31 0.34 0.46 0.46 0.41 0.4 0.37 0.34 0.29
彰化
CO
01/22 0.29 0.25# 0.25 0.26 0.3 0.31 0.37 0.55 0.55 0.47 0.49 0.52# 0.48 0.46 0.47 0.46 0.53 0.63 0.64 0.57 0.56 0.58 0.5 0.43
彰化
CO
01/23 0.41 0.36 0.35 0.35 0.37 0.42 0.54 0.88 0.83 0.73 0.6 0.52 0.53 0.45 0.44 0.46 0.5 0.63 0.64 0.64 0.77 0.75 0.85 0.75
彰化
CO
01/24 0.58 0.6 0.59 0.53 0.53 0.62 0.68 0.94 0.84 0.61 0.55 0.56 0.5 0.41 0.41 0.43 0.48 0.59 0.63 0.65 0.69 0.78 0.8 0.88
彰化
CO
01/25 0.8 0.76 0.75 0.77 0.81 0.68 0.7 0.88 0.86 0.76 0.71 0.55 0.5 0.48 0.48 0.51 0.6 0.76 0.83 0.76 0.73 0.64 0.61 0.5
彰化
CO
01/26 0.41 0.35 0.35 0.36 0.35 0.36 0.37 0.41 0.42 0.35 0.35 0.34 0.4 0.39 0.4 0.44 0.46 0.4 0.36 0.32 0.29 0.32 0.28 0.23
彰化
CO
01/27 0.21 0.19 0.18 0.17 0.18 0.2 0.24 0.34 0.38 0.34 0.36 0.36 0.29 0.26 0.28 0.29 0.32 0.38 0.41 0.48 0.57 0.54 0.45 0.46
彰化
CO
01/28 0.46 0.47 0.38 0.39 0.47 0.49 0.55 0.64 0.66 0.84 0.64 0.38 0.43 0.54 0.45 0.38 0.35 0.46 0.5 0.51 0.6 0.62 0.7 0.74
彰化
CO
01/29 0.4 0.57 0.46 0.52 0.63 0.59 0.63 0.86 0.83 0.84 0.69 0.52 0.38 0.33 0.33 0.34 0.39 0.49 0.52 0.59 0.62 0.65 0.6 0.46
彰化
CO
01/30 0.45 0.54 0.37 0.3 0.31 0.32 0.4 0.64 0.71 0.62 0.59 0.63 0.6 0.74 0.65 0.6 0.61 0.82 0.97 1.41 1.65 1.57 1.26 1.14
彰化
CO
01/31 1.1 0.91 0.92 0.85 0.58 0.48 0.63 1.4 1.28 1.09 1.03 0.73 0.48 0.38 0.36 0.34 0.61 0.66 0.76 0.56 0.52 0.63 0.53 0.41
彰化
CO
監測年月：2019/02， 測站：彰化， 測項：CO（ppm）
彰化
CO
日期 00 01 02 03 04 05 06 07 08 09 10 11 12 13 14 15 16 17 18 19 20 21 22 23
彰化
CO
02/01 0.44 0.46 0.43 0.38 0.34 0.32 0.35 0.48 0.54 0.53 0.57 0.58 0.56 0.54 0.57 0.6 0.67 0.73 0.71 0.7 0.67 0.68 0.66 0.66
彰化
CO
02/02 0.6 0.57 0.58 0.54 0.53 0.54 0.68 0.99 0.93 0.99 0.88 0.67 0.68 0.71 0.77 0.9 0.67 0.64 0.65 0.66 0.67 0.76 0.69 0.75
彰化
CO
02/03 0.87 0.76 0.76 0.75 0.7 0.64 0.77 1.09 0.76 0.71 0.76 0.36 0.43 0.45 0.48 0.63 0.68 0.82 1.04 0.76 0.68 0.66 0.55 0.99
彰化
CO
02/04 0.93 0.6 0.53 0.92 0.72 0.6 0.6 0.92 0.98 0.98 0.95 0.94 0.83 0.81 0.82 0.89 1 1.04 1.04 1 0.97 0.92 0.86 0.85
彰化
CO
02/05 0.81 0.76 0.72 0.65 0.61 0.66 0.68 0.79 0.81 0.79 0.79 0.75 0.72 0.75 0.74# 0.72# 0.55 0.5 0.35 0.37 0.38 0.41 0.49 0.52
彰化
CO
02/06 0.47 0.44 0.42 0.41 0.46 0.48 0.63 0.72 0.53 0.41 0.41 0.4 0.46 0.46 0.41 0.4 0.46 0.52 0.42 0.5 0.63 0.59 0.65 0.6
彰化
CO
02/07 0.6 0.53 0.55 0.52 0.44 0.47 0.54 0.73 0.77 0.43 0.36 0.26 0.22 0.19 0.22 0.28 0.36 0.4 0.48 0.52 0.63 0.81 0.63 0.47
彰化
CO
02/08 0.47 0.43 0.43 0.44 0.46 0.47 0.52 0.58 0.54 0.47 0.43 0.43 0.4 0.42 0.4 0.38 0.37 0.41 0.39 0.41 0.4 0.38 0.32 0.43
彰化
CO
02/09 0.48 0.42 0.44 0.33 0.33 0.3 0.32 0.45 0.45 0.42 0.42 0.4 0.4 0.41 0.4 0.38 0.38 0.44 0.43 0.43 0.36 0.35 0.34 0.31
彰化
CO
02/10 0.29 0.25 0.22 0.2 0.2 0.21 0.24 0.34 0.32 0.33 0.36 0.34 0.34 0.32 0.32 0.35 0.38 0.43 0.44 0.47 0.45 0.42 0.39 0.32
彰化
CO
02/11 0.3 0.3 0.28 0.25 0.24 0.24 0.3 0.47 0.42 0.36 0.37 0.39 0.38 0.33 0.33 0.33 0.36 0.45 0.49 0.49 0.44 0.42 0.4 0.35
彰化
CO
02/12 0.33 0.31 0.27 0.24 0.24 0.26 0.37 0.58 0.6 0.38 0.35 0.36 0.36 0.32 0.31 0.3 0.35 0.48 0.55 0.47 0.51 0.53 0.53 0.55
彰化
CO
02/13 0.83 0.56 0.44 0.38 0.4 0.32 0.49 0.78 0.65 0.49 0.42 0.41 0.37 0.37 0.35 0.36 0.42 0.55 0.61 0.53 0.46 0.44 0.4 0.36
彰化
CO
02/14 0.34 0.33 0.36 0.33 0.3 0.32 0.41 0.68 0.59 0.45 0.4 0.42 0.38 0.33 0.38 0.42 0.5 0.55 0.6 0.62 0.58 0.57 0.54 0.5
彰化
CO
02/15 0.5 0.44 0.4 0.38 0.4 0.44 0.59 0.87 0.89 0.61 0.49 0.41 0.38 0.43 0.41 0.42# 0.53 0.92 0.98 0.67 0.84 0.94 1.07 1.22
彰化
CO
02/16 1.02 0.43 0.43 0.42 0.42 0.46 0.56 0.64 0.71 0.67 0.57 0.66 0.41 0.36 0.38 0.43 0.47 0.52 0.6 0.56 0.48 0.5 0.48 0.43
彰化
CO
02/17 0.39 0.37 0.38 0.39 0.37 0.37 0.38 0.49 0.52 0.46 0.45 0.45 0.46 0.4 0.37 0.39 0.41 0.42 0.44 0.42 0.4 0.38 0.34 0.33
彰化
CO
02/18 0.34 0.3 0.34 0.34 0.34 0.31 0.45 0.77 0.66 0.73 0.42 0.38 0.34 0.29 0.27 0.33 0.43 0.44 0.54 0.61 0.58 0.63 0.74 0.66
彰化
CO
02/19 0.73 0.3 0.27 0.28 0.3 0.37 0.67 1.29 2.27 2.5 1.72 0.77 0.61 0.52 0.58 0.49 0.42 0.64 0.91 1.08 1.32 1.41 1.21 0.97
彰化
CO
02/20 0.79 0.85 0.81 0.73 0.67 0.52 0.36 0.75 0.8 0.67 0.63 0.65 0.82 0.57 0.49 0.49 0.58 0.68 0.74 0.6 0.61 0.57 0.56 0.52
彰化
CO
02/21 0.54 0.45 0.47 0.49 0.41 0.39 0.5 0.6 0.58 0.58 0.58 0.47 0.46 0.44 0.42 0.44 0.46 0.52 0.49 0.41 0.55 0.46 0.5 0.56
彰化
CO
02/22 0.36 0.34 0.32 0.32 0.32 0.36 0.45 0.54 0.49 0.48 0.41 0.38# 0.36# 0.35# 0.34x 0.34# 0.43 0.54 0.57 0.51 0.5 0.48 0.47 0.39
彰化
CO
02/23 0.33 0.36 0.4 0.43 0.44 0.45 0.53 0.68 0.69 0.63 0.56 0.63 0.64 0.6 0.56 0.56 0.63 0.66 0.58 0.6 0.52 0.54 0.47 0.45
彰化
CO
02/24 0.41 0.38 0.37 0.35 0.34 0.32 0.37 0.4 0.49 0.46 0.52 0.49 0.44 0.46 0.51 0.55 0.61 0.61 0.6 0.6 0.59 0.57 0.53 0.49
彰化
CO
02/25 0.46 0.43 0.4 0.39 0.38 0.37 0.49 0.67 0.55 0.48 0.47 0.44 0.44 0.42 0.37 0.38 0.39 0.49 0.57 0.59 0.54 0.53 0.41 0.33
彰化
CO
02/26 0.32 0.3 0.3 0.3 0.29 0.31 0.44 0.74 0.64 0.56 0.45 0.46 0.45 0.41 0.41 0.49 0.5 0.49 0.45 0.48 0.47 0.48 0.49 0.49
彰化
CO
02/27 0.49 0.45 0.44 0.42 0.42 0.45 0.54 0.85 0.83 0.74 0.59 0.52 0.47 0.35 0.34 0.32 0.37 0.64 0.64 0.75 0.93 1.08 0.77 0.51
彰化
CO
02/28 0.51 0.51 0.56 0.36 0.27 0.31 0.43 0.58 0.62 0.55 0.49 0.39 0.36 0.35 0.37 0.37 0.42 0.48 0.51 0.5 0.49 0.5 0.46 0.38
彰化
CO
監測年月：2019/03， 測站：彰化， 測項：CO（ppm）
彰化
CO
日期 00 01 02 03 04 05 06 07 08 09 10 11 12 13 14 15 16 17 18 19 20 21 22 23
彰化
CO
03/01 0.37 0.33 0.33 0.32 0.32 0.35 0.4 0.52 0.5 0.47 0.45 0.45 0.42 0.38 0.37 0.34 0.4 0.48 0.57 0.51 0.48 0.51 0.5 0.48
彰化
CO
03/02 0.49 0.45 0.45 0.46 0.49 0.5 0.62 0.68 0.62 0.62 0.64 0.93 0.86 0.71 0.58 0.56 0.65 0.74 0.8 0.86 0.89 0.8 0.62 0.73
彰化
CO
03/03 0.67 0.88 0.82 0.83 0.68 0.77 0.86 0.76 0.63 0.32 0.42 0.55 0.5 0.39 0.48 0.52 0.54 0.63 0.87 0.84 0.81 0.51 0.44 0.45
彰化
CO
03/04 0.41 0.31 0.28 0.27 0.31 0.36 0.52 0.72 0.62 0.47 0.47 0.5 0.49 0.47 0.53 0.57 0.66 0.78 0.93 0.98 1 1.03 0.93 0.73
彰化
CO
03/05 0.72 0.76 0.74 0.72 0.64 0.59 0.71 1.03 1.03 0.82 0.7 0.53 0.53 0.63 0.57 0.51# 0.54 0.56 0.59 0.5 0.48 0.51 0.51 0.51
彰化
CO
03/06 0.5 0.48 0.34 0.33 0.34 0.41 0.44 0.68 0.7 0.62 0.48 0.56 0.45 0.45 0.44 0.41 0.44 0.6 0.58 0.48 0.48 0.56 0.56 0.51
彰化
CO
03/07 0.42 0.41 0.38 0.38 0.38 0.39 0.41 0.68 0.55 0.44 0.44 0.47# 0.46 0.41 0.46 0.51 0.54 0.68 0.76 0.78 0.7 0.56 0.53 0.48
彰化
CO
03/08 0.47 0.45 0.44 0.44 0.42 0.45 0.55 0.96 0.87 0.8 0.94 0.75 0.6 0.7 0.76 0.47 0.52 0.65 0.61 0.64 0.6 0.54 0.46 0.59
彰化
CO
03/09 0.54 0.39 0.28 0.3 0.46 0.36 0.52 0.67 0.85 0.53 0.59 0.62 0.53 0.5 0.65 0.63 0.61 0.61 0.62 0.41 0.56 0.77 0.72 1.01
彰化
CO
03/10 0.95 0.34 0.29 0.21 0.18 0.18 0.25 0.45 0.7 0.5 0.37 0.36 0.43 0.42 0.52 0.5 0.47 0.63 0.62 0.66 0.63 0.64 0.56 0.63
彰化
CO
03/11 0.64 0.48 0.44 0.43 0.41 0.43 0.42 0.82 0.84 0.75 0.85 0.75 0.6 0.47 0.55 0.56 0.59 0.78 0.9 1.05 0.92 0.7 0.7 0.55
彰化
CO
03/12 0.5 0.47 0.43 0.44 0.42 0.4 0.59 1.09 1.06 0.88 0.52 0.48 0.61 0.44 0.42 0.45 0.48 0.59 0.7 0.75 1.07 1.08 0.98 0.87
彰化
CO
03/13 0.86 0.67 0.5 0.44 0.47 0.51 0.87 1.25 0.86 0.74 0.6 0.46 0.58 0.45 0.4 0.44 0.42 0.5 1 1.08 1.09 1.38 1.18 0.74
彰化
CO
03/14 0.79 0.59 0.47 0.44 0.45 0.43 0.57 0.78 0.73 0.49 0.43 0.55 0.45 0.47 0.72 0.42 0.41 0.53 0.51 0.49 0.46 0.4 0.33 0.29
彰化
CO
03/15 0.28 0.27 0.27 0.26 0.24 0.24 0.35 0.62 0.49 0.51 0.47 0.46 0.45 0.4 0.43 0.48# 0.49 0.64 0.57 0.46 0.48 0.56 0.52 0.47
彰化
CO
03/16 0.47 0.51 0.43 0.43 0.46 0.54 0.66 0.78 0.75 0.61 0.48 0.46 0.48 0.41 0.37 0.42 0.44 0.45 0.58 0.55 0.7 0.81 0.92 0.87
彰化
CO
03/17 0.74 0.73 0.7 0.68 0.55 0.62 0.63 0.68 0.64 0.61 0.53 0.51 0.52 0.43 0.42 0.41 0.43 0.5 0.52 0.51 0.46 0.48 0.55 0.54
彰化
CO
03/18 0.47 0.51 0.47 0.47 0.47 0.5 0.65 0.93 0.82 0.57 0.55 0.66 0.73 0.6 0.55 0.62 0.86 0.89 1.15 0.97 1 1.5 1.81 1.27
彰化
CO
03/19 1.05 0.89 1.02 0.76 0.61 0.66 0.84 0.95 0.76 0.57 0.5 0.48 0.5 0.45 0.44 0.44 0.49 0.6 0.65 0.66 0.8 0.92 0.83 0.79
彰化
CO
03/20 0.69 0.71 0.7 0.69 0.7 0.68 0.73 0.99 0.74 0.57 0.51 0.49 0.51# 0.41 0.35 0.31 0.33 0.39 0.48 0.36 0.26 0.25 0.24 0.21
彰化
CO
03/21 0.23 0.33 0.33 0.36 0.41 0.41 0.55 0.56 0.42 0.27 0.26 0.25 0.23 0.22 0.25 0.3 0.28 0.34 0.36 0.32 0.33 0.3 0.33 0.4
彰化
CO
03/22 0.33 0.31 0.29 0.29 0.31 0.36 0.43 0.65 0.66 0.66 0.55 0.67 0.39 0.37 0.36 0.4 0.49 0.55 0.57 0.55 0.49 0.47 0.43 0.35
彰化
CO
03/23 0.35 0.29 0.29 0.25 0.23 0.25 0.27 0.39 0.41 0.38 0.38 0.42 0.41 0.32 0.35 0.36 0.34 0.39 0.38 0.34 0.28 0.27 0.24 0.24
彰化
CO
03/24 0.24 0.22 0.21 0.21 0.22 0.22 0.3 0.34 0.41 0.48 0.45 0.41 0.45 0.39 0.42 0.44 0.5 0.62 0.78 0.89 0.83 0.64 0.76 0.82
彰化
CO
03/25 0.68 0.51 0.52 0.63 0.57 0.52 0.49 0.87 0.86 0.86 0.89 0.84 0.88 0.48 0.54 0.68 1.02 0.92 0.83 0.85 1.17 0.99 0.7 0.47
彰化
CO
03/26 0.35 0.28 0.27 0.28 0.34 0.4 0.53 0.67 0.57 0.46 0.43 0.47 0.47 0.46 0.46 0.45 0.48 0.52 0.53 0.55 0.57 0.68 0.71 0.74
彰化
CO
03/27 0.6 0.51 0.52 0.52 0.58 0.65 0.85 1.24 0.85 0.73 0.46 0.43 0.49 0.44 0.38 0.39 0.41 0.47 0.53 0.48 0.56 0.57 0.62 0.5
彰化
CO
03/28 0.53 0.46 0.48 0.43 0.43 0.45 0.61 1.1 0.55 0.41 0.31 0.3 0.28 0.25 0.24 0.29 0.34 0.34 0.27 0.26 0.26 0.28 0.23 0.21
彰化
CO
03/29 0.19 0.2 0.21 0.23 0.24 0.25 0.35 0.41 0.31 0.26 0.28 0.28 0.27 0.27 0.27 0.3 0.33 0.36 0.42 0.39 0.39 0.37 0.26 0.29
彰化
CO
03/30 0.28 0.23 0.25 0.27 0.3 0.33 0.4 0.58 0.61 0.55 0.5 0.41 0.42 0.42 0.36 0.34 0.46 0.51 0.64 0.7 0.79 0.69 0.5 0.53
彰化
CO
03/31 0.48 0.38 0.34 0.35 0.35 0.39 0.42 0.39 0.46 0.51 0.44 0.46 0.43 0.43 0.44 0.43 0.47 0.48 0.46 0.42 0.44 0.38 0.33 0.3
彰化
CO
監測年月：2019/04， 測站：彰化， 測項：CO（ppm）
彰化
CO
日期 00 01 02 03 04 05 06 07 08 09 10 11 12 13 14 15 16 17 18 19 20 21 22 23
彰化
CO
04/01 0.29 0.27 0.24 0.23 0.21 0.23 0.3 0.46 0.49 0.41 0.42 0.5 0.37# 0.38 0.37 0.39 0.48 0.48 0.52 0.56 0.56 0.54 0.48 0.45
彰化
CO
04/02 0.48 0.54 0.54 0.49 0.55 0.53 0.68 0.89 0.97 1.37 1.04 0.8 0.64 0.42 0.39 0.45 0.39 0.52 0.61 0.76 0.52 0.69 0.71 0.49
彰化
CO
04/03 0.31 0.22 0.23 0.24 0.25 0.26 0.33 0.53 0.59 0.47 0.42 0.45 0.4 0.34 0.33 0.29 0.35 0.47 0.5 0.58 0.77 0.62 0.48 0.47
彰化
CO
04/04 0.53 0.49 0.46 0.46 0.46 0.5 0.66 0.99 0.61 0.46 0.4 0.48 0.33 0.31 0.31 0.33 0.33 0.36 0.38 0.42 0.41 0.45 0.44 0.44
彰化
CO
04/05 0.46 0.34 0.44 0.28 0.3 0.32 0.41 0.44 0.49 0.46 0.4 0.4 0.37 0.32 0.33 0.36 0.4 0.46 0.54 0.79 0.72 1.07 1.08 1
彰化
CO
04/06 1.04 0.91 0.9 0.86 0.81 0.74 0.8 0.78 0.66 0.63 0.48 0.53 0.67 0.5 0.42 0.4 0.39 0.44 0.5 0.5 0.49 0.58 0.58 0.61
彰化
CO
04/07 0.49 0.45 0.46 0.46 0.44 0.39 0.44 0.45 0.37 0.37 0.37 0.39 0.39 0.39 0.38 0.39 0.41 0.49 0.44 0.53 0.62 0.68 0.69 0.63
彰化
CO
04/08 0.54 0.48 0.45 0.4 0.4 0.44 0.61 0.69 0.41 0.36 0.36 0.34 0.37 0.36 0.34 0.36 0.37 0.48 0.41 0.34 0.4 0.56 0.48 0.43
彰化
CO
04/09 0.38 0.34 0.34 0.33 0.37 0.43 0.59 0.64 0.49 0.41 0.39 0.35 0.3 0.28 0.25 0.24 0.26# 0.27 0.26 0.25 0.27 0.27 0.25 0.24
彰化
CO
04/10 0.23 0.21 0.22 0.22 0.24 0.34 0.38 0.36 0.31 0.28 0.3 0.29 0.29 0.26 0.26 0.26 0.29 0.37 0.42 0.47 0.45 0.43 0.38 0.4
彰化
CO
04/11 0.39 0.47 0.5 0.39 0.38 0.4 0.47 0.71 0.39 0.31 0.31 0.33 0.28 0.28 0.28 0.45 0.4 0.44 0.45 0.43 0.4 0.38 0.41 0.31
彰化
CO
04/12 0.26 0.28 0.28 0.23 0.24 0.26 0.36 0.51 0.47 0.42 0.43 0.47 0.46 0.4 0.36 0.37 0.43 0.55 0.56 0.52 0.49 0.51 0.43 0.4
彰化
CO
04/13 0.41 0.5 0.52 0.51 0.37 0.33 0.44 0.53 0.41 0.36 0.43 0.43 0.39 0.36 0.28 0.3 0.41 0.45 0.69 0.83 0.51 0.54 0.46 0.61
彰化
CO
04/14 0.56 0.22 0.25 0.29 0.32 0.39 0.58 0.64 0.65 0.48 0.47 0.44 0.35 0.29 0.26 0.28 0.31 0.38 0.45 0.48 0.45 0.44 0.61 0.42
彰化
CO
04/15 0.35 0.35 0.34 0.3 0.28 0.26 0.36 0.58 0.54 0.45 0.52 0.51 0.53 0.45 0.43 0.44 0.49 0.6 0.64 0.62 0.54 0.58 0.63 0.57
彰化
CO
04/16 0.59 0.57 0.52 0.37 0.22 0.24 0.38 0.5 0.64 0.67 0.72 0.78 0.67 0.62 0.67 0.82# 1.06 1.05 1 0.75 0.53 0.55 0.6 0.59
彰化
CO
04/17 0.39 0.34 0.29 0.28 0.26 0.27 0.37 0.6 0.6 0.43 0.36 0.41 0.42 0.41 0.4 0.39 0.41 0.54 0.58 0.8 0.84 0.84 0.71 0.6
彰化
CO
04/18 0.61 0.62 0.59 0.58 0.57 0.57 0.67 0.61 0.54 0.5 0.47 0.49 0.45 0.46 0.42 0.4 0.43 0.51 0.88 1.06 1.05 1.15 1.08 0.77
彰化
CO
04/19 0.86 0.81 0.57 0.41 0.39 0.42 0.39 0.65 0.6 0.41 0.46 0.46 0.6 0.52 0.73 0.43 0.38 0.5 0.63 0.72 0.61 0.41 0.43 0.35
彰化
CO
04/20 0.25 0.22 0.24 0.32 0.3 0.35 0.52 0.95 0.48 0.44 0.56 0.51 0.35 0.39 0.44 0.45 0.59 0.71 0.63 0.58 0.47 0.47 0.45 0.4
彰化
CO
04/21 0.35 0.4 0.24 0.22 0.24 0.26 0.36 0.48 0.41 0.36 0.39 0.35 0.28 0.27 0.31 0.36 0.69 0.84 0.86 0.9 0.53 0.46 0.38 0.31
彰化
CO
04/22 0.39 0.31 0.28 0.23 0.29 0.34 0.5 0.46 0.3 0.24 0.2 0.24 0.22 0.19 0.19 0.2 0.22 0.29 0.26 0.22 0.2 0.2 0.18 0.19
彰化
CO
04/23 0.15 0.17 0.18 0.18 0.2 0.22 0.29 0.36 0.23 0.21 0.23 0.26 0.22 0.2 0.2 0.22 0.24 0.33 0.26 0.25 0.23 0.26 0.3 0.25
彰化
CO
04/24 0.21 0.14 0.14 0.14 0.17 0.22 0.33 0.31 0.2 0.19 0.16 0.18 0.14 0.14 0.14 0.14 0.15 0.21 0.19 0.15 0.15 0.15 0.12 0.12
彰化
CO
04/25 0.12 0.14 0.14 0.16 0.16 0.18 0.26 0.29 0.2 0.17 0.15 0.15 0.13 0.13 0.13 0.14 0.15 0.2 0.33 0.4 0.44 0.38 0.4 0.37
彰化
CO
04/26 0.3 0.26 0.25 0.22 0.25 0.27 0.35 0.46 0.31 0.43 0.4 0.36 0.49 0.52 0.45 0.48 0.36 0.53 0.57 0.51 0.47 0.53 0.44 0.45
彰化
CO
04/27 0.4 0.48 0.48 0.43 0.45 0.46 0.51 0.66 0.56 0.5 0.54 0.5 0.5 0.43 0.42 0.44 0.46 0.41 0.48 0.52 0.51 0.48 0.48 0.46
彰化
CO
04/28 0.46 0.47 0.47 0.49 0.51 0.5 0.49 0.56 0.44 0.36 0.35 0.36 0.36 0.35 0.65 0.61 0.34 0.41 0.46 0.52 0.48 0.53 0.44 0.52
彰化
CO
04/29 0.52 0.53 0.54 0.56 0.53 0.44 0.49 0.6 0.47 0.44 0.56 0.32 0.29 0.26 0.23 0.21 0.23 0.3 0.34 0.38 0.39 0.39 0.45 0.42
彰化
CO
04/30 0.35 0.24 0.24 0.24 0.24 0.22 0.26 0.28 0.23 0.2 0.18# 0.2 0.19 0.18 0.18 0.18 0.21 0.27 0.27 0.28 0.28 0.32 0.28 0.23
彰化
CO
監測年月：2019/05， 測站：彰化， 測項：CO（ppm）
彰化
CO
日期 00 01 02 03 04 05 06 07 08 09 10 11 12 13 14 15 16 17 18 19 20 21 22 23
彰化
CO
05/01 0.23 0.16 0.13 0.12 0.12 0.14 0.19 0.43 0.45 0.4 0.41 0.5 0.53 0.48 0.5 0.47 0.57 0.64 0.67 0.56 0.53 0.46 0.44 0.4
彰化
CO
05/02 0.36 0.27 0.27 0.27 0.31 0.33 0.4 0.68 0.73 0.6 0.68 0.56 0.51 0.51 0.52 0.56 0.57 0.68 0.63 0.7 0.54 0.61 0.61 0.55
彰化
CO
05/03 0.59 0.45 0.34 0.33 0.31 0.32 0.42 0.9 0.85 0.58 0.46 0.45 0.43 0.4 0.33 0.32 0.36 0.49 0.59 0.58 0.67 0.65 0.68 0.57
彰化
CO
05/04 0.56 0.49 0.38 0.36 0.43 0.62 0.63 0.56 0.4 0.4 0.35 0.31 0.3 0.26 0.24 0.26 0.39 0.38 0.37 0.65 0.59 0.61 0.48 0.49
彰化
CO
05/05 0.41 0.32 0.32 0.31 0.34 0.43 0.53 0.61 0.57 0.46 0.51 0.49 0.58 0.57 0.45 0.46 0.5 0.45 0.43 0.58 0.61 0.59 0.55 0.5
彰化
CO
05/06 0.43 0.35 0.32 0.33 0.28 0.3 0.39 0.64 0.7 0.65 0.57 0.49 0.46 0.45 0.42 0.47 0.51 0.54 0.45 0.4 0.44 0.32 0.3 0.3
彰化
CO
05/07 0.25 0.2 0.21 0.18 0.19 0.21 0.26 0.57 0.56 0.36 0.37 0.38 0.41 0.36 0.32 0.33 0.35 0.5 0.54 0.4 0.4 0.46 0.38 0.37
彰化
CO
05/08 0.33 0.36 0.39 0.39 0.42 0.46 0.5 0.84 0.79 0.79 0.7 0.72 0.43 0.37 0.45 0.44 0.54 0.72 0.68 0.67 0.8 0.68 0.51 0.48
彰化
CO
05/09 0.41 0.36 0.35 0.34 0.35 0.41 0.59 0.87 0.92 0.77 0.55 0.47 0.5 0.45 0.43 0.45 0.59 0.77 0.87 0.71 0.7 0.69 0.57 0.51
彰化
CO
05/10 0.52 0.38 0.34 0.36 0.36 0.42 0.58 0.91 0.82 0.61 0.53 0.44 0.49 0.43 0.43 0.5 0.56 0.66 0.53 0.48 0.42 0.52 0.67 0.58
彰化
CO
05/11 0.5 0.5 0.47 0.44 0.49 0.53 0.59 0.73 0.66 0.45 0.39 0.37 0.31 0.29 0.32 0.38 0.33 0.35 0.51 0.53 0.52 0.55 0.57 0.51
彰化
CO
05/12 0.55 0.5 0.39 0.29 0.38 0.38 0.52 0.55 0.46 0.44 0.48 0.53 0.88 0.7 0.8 0.92 0.6 0.39 0.32 0.38 0.53 0.46 0.42 0.53
彰化
CO
05/13 0.48 0.33 0.31 0.32 0.3 0.33 0.38 0.38 0.35 0.31 0.29 0.3 0.27 0.24 0.25 0.28 0.32 0.38 0.4 0.66 0.78 0.85 0.66 0.58
彰化
CO
05/14 0.54 0.49 0.45 0.4 0.36 0.38 0.38 0.42 0.27 0.23 0.24 0.28 0.22 0.19 0.21 0.23 0.26 0.29 0.3 0.29 0.37 0.37 0.27 0.27
彰化
CO
05/15 0.24 0.3 0.33 0.36 0.29 0.32 0.37 0.56 0.43 0.3 0.24 0.27 0.19 0.17# 0.17 0.17 0.22 0.24 0.3 0.37 0.32 0.32 0.21 0.19
彰化
CO
05/16 0.21 0.14 0.21 0.25 0.24 0.21 0.27 0.24 0.18 0.19 0.18 0.21 0.17 0.14 0.22 0.31 0.38 0.46 0.53 0.43 0.26 0.21 0.23 0.27
彰化
CO
05/17 0.22 0.16 0.15 0.14 0.12 0.14 0.19 0.42 0.34 0.2 0.2 0.2 0.13 0.12 0.2# 0.23 0.19 0.23 0.2 0.18 0.29 0.27 0.25 0.24
彰化
CO
05/18 0.22 0.17 0.15 0.13 0.12 0.13 0.16 0.23 0.2 0.18 0.17 0.17 0.14 0.14 0.15 0.16 0.21 0.24 0.16 0.17 0.19 0.21 0.16 0.17
彰化
CO
05/19 0.16 0.12 0.13 0.13 0.13 0.15 0.19 0.22 0.24 0.19 0.17 0.16 0.16 0.17 0.2 0.24 0.13 0.16 0.2 0.34 0.34 0.28 0.24 0.24
彰化
CO
05/20 0.18 0.13 0.13 0.13 0.14 0.14 0.22 0.34 0.21 0.21 0.26 0.26 0.24 0.25 0.24 0.45 0.62 0.78 0.74 0.7 0.51 0.47 0.37 0.31
彰化
CO
05/21 0.28 0.3 0.25 0.28 0.27 0.3 0.4 0.67 0.63 0.56 0.54 0.62 0.6 0.49 0.46 0.6 0.48 0.78 0.88 0.67 0.89 0.69 0.61 0.57
彰化
CO
05/22 0.58 0.6 0.62 0.59 0.58 0.68 0.76 0.77 0.63 0.5 0.44 0.49 0.55 0.48 0.54 0.41 0.4 0.62 0.7 0.59 0.72 0.83 0.73 0.72
彰化
CO
05/23 0.74 0.74 0.73 0.71 0.71 0.56 0.27 0.52 0.67 0.63 0.56 0.51 0.49 0.49 0.41 0.49 0.57 0.54 0.65 0.73 0.8 0.82 0.79 0.65
彰化
CO
05/24 0.65 0.65 0.6 0.61 0.57 0.57 0.69 0.7 0.56 0.43 0.34 0.38 0.4 0.34 0.35 0.32 0.34 0.44 0.52 0.41 0.42 0.45 0.34 0.31
彰化
CO
05/25 0.33 0.26 0.27 0.26 0.31 0.36 0.42 0.59 0.52 0.4 0.37 0.33 0.28 0.31 0.31 0.42 0.39 0.38 0.46 0.41 0.48 0.41 0.49 0.51
彰化
CO
05/26 0.49 0.45 0.4 0.45 0.4 0.43 0.57 0.51 0.44 0.39 0.42 0.38 0.4 0.36 0.41 0.44 0.46 0.53 0.67 0.68 0.77 0.58 0.64 0.68
彰化
CO
05/27 0.71 0.65 0.64 0.6 0.52 0.52 0.57 0.9 0.63 0.52 0.46 0.37 0.34 0.27 0.33 0.2 0.2 0.39 0.57 0.46 0.49 0.55 0.38 0.31
彰化
CO
05/28 0.23 0.24 0.26 0.23 0.22 0.28 0.36 0.43 0.45 0.23 0.31 0.27 0.3 0.5 0.49 0.4 0.5# 0.44# 0.44 0.48 0.44 0.45 0.39 0.31
彰化
CO
05/29 0.27 0.22 0.22 0.2 0.18 0.2 0.27 0.46 0.47 0.38 0.34 0.32 0.37 0.33 0.29 0.31 0.37 0.48 0.49 0.48 0.43 0.38 0.3 0.28
彰化
CO
05/30 0.27 0.24 0.22 0.22 0.24 0.29 0.49 0.6 0.63 0.56# 0.47 0.35 0.42 0.48 0.42 0.29 0.39 0.46 0.52 0.39 0.52 0.46 0.46 0.48
彰化
O3
01/01 16 19 23 25 27 27 26 26 26 28 33 38 39 40 40 38 33 26 23 24 25 20 20 22
彰化
O3
01/02 23 27 28 28 28 26 20 17 12 14 21 24 26 28 27 27 21 13 11 13 12 11 10 13
彰化
O3
01/03 14 10 13 20 17 20 18 15 19 18 20 18 21 26 22 23 15 11 14 13 8.2 4.8 2.3 1.2
彰化
O3
01/04 1.4 2.4 3.8 4.5 3.4 1.5 3.5 3.6 6.8 18 43 58 54 54 37 31 26 23 18 12 4.1 2.6 2.1 2.6
彰化
O3
01/05 8.6 6.5 2.7 6.3 7.1 1.9 1.4 3.6 8.3 14 20 27 39 44 36 22 19 21 11 8.1 5.3 4.4 1.8 1.3
彰化
O3
01/06 1.2 2.4 8.8 9.2 8.1 6.2 5.5 6.6 10 18 21 26 32 37 40 38 36 29 26 21 20 17 19 20
彰化
O3
01/07 20 17 13 8.8 11 17 9.1 8.9 10 19 25 33 37 48 52 46 40 33 31 35 32 28 26 27
彰化
O3
01/08 31 29 30 32 33 28 25 21 21 21# 24 26 30 29 35 38 34 24 20 20 19 20 19 19
彰化
O3
01/09 18 21 24 25 23 24 21 16 16 17 20 26 41 51 49 49 42 35 32 25 21 13 10 9.2
彰化
O3
01/10 11 18 20 19 18 16 13 16 18 17 20 23 29 31 31 26 24 20 19 16 14 13 12 10
彰化
O3
01/11 7.5 16 22 17 14 7.6 2.1 3.8 6.7 12 14 30 35 25 19 17 13 5.2 4 2.3 1.3 1.4 1.4 1.2
彰化
O3
01/12 1.2 1.2 1.2 1.2 1.3 1.3 3.4 3.8 6.1 8.5 14 25 34 39 37 41 28 12 4 2.2 2 1.9 1.7 1.8
彰化
O3
01/13 6.1 6.9 8.9 14 15 17 17 18 20 23 28 36 38 42 42 35 26 20 16 16 16 17 17 19
彰化
O3
01/14 20 23 25 27 28 28 21 15 17 20 25 30 39 51 51 46 40 35 29 26 28 26 31 33
彰化
O3
01/15 31 31 34 32 29 24 16 8.5 12 16# 24 26 35 43 41 38 36 29 30 33 31 28 29 34
彰化
O3
01/16 34 38 38 39 38 41 39 29 28 27 27 29 32 31 33 32 28 23 18 15 19 20 25 25
彰化
O3
01/17 26 27 28 29 32 30 27 25 27 31 31 33 35 38 37 34 28 23 20 20 21 23 28 32
彰化
O3
01/18 33 32 32 29 25 17 8.1 4.3 6.1 5.9 12 29 36 52 50 51 46 28 36 36 37 35 18 13
彰化
O3
01/19 17 22 30 35 35 12 6.2 6.1 14 25 37 47 52 55 54 46 43 35 19 26 18 8 2.7 1.6
彰化
O3
01/20 1.4 16 25 24 23 14 5.4 10 13 16 20 31 43 46 45 36 29 21 19 22 22 28 34 40
彰化
O3
01/21 41 45 44 44 44 40 35 30 29 31 30 31 34 38 37 34 31 26 24 24 24 27 28 32
彰化
O3
01/22 33 36 39 41 43 39 37 29 30 34 34 33# 39 41 41 40 35 29 27 30 32 31 34 36
彰化
O3
01/23 39 41 43 41 39 32 26 17 20 23 32 45 56 67 66 62 57 47 42 36 22 16 9.6 7.1
彰化
O3
01/24 18 11 5.3 7.6 6.2 3.2 3.3 8.7 21 37 44 52 61 67 66 61 56 48 39 34 27 18 7.6 2.8
彰化
O3
01/25 1.4 1.4 1.3 1.3 1.3 3.4 6.7 8.4 12 20 27 36 60 71 72 72 68 60 49 39 32 28 24 28
彰化
O3
01/26 35 41 42 44 46 45 46 41 38 43 43 47 50 51 50 48 44 40 36 36 37 37 37 38
彰化
O3
01/27 37 37 36 36 36 35 33 30 30 33 35 40 45 48 47 45 41 35 30 24 14 9.9 11 7.1
彰化
O3
01/28 4.9 2.3 5.7 3.6 1.3 1.8 2.4 5.7 12 12 20 43 40 49 40 39 33 27 22 20 13 5.9 1.9 1.3
彰化
O3
01/29 6.2 2.4 2.9 1.2 1.1 4.5 4.8 5.3 12 16 25 31 41 53 54 52 46 39 37 32 25 17 15 21
彰化
O3
01/30 13 9.7 21 29 33 28 24 17 15 19 29 30 35 43 46 49 44 24 11 1.5 1.4 1.5 1.4 1.6
彰化
O3
01/31 1.6 1.8 1.5 2 6.9 14 7.9 10 31 26 34 55 77 74 68 66 49 44 39 41 36 23 21 34
彰化
O3
監測年月：2019/02， 測站：彰化， 測項：O3（ppb）
彰化
O3
日期 00 01 02 03 04 05 06 07 08 09 10 11 12 13 14 15 16 17 18 19 20 21 22 23
彰化
O3
02/01 42 41 40 40 39 38 36 32 31 33 34 36 37 36 36 32 25 20 19 18 15 14 15 12
彰化
O3
02/02 14 18 10 12 14 11 7.3 5.5 11 19 39 49 51 55 44 48 51 49 44 40 37 30 29 18
彰化
O3
02/03 9.2 13 9.2 6.9 7.5 16 17 15 29 31 46 57 67 82 78 59 55 47 33 34 30 28 30 13
彰化
O3
02/04 6.5 13 16 3.5 6 13 14 9.6 14 18 24 33 45 53 54 49 40 31 26 25 25 25 26 25
彰化
O3
02/05 27 26 27 28 30 30 27 23 23 24 32 48 58 59# 56 39 30 36 37 36 33 31 27 30
彰化
O3
02/06 28 27 29 24 18 13 12 15 29 37 42 51 54 54 51 55 49 49 49 44 28 30 24 22
彰化
O3
02/07 19 17 16 15 12 12 20 16 16 38 45 47 48 49 48 55 67 52 41 32 22 8.4 18 33
彰化
O3
02/08 31 33 32 28 25 22 20 20 24 32 38 43 46 46 48 46 40 32 29 26 25 23 25 12
彰化
O3
02/09 9.6 13 11 14 15 19 24 24 23 28 32 33 33 28 28 28 27 21 19 18 21 23 21 23
彰化
O3
02/10 22 23 25 25 24 24 23 23 24 25 24 32 36 38 41 41 38 31 26 22 20 19 19 20
彰化
O3
02/11 19 18 19 20 21 26 26 22 25 27 30 33 37 39 39 35 30 23 19 15 14 14 14 15
彰化
O3
02/12 14 12 16 20 19 15 13 12 16 27 32 37 44 50 50 48 45 39 33 34 28 24 19 14
彰化
O3
02/13 4.3 8.2 13 18 13 20 9.6 6.7 11 15 20 28 39 42 43 44 41 25 18 17 19 19 19 21
彰化
O3
02/14 19 19 13 15 21 22 17 15 21 28 36 39 46 49 46 46 41 28 22 20 19 17 19 21
彰化
O3
02/15 16 17 22 18 14 12 13 5.4 10 25 38 54 60 56 57# 49 40# 30 16 20 11 9.2 3.2 1.4
彰化
O3
02/16 2.5 23 22 17 15 10 6.2 6.6 10 19 39 34 51 55 54 45 36 28 20 18 19 20 21 24
彰化
O3
02/17 26 28 28 30 31 27 28 27 26 31 38 41 49 52 52 49 42 35 30 26 24 25 28 26
彰化
O3
02/18 21 21 15 13 13 16 11 6 9.2 13 30 32 38 40 40 37 36 28 20 14 13 6.7 2.8 3.7
彰化
O3
02/19 3.8 31 30 26 20 10 3.1 2.2 4.6 10 7.7 20 32 33 41 47 45 33 13 5.2 2 1.6 1.3 1.8
彰化
O3
02/20 2 1.4 1.2 1.2 1.2 5.4 13 6.7 8.9 20 35 51 31 37 41 47 41 28 12 16 12 11 13 15
彰化
O3
02/21 9.4 9.7 7.6 6.5 10 16 9.2 9.2 14 16 13 21 32 37 36 32 31 26 23 25 18 18 13 9.2
彰化
O3
02/22 20 41 40 36 32 26 17 23 31 26 31 32 43# 46 46# 42 32# 29 24 23 22 21 20 24
彰化
O3
02/23 32 35 38 39 37 34 30 24 22 27 39 43 41 39 36 32 25 21 24 23 24 22 24 24
彰化
O3
02/24 23 22 21 23 24 26 22 19 17 17 16 20 23 25 27 23 19 18 22 18 17 21 23 27
彰化
O3
02/25 28 28 33 34 36 36 26 27 34 41 44 45 49 55 57 60 55 45 33 24 21 21 23 28
彰化
O3
02/26 26 28 30 30 29 23 19 13 17 23 27 33 43 56 61 59 46 46 41 36 34 28 21 17
彰化
O3
02/27 11 7.8 11 33 44 46 46 35 25 25 49 56 59 59 61 56 51 44 40 26 15 5.5 20 30
彰化
O3
02/28 26 21 7.8 24 28 24 17 13 18 27 34 45 42 45 46 42 38 32 28 21 18 16 17 20
彰化
O3
監測年月：2019/03， 測站：彰化， 測項：O3（ppb）
彰化
O3
日期 00 01 02 03 04 05 06 07 08 09 10 11 12 13 14 15 16 17 18 19 20 21 22 23
彰化
O3
03/01 20 22 28 30 25 15 16 17 26 31 37 45 57 58 54 46 42 35 29 29 30 27 29 25
彰化
O3
03/02 19 17 14 12 10 6.5 4 7.9 18 29 37 38 40 40 48 55 52 41 35 32 24 30 39 33
彰化
O3
03/03 26 3.3 6 5.2 15 5.4 5.7 17 25 36 37 40 38 36 31 29 26 24 13 11 5 24 26 20
彰化
O3
03/04 22 26 31 28 25 19 14 16 22 30 37 49 62 71 74 71 62 52 38 26 18 11 8.2 15
彰化
O3
03/05 11 8.4 4.5 2.5 7.1 18 13 4.6 9.7 29 42 59 73 80 76# 66 57 49 44 46 43 37 32 29
彰化
O3
03/06 26 23 33 30 27 23 26 22 15 22 32 35 40 40 43 47 41 34 32 34 34 25 20 18
彰化
O3
03/07 25 30 34 43 43 41 40 30 34 36 32# 28 31 34 37 31 33 38 41 36 37 43 43 46
彰化
O3
03/08 47 47 49 48 46 39 34 13 19 19 11 17 24 21 24 32 30 20 17 14 14 14 13 6.7
彰化
O3
03/09 4.4 9.4 24 25 10 21 9.7 6.6 4.1 18 15 14 21 23 16 10 11 14 16 26 24 22 17 4.7
彰化
O3
03/10 5.6 36* 36 39 42 45 41 31 27 29 36 42 38 36 30 26 26 20 16 10 11 10 8.7 4.5
彰化
O3
03/11 2.2 6.6 9.7 11 13 9.8 26 20 16 15 12 11 24 34 33 30 28 23 15 6.4 6.5 11 7.1 9.1
彰化
O3
03/12 10 11 9.3 5.5 2.5 6.4 4.5 4.8 14 35 57 60 64 84 82 76 68 62 55 46 28 22 18 13
彰化
O3
03/13 15 20 30 36 30 20 11 11 29 45 61 78 78 82 79 73 82 72 47 37 35 17 17 24
彰化
O3
03/14 14 30 34 25 21 16 16 22 19 41 47 48 64 64 56 64 60 52 52 49 42 43 43 45
彰化
O3
03/15 43 42 40 42 45 41 35 32 35 31 38 48 49 50 48 42 39 39 38 43 40 31 27 24
彰化
O3
03/16 20 13 14 9.5 10 6.1 4.2 5.9 14 35 48 54 61 68 66 67 66 64 57 59 49 35 13 7.4
彰化
O3
03/17 12 11 8.7 11 21 11 13 21 25 32 40 43 44 52 53 53 52 54 48 42 40 37 29 21
彰化
O3
03/18 19 11 13 12 13 5.5 8.5 8 16 26 29 30 35 48 55 53 42 38 30 27 16 1.6 1.4 1.4
彰化
O3
03/19 2.8 2.6 2.2 9.9 6.7 2.2 3.5 12 26 37 51 59 66 72 76 74 70 58 46 37 24 18 18 12
彰化
O3
03/20 9.9 7.2 10 10 6.9 8.6 8.3 6.3 22 32 37 53# 63# 66 63 56 56 48 34 17 13 15 13 10
彰化
O3
03/21 8.3 4.3 3.1 3.7 4.9 7.7 5.6 8.4 16 24 28 36 39 44 47 29 24 18 9.9 15 9.3 13 12 7.2
彰化
O3
03/22 8 7.2 5.4 4.1 2.7 15 19 18 20 22 32 38 52 58 62 56 46 37 28 24 24 24 23 27
彰化
O3
03/23 25 29 29 31 32 33 31 28 25 29 32 33 32 38 33 30 32 32 31 33 38 39 39 40
彰化
O3
03/24 40 40 43 41 36 37 31 21 18 18 16 19 16 17 15 14 20 16 10 3.1 7 8.2 4.5 1.8
彰化
O3
03/25 6.7 11 6.4 2.1 3.7 8.2 19 14 5.3 4.2 7.3 6.7 7.1 34 27 21 12 11 20 20 8 6.8 6.1 21
彰化
O3
03/26 35 41 41 33 24 20 17 18 22 28 38 49 58 66 72 65 58 53 49 45 38 30 18 8.9
彰化
O3
03/27 12 13 9.6 10 7.2 4 5.7 7.6 22 38 62 75 78 71 66 63 58 51 54 52 43 36 29 26
彰化
O3
03/28 24 27 22 18 25 22 16 14 30 34 39 41 42 40 38 36 38 35 28 25 21 19 20 20
彰化
O3
03/29 21 18 15 11 9.8 12 10 14 22 31 33 37 39 40 41 40 41 40 37 38 36 38 46 47
彰化
O3
03/30 44 39 35 27 31 40 30 24 24 27 42 54 59 73 70 64 61 57 46 38 26 22 23 19
彰化
O3
03/31 16 20 23 24 24 14 22 35 33 38 55 60 70 76 73 66 58 49 44 42 38 37 40 44
彰化
O3
監測年月：2019/04， 測站：彰化， 測項：O3（ppb）
彰化
O3
日期 00 01 02 03 04 05 06 07 08 09 10 11 12 13 14 15 16 17 18 19 20 21 22 23
彰化
O3
04/01 41 40 42 42 43 40 34 26 21 24 24 25# 27 33 36 33 28 25 23 19 14 15 12 14
彰化
O3
04/02 7.5 2.3 1.3 1.7 1.3 3.4 2.5 3.4 6.5 8.5 18 42 57 69 71 57 50 47 40 28 31 24 17 27
彰化
O3
04/03 36 44 41 36 35 33 35 30 27 29 35 38 40 43 42 46 47 44 44 38 27 27 30 22
彰化
O3
04/04 12 8.4 9.9 9 12 9.2 7.2 7.9 21 31 43 44 52 53 55 49 45 47 44 40 38 34 28 24
彰化
O3
04/05 22 27 22 34 29 33 34 37 37 38 43 48 55 56 57 58 56 48 39 28 22 8.1 3.9 4.1
彰化
O3
04/06 2.7 2.8 1.7 1.4 1.9 3.5 4.9 12 30 49 62 66 79 70 73 69 71 64 55 52 53 45 36 33
彰化
O3
04/07 35 34 29 23 22 36 43 50 56 60 61 61 64 72 71 72 71 69 71 60 46 37 29 32
彰化
O3
04/08 38 41 43 53 48 37 41 43 55 50 57 64 64 62 57 53 49 34 28 26 21 14 13 16
彰化
O3
04/09 17 20 20 22 20 21 19 24 39 42 41 48 45 44 35 30 21# 20 19 18 17 17 15 15
彰化
O3
04/10 15 13 11 11 11 6 8.6 14 17 22 28 35 38 38 35 33 31 24 20 18 19 18 16 15
彰化
O3
04/11 16 9.4 9.5 18 21 19 15 12 23 28 32 37 41 45 41 39 40 35 34 32 29 28 20 32
彰化
O3
04/12 36 29 27 33 30 31 29 26 30 35 44 53 64 63 63 58 51 43 35 30 27 24 24 22
彰化
O3
04/13 16 18 13 14 24 24 22 30 42 42 44 48 59 50 45 41 33 30 17 9.9 16 20 18 8.9
彰化
O3
04/14 12 36 32 27 24 14 11 14 24 29 39 47 52 51 47 48 50 47 45 37 35 34 31 33
彰化
O3
04/15 32 46 52 53 51 51 46 39 41 45 43 45 46 46 45 41 34 28 26 23 23 18 12 9.5
彰化
O3
04/16 7.6 6.4 6.6 22 46 42 30 24 22 17 16 12 13 13 14 9.4# 7.4 4.1 1.8 7.7 29 29 21 13
彰化
O3
04/17 29 27 35 32 36 36 34 30 32 45 60 65 73 76 72 68 67 58 51 38 25 20 19 17
彰化
O3
04/18 16 13 15 15 12 17 19 30 48 59 72 72 74 71 64 63 56 52 36 24 20 11 6.4 15
彰化
O3
04/19 12 5.9 18 28 32 31 31 24 30 41 43 44 38 52 54 50 45 40 29 18 22 35 25 27
彰化
O3
04/20 33 37 36 22 14 9.7 18 19 32 43 38 40 50 49 46 47 46 35 33 29 38 40 34 32
彰化
O3
04/21 27 20 53 47 45 41 33 26 24 21 21 27 33 35 31 28 17 13 8.5 5.4 9.9 11 13 12
彰化
O3
04/22 11 8.6 6.9 11 10 10 12 21 24 26 31 34 36 38 40 29 24 18 16 17 13 11 11 10
彰化
O3
04/23 13 16 9.8 7.8 6.3 6.2 8.3 14 20 28 37 45 44 40 34 27 21 20 21 17 19 17 13 13
彰化
O3
04/24 14 13 13 12 4.8 2.5 5.5 15 20 24 21 27 31 31 27 27 25 21 17 16 14 13 13 12
彰化
O3
04/25 11 12 10 7.1 6.2 9 10 17 23 27 33 34 32 28 27 27 26 22 17 15 6.3 5.6 4.7 4.1
彰化
O3
04/26 6.8 9.5 9.9 9 6.6 7.9 8.1 13 24 28 58 73 73 81 75 61 63 54 47 40 40 33 31 31
彰化
O3
04/27 30 24 17 20 11 11 18 21 31 43 53 68 74 73 73 70 61 54 46 40 35 33 29 26
彰化
O3
04/28 21 15 12 13 7.9 7.9 18 26 35 42 43 51 61 61 53 53 54 46 40 31 27 18 26 14
彰化
O3
04/29 11 11 6.8 6.7 9.3 16 15 21 33 43 50 55 57 50 55 46 38 39 39 36 34 30 20 19
彰化
O3
04/30 18 25 24 21 15 14 13 20 23 31 30 27# 29 30 28 27 26 24 18 16 16 14 13 12
彰化
O3
監測年月：2019/05， 測站：彰化， 測項：O3（ppb）
彰化
O3
日期 00 01 02 03 04 05 06 07 08 09 10 11 12 13 14 15 16 17 18 19 20 21 22 23
彰化
O3
05/01 12 12 15 16 14 16 24 24 30 31 33 33 36 38 34 39 39 33 27 26 28 31 27 22
彰化
O3
05/02 24 28 25 21 17 15 14 10 12 21 17 20 26 32 30 20 17 20 22 12 12 9 6.9 7.5
彰化
O3
05/03 4 9.8 33 31 34 33 30 12 14 32 45 55 66 69 72 71 64 55 44 39 30 22 18 17
彰化
O3
05/04 14 19 34 35 21 3.5 9.7 23 44 49 57 58 63 66 65 67 87 88 85 66 61 43 39 29
彰化
O3
05/05 34 47 42 30 21 16 17 22 28 35 50 55 58 59 60 60 68 62 55 41 35 35 29 29
彰化
O3
05/06 28 30 37 35 38 27 20 18 19 15 15 21 27 22 23 20 17 19 25 25 23 33 33 29
彰化
O3
05/07 30 30 24 30 32 35 38 32 33 39 39 39 38 39 42 40 39 35 31 30 30 23 23 21
彰化
O3
05/08 21 15 7.1 3.1 5.3 3.9 3.2 4.2 7.8 11 17 23 42 41 36 43 41 33 27 23 12 11 14 13
彰化
O3
05/09 14 13 13 12 11 4.6 4 5.9 7.7 14 23 29 25 28 31 31 20 11 8.1 4.3 2.8 6.1 10 3
彰化
O3
05/10 2.8 7.3 9.7 5.9 6.7 3.8 3.5 4.7 12 18 20 36 42 52 59 63 66 56 60 53 45 34 21 14
彰化
O3
05/11 12 9.5 9.6 8.4 4.3 3 7.3 17 25 38 49 58 57 58 61 63 62 55 46 37 29 20 15 14
彰化
O3
05/12 9.3 6.6 10 17 12 12 11 19 33 52 60 60 64 59 54 45 41 39 33 27 18 16 17 14
彰化
O3
05/13 9.8 21 20 21 21 15 15 28 36 45 53 53 56 56 55 51 46 42 41 25 18 10 9.4 11
彰化
O3
05/14 9.6 8.1 5.5 6 11 14 18 22 29 36 39 41 44 41 40 37 33 26 21 19 12 13 16 14
彰化
O3
05/15 15 14 15 10 9.3 6.1 8.4 16 29 42 50 40 35# 34 26 27 30 36 28 20 17 13 20 20
彰化
O3
05/16 15 14 9.9 7.2 8.7 11 11 16 18 16 17 20 24 24 20 16 15 14 9.9 6.2 6.2 6.4 6.6 4
彰化
O3
05/17 4 6.6 8.2 8.9 9.9 12 9.5 6.3 6.8 15 14 19 19 16 11# 16 18 13 9.6 9.2 7.6 6.1 6 6.7
彰化
O3
05/18 6.4 6.5 6.8 11 24 16 14 13 11 16 16 19 20 20 19 21 16 11 14 12 11 9.5 13 15
彰化
O3
05/19 16 17 16 14 13 13 13 15 20 23 24 26 26 23 23 21 22 20 17 10 8.5 9.5 9.1 8.9
彰化
O3
05/20 11 14 16 16 13 17 16 16 22 22 23 21 38 45 43 28 30 23 22 17 21 25 32 30
彰化
O3
05/21 28 23 28 17 20 23 21 19 21 23 29 31 32 41 37 36 43 30 18 24 15 12 17 14
彰化
O3
05/22 7.3 5.4 3.9 3.2 2.7 4 13 25 42 63 69 70 86 86 172# 75# 65 58 52 56 46 37 36 34
彰化
O3
05/23 23 19 12 14 10 25 47 45 37 33 36 39 52 60 69 68 54 58 59 64 74 57 39 32
彰化
O3
05/24 28 28 25 18 17 14 16 27 34 57 68 71 68 65 67 60 48 52 59 56 51 43 51 48
彰化
O3
05/25 40 47 45 45 34 29 33 34 40 51 51 49 47 44 41 40 39 34 36 32 25 28 19 14
彰化
O3
05/26 14 14 13 7.5 8.7 12 14 22 34 48 56 60 62 63 59 57 57 46 40 32 20 16 12 13
彰化
O3
05/27 11 12 13 14 16 19 18 20 36 34 20 20 31 37 36 36 35 31 27 22 16 11 16 16
彰化
O3
05/28 21 17 11 12 13 12 13 13 17 18 17 15 14 11# 14# 103# 18 22# 26 24 26 24 25 27
彰化
O3
05/29 27 30 29 30 32 29 28 26 25 26 33 43 53 58 59 55 50 41 35 32 30 30 33 32
彰化
O3
05/30 30 25 24 21 19 9.1 10 12 28 54 78# 74 77 71 60 55 44 37 27 32 30 23 18 15
彰化
NO2
01/01 17 13 11 8.7 7.6 7.6 8.6 10 12 11 9.3 8.7 9.1 8.7 8.5 8.2 11 15 16 14 13 17 16 14
彰化
NO2
01/02 12 9.4 8.9 7.9 8.3 9.4 16 21 27 25 21 20 21 20 21 20 24 30 29 26 24 23 22 19
彰化
NO2
01/03 16 18 15 11 12 12 14 20 18 20 19 22 21 18 21 21 20# 24 22 22 24 27 27 22
彰化
NO2
01/04 22 22 21 19 19 21 15 12 14 14 12 9.9 18 22 23 19 17 19 21 23 29 29 28 25
彰化
NO2
01/05 20 22 24 19 15 19 19 20 22 26 28 27 24 19 21 30 30 22 26 25 25 25 27 26
彰化
NO2
01/06 26 22 13 11 12 14 14 14 12 10 10 10 11 9.7 9.6 11 12 16 17 18 17 19 16 14
彰化
NO2
01/07 13 14 16 18 17 16 22 24 27 22 20 21 20 15 11 13 14 19 19 13 13 13 12 11
彰化
NO2
01/08 8 8.2 7.6 7.4 7.4 9.1 11 17 18 17# 17 17 16 15 16 14 15 20 22 19 19 18 17 16
彰化
NO2
01/09 15 11 11 9.9 11 12 15 21 22 21 21 19 15 12 15 13 16 17 18 20 21 26 27 26
彰化
NO2
01/10 25 17 15 15 16 18 21 20 18 17 17 18 13 12 14 15 17 19 20 21 19 17 18 19
彰化
NO2
01/11 20 13 9.5 12 14 17 23 22 23 22 25 23 27 26 24 24 25 28 28 29 28 27 27 29
彰化
NO2
01/12 24 23 20 21 20 20 17 16 19 23 22 19 13 11 13 13 15 23 27 27 27 26 26 25
彰化
NO2
01/13 20 18 17 13 11 9.7 11 13 12 12 12 10 10 9.2 9.1 13 17 18 19 19 17 16 15 14
彰化
NO2
01/14 12 10 9.5 9 8.8 9.9 15 23 24 23 21 22 20 12 11 12 14 18 20 21 17 18 14 10
彰化
NO2
01/15 12 11 8.1 7.3 8.6 11 17 23 22 22 22# 18 12 12 15 14 15 18 16 13 14 14 12 9.2
彰化
NO2
01/16 9.6 6.4 6.3 6 6.7 7.2 10 19 21 23 22 21 18 18 18 18 22 25 26 27 22 18 12 11
彰化
NO2
01/17 10 7.4 7.1 6.8 6 6.7 10 15 15 13 14 14 13 12 12 14 17 21 23 21 19 18 14 12
彰化
NO2
01/18 11 12 11 11 13 17 26 32 26 30 38 31 29 20 23 24 28 35 22 19 18 19 21 22
彰化
NO2
01/19 20 22 17 12 11 20 23 29 27 27 21 16 15 13 13 20 22 29 44 33 35 38 42 43
彰化
NO2
01/20 41 23 18 16 14 16 24 20 20 23 24 19 12 10 11 15 20 26 25 20 20 16 11 8.4
彰化
NO2
01/21 7.8 6.3 6.2 5.9 5.9 6.8 9.6 15 18 15 17 18 16 12 12 12 14 18 18 16 16 14 12 9.6
彰化
NO2
01/22 8.5 5.5# 5.2 4.9 4.5 6.1 9 17 18 17 16 16# 13 12 14 14 17 20 21 18 17 18 16 13
彰化
NO2
01/23 11 9.6 9.3 10 12 17 23 35 35 33 30 22 20 14 13 14 17 21 22 23 32 34 38 39
彰化
NO2
01/24 27 29 34 31 30 35 37 39 36 26 24 22 20 15 15 16 19 23 27 30 31 37 44 39
彰化
NO2
01/25 42 34 36 36 34 31 29 27 25 30 35 30 17 13 14 14 17 23 27 28 27 26 24 19
彰化
NO2
01/26 14 11 10 9.1 8.6 9 10 13 16 12 11 9.8 11 11 13 12 14 13 13 11 10 11 9.2 7.8
彰化
NO2
01/27 7 5.2 4.9 4.1 3.8 4.6 6.9 9.7 11 9.6 10 11 8.1 6.6 8.2 9.1 10 13 15 18 24 27 23 25
彰化
NO2
01/28 27 29 25 22 25 27 25 24 23 33 32 18 24 19 23 23 18 23 26 26 30 36 38 37
彰化
NO2
01/29 30 33 32 31 28 24 25 28 27 35 34 32 21 12 13 13 17 21 21 23 26 32 32 25
彰化
NO2
01/30 31 20 19 11 8.2 11 14 21 25 26 25 34 30 25 28 24 26 42 49 57 52 43 41 38
彰化
NO2
01/31 38 31 28 28 21 20 30 31 28 43 44 39 22 14 12 10 22 27 29 20 22 22 21 11
彰化
NO2
監測年月：2019/02， 測站：彰化， 測項：NO2（ppb）
彰化
NO2
日期 00 01 02 03 04 05 06 07 08 09 10 11 12 13 14 15 16 17 18 19 20 21 22 23
彰化
NO2
02/01 7.8 7.3 6.8 5.6 5.8 6.5 8 12 14 15 16 16 15 15 16 21 25 26 24 23 24 26 24 25
彰化
NO2
02/02 24 19 22 21 19 20 22 26 26 31 33 22 18 17 26 25 21 19 17 17 18 19 17 19
彰化
NO2
02/03 23 17 17 17 13 11 15 20 13 15 15 6.5 7.9 8.1 8.4 18 17 21 27 17 15 15 13 27
彰化
NO2
02/04 26 13 9.5 28 22 17 14 17 12 12 12 12 9.6 9.8 9.3 9.7 11 12 13 12 12 12 11 11
彰化
NO2
02/05 10 9.2 8.6 7.3 6.6 6.3 8.3 13 13 12 13 11 11 11 11# 21 19 13 9.4 10 11 12 13 13
彰化
NO2
02/06 10 9.2 6.7 6.7 9 13 20 15 10 6.7 7.1 7.1 7.7 8 10 9.1 16 12 8.9 11 15 14 15 13
彰化
NO2
02/07 14 12 11 11 9.3 9.9 9 12 12 5.1 3.8 2.3 1.4 1.2 2.6 4.6 5 5.9 7.7 11 15 20 19 10
彰化
NO2
02/08 9.1 6.7 6.3 6.9 7.1 8.2 9.7 12 11 9 8.4 7.6 7.2 8.1 7.5 8.3 9 11 12 13 13 13 12 19
彰化
NO2
02/09 22 17 20 15 13 12 10 13 13 13 12 10 10 12 13 12 12 14 17 17 15 13 13 12
彰化
NO2
02/10 11 11 9 8.5 8.1 8.9 10 12 10 11 14 10 9.4 9.2 9.5 11 12 13 14 17 16 15 14 12
彰化
NO2
02/11 9.6 9.3 9.2 8.9 8.3 7.2 9.5 15 13 12 13 14 13 11 11 13 14 19 20 22 21 20 19 16
彰化
NO2
02/12 15 17 15 11 9.7 11 14 19 18 12 12 13 12 9.6 8.6 8.4 10 14 16 14 16 18 19 20
彰化
NO2
02/13 33 26 19 13 16 10 20 23 21 19 17 16 14 14 14 14 17 24 26 24 20 18 16 14
彰化
NO2
02/14 14 12 17 19 13 14 19 24 20 17 15 18 13 9.4 13 14 18 22 23 22 21 20 17 15
彰化
NO2
02/15 16 17 12 13 16 17 21 26 29 23 19 13 12 8.9# NA 13# 19 29 41 32 38 32 33 39
彰化
NO2
02/16 39 14 13 16 18 19 20 20 22 25 20 19 9.9 7.2 8.1 11 14 17 21 19 17 16 14 11
彰化
NO2
02/17 8 7.7 7.7 7.5 7.5 9.5 9.8 12 13 11 10 11 11 9.9 9.8 10 12 13 14 15 15 13 10 10
彰化
NO2
02/18 14 9.2 12 13 13 13 17 20 20 27 14 14 11 10 10 12 15 17 22 25 24 28 25 23
彰化
NO2
02/19 24 6.8 5.6 6 8.6 9.8 16 20 34 62 68 41 24 20 20 18 18 26 39 48 48 41 42 40
彰化
NO2
02/20 35 28 26 25 24 23 16 22 23 26 26 22 24 22 19 18 21 29 29 19 19 18 16 15
彰化
NO2
02/21 18 16 18 19 14 11 17 18 16 21 23 19 15 19 22 24 21 19 17 14 19 18 21 26
彰化
NO2
02/22 17 7.2 7.1 7.2 8.9 11 18 19 15 19 17 13# 12# 49# 12x 12# 16 18 20 19 17 17 16 13
彰化
NO2
02/23 8.4 7.1 7.3 6.9 7.9 8.6 11 17 19 18 15 17 19 17 15 15 19 21 19 18 16 16 14 12
彰化
NO2
02/24 13 10 10 8 6.7 7.1 9.1 14 17 19 18 17 17 18 19 23 23 26 21 22 22 18 15 12
彰化
NO2
02/25 11 9.9 7.1 6.7 5.6 6.9 14 19 16 12 13 13 14 13 13 13 12 17 21 23 23 20 16 11
彰化
NO2
02/26 11 10 9.9 10 10 13 19 26 25 24 21 20 19 16 16 20 28 22 15 15 15 17 19 21
彰化
NO2
02/27 26 28 26 15 9.2 10 12 23 30 28 18 16 13 8.9 9.3 8.3 11 18 17 28 34 44 28 15
彰化
NO2
02/28 14 16 29 18 11 12 17 22 23 23 20 11 10 10 12 13 16 19 21 22 23 22 19 15
彰化
NO2
監測年月：2019/03， 測站：彰化， 測項：NO2（ppb）
彰化
NO2
日期 00 01 02 03 04 05 06 07 08 09 10 11 12 13 14 15 16 17 18 19 20 21 22 23
彰化
NO2
03/01 15 11 9.6 7.8 9.1 14 14 14 14 14 14 13 9.6 9.5 8.8 9.5 11 14 19 18 15 16 14 15
彰化
NO2
03/02 17 16 14 13 16 19 21 18 16 20 17 20 23 25 18 13 14 23 25 24 24 18 11 17
彰化
NO2
03/03 16 36 28 28 16 20 19 12 9.7 3.9 6.8 9.5 11 8 11 13 13 13 24 22 27 16 12 13
彰化
NO2
03/04 13 9 8.3 7.4 9.4 13 21 23 21 16 14 14 12 9.9 11 12 16 20 28 30 34 41 40 28
彰化
NO2
03/05 29 27 32 34 28 19 22 30 28 20 26 16 13 14 14 12# 17 15 12 8.9 9.5 12 14 11
彰化
NO2
03/06 8.9 15 8.8 9 9.4 9.4 8.9 14 17 13 8.4 16 12 12 12 10 13 17 18 15 13 16 21 20
彰化
NO2
03/07 15 9.8 9.2 6.5 6.7 8.9 11 23 21 18 23 31# 23 21 20 28 25 24 22 24 22 15 13 9.9
彰化
NO2
03/08 8.9 10 8.4 7.5 8 11 17 36 33 33 41 36 28 31 34 23 23 32 29 29 27 25 22 25
彰化
NO2
03/09 29 19 8.8 6.4 15 8.9 15 24 32 24 28 29 24 22 29 31 29 27 27 14 14 19 19 27
彰化
NO2
03/10 28 11 9.4 5.3 3.4 2.9 4.1 12 15 15 13 7.9 9.8 11 15 18 16 20 24 27 24 22 22 23
彰化
NO2
03/11 25 20 16 14 11 15 12 23 27 35 34 32 25 16 23 25 27 30 33 37 36 27 28 24
彰化
NO2
03/12 23 22 22 23 25 21 20 24 30 29 12 15 20 12 11 11 14 17 22 26 36 36 37 36
彰化
NO2
03/13 32 22 14 10 12 15 22 35 27 28 23 12 14 10 10 14# 11 15 31 30 30 40 36 25
彰化
NO2
03/14 34 19 11 10 11 11 14 21 31 15 15 21 16 14 19 11 14 19 16 13 16 13 10 9.1
彰化
NO2
03/15 9.2 8 8.6 7.5 7.7 8.2 14 22 20 25 20 18 19 21 20 21# 23 24 22 17 18 26 25 24
彰化
NO2
03/16 21 23 22 26 22 22 23 23 23 17 15 13 14 8.7 10 13 13 13 18 16 18 21 36 33
彰化
NO2
03/17 32 27 25 24 14 21 24 20 19 19 16 15 14 10 10 11 13 14 14 14 14 14 17 17
彰化
NO2
03/18 14 18 17 17 13 24 25 27 29 24 23 29 31 23 23 21 31 33 38 31 36 54 44 45
彰化
NO2
03/19 41 38 37 22 16 22 28 28 24 20 14 12 14 10 13 11 12 16 20 21 26 25 22 23
彰化
NO2
03/20 23 24 20 20 19 16 17 29 22 16 16 12 8.6# 7 5 4.8 6.9 8.6 13 13 11 7.1 6.5 7.9
彰化
NO2
03/21 9.3 12 15 15 14 12 14 14 11 6.6 7.8 5.9 5.1 5.2 5.5 9.4 10 13 19 11 15 12 11 15
彰化
NO2
03/22 13 9.8 8.9 9.2 14 11 12 15 15 16 16 19 8.9 7.2 7.7 13 16 17 20 20 17 15 15 11
彰化
NO2
03/23 11 8.8 9 7.9 7 6.5 8.1 13 17 16 14 16 16 12 15 16 14 13 14 12 8.8 8.8 8.2 7.2
彰化
NO2
03/24 7.1 5.2 4.3 5.2 6.5 6.4 8.6 11 16 19 19 15 15 10 13 15 16 20 23 29 22 16 24 25
彰化
NO2
03/25 20 12 14 20 16 12 8.7 16 23 27 23 25 33 19 24 28 38 41 29 27 36 33 29 15
彰化
NO2
03/26 7.8 6.4 6.2 7.4 11 14 19 19 18 15 14 14 13 14 14 21 17 18 19 17 19 23 28 26
彰化
NO2
03/27 23 16 15 16 25 23 18 23 17 18 8.3 8.1 11 8.5 7.4 9.9 9.8 12 12 12 12 14 16 15
彰化
NO2
03/28 18 11 11 8.8 8 8.1 12 23 11 8.4 5.1 5.8 4.9 5.5 3.6 8 10 7.7 6.1 4.8 4.5 6.4 5.3 4.4
彰化
NO2
03/29 3 6.9 8.8 12 12 10 13 12 9.6 7.4 8.3 7.8 6.6 6.9 7.6 8.9 8.9 11 13 11 12 13 8.8 6.6
彰化
NO2
03/30 6.7 3.1 4.2 8.7 9.4 6.1 12 17 20 18 13 8.2 10 8.6 7.8 7.2 12 13 19 22 27 26 19 20
彰化
NO2
03/31 19 14 11 11 10 14 15 9.9 13 14 7 10 8.3 7 8.5 9.8 13 14 12 12 13 13 11 7.8
彰化
NO2
監測年月：2019/04， 測站：彰化， 測項：NO2（ppb）
彰化
NO2
日期 00 01 02 03 04 05 06 07 08 09 10 11 12 13 14 15 16 17 18 19 20 21 22 23
彰化
NO2
04/01 8.2 7.8 6.5 5.7 5.8 6.5 11 18 23 21 21 21 15# 15 16 18 21 24 24 25 28 24 27 24
彰化
NO2
04/02 21 28 30 29 25 19 28 30 30 37 27 25 19 12 9.5 16 18 16 19 26 21 23 27 18
彰化
NO2
04/03 11 5.6 6.4 8.1 8 9.1 10 16 18 17 16 16 14 12 13 11 11 14 14 17 25 23 18 19
彰化
NO2
04/04 22 24 20 21 16 17 18 21 18 16 12 14 10 11 9.5 13 14 11 10 11 12 13 14 14
彰化
NO2
04/05 17 11 13 8.3 8.6 8.3 9.6 9.8 11 12 9.9 9.1 7.6 6.6 7.8 10 8.6 8.9 12 20 19 31 33 27
彰化
NO2
04/06 29 22 26 21 19 18 18 16 11 8.9 7.1 7.5 9.4 6.9 5.5 5.1 4.4 5.6 9.4 10 8.8 8.9 11 12
彰化
NO2
04/07 9.1 9 8.3 9.7 8.6 7.4 8 6.5 4.5 4.7 4.7 5.1 5.6 5.2 4.6 4.5 5.2 7.7 6.6 9.4 13 15 17 15
彰化
NO2
04/08 11 8 6.8 6 6.2 8.2 9.7 10 6.8 8.8 8.4 7.1 7.9 7.8 8.1 8.8 8.6 12 11 8.3 11 18 17 14
彰化
NO2
04/09 14 10 9.3 7.4 7.7 8 11 13 7.8 6.7 7.6 5.5 5.9 7.4 7.9 7.5 8.5# 6.3 6.7 7.2 7.2 6.7 5.1 5.3
彰化
NO2
04/10 4.7 6.6 7.9 9.4 9.4 12 11 9.2 8.5 8.3 9.1 7.4 7.2 6.9 7.7 8.4 10 11 9.1 15 14 15 17 20
彰化
NO2
04/11 15 19 20 14 13 12 14 19 8.8 6.7 7.8 8.5 7.8 8 8.3 15 13 15 14 14 15 12 13 10
彰化
NO2
04/12 7.3 7.6 7.7 6 7.8 7.5 11 15 14 13 12 13 13 12 12 12 15 20 22 23 22 22 19 17
彰化
NO2
04/13 16 16 20 20 13 12 18 17 13 13 15 16 13 13 14 14 19 21 28 32 28 20 17 23
彰化
NO2
04/14 26 5.9 6 7.5 9.1 14 17 17 18 15 11 10 9.4 5.9 4.5 6.2 7.2 9.5 10 13 13 11 13 9.9
彰化
NO2
04/15 9 7.5 6.8 5.5 6 6.5 11 18 18 16 18 19 18 16 16 16 19 24 23 24 22 25 28 28
彰化
NO2
04/16 27 27 27 19 6.2 7.6 14 22 28 31 32 36 35 33 33 41# 48 48 45 37 22 20 20 25
彰化
NO2
04/17 15 14 9.8 10 8.2 9.7 12 19 20 14 8.4 8.8 9.6 8.5 9.2 10 12 17 21 29 31 27 24 23
彰化
NO2
04/18 21 19 18 16 16 15 15 14 11 13 9.7 9.6 8.8 8.2 9.2 8 11 13 29 29 29 38 39 30
彰化
NO2
04/19 31 38 25 13 9.6 11 6.1 12 11 6.8 6.6 9.8 21 16 17 13 10 11 23 23 19 10 13 9.9
彰化
NO2
04/20 3.9 2.8 3 13 19 15 12 18 8.4 5 15 9.2 4.9 6 8.7 16 24 29 26 24 16 13 11 7.8
彰化
NO2
04/21 5.7 8.7 3.2 2.5 3 3.2 5.1 12 9 6.5 7 6.1 4.3 4.2 7.1 8.8 17 20 19 19 13 13 11 8.5
彰化
NO2
04/22 8.8 7.2 7.2 6.3 8.1 8.9 9.7 7.9 7.3 6.3 4.4 6.5 5.9 4.7 5.3 6.7 6.9 8.5 9.6 6 7.2 7.4 6.7 6.2
彰化
NO2
04/23 3.4 2.4 7.4 6.7 7.6 9.2 8.5 6.3 4.2 4.2 4 4 2.6 2.1 4.4 7 7.9 9.5 7.7 8.3 5.4 6.1 9.1 7.3
彰化
NO2
04/24 5 6.2 6.2 6.8 11 15 14 9.3 7.5 7.4 6 5.7 4.3 4.4 5 5.3 5.2 6.6 6.7 4.4 4.1 5 4.3 4.4
彰化
NO2
04/25 4.8 5.3 5.8 8.4 9.4 9.1 9 7.7 5.1 5.4 4.5 5.1 3.8 4 4.1 4.5 4.4 5.5 10 12 19 20 19 19
彰化
NO2
04/26 16 11 11 10 13 12 12 13 9.3 18 16 11 13 13 15 20 11 15 17 19 14 17 15 13
彰化
NO2
04/27 12 14 15 11 14 17 14 16 12 10 14 11 10 8.3 8.1 8.7 10 8.6 10 12 13 13 13 13
彰化
NO2
04/28 14 18 18 16 19 21 14 14 11 8.9 8.6 8.7 7.8 8.4 15 14 9.6 10 13 19 19 24 18 19
彰化
NO2
04/29 17 16 15 15 11 8.7 11 13 12 12 14 6.6 5.6 6.3 7.4 7.7 8 10 12 13 12 11 14 15
彰化
NO2
04/30 15 7.3 7.1 8.1 9.6 8.5 10 7.8 7.6 6.2 5.9# 7.9 7 6.5 6.1 5.7 6.6 8.4 11 11 8.5 10 11 9.5
彰化
NO2
監測年月：2019/05， 測站：彰化， 測項：NO2（ppb）
彰化
NO2
日期 00 01 02 03 04 05 06 07 08 09 10 11 12 13 14 15 16 17 18 19 20 21 22 23
彰化
NO2
05/01 9.9 7.7 5.8 4.8 5.6 6.2 6.7 13 13 12 12 13 12 12 14 12 13 15 18 18 15 13 13 13
彰化
NO2
05/02 14 8.3 8.9 10 13 15 21 27 28 25 33 31 24 20 22 31 33 30 28 35 27 29 29 25
彰化
NO2
05/03 26 21 10 8.8 8.7 12 15 30 32 23 17 14 12 11 11 10 13 17 23 23 27 32 32 28
彰化
NO2
05/04 29 18 9.9 6.1 21 28 24 20 8.9 8.7 6.3 5.4 5.8 5.6 5 6.2 7.5 7.3 7.2 12 12 13 11 12
彰化
NO2
05/05 10 5.2 5.5 5.9 6.7 14 13 12 13 6.8 10 10 13 12 9.1 11 9.4 10 12 15 15 11 9.8 9.4
彰化
NO2
05/06 7.7 5.9 5.6 6.9 6 9.1 17 22 24 27 27 17# 16 21 20 22 24 25 20 18 19 13 12 12
彰化
NO2
05/07 11 7.3 11 7.8 6.9 8 10 20 19 14 14 14 15 14 12 14 15 19 19 18 16 19 15 18
彰化
NO2
05/08 15 16 23 27 16 16 24 25 29 31 30 31 20 14 20 18 23 27 27 25 31 28 22 20
彰化
NO2
05/09 17 15 15 14 16 21 21 23 26 29 22 18 21 21 19 20 28 36 37 37 35 30 24 27
彰化
NO2
05/10 27 18 15 17 18 18 22 24 24 22 24 16 15 13 11 19 19 25 20 15 15 17 24 25
彰化
NO2
05/11 21 22 20 19 21 23 20 17 18 13 9.9 9.4 8.3 7.6 7.7 8 8.9 8.9 13 18 18 20 20 16
彰化
NO2
05/12 17 22 17 9.5 12 13 16 16 9.5 7 7.9 13 15 12 12 16 13 10 7.2 11 12 12 10 11
彰化
NO2
05/13 17 7.1 6.5 5.7 6 7.2 9.4 7.8 7.8 7.4 6.3 7.5 7.3 6.3 7.1 6.3 8.4 10 11 19 22 25 25 21
彰化
NO2
05/14 18 19 19 17 14 14 12 9 6.9 5.7 6.7 7.9 4.6 3.5 4.8 6.3 6.6 6.4 6.8 8.6 14 13 9.9 10
彰化
NO2
05/15 9.9 12 10 11 10 11 12 21 13 9.1 6.9 8.5 5.1 5.1# 5.2 4.7 7.4 7.3 9.7 10 9.2 14 8.7 7.7
彰化
NO2
05/16 8.4 5.7 9 11 11 8.8 8.7 7.2 5.8 7.2 6.9 7.1 6.6 4.6 6.1 11 11 11 12 13 10 9.2 9.4 12
彰化
NO2
05/17 12 7.3 6.6 6 4.9 4.8 6.4 9.3 11 6.8 8.9 7.1 3.6 3 6.3# 5.2 5.6 7 8.1 6.9 8.2 9 9.9 8.8
彰化
NO2
05/18 8.9 8 7.3 6 3.1 4.2 4.8 5.8 7.6 4.7 4.9 4.6 4.1 5 5 5.4 8.8 12 6 6 6.6 7.7 5.5 4.9
彰化
NO2
05/19 4.7 3.9 3.9 4.1 4.2 4.8 4.6 5.1 4.6 4.2 4.4 3 2.6 4.4 3.8 4.4 2.9 3.4 4.4 8.2 9 7.9 7.7 8.4
彰化
NO2
05/20 7.2 5.3 4.8 4.2 5.2 5.1 6.2 8.1 6 6.5 7.8 9.3 11 9.2 8.2 24 24 26 24 24 19 15 12 12
彰化
NO2
05/21 13 13 9.7 12 13 12 18 23 26 27 26 27 28 24 22 27 20 29 36 28 31 28 30 28
彰化
NO2
05/22 33 30 31 32 31 27 20 19 22 15 12 12 14 13 20 17 18 25 27 22 26 27 23 22
彰化
NO2
05/23 22 22 27 21 27 23 9.8 15 25 26 25 22 17 15 15 15 23 17 19 20 20 19 17 15
彰化
NO2
05/24 13 9.8 10 10 11 11 14 16 15 8 6.8 7.3 8.4 6 7.1 5.3# 9.4# 11 14 13 13 13 9.6 8.7
彰化
NO2
05/25 8.4 6.1 4.8 5.8 6.4 9.7 14 12 12 6.4 5 4.8 3.6 3 5.8 9.2 8.6 13 12 15 21 17 17 17
彰化
NO2
05/26 15 15 14 16 13 13 13 11 11 9.8 9.6 7.9 8.5 7.8 8 10 11 14 18 19 24 21 21 18
彰化
NO2
05/27 20 15 14 14 11 9.2 11 16 9.9 14 19 16 11 7 5.3 3.6 4.6 8.3 12 14 16 17 13 10
彰化
NO2
05/28 7.8 10 11 10 9.3 12 12 14 11 6.6 10 13 14 21 17 18 22# 17# 18 19 15 15 14 12
彰化
NO2
05/29 11 8.3 7.8 7.9 7.5 9.2 11 16 18 19 16 14 14 14 14 14 17 20 23 23 20 18 15 14
彰化
NO2
05/30 13 14 14 15 15 23 23 22 23 21# 14 14 198# 10# 13 12 15 20 26 18 15 18 18 16
