花蓮
PM10
01/01 16 9 9 8 9 8 10 13 11 11 9 9 14 13 15 11 21 18 10 7 11 13 9 10
花蓮
PM10
01/02 8 7 16 11 7 11 11 8 12 16 23 15 17 16 14 8 10 14 19 21 12 19 14 10
花蓮
PM10
01/03 14 10 5 8 9 10 7 11 13 16 18 8 10 9 12 1000# 11 15 15 33 27 20 19 17
花蓮
PM10
01/04 25 13 8 11 17 21 16 12 16 23 19 20 14 18 17 38 23 31 32 33 24 19 18 22
花蓮
PM10
01/05 20 18 25 15 15 16 21 10 24 15 27 42 33 57 42 38 32 24 29 27 26 21 16 12
花蓮
PM10
01/06 12 21 20 24 21 26 20 13 19 17 13 13 20 10 14 14 17 14 18 17 15 15 21 19
花蓮
PM10
01/07 20 21 21 17 10 21 17 25 23 27 17 17 15 11 17 20 16 28 24 29 30 27 30 29
花蓮
PM10
01/08 19 22 16 9 17 13 21 21 18 24 1000# 19 11 15 18 18 12 13 9 8 13 14 11 11
花蓮
PM10
01/09 11 12 10 15 14 12 11 14 17 12 12 8 9 9 9 11 12 20 21 28 29 20 25 22
花蓮
PM10
01/10 15 12 19 NA 15 11 14 17 8 18 18 17 14 15 17 18 14 16 27 23 24 27 22 18
花蓮
PM10
01/11 16 17 11 11 12 19 13 16 19 19 25 21 15 18 24 61x 44 38 24 31 29 26 19 21
花蓮
PM10
01/12 21 17 10 19 15 18 11 20 21 20 35 32 29 28 29 22 22 14 11 13 14 15 13 9
花蓮
PM10
01/13 18 15 14 11 10 15 20 20 17 19 16 14 21 18 22 23 16 13 13 11 9 18 14 13
花蓮
PM10
01/14 12 12 11 10 13 16 19 17 19 22 14 21 28 22 21 27 32 55 38 37 37 23 21 16
花蓮
PM10
01/15 17 18 14 15 16 21 16 1000* 1000* 1000* 1000# 10 16 17 21 20 23 20 36 30 19 20 10 11
花蓮
PM10
01/16 9 10 12 10 6 7 14 11 11 9 11 13 13 8 12 10 8 14 13 14 9 17 7 11
花蓮
PM10
01/17 11 7 5 10 11 13 10 11 7 11 13 15 21 22 25 22 28 27 21 25 30 32 37 37
花蓮
PM10
01/18 40 44 40 42 39 47 47 54 54 53 49 42 39 38 40 42 48 54 56 43 43 39 43 21
花蓮
PM10
01/19 22 22 19 21 15 18 19 18 20 29 27 26 29 32 38 35 35 36 63 49 44 33 32 25
花蓮
PM10
01/20 20 22 18 25 16 17 19 16 18 24 18 19 22 19 32 32 33 40 41 29 27 20 15 18
花蓮
PM10
01/21 10 8 8 11 9 12 11 10 15 13 13 20 14 13 1000# 18 14 24 23 13 18 16 18 12
花蓮
PM10
01/22 10 14 15 10 8 11 13 14 21 24 22 22 22 23 23 27 35 35 46 46 44 41 44 39
花蓮
PM10
01/23 38 33 32 39 34 38 38 40 55 55 53 52 52 52 50 57 56 67 64 62 63 54 53 44
花蓮
PM10
01/24 38 41 46 39 32 34 31 31 27 36 51 53 53 55 48 60 62 50 63 59 54 60 57 40
花蓮
PM10
01/25 39 27 16 22 19 21 20 25 22 27 27 26 35 24 17 23 22 19 30 26 45 44 41 40
花蓮
PM10
01/26 37 44 43 44 43 37 35 35 32 34 35 32 35 40 38 40 48 43 36 35 36 32 26 25
花蓮
PM10
01/27 28 29 20 24 20 20 27 26 21 13 19 21 13 11 15 9 19 27 19 26 25 23 18 19
花蓮
PM10
01/28 20 12 13 11 17 15 14 13 15 17 16 18 1000# 1000# 19 23 29 22 14 21 10 19 12 19
花蓮
PM10
01/29 18 17 18 22 15 10 13 11 23 10 11 21 19 25 25 22 27 33 25 23 17 17 19 19
花蓮
PM10
01/30 17 21 14 15 12 18 19 21 13 11 17 24 27 22 22 31 28 31 31 35 29 22 22 23
花蓮
PM10
01/31 21 20 19 23 13 16 20 14 19 1000# 16 30 20 17 24 20 17 25 29 61 44 37 26 24
花蓮
PM10
監測年月：2019/02， 測站：花蓮， 測項：PM10（μg/m3）
花蓮
PM10
日期 00 01 02 03 04 05 06 07 08 09 10 11 12 13 14 15 16 17 18 19 20 21 22 23
花蓮
PM10
02/01 19 20 24 18 13 16 13 18 20 18 16 16 16 16 22 19 21 21 17 20 18 16 21 15
花蓮
PM10
02/02 17 18 14 14 14 14 14 15 13 13 15 13 11 15 14 28 30 27 33 32 17 14 11 12
花蓮
PM10
02/03 12 11 13 11 8 10 13 14 11 17 11 23 25 19 32 39 31 21 28 19 28 17 12 17
花蓮
PM10
02/04 12 20 10 14 11 8 10 13 10 1000# 7 7 10 13 17 13 15 15 17 26 43 34 31 37
花蓮
PM10
02/05 60 53 81 30 31 19 26 24 23 8 10 12 9 13 18 22 25 20 18 25 21 21 24 24
花蓮
PM10
02/06 19 29 28 18 8 16 20 21 15 18 29 15 18 24 24 34 39 46 40 39 48 44 34 28
花蓮
PM10
02/07 19 18 16 20 22 15 22 21 19 10 27 24 29 28 31 31 38 34 40 49 46 52 53 41
花蓮
PM10
02/08 40 32 28 24 23 25 16 19 22 24 30 24 20 23 20 15 17 19 26 24 28 31 27 23
花蓮
PM10
02/09 15 19 14 11 14 20 17 24 20 19 19 19 19 20 19 20 16 20 13 11 15 17 12 10
花蓮
PM10
02/10 11 17 15 10 15 8 16 13 9 14 20 9 6 6 9 7 9 15 15 19 25 10 24 13
花蓮
PM10
02/11 20 15 13 10 13 17 19 28 13 14 15 14 16 10 12 12 15 12 14 10 13 8 10 25
花蓮
PM10
02/12 17 14 12 10 17 12 13 16 22 10 9 10 8 7 1000# 10 7 12 10 20 17 9 14 12
花蓮
PM10
02/13 15 7 16 12 10 9 12 9 14 32 30 24 22 21 23 18 20 17 16 8 19 18 14 11
花蓮
PM10
02/14 18 11 18 9 14 16 10 16 16 17 22 12 15 18 24 27 27 27 32 25 29 30 25 26
花蓮
PM10
02/15 22 19 17 14 16 14 22 13 14 10 20 21 18 14 18 14 16 18 21 25 19 17 22 22
花蓮
PM10
02/16 19 14 18 13 14 16 27 28 19 24 19 20 22 27 24 18 16 21 16 11 12 15 12 10
花蓮
PM10
02/17 14 14 11 11 10 12 14 10 17 10 13 10 13 11 14 15 7 11 16 12 14 20 16 16
花蓮
PM10
02/18 11 14 15 12 12 13 11 13 19 14 9 8 12 11 10 17 18 24 27 31 34 25 27 15
花蓮
PM10
02/19 13 11 11 13 18 17 15 23 30 26 31 28 1000# 36 28 37 40 31 32 28 30 25 38 45
花蓮
PM10
02/20 45 29 38 27 15 21 21 22 29 23 22 26 28 23 34 26 26 27 26 26 32 25 21 30
花蓮
PM10
02/21 25 32 31 29 30 31 39 43 37 37 32 23 26 23 27 25 33 38 33 35 34 30 31 26
花蓮
PM10
02/22 25 16 17 16 27 30 21 25 29 29 26 27 23 21 25 24 23 22 20 24 16 15 11 14
花蓮
PM10
02/23 13 15 14 18 16 19 17 20 19 26 25 26 28 29 33 32 36 31 27 22 26 22 27 27
花蓮
PM10
02/24 30 24 21 19 16 24 21 20 17 13 17 13 11 8 5 8 9 9 17 15 18 11 9 7
花蓮
PM10
02/25 8 8 9 14 14 15 15 12 12 13 16 14 16 24 24 1000# 18 18 15 20 27 29 24 24
花蓮
PM10
02/26 18 22 22 22 23 17 17 29 32 29 29 23 31 28 35 35 37 32 42 39 40 33 35 34
花蓮
PM10
02/27 29 22 18 19 22 14 17 21 16 14 20 25 23 25 27 28 28 42 41 32 35 46 29 19
花蓮
PM10
02/28 20 21 21 17 19 34 41 52 53 46 41 32 29 35 31 25 21 21 24 17 20 21 21 17
花蓮
PM10
監測年月：2019/03， 測站：花蓮， 測項：PM10（μg/m3）
花蓮
PM10
日期 00 01 02 03 04 05 06 07 08 09 10 11 12 13 14 15 16 17 18 19 20 21 22 23
花蓮
PM10
03/01 18 15 23 23 25 30 25 26 21 29 21 24 23 20 24 26 26 35 30 29 41 32 27 25
花蓮
PM10
03/02 27 20 19 19 19 15 21 16 18 18 30 25 27 28 24 26 32 31 38 42 36 28 20 20
花蓮
PM10
03/03 20 14 15 16 21 22 19 18 21 15 27 22 19 32 33 25 24 21 13 14 18 21 16 20
花蓮
PM10
03/04 17 18 19 17 24 19 21 24 25 27 27 32 27 30 33 35 39 36 33 36 34 37 36 41
花蓮
PM10
03/05 28 23 22 24 16 16 11 11 10 8 10 12 1000# 20 22 24 32 41 38 23 23 13 15 19
花蓮
PM10
03/06 15 15 14 15 21 14 17 20 25 19 30 34 27 26 19 18 21 20 19 15 18 17 22 17
花蓮
PM10
03/07 13 8 12 9 11 7 7 9 15 15 11 6 9 9 14 23 46 40 38 33 22 24 17 19
花蓮
PM10
03/08 15 11 15 16 14 9 12 12 8 11 11 11 8 11 7 7 6 8 29 25 23 16 10 16
花蓮
PM10
03/09 10 9 11 6 2 4 3 6 6 5 2 8 7 7 15 26 25 22 19 27 35 23 18 23
花蓮
PM10
03/10 16 17 17 5 10 12 10 14 18 14 13 15 11 20 16 18 19 16 19 24 30 34 33 36
花蓮
PM10
03/11 35 41 32 41 34 35 33 34 38 31 32 31 38 31 39 37 34 40 53 41 39 36 28 24
花蓮
PM10
03/12 23 23 28 26 27 25 31 26 34 31 40 39 46 45 46 47 52 50 60 53 64 47 46 46
花蓮
PM10
03/13 42 47 38 41 37 36 39 33 35 38 42 35 37 37 33 31 29 30 33 35 31 32 30 24
花蓮
PM10
03/14 27 21 14 20 18 22 19 21 25 32 37 43 1000# 39 45 50 51 69 67 53 46 57 47 44
花蓮
PM10
03/15 38 35 34 31 29 19 24 21 18 24 23 28 31 29 30 33 37 35 39 39 30 28 23 22
花蓮
PM10
03/16 22 18 16 19 19 15 15 16 24 43 40 39 42 43 50 48 46 45 33 33 35 33 24 18
花蓮
PM10
03/17 22 21 22 23 23 25 26 27 28 33 42 44 36 40 38 37 29 33 43 52 44 46 47 23
花蓮
PM10
03/18 22 27 25 31 24 25 26 31 29 33 28 43 30 31 32 34 30 38 43 49 45 39 37 35
花蓮
PM10
03/19 37 28 30 33 50 51 53 45 48 44 48 41 40 32 28 32 26 27 42 39 30 41 40 38
花蓮
PM10
03/20 34 31 34 23 21 13 10 22 15 20 20 23 22 16 26 30 39 38 37 34 45 43 38 35
花蓮
PM10
03/21 33 31 33 37 37 36 38 34 36 43 1000# 27 22 26 25 26 23 30 36 37 31 39 32 35
花蓮
PM10
03/22 44 42 43 43 48 55 53 55 44 46 45 35 33 31 35 36 25 19 13 11 10 10 9 12
花蓮
PM10
03/23 15 14 14 13 15 16 11 11 9 16 17 21 20 16 21 19 28 21 23 19 19 14 11 10
花蓮
PM10
03/24 8 10 12 8 10 14 10 14 20 14 17 24 22 25 29 30 25 33 40 45 31 28 21 19
花蓮
PM10
03/25 13 21 15 16 11 15 14 16 10 14 14 21 13 15 21 27 24 33 41 34 27 27 26 26
花蓮
PM10
03/26 17 19 21 16 21 22 21 21 30 1000# 31 31 33 35 30 35 34 39 41 40 42 37 30 26
花蓮
PM10
03/27 25 20 22 10 23 18 19 17 16 1000* 1000# 1000# 1000# 1000# 30 23 34 35 36 32 18 24 22 21
花蓮
PM10
03/28 22 21 20 21 19 25 27 26 26 30 34 29 23 35 38 35 38 31 37 37 33 36 36 32
花蓮
PM10
03/29 28 30 38 32 30 35 36 39 40 47 1000# 42 42 55 56 52 51 41 47 51 52 46 42 39
花蓮
PM10
03/30 37 19 23 18 19 15 21 18 18 16 25 20 14 18 24 23 28 29 35 39 36 36 40 33
花蓮
PM10
03/31 30 25 21 22 20 11 26 32 38 41 48 50 52 48 40 39 24 12 17 19 15 16 15 16
花蓮
PM10
監測年月：2019/04， 測站：花蓮， 測項：PM10（μg/m3）
花蓮
PM10
日期 00 01 02 03 04 05 06 07 08 09 10 11 12 13 14 15 16 17 18 19 20 21 22 23
花蓮
PM10
04/01 13 12 11 10 13 10 11 7 13 14 16 10 11 9 12 10 18 18 19 17 16 19 19 11
花蓮
PM10
04/02 13 13 15 14 13 15 15 21 21 21 1000# 13 15 13 10 14 1000* 26A 31 29 28 28 23 20
花蓮
PM10
04/03 13 15 17 17 12 19 11 16 16 16 21 18 20 23 21 25 22 20 18 23 20 21 28 23
花蓮
PM10
04/04 24 20 26 25 17 21 17 16 18 21 31 19 21 14 21 21 20 22 25 18 28 32 26 20
花蓮
PM10
04/05 19 22 21 16 20 18 21 24 32 27 25 31 34 30 24 20 26 24 21 28 28 25 28 27
花蓮
PM10
04/06 26 19 24 23 20 15 22 15 13 16 16 17 19 19 19 16 19 16 24 30 30 28 22 17
花蓮
PM10
04/07 20 19 21 21 20 18 18 21 19 19 16 19 23 26 26 25 30 27 28 31 43 36 29 26
花蓮
PM10
04/08 30 29 28 31 28 28 32 31 35 31 47 37 34 39 34 28 27 25 32 32 34 41 36 25
花蓮
PM10
04/09 23 27 28 31 27 32 32 32 37 36 42 44 35 49 1000# 31 31 26 28 34 38 46 33 31
花蓮
PM10
04/10 28 32 29 32 33 36 35 40 46 41 49 52 36 34 53 54 49 33 28 25 21 20 15 8
花蓮
PM10
04/11 7 7 4 4 7 7 7 8 15 21 23 22 11 6 8 13 12 11 20 23 24 19 15 21
花蓮
PM10
04/12 18 13 11 15 11 16 16 22 18 25 28 24 19 27 24 19 21 25 18 27 24 32 31 24
花蓮
PM10
04/13 29 25 25 22 25 23 22 21 16 12 12 15 11 8 13 18 19 17 14 22 26 19 18 21
花蓮
PM10
04/14 21 20 15 21 16 20 18 19 27 19 19 20 19 18 22 24 21 21 24 23 21 19 14 15
花蓮
PM10
04/15 22 27 31 31 35 42 45 48 51 58 55 47 30 30 29 26 30 37 43 38 40 33 32 30
花蓮
PM10
04/16 24 23 20 25 25 23 20 30 29 31 27 15 34 19 18 25 26 38 37 34 29 24 26 27
花蓮
PM10
04/17 13 11 17 16 17 17 22 20 23 29 22 27 28 28 27 31 36 38 39 38 37 30 30 31
花蓮
PM10
04/18 27 27 17 11 11 12 16 15 18 27 46 40 30 1000# 43 41 54 29 31 41 37 32 29 27
花蓮
PM10
04/19 26 22 27 23 20 22 21 20 27 21 24 28 19 30 26 28 32 35 30 33 31 28 26 23
花蓮
PM10
04/20 25 20 15 18 20 22 19 23 25 29 29 26 30 27 24 30 29 32 37 36 33 26 28 23
花蓮
PM10
04/21 19 23 27 24 25 22 23 29 23 25 21 27 24 17 23 22 18 29 24 32 31 29 31 34
花蓮
PM10
04/22 30 25 23 23 30 25 22 31 23 24 26 29 27 22 27 23 26 20 25 24 31 30 34 28
花蓮
PM10
04/23 28 29 28 27 29 29 26 25 28 31 21 22 20 22 21 28 27 35 33 40 37 28 33 31
花蓮
PM10
04/24 23 28 31 32 30 31 29 28 24 39 1000# 24 28 24 31 32 34 30 28 31 29 23 24 33
花蓮
PM10
04/25 24 27 30 25 30 28 32 29 30 36 29 26 33 35 30 32 35 41 46 41 43 42 40 45
花蓮
PM10
04/26 44 37 34 33 32 25 30 37 25 31 22 25 16 14 20 18 16 16 16 22 28 26 32 22
花蓮
PM10
04/27 26 25 10 20 9 7 11 13 20 20 16 14 9 7 6 5 7 8 6 5 11 7 4 6
花蓮
PM10
04/28 5 4 8 16 9 14 16 17 21 17 15 22 16 20 15 11 13 11 15 26 22 18 20 12
花蓮
PM10
04/29 8 15 14 19 15 17 14 17 19 13 10 10 15 13 15 11 18 21 19 22 22 17 14 18
花蓮
PM10
04/30 14 14 19 18 14 20 21 20 21 1000# 16 29 20 1000# 19 31 27 30 30 31 35 32 34 36
花蓮
PM10
監測年月：2019/05， 測站：花蓮， 測項：PM10（μg/m3）
花蓮
PM10
日期 00 01 02 03 04 05 06 07 08 09 10 11 12 13 14 15 16 17 18 19 20 21 22 23
花蓮
PM10
05/01 33 34 37 32 31 28 27 26 26 21 22 18 16 17 22 21 18 18 18 21 22 25 17 16
花蓮
PM10
05/02 16 20 24 20 21 22 23 22 31 42 84 123 90 87 77 61 58 41 43 43 43 37 33 20
花蓮
PM10
05/03 23 20 18 15 12 16 26 19 20 31 30 37 51 57 47 49 46 43 44 43 35 37 36 34
花蓮
PM10
05/04 24 26 27 29 24 23 21 30 26 29 14 14 15 14 35 37 46 46 43 38 32 31 30 24
花蓮
PM10
05/05 25 23 23 20 20 24 25 26 23 26 28 34 28 28 33 30 35 36 29 27 30 32 22 21
花蓮
PM10
05/06 20 15 25 19 14 11 15 11 19 20 18 17 16 12 20 14 24 18 20 20 19 13 17 9
花蓮
PM10
05/07 12 11 14 12 7 4 10 8 9 18 1000# 16 17 18 16 16 33 42 30 22 21 23 16 17
花蓮
PM10
05/08 13 17 17 16 19 17 15 13 20 17 33 22 25 19 26 22 25 25 35 36 42 40 40 27
花蓮
PM10
05/09 22 28 23 24 23 24 27 32 34 24 30 19 14 13 11 12 14 14 10 16 11 12 9 9
花蓮
PM10
05/10 7 7 7 6 10 11 13 16 10 9 11 9 8 15 19 25 23 19 18 26 22 22 25 20
花蓮
PM10
05/11 13 16 20 13 15 17 11 15 17 27 17 18 11 10 15 20 20 19 17 18 18 21 17 17
花蓮
PM10
05/12 21 24 20 14 20 18 19 21 12 12 7 4 3 3 4 9 13 11 11 13 17 18 15 19
花蓮
PM10
05/13 20 11 13 16 16 18 16 22 18 12 14 15 12 10 7 5 13 14 17 12 20 19 19 21
花蓮
PM10
05/14 14 19 24 20 19 26 25 23 28 40 21 16 18 21 1000# 39 38 38 36 38 38 40 42 46
花蓮
PM10
05/15 44 42 46 40 36 31 30 29 51 39 39 33 40 30 29 28 31 27 16 23 16 13 21 21
花蓮
PM10
05/16 17 16 20 22 21 22 22 20 20 26 34 31 32 31 39 31 29 33 26 35 31 26 27 20
花蓮
PM10
05/17 19 22 23 23 28 26 22 22 21 23 31 28 19 14 17 25 15 17 26 34 31 31 26 27
花蓮
PM10
05/18 26 25 24 22 22 21 25 20 24 17 17 21 16 10 9 17 15 8 9 9 11 16 19 13
花蓮
PM10
05/19 16 21 21 15 20 25 17 23 19 13 34 16 18 20 26 29 32 26 28 42 40 38 33 27
花蓮
PM10
05/20 25 18 27 22 23 21 23 25 23 28 28 35 32 26 37 43 36 35 36 28 28 28 28 28
花蓮
PM10
05/21 23 27 32 25 23 60 74 55 62 78 81 81 79 71 73 70 61 57 52 60 58 57 50 51
花蓮
PM10
05/22 47 47 47 51 50 48 45 49 50 59 73 1000# 51 53 59 49 53 54 50 55 49 34 36 33
花蓮
PM10
05/23 37 30 35 32 28 32 32 32 30 24 24 18 16 21 23 22 14 16 19 24 23 25 26 24
花蓮
PM10
05/24 25 23 7 6 8 16 15 15 16 15 16 21 11 21 31 22 21 21 22 12 11 12 16 21
花蓮
PM10
05/25 22 16 16 12 14 11 16 19 24 21 28 34 31 20 21 21 23 34 27 27 28 28 32 32
花蓮
PM10
05/26 21 19 23 22 28 27 25 28 21 29 43 44 44 44 39 34 32 34 31 30 28 29 27 31
花蓮
PM10
05/27 26 27 26 30 31 27 32 30 32 30 17 21 12 10 14 11 13 17 15 17 19 31 34 31
花蓮
PM10
05/28 24 27 26 33 20 24 25 23 21 19 12 12 18 24 1000# 21 28 26 27 28 26 24 29 25
花蓮
PM10
05/29 17 24 27 29 29 31 32 34 45 35 37 36 41 40 37 36 38 31 27 22 20 26 25 31
花蓮
PM10
05/30 34 34 30 31 33 34 32 29 21 12 11 21 33 28 32 20 18 11 15 16 16 17 14 18
花蓮
SO2
01/01 1.8 0.6 0.7 0.7 0.6 0.5 0.3 0.7 0.8 0.4 0.6 0.4 0.4 0.4 0.5 0.5 0.5 0.5 0.4 0.5 0.5 0.5 0.6 0.9
花蓮
SO2
01/02 1.1 2.2 1.9 1.9 1.6 1.2 1.4 1.7 2.1 2.6 2.2 2.5 2.4 3 3.3 1.9 2.1 2.8 1.9 1.9 1.7 1.5 1.4 1.4
花蓮
SO2
01/03 1.3 0.4 0.3 0.2 0.3 0.3 0.3 0.6 0.9 1.2 1.5 1.3 0.5 0.4 0.5 0.5 0.3 0.3 0.5 1.1 1.2 1.2 1 1.1
花蓮
SO2
01/04 0.4 0.8 0.6 0.6 0.6 0.5 0.6 0.5 0.7 4.5 5.6 2.7 1.2 0.8 0.5 0.6 1.2 0.9 0.9 0.9 0.9 0.7 0.7 0.8
花蓮
SO2
01/05 0.4 0.6 0.5 0.4 0.4 0.6 0.5 0.6 0.7 0.6 1 1.2 1.1 1 1.3 1.6 1 0.9 0.9 0.7 0.7 0.7 0.8 0.9
花蓮
SO2
01/06 1.6 2.2 2 1.8 1.8 1.7 1.7 1.8 1.6 1.2 1.1 1 1.1 1.1 1 1.1 1.1 1 1.1 1.1 1.3 1.6 1.8 2
花蓮
SO2
01/07 2.4 1.7 1.5 1.3 1.2 1.3 1.3 1.3 1.5 1.8 1.7 1.9 2.3 1.8 1.7 1.5 1.3 1.5 1.5 1.6 1.6 1.6 1.5 1.5
花蓮
SO2
01/08 1.2 0.8 0.6 0.6 0.6 0.7 0.7 0.9 0.9 1.3# 1.5# 1.2 0.8 0.7 0.8 0.7 0.8 1.3 1.2 1.1 1.1 1.2 1.2 1.1
花蓮
SO2
01/09 1.2 0.9 0.9 0.8 0.7 0.8 0.8 0.9 0.8 1 1 0.9 1 0.9 1.1 1.3 1.1 1.4 1.6 1.8 1.6 1.4 1.6 1.3
花蓮
SO2
01/10 1.4 1 1 NA 0.9 0.9 0.9 1 1.2 1.3 1.6 1.5 1 1.1 1.4 1 1.3 1.3 1.3 1.4 1.4 1.4 1.4 1.1
花蓮
SO2
01/11 1 0.7 0.5 0.5 0.5 0.5 0.5 0.6 0.8 0.7 3.2 1.3 1.1 1 1.1 0.7 1.4 1 1.4 1.3 1.2 1.5 1 0.9
花蓮
SO2
01/12 1 2.2 2.1 2.2 2.1 2 2 2 2 2.4 2.6 2.4 2.3 2.4 2.1 2.1 2 2 2 2 2 1.9 2 2.4
花蓮
SO2
01/13 2.4 1 1.1 1 1 1.6 1.5 1.3 1.5 1.5 1.5 1.6 1.2 1 1.1 0.9 0.9 1 0.9 0.8 0.9 0.9 1.1 0.9
花蓮
SO2
01/14 0.6 1.6 1.6 1.4 1.1 1.2 1.2 1.4 1.4 1.5 1.5 1.9 2 1.9 2 2.3 2.3 2.8 2.2 1.9 1.8 1.5 1.7 1.7
花蓮
SO2
01/15 1.4 1.4 1.2 1.1 1.4 1.3 1.3 1.4 1.4 1.8 2.1 1.9 2.7 1.6 1.4 1.3 4 2.7 2 1.9 2.2 1.7 1.5 1.4
花蓮
SO2
01/16 1.1 1.4 1.2 1.3 1.1 1 1.1 1.1 1.2 1.3 1.2 1.2 1.2 1.3 1.3 1.4 1.3 1.5 1.5 1.5 1.5 1.4 1.4 1.4
花蓮
SO2
01/17 1.8 1.7 1.5 1.3 1.3 1.2 1.3 1.4 1.4 1.5 1.4 1.4 1.5 1.5 1.4 1.3 1.3 1.3 1.3 1.4 1.2 1.1 1.3 1.2
花蓮
SO2
01/18 1.4 1.6 1.6 1.6 1.7 1.6 1.9 2.1 2.3 2.4 2.3 1.8 1.7 1.8 1.7 1.8 2 2 2.1 1.9 1.9 1.9 2 1.8
花蓮
SO2
01/19 1.4 0.7 0.6 0.7 0.7 0.7 0.7 0.7 0.8 1 0.9 1 1.4 1.4 1.3 1 1.2 1.2 1.9 1.7 1.4 1.3 1 1
花蓮
SO2
01/20 1.1 0.8 0.8 0.8 0.8 0.8 0.7 0.8 0.9 0.8 1 1.3 1 1 0.9 0.7 0.8 0.7 0.7 0.7 0.7 0.7 0.8 0.8
花蓮
SO2
01/21 0.7 0.9 1.1 1 1 1 0.9 1 1.1 1.1 1.5 1.6 1.6 1.5 1.3# 1.1 1.5 1.4 1.3 1.3 1.5 1.5 1.3 1.2
花蓮
SO2
01/22 0.9 1.5 1.4 1.3 1.3 1.4 1.3 1.5 1.5 1.8 1.6 1.5 1.5 1.6 1.7 1.9 1.9 1.9 2.1 2.2 2.1 2.1 2 2.2
花蓮
SO2
01/23 1.9 1.5 1.7 2.3 1.7 1.7 1.4 1.6 1.6 2.4 2.7 2.3 2.1 2 2 1.9 2.2 2.3 2.5 2.1 2 1.9 1.7 1.5
花蓮
SO2
01/24 1.4 1.5 1.4 1.5 1.4 1.4 1.3 1.3 1.5 2.2 2.6 2.2 1.8 1.8 1.9 1.9 2 2 3 4.7 3.5 3.6 3.2 2.3
花蓮
SO2
01/25 2 1.2 1 1 1 0.9 1 0.9 1.2 1.6 1.9 1.4 1.6 1.3 0.9 1 1.2 1.4 1.4 1.5 1.7 1.3 1.2 1.3
花蓮
SO2
01/26 1.3 1.4 1.4 1.3 1.4 1.4 1.2 1.4 1.3 1.2 1.3 1.3 1.4 1.3 1.3 1.4 1.3 1.2 1.3 1.4 1.5 1.4 1.5 1.5
花蓮
SO2
01/27 1.2 1.3 1.3 1.3 1.3 1.3 1.4 1.5 1.6 1.7 1.7 1.7 1.2 1.2 1.6 1.7 2.1 2 1.8 2.1 1.5 1.3 1.5 1.3
花蓮
SO2
01/28 1.3 1.1 1 0.9 1 1.2 1.2 1.3 1.3 1.1 1.7 1.7 1.3 0.9 1.3 1.2 2.2 2 1.1 1.3 1.1 1.4 1.8 2.7
花蓮
SO2
01/29 2.6 2.1 1.8 2 1.3 1 1.3 1.4 1.7 1.6 1.5 1.6 1.5 1.3 1.3 1.2 1 1.3 1.3 1.3 1 1 1 0.9
花蓮
SO2
01/30 0.9 1.1 0.9 1 0.9 0.9 1 1 1 1.1 4.6 2 1.1 1.2 1.1 1.1 1.3 1.3 1.5 1.5 1.5 1.2 1.2 1.2
花蓮
SO2
01/31 1 1.8 1.7 1.7 1.6 1.7 1.7 1.7 1.8 1.7# 1.9 2.1 2.1 2.1 2 1.9 3.1 1.9 2 2.1 1.7 1.6 1.6 1.6
花蓮
SO2
監測年月：2019/02， 測站：花蓮， 測項：SO2（ppb）
花蓮
SO2
日期 00 01 02 03 04 05 06 07 08 09 10 11 12 13 14 15 16 17 18 19 20 21 22 23
花蓮
SO2
02/01 1.8 1.2 1.1 1.2 1.1 1.2 1.2 1.2 1.5 1.5 1.6 1.5 1.5 1.5 1.5 1.4 1.5 1.6 1.6 1.5 1.4 1.3 1.3 1.3
花蓮
SO2
02/02 1.2 1.6 1.5 1.4 1.5 1.5 1.6 1.5 1.8 1.8 3.7 1.7 1.7 1.8 1.7 1.7 2.1 2.3 2 2 1.8 1.7 1.7 1.5
花蓮
SO2
02/03 1.4 0.8 0.9 0.9 0.8 0.8 0.9 0.9 1.1 2.3 3.8 2 1.1 1.3 1.2 1 0.9 1.8 1 1 1.1 1.2 1.4 1.3
花蓮
SO2
02/04 1 1.4 1.3 3 2.8 1.9 1.5 1 1.1 1# 1.1 1.1 1.1 1.3 1.3 1.1 1.2 1.2 1.1 1.3 1.5 1.4 1.3 1.4
花蓮
SO2
02/05 1.8 2.4 2.4 2 1.9 1.8 1.8 1.8 1.9 2 2.4 2.5 1.7 1.8 1.8 1.5 1.7 1.7 1.7 1.9 1.8 1.7 1.9 1.8
花蓮
SO2
02/06 1.7 2.2 2.5 2.2 2 2.1 2.1 2.2 2.1 2.2 3.8 2.3 2.6 2.3 1.9 2.3 2.2 2.1 2.4 5 2.2 2 2 1.8
花蓮
SO2
02/07 1.9 1.2 1 1.1 1 1 1.1 1 1 1.2 1.8 2.3 2.2 1.8 1.8 1.8 1.5 1.5 1.5 1.9 1.7 1.6 1.3 1.4
花蓮
SO2
02/08 0.9 1.5 1.3 1.4 1.5 1.5 1.1 1.4 1.4 1.6 1.3 1.3 1.4 1.2 1.3 1.3 1.4 1.5 1.9 1.7 1.6 1.3 1.3 1.2
花蓮
SO2
02/09 1.1 1.2 1.1 1.1 1 1.2 1.2 1.3 1.9 2.6 1.5 1.5 1.4 1.4 1.4 1.3 1.2 1.6 1.5 1.9 1.8 1.8 1.6 1.3
花蓮
SO2
02/10 1.2 2.5 2.9 2 1.5 2.2 1.4 1.5 1.7 2 2.3 2.7 2.6 1.8 1.5 1.2 1.3 1.1 1.8 2.1 2.2 1.8 1.7 1.8
花蓮
SO2
02/11 1.7 1 1 0.9 0.9 1 0.8 1.4 1.4 1.5 1 1.2 1.1 1.1 1 1.4 1.7 1.2 1.2 1.2 1.3 1.5 1.5 0.8
花蓮
SO2
02/12 0.5 1.3 1.3 1.2 1.2 1.2 1.3 1.7 1.9 2.4 3.6 1.9 1.5 1.6 1.8 1.8 1.6 3.2 2.8 2.3 1.5 1.7 1.7 1.7
花蓮
SO2
02/13 1.4 1.1 1 1.1 1 0.9 1 1.1 1.3 1.5 1.3 1.1 1.4 1.5 1.3 1.4 1.2 1.1 1.1 1.2 1.1 1.2 1.1 1
花蓮
SO2
02/14 1.1 1.1 0.9 0.9 1 1 1 1.1 1.2 1.7 2.5 2.2 2.3 1.9 1.2 1.2 1.4 1.4 1.7 2 2.1 1.9 1.5 1.4
花蓮
SO2
02/15 1.7 1.1 1 1 1.1 1 0.9 1 0.9 1.2 2.5 1.3 1.5 1.7 1.4 1.2 0.9 0.9 0.9 0.9 1.2 1.1 1 1.2
花蓮
SO2
02/16 0.9 1.1 1.1 1.2 1.2 1.3 1.5 1.6 2 2.7 1.7 1.5 1.8 1.6 1.5 1.3 1.3 1.5 1.6 1.6 1.5 1.1 0.9 1.8
花蓮
SO2
02/17 2.3 1.2 0.9 0.8 1 1.4 1.6 1.2 2 1.5 1.2 1.7 1.5 1.9 1.9 1.7 1.5 1.2 1.1 1 1.1 1.1 1 1.1
花蓮
SO2
02/18 0.8 0.9 0.9 0.9 0.9 0.9 0.9 0.9 1.1 1.2 1 0.9 0.8 0.8 0.8 1 1 1.5 1.4 1.6 1.7 1.6 1.7 1.2
花蓮
SO2
02/19 1 1.2 1.1 1.1 1.2 1.2 1.2 1.4 1.7 2 2.8 3.4 2.2# 1.9 1.4 2 1.9 1.6 1.5 1.5 1.4 1.4 1.5 2.3
花蓮
SO2
02/20 2.2 1.6 1.2 0.8 0.8 0.9 0.9 0.8 1.2 1.1 3.2 3.6 2.7 1.9 1.5 1 1.1 1 1 1.1 1.2 0.9 0.7 1.1
花蓮
SO2
02/21 1.4 1.6 1.4 1.3 1.4 1.4 1.8 2 2.1 2.2 1.7 1.2 1.2 1.4 1.3 1.2 1.5 1.6 1.6 1.5 1.7 1.5 1.2 1.1
花蓮
SO2
02/22 1.4 1.3 1.2 1.2 1.3 1.3 1.2 1.2 1.4 1.8 1.8 1.6 1.5 1.5 1.7 1.4 1.4 1.2 1.1 1 1 1 1 1
花蓮
SO2
02/23 1 1.3 1 1.1 1 1 1 1.2 1.3 1.3 1.3 1.4 1.4 1.7 1.5 1.5 2.1 2 2 2.3 2.4 2.3 2.8 2.6
花蓮
SO2
02/24 2 1.1 1 1 0.9 1 1.1 1.2 1.4 1.6 1.5 1.9 1.7 2.1 1.5 1.1 1.2 1.5 1.4 1.7 1.5 1.2 1.3 1.4
花蓮
SO2
02/25 0.8 1.5 1.5 1.6 1.5 1.5 1.5 1.5 1.6 1.7 1.8 1.5 1.5 1.7 1.8 1.7 1.6 1.5 1.4 1.6 1.8 1.9 2 2.1
花蓮
SO2
02/26 2.1 2.1 1.7 1.6 1.7 1.9 1.5 1.6 2.2 1.9 1.6 1.5 2.2 1.9 1.7 1.5 1.8 1.4 1.7 1.5 1.5 1.2 1.3 1.3
花蓮
SO2
02/27 1.2 1.1 0.9 0.8 0.9 0.8 0.9 1 0.9 0.9 3.3 1 0.8 0.9 0.9 1 2.3 1.8 1.5 1.2 1 1 0.9 1
花蓮
SO2
02/28 1.2 0.8 0.8 0.8 0.9 1 1.2 1.4 1.4 1.3 1.2 1.2 1 1 0.9 1 1.3 1.2 1.2 1 0.8 0.9 0.9 1.1
花蓮
SO2
監測年月：2019/03， 測站：花蓮， 測項：SO2（ppb）
花蓮
SO2
日期 00 01 02 03 04 05 06 07 08 09 10 11 12 13 14 15 16 17 18 19 20 21 22 23
花蓮
SO2
03/01 1.1 1.3 1.4 1.5 1.6 2.1 1.9 1.7 1.7 1.5 1.8 2.2 2.6 1.7 1.9 2.2 1.6 1.7 1.8 1.9 2.4 1.6 1.5 1.5
花蓮
SO2
03/02 1.3 1.7 1.6 1.6 1.6 1.6 1.6 1.6 1.7 2.8 3.6 2.5 2.6 2.9 2.3 2.8 2.1 2 1.9 2.3 2.1 1.9 1.7 1.8
花蓮
SO2
03/03 1.9 0.8 0.9 0.9 0.9 1 0.9 1 0.9 4.4 1.4 1.1 1.1 1.5 1.2 0.9 0.7 0.8 0.9 0.9 0.9 1 1.2 1.6
花蓮
SO2
03/04 1.1 0.8 0.8 0.9 0.8 0.8 0.9 0.9 0.9 0.9 1 0.9 1 1 1.1 1.6 1.1 1.4 1.1 1 0.9 1 1.1 1.3
花蓮
SO2
03/05 1.3 2.3 2.3 2.5 2.1 1.8 1.6 1.7 1.7 1.7 3.9 6.8 1.8# 1.8 1.5 1.5 4.1 2 1.8 1.8 1.8 1.7 1.7 1.7
花蓮
SO2
03/06 1.7 1.6 1.5 1.6 1.7 1.6 1.7 1.6 2 2.1 7.4 2.6 2.1 1.9 1.5 1.6 1.6 1.6 1.4 1.3 1.3 1.3 1.4 1.3
花蓮
SO2
03/07 1.2 1.1 1.2 1.1 1.2 1.3 1.1 1.4 2 2 2.2 2 1.6 1.5 2.1 1.9 1.3 2.1 2.4 2.2 1.7 1.9 2.6 2.6
花蓮
SO2
03/08 1.5 1.2 1.1 1.2 1.2 1.2 1.3 1.4 1.3 1.2 1.1 0.9 1 0.9 0.9 1.1 1.2 1.2 1.4 1.5 1.5 1.4 1.3 1.2
花蓮
SO2
03/09 1.4 1.3 1.2 1.1 1 1 1.1 1 1.1 1.1 1.1 1.2 1.3 1.4 1.7 2 1.9 1.9 1.9 2.1 2.2 2 1.7 1.8
花蓮
SO2
03/10 1.4 1 1 0.8 0.9 1 1 1.4 1.4 1 0.9 0.8 0.9 0.7 0.7 0.6 0.8 0.8 0.7 0.8 0.7 0.6 0.7 1
花蓮
SO2
03/11 1.6 1.9 1.7 1.6 1.6 1.7 1.7 1.8 2 2 2.3 2.9 3.1 3.4 3.2 2.6 2.2 2 2.2 2.6 2.6 2.2 2.1 1.9
花蓮
SO2
03/12 1.9 1.4 1.2 1.2 1 1 1 1 1.1 1.3 1.5 2.1 1.8 1.4 1.4 1.4 3 1.9 1.4 1.4 1.4 1.2 1.2 1.1
花蓮
SO2
03/13 1 1.1 0.9 0.9 0.9 0.9 0.9 0.9 1 1 1.6 1.1 1 1.3 1 0.9 0.9 0.9 0.9 0.9 0.9 1 0.9 0.8
花蓮
SO2
03/14 0.7 1.4 1.4 1.3 1.3 1.4 1.4 1.5 1.5 1.5 1.6# 1.8# 1.8 1.8# 1.8# 1.9 2.2 2.6 2.5 2.6 2.4 2.4 2.3 2.2
花蓮
SO2
03/15 2.2 1 1 1 0.9 0.9 1 0.9 0.8 0.8 1.1 1.1# 1.2 1.1 1.2 1 1.2 1.3 1.5 1.3 1.3 1.1 1.4 1.2
花蓮
SO2
03/16 0.6 1.3 1.2 1.3 1.3 1.3 1.1 1.3 1.3 1.7 1.9 2.1 2.3 2.2 2.2 1.9 2.2 1.7 1.4 1.4 1.4 1.4 1.3 1.2
花蓮
SO2
03/17 1.5 1.2 1.1 1 1.1 1.1 1.2 1.2 1.3 1.6 1.6 1.4 1.5 1.7 1.9 1.7 1.4 1.5 3.9 2.2 1.9 1.7 1.8 1.6
花蓮
SO2
03/18 1.2 1.2 1.2 1.1 1 1.1 1 1 1.2 1.2 1.1 2.3 1.6 1.6 1.5 1.2 1.3 1.1 1.3 1.4 1.6 1.4 1.5 1.4
花蓮
SO2
03/19 1.5 1.2 1.2 1.3 1.7 2.3 2.2 1.8 2 1.4 1.5 1.6 1.4 1.3 1.3 1.6 1.5 1.5 2.2 2 1.5 1.6 1.9 1.7
花蓮
SO2
03/20 1.1 0.9 1 0.8 0.8 0.7 0.7 0.7 1 1.6 2.4 0.9 0.7 0.7 0.7 0.7 1.2 1.1 1 1 1.3 1.5 1.4 1.1
花蓮
SO2
03/21 1.2 1.1 1.2 1.2 1.3 1.2 1.3 1.3 1.4 3.8 1.6 1.1# 1 0.7 0.6 0.9 2.8 3.1 2.8 2.6 1.5 1.6 1.6 3.9
花蓮
SO2
03/22 3.8 1.9 1.7 1.7 1.5 1.3 1.4 1.9 2.1 1.4 1.3 1.4 1.2 1.3 1.5 1.8 1.8 1.6 1.4 1.6 1.4 2.3 2 1.5
花蓮
SO2
03/23 2.3 2.4 1.5 1.1 1.1 1.1 1 1.2 1.2 1.2 1.2 1.3 1.3 1.4 1.3 1.2 1.2 1.2 1.2 1.2 1.2 1.2 1.2 1.2
花蓮
SO2
03/24 1.2 1.1 1.1 1 0.9 1.1 1.2 1.1 1.1 1 1.3 1.4 1.3 1.3 1.7 1.9 1.8 2 1.9 1.7 1.3 1.3 1.3 1.3
花蓮
SO2
03/25 1 1.2 1.3 1.2 1.1 1.1 1.1 1.1 1.4 2.4 1.7 1.6 1.7 2 1.8 2.1 1.7 2.1 1.8 1.8 1.8 1.9 1.7 1.8
花蓮
SO2
03/26 1.4 1.1 1 1.3 1.4 1.4 1.1 1.5 2.5 1.5# 1.5 1.3 1.1 1.2 1 0.9 1 1.2 1.6 1.3 1.3 1.1 0.9 0.9
花蓮
SO2
03/27 1.1 0.8 0.8 0.8 0.7 0.8 0.8 0.8 0.9 0.3# 2# 0.4 0.3 1.2 1.5 1.3 1.9 2 2.4 1.8 1.7 1.7 1.5 1.6
花蓮
SO2
03/28 0.6 0.9 0.9 0.8 0.8 0.8 0.8 0.9 0.9 5.8 2 0.6 0.6 0.6 0.7 0.8 0.8 1.2 1.6 0.7 1.4 1 0.8 0.9
花蓮
SO2
03/29 1.1 1 1 1 1.2 1 1.2 1.3 1.5 2 2.5 1.7 1.5 1.4 1.6 1.4 0.9 0.9 0.8 1 1.1 1 0.8 0.8
花蓮
SO2
03/30 1.2 1.2 1.3 1.5 1.1 1.3 1.3 1.4 1.3 3.5 5.7 2.8 2.4 3.4 2.5 1.7 1.3 1.1 1.3 1.5 1.7 2 1.9 2.4
花蓮
SO2
03/31 1.5 1.3 1.5 1.5 1.2 1.1 1 1.1 1.3 1 1 1.1 1 1.2 1.2 1.9 1.3 0.9 1 1.1 1 0.9 0.9 0.7
花蓮
SO2
監測年月：2019/04， 測站：花蓮， 測項：SO2（ppb）
花蓮
SO2
日期 00 01 02 03 04 05 06 07 08 09 10 11 12 13 14 15 16 17 18 19 20 21 22 23
花蓮
SO2
04/01 1.6 1.6 1.6 1.8 1.5 1.6 1.7 1.5 1.8 1.9 1.8 1.8 1.9 1.7 1.5 1.7 1.6 1.3 1.4 1.4 1.9 2.1 1.6 1.5
花蓮
SO2
04/02 1.2 1.9 2 1.8 1.6 1.6 1.6 2 2.1 2.3 2.1# 2.1 1.9 1.4 1.3 1.4 1.2 1.9 2.1 2 1.9 1.9 1.8 2
花蓮
SO2
04/03 1.9 1.2 1.2 1.2 1.1 1.2 1.3 1.1 1 1.1 2.2 1.8 1.6 1.7 1.3 1 1.1 1.1 1.3 1.2 1.3 1.6 1.8 1.6
花蓮
SO2
04/04 1.1 1.7 1.6 1.6 1.6 1.5 1.5 1.6 1.6 1.9 2.1 1.7 1.7 1.5 1.5 1.7 1.8 2 2.2 2.2 2.4 1.9 1.7 1.7
花蓮
SO2
04/05 1.6 1.1 1.1 1 1 1.1 1.1 1.4 1.5 1.3 1.5 1.2 1 0.9 0.9 1.2 0.9 1 1.1 1 1.2 1.3 1.2 1.3
花蓮
SO2
04/06 1.6 0.9 0.9 0.8 0.9 0.8 0.9 0.9 1 3.1 1.3 0.8 0.9 1.8 1.2 1.1 1.2 0.7 0.7 0.8 1.1 1 1.4 0.9
花蓮
SO2
04/07 0.7 1.5 1.5 1.3 1.2 1.2 1.4 1.4 1.5 4.9 1.8 1.2 1.7 1.8 3.9 1.8 1.6 1.5 1.4 1.7 1.6 1.5 1.4 1.5
花蓮
SO2
04/08 2 1.2 1.2 1.2 1.2 1.2 1.3 1.3 1.2 1.6 2.9 1.3 1.4 1.2 1 1.1 1 1 1.3 1 1 1.2 1.3 1.4
花蓮
SO2
04/09 0.7 1.2 1.1 1 1.1 1 1.1 1.2 1.1 3 1.3 1 0.9 0.8 0.6 0.5 0.8 0.9 0.9 0.9 1.2 1.8 1.4 0.8
花蓮
SO2
04/10 1.5 1 1.1 1.6 1.3 1.4 1.6 2.4 1.9 1.4 1.7 1.9 1.1 1 1.3 0.9 1 0.8 0.9 1 0.8 0.9 0.8 0.8
花蓮
SO2
04/11 1.1 1.4 1.4 1.5 1.7 1.7 1.6 1.9 2.4 1.9 3.5 5.7 4.3 1.6 1.8 1.8 1.7 1.7 1.6 1.5 1.1 1.1 1 1.1
花蓮
SO2
04/12 1.4 1.7 1.6 1.5 1.6 1.6 1.6 1.6 1.7 1.6 2 2 1.6 1.5 1.8 1.8 1.6 1.7 1.6 1.8 1.7 2 2.3 1.7
花蓮
SO2
04/13 1.9 1 1 0.9 0.9 0.8 0.9 0.8 0.9 4 5.1 0.8 1 1.3 1.5 1.8 1.4 0.8 0.8 1 0.7 0.7 0.6 0.7
花蓮
SO2
04/14 1.3 1 1.1 1.2 1.1 1.1 0.9 0.8 1.6 1.6 1.1 1.2 1.7 1.6 1.5 1.3 1 0.5 0.5 0.4 0.4 0.2 0.1 0.2
花蓮
SO2
04/15 0.7 1.1 1.1 1.1 1 1.1 1 1.1 1.3 1.6 1.5 1.5 1.2 1.3 1.5# 1# 1.8 2 1.9 1.7 2 1.6 1.3 1.5
花蓮
SO2
04/16 1.6 1.9 1.9 2 1.7 1.8 1.8 1.9 2 1.9 2 1.9 3.1 2 3.4 2.7 2.8 3.2 2.8 2.8 2.8 2.4 2.5 2.3
花蓮
SO2
04/17 2.3 1.5 1.5 1.5 1.5 1.5 1.5 1.8 2 3.3 2.8 2.4 1.7 1.6 1.4 1.2 1.1 2.2 1.2 1.2 1.1 0.9 0.9 0.7
花蓮
SO2
04/18 1.2 1.1 1 0.8 0.9 1 0.8 0.9x 1.2x 6.1x 1.2x 0.8# NA 0.3# 2.1# 1.1# 1.7# 1.4x 1.7x 1.5x 1.3x 1.1x 1x 0.8x
花蓮
SO2
04/19 0.7x 0.7x 0.6x 0.3x 0.1x -0.2x -0.3x -0.4x -0.5x -0.8* 1.3x 3.1x 0.6x 0.1x 0.2x -0.9* -1.3# 0.9x 0.5x 0x -0.5x -0.9* -1.5* -2.1*
花蓮
SO2
04/20 0.6x 0.3x -0.2x -0.5x -0.9* -1.4* -1.8* 0.1x 1.2x 1# 0.3x -0.1x -0.4x -0.8* -1.1* -1.2* -2* -2.1* -1.9* -2.3* -2.8* -3.2* -3.4* -3.8*
花蓮
SO2
04/21 0.7x 0.9x 0.8x 0.6x 0.5x 0.2x 0.1x -0.2x -0.6# 3.2x -0.9* -0.6* -0.5x -1.3* -1.9* -2.1* -2.2* -2.4* -2.5* -2.6* -2.7* -2.8* -2.7* -2.8*
花蓮
SO2
04/22 1.1x 1x 0.9x 0.8x 0.7x 0.7x 0.6x 0.4x 0.4# 0.5# NA 362# 0.9# 0.8x 1.7x 1.6x 2.1x 2.1x 2.3x 2.8x 3.1x 3.4x 3.8x 3.9x
花蓮
SO2
04/23 4.6x 4.9x 5.5x 6.3x 6.7x 7.1x 7.6x 8.2x 8.7# 10x 9.4x 9.6x 9.7x 10x 11x 12x 15x 15x 16x 17x 18x 18x 18x 19x
花蓮
SO2
04/24 5.6x 4.7x 5.4x 6.1x 6.9x 7.7x 8.4x 8.8x 9.6x 18x 7.2# 7.8x 7.5# 4.3x 4.3# 2.2x 3.7x 4.5x 4.3x 5x 7.8x 6.1x 6.4x 6.8x
花蓮
SO2
04/25 1.6x 1.4x 1.8x 2.1x 2.6x 2.9x 3.4x 4x 4# 8x 4.4x 4.5x 5x 5.6x 6x 6.9x 7.2x 7.4x 7.7x 7.9x 8.1x 8.3x 8.7x 8.6x
花蓮
SO2
04/26 2.5x 1.1x 1.4x 1.6x 1.9x 2x 2.4x 2.6x 2.8# 2.8x 1.1# 1.2x 1.3x 1.5 1.4 1.4 1.4 1.6 1.6 2.2 2.4 2.3 2.7 2.5
花蓮
SO2
04/27 1.7 1.4 1.1 1.6 1.4 1.2 1.3 1.5 2.4 1.6 1.5 1.7 1.7 1.6 1.6 1.7 2 2 2.2 2.1 2 2.5 2.1 2.3
花蓮
SO2
04/28 1 1.3 1.4 1.6 1.6 1.6 1.8 1.5 1.5 1.9 1.5 2.1 2 3 2.5 1.8 2.2 1.9 2.2 1.8 1.6 1.8 2 1.7
花蓮
SO2
04/29 1.5 1.5 1.5 1.4 1.4 1.4 1.5 1.5 2.4# 2.9 2 1.6 1.4 1.4 1.9 1.5 2.8# 1.2 0.7 0.7 1 1 0.7 0.7
花蓮
SO2
04/30 0.2 1.4 1.3 1.3 1.4 1.5 1.5 1.5 5.3 3# 1.4 1.7 1.5 1.5# 1.4 1.9 12 4.5 2.8 2.3 2.2 2 1.9 1.8
花蓮
SO2
監測年月：2019/05， 測站：花蓮， 測項：SO2（ppb）
花蓮
SO2
日期 00 01 02 03 04 05 06 07 08 09 10 11 12 13 14 15 16 17 18 19 20 21 22 23
花蓮
SO2
05/01 1.6 0.7 0.7 0.7 0.8 0.6 0.6 0.8 0.9 0.9 0.7 0.9 0.8 0.8 0.7 0.8 0.8 0.8 0.7 0.6 0.6 0.6 0.6 0.8
花蓮
SO2
05/02 1.1 1 0.9 1 0.9 1 1 1.1 1.2 1.9 2 1.5# 1.3 1.5 1.4 1.1 1.2 1.2 1.3 1.2 1.2 1.4 1.4 1.3
花蓮
SO2
05/03 0.9 1.5 1.4 1.5 1.5 1.5 1.5 1.6 1.7 1.7 2 1.7 1.7 1.8 1.8 1.8 1.9 1.8 2.3 2 1.7 1.6 1.6 1.6
花蓮
SO2
05/04 1.8 1.6 1.5 1.5 1.6 1.5 1.6 1.8 1.7 1.8 1.7 1.7 1.6 1.7 1.7 1.7 1.6 2 2.1 2.1 1.9 1.7 1.7 1.6
花蓮
SO2
05/05 1.1 1.5 1.4 1.4 1.5 1.5 1.6 1.6 1.7 1.7 1.8 1.8 1.8 2.2 1.7 1.7 1.6 1.7 1.6 1.5 1.6 1.5 1.5 1.4
花蓮
SO2
05/06 1.8 1.2 1.2 1.1 1.2 1.1 1.1 1.2 1.2 1.3 1.3 1.3 1.3 1.2 1.4 1.4 1.5 1.2 1.2 1.3 1.3 1.3 1.2 1.1
花蓮
SO2
05/07 0.8 0.9 0.8 0.9 0.9 1.4 1.3 1.3 1.1 1.2 1.1 1 0.9 1.1 0.9 1 1.1 1.1 1.4 1.3 1.2 1.1 1.1 1.2
花蓮
SO2
05/08 0.9 1 1 0.9 0.9 0.9 1.1 1 1.4 1.6 2.2 2.3 1.8 1.2 1.3 1.3 1.6 1 1.1 1.2 1.4 1.4 1.5 1.3
花蓮
SO2
05/09 1.2 1.2 1.2 1.1 1.2 1.1 1.4 1.5 1.8 1.6 1.8 1.4 1.1 1.3 1.7 1.3 1.3 1.2 1 1.3 1.8 1.5 1.2 1.3
花蓮
SO2
05/10 1.2 1.3 1.4 1.7 1.7 1.7 2.1 1.7 1.5 1.9 1.7 1.7 1.5 1.6 1.5 2.2 2.2 1.6 1.6 1.7 1.5 1.8 1.7 1.6
花蓮
SO2
05/11 1.6 1.6 1.5 1.6 1.5 1.5 1.6 1.5 1.7 2 1.9 1.9 1.7 1.5 1.4 1.7 1.5 1.6 1.5 1.6 1.9 2 2.6 2.8
花蓮
SO2
05/12 1.7 1.2 1.2 1.2 1.2 1.2 1.2 1.3 1.3 1.3 1 1.1 1 1.2 1.1 1.1 1.3 1 1 1.1 1.2 1.1 1.1 1.2
花蓮
SO2
05/13 1.3 1.4 1.5 1.4 1.6 1.4 1.7 1.7 2.7 2.8 2.8 2.8 2.1 2.3 3 3.1 2 1.7 3.1 2 2.1 1.4 1.9 1.8
花蓮
SO2
05/14 1.5 1.5 1.4 1.4 1.4 1.4 1.4 1.3 1.6 1.7 1.7 1.5 1.5 1.6 1.5# 1.7 1.8 1.7 1.7 1.8 1.8 1.5 1.6 1.5
花蓮
SO2
05/15 1.7 1 1 1.1 0.9 1 1 1 1.3 1.5 1.5 1.6 1.7 1 1.2 1.1 1 1.1 1.1 1.4 1.2 1.2 1.1 1.1
花蓮
SO2
05/16 0.6 1.1 1 1.1 1 1 1.1 1.2 2 4.5 4.3 2.5 1.6 1.4 1.2 1.2 2.9 2.3 1.9 1.4 1.5 1.6 1.5 1.3
花蓮
SO2
05/17 1.3 1.2 1.2 1.3 1.3 1.2 1.4 1.6 1.4 1.6 1.9 2.2 1.8 1.5 1.4 1.5 2.5 1.8 2.2 2.4 2.2 2.1 1.8 1.7
花蓮
SO2
05/18 1.8 1.2 1.3 1.2 1.3 1.2 1.3 1.1 1.3 1.3 1.3 1.2 1.1 1 1 1 1.1 1 1.1 1 1 1.9 1.3 1.3
花蓮
SO2
05/19 1 1.3 1.3 1.4 1.3 1.3 1.3 1.3 1.9 2.7 1.9 1.7 1.7 2.1 2.4 3.7 3.4 3.5 2 2.1 1.8 1.7 1.9 1.6
花蓮
SO2
05/20 1.4 1.5 1.7 1.5 1.5 1.3 1.3 1.3 5.1 2.8 1.9 2.3 1.5 1.3 1.6 1.4 1.3 1.2 1.2 1.1 1.1 1 0.9 1.2
花蓮
SO2
05/21 1.8 1.5 1.4 1.4 1.5 1.8 1.7 1.6 1.9 2.1 2.1 1.8 2.1 2.1 2.2 2.4 2.2 2.1 2 1.9 1.9 1.8 1.7 1.5
花蓮
SO2
05/22 1.6 1.6 1.5 1.5 1.6 1.3 1.6 1.7 1.9 2.2 2.8 4.1 2.1 2.1 2.1 1.9 2.2 2.1 1.9 1.8 1.8 1.7 1.5 1.3
花蓮
SO2
05/23 1.8 1.3 1.4 1.4 1.2 1.2 1.3 1.4 1.6 1.6 1.7 1.5 1.5 1.6 1.6 2.2 1.6 1.5 1.7 1.7 1.6 1.6 1.6 1.6
花蓮
SO2
05/24 1.1 1.2 1.1 1.1 1 1 1 1 1.1 1.2 0.9 1.6 1 1.1 1 1.2 1.1 0.9 1.1 0.9 1 0.9 1 1.1
花蓮
SO2
05/25 1.3 1.2 1 1.1 1.1 0.9 1 1 1.2 2.1 2.1 1.5 2 2.5 2.1 1.4 1.4 1.4 1.4 1.3 1.4 1.3 1.3 1.1
花蓮
SO2
05/26 1.4 1.3 1.4 1.3 1.3 1.3 1.3 1.3 1.4 5.6 1.9 1.6 1.6 1.9 1.9 1.7 1.5 1.5 1.5 1.5 1.5 1.5 1.4 1.4
花蓮
SO2
05/27 1.2 1.9 1.7 1.7 1.6 1.6 1.6 2.3 6.4 4.9 1.8 1.6 1.5 1.5 1.7 1.9 1.8 1.7 1.6 1.6 1.6 1.7 2 2.2
花蓮
SO2
05/28 2.6 0.8 1 0.9 0.7 0.7 0.9 1.8 2.8 2.2 1.8 1.4 1.1 0.9 0.9# 0.6 0.6 0.5 0.6 0.4 0.7 0.7 0.6 0.6
花蓮
SO2
05/29 0.3 0.8 1 1.1 0.8 1 1.2 1.4 1.3 1.2 1.2 1.6 1.7 1.5 1.2 1.4 1.3 1.3 1.1 0.9 1.1 1.6 2.3 1.4
花蓮
SO2
05/30 1.2 1.3 1.1 1.8 1.8 1.4 1.3 1.3 1.2 1.4 1.3 1.5 1.5 1.4 1.3 1.2 1.1 1.1 1.3 1.2 1.3 1.2 1.2 1.2
花蓮
CO
01/01 0.21 0.21 0.19 0.19 0.19 0.19 0.2 0.24 0.24 0.23 0.25 0.25 0.26 0.26 0.25 0.25 0.26 0.27 0.26 0.26 0.26 0.24 0.23 0.23
花蓮
CO
01/02 0.22 0.22 0.22 0.23 0.23 0.25 0.28 0.46 0.46 0.45 0.41 0.38 0.37 0.32 0.35 0.36 0.39 0.6 0.64 0.59 0.47 0.36 0.34 0.3
花蓮
CO
01/03 0.3 0.23 0.23 0.22 0.22 0.24 0.31 0.6 0.67 0.47 0.36 0.36 0.33 0.33 0.36 0.36 0.37 0.41 0.42 0.53 0.72 0.67 0.56 0.49
花蓮
CO
01/04 0.44 0.33 0.29 0.31 0.29 0.28 0.33 0.41 0.39 0.32 0.32 0.27 0.28 0.24 0.21 0.22 0.37 0.63 0.7 0.64 0.47 0.36 0.29 0.3
花蓮
CO
01/05 0.27 0.23 0.21 0.21 0.2 0.21 0.24 0.29 0.3 0.31 0.33 0.31 0.31 0.32 0.34 0.34 0.31 0.41 0.45 0.45 0.47 0.46 0.44 0.41
花蓮
CO
01/06 0.42 0.43 0.4 0.42 0.42 0.44 0.46 0.51 0.44 0.32 0.33 0.37 0.42 0.44 0.42 0.4 0.41 0.42 0.49 0.46 0.44 0.51 0.53 0.41
花蓮
CO
01/07 0.38 0.4 0.4 0.36 0.37 0.41 0.45 0.55 0.49 0.59 0.4 0.36 0.34 0.33 0.35 0.35 0.45 0.55 0.68 0.79 0.74 0.59 0.56 0.41
花蓮
CO
01/08 0.32 0.24 0.22 0.2 0.22 0.26 0.34 0.5 0.37 0.43# 0.37# 0.31 0.27 0.27 0.28 0.28 0.3 0.35 0.35 0.35 0.36 0.44 0.37 0.25
花蓮
CO
01/09 0.24 0.22 0.24 0.25 0.27 0.28 0.31 0.37 0.37 0.38 0.35 0.35 0.33 0.32 0.33 0.35 0.4 0.53 0.61 0.61 0.72 0.67 0.59 0.42
花蓮
CO
01/10 0.33 0.29 0.28 NA 0.26 0.29 0.32 0.47 0.36 0.33 0.41 0.35 0.33 0.31 0.31 0.31 0.37 0.48 0.7 0.73 0.74 0.77 0.49 0.33
花蓮
CO
01/11 0.31 0.28 0.21 0.19 0.18 0.22 0.31 0.36 0.37 0.33 0.3 0.27 0.26 0.26 0.25 0.25 0.34 0.47 0.45 0.46 0.52 0.55 0.44 0.39
花蓮
CO
01/12 0.35 0.23 0.2 0.26 0.21 0.21 0.24 0.27 0.28 0.4 0.43 0.32 0.31 0.36 0.34 0.35 0.36 0.38 0.39 0.39 0.43 0.44 0.47 0.51
花蓮
CO
01/13 0.52 0.51 0.51 0.5 0.49 0.52 0.55 0.65 0.74 0.7 0.66 0.61 0.49 0.44 0.43 0.42 0.42 0.42 0.47 0.44 0.4 0.42 0.42 0.37
花蓮
CO
01/14 0.35 0.38 0.35 0.31 0.29 0.3 0.35 0.49 0.46 0.42 0.48 0.5 0.52 0.46 0.47 0.51 0.56 0.8 0.88 0.74 0.58 0.49 0.41 0.36
花蓮
CO
01/15 0.34 0.33 0.31 0.31 0.32 0.33 0.37 0.53 0.47 0.42 0.48 0.39 0.32 0.31 0.31 0.31 0.39 0.52 0.81 0.74 0.63 0.4 0.3 0.28
花蓮
CO
01/16 0.29 0.25 0.24 0.24 0.26 0.31 0.36 0.43 0.45 0.43 0.42 0.41 0.38 0.33 0.35 0.37 0.43 0.55 0.53 0.56 0.52 0.51 0.46 0.33
花蓮
CO
01/17 0.32 0.3 0.28 0.27 0.27 0.27 0.3 0.36 0.37 0.35 0.33 0.33 0.33 0.35 0.35 0.34 0.36 0.4 0.41 0.38 0.35 0.35 0.34 0.33
花蓮
CO
01/18 0.31 0.27 0.26 0.26 0.28 0.28 0.33 0.47 0.4 0.33 0.29 0.24 0.28 0.26 0.24 0.24 0.32 0.51 0.5 0.44 0.47 0.34 0.26 0.21
花蓮
CO
01/19 0.18 0.18 0.16 0.17 0.16 0.16 0.18 0.24 0.24 0.26 0.29 0.26 0.26 0.19 0.22 0.24 0.26 0.37 0.65 0.62 0.53 0.34 0.27 0.23
花蓮
CO
01/20 0.2 0.19 0.18 0.18 0.17 0.17 0.21 0.27 0.24 0.26 0.26 0.26 0.24 0.29 0.31 0.35 0.46 0.52 0.49 0.49 0.47 0.46 0.43 0.44
花蓮
CO
01/21 0.46 0.52 0.51 0.5 0.5 0.45 0.53 0.7 0.78 0.63 0.55 0.49 0.5 0.48 0.37# 0.37 0.5 0.67 0.6 0.47 0.5 0.46 0.38 0.33
花蓮
CO
01/22 0.33 0.28 0.27 0.24 0.23 0.25 0.28 0.34 0.41 0.48 0.38 0.38 0.35 0.35 0.37 0.38 0.39 0.43 0.43 0.46 0.44 0.46 0.41 0.37
花蓮
CO
01/23 0.34 0.33 0.31 0.32 0.32 0.33 0.39 0.57 0.7 0.51 0.38 0.35 0.34 0.33 0.36 0.41 0.49 0.59 0.54 0.56 0.61 0.54 0.43 0.4
花蓮
CO
01/24 0.32 0.31 0.31 0.29 0.29 0.3 0.31 0.38 0.38 0.47 0.41 0.39 0.37 0.35 0.35 0.37 0.4 0.48 0.58 0.59 0.63 0.55 0.54 0.43
花蓮
CO
01/25 0.4 0.26 0.25 0.25 0.25 0.25 0.28 0.42 0.37 0.38 0.34 0.32 0.39 0.29 0.28 0.35 0.51 0.63 0.49 0.4 0.53 0.35 0.32 0.29
花蓮
CO
01/26 0.29 0.25 0.27 0.27 0.25 0.24 0.21 0.2 0.23 0.21 0.24 0.25 0.27 0.28 0.3 0.31 0.34 0.29 0.26 0.34 0.37 0.35 0.31 0.24
花蓮
CO
01/27 0.24 0.25 0.22 0.22 0.21 0.21 0.24 0.34 0.35 0.37 0.34 0.27 0.22 0.23 0.28 0.29 0.36 0.5 0.47 0.46 0.41 0.45 0.45 0.28
花蓮
CO
01/28 0.22 0.18 0.17 0.17 0.17 0.17 0.19 0.23 0.24 0.25 0.29 0.2 0.19 0.18 0.19 0.29 0.33 0.31 0.26 0.36 0.35 0.37 0.3 0.31
花蓮
CO
01/29 0.29 0.25 0.25 0.27 0.21 0.18 0.25 0.36 0.54 0.37 0.31 0.29 0.28 0.3 0.34 0.39 0.42 0.55 0.43 0.39 0.28 0.26 0.25 0.28
花蓮
CO
01/30 0.21 0.2 0.2 0.19 0.19 0.2 0.24 0.29 0.27 0.25 0.24 0.25 0.23 0.23 0.24 0.24 0.37 0.6 0.64 0.7 0.48 0.27 0.25 0.23
花蓮
CO
01/31 0.23 0.18 0.18 0.18 0.17 0.19 0.2 0.26 0.25 0.23# 0.34 0.25 0.22 0.2 0.2 0.2 0.22 0.29 0.48 0.37 0.34 0.38 0.42 0.44
花蓮
CO
監測年月：2019/02， 測站：花蓮， 測項：CO（ppm）
花蓮
CO
日期 00 01 02 03 04 05 06 07 08 09 10 11 12 13 14 15 16 17 18 19 20 21 22 23
花蓮
CO
02/01 0.42 0.37 0.35 0.33 0.31 0.31 0.33 0.44 0.49 0.45 0.43 0.44 0.44 0.44 0.47 0.48 0.5 0.51 0.52 0.55 0.5 0.42 0.44 0.39
花蓮
CO
02/02 0.37 0.37 0.35 0.35 0.35 0.36 0.38 0.43 0.41 0.41 0.4 0.3 0.28 0.29 0.28 0.29 0.33 0.5 0.56 0.6 0.43 0.31 0.29 0.28
花蓮
CO
02/03 0.26 0.25 0.25 0.24 0.22 0.23 0.26 0.27 0.28 0.29 0.26 0.23 0.21 0.19 0.2 0.2 0.24 0.23 0.23 0.42 0.5 0.21 0.25 0.24
花蓮
CO
02/04 0.24 0.21 0.2 0.22 0.22 0.21 0.39 0.63 0.64 0.67# 0.71 0.74 0.71 0.71 0.72 0.7 0.72 0.71 0.69 0.76 0.8 0.74 0.73 0.76
花蓮
CO
02/05 0.83 0.73 0.64 0.63 0.59 0.56 0.58 0.62 0.64 0.51 0.46 0.43 0.39 0.38 0.34 0.33 0.36 0.43 0.45 0.44 0.41 0.45 0.47 0.41
花蓮
CO
02/06 0.35 0.39 0.38 0.35 0.28 0.3 0.38 0.39 0.33 0.34 0.33 0.33 0.34 0.32 0.3 0.31 0.32 0.33 0.35 0.37 0.45 0.4 0.36 0.31
花蓮
CO
02/07 0.27 0.23 0.21 0.2 0.19 0.19 0.2 0.23 0.24 0.27 0.33 0.25 0.26 0.26 0.27 0.27 0.3 0.31 0.43 0.55 0.51 0.41 0.36 0.34
花蓮
CO
02/08 0.31 0.34 0.36 0.36 0.37 0.38 0.31 0.38 0.35 0.37 0.35 0.33 0.32 0.33 0.33 0.35 0.38 0.43 0.43 0.42 0.49 0.44 0.36 0.31
花蓮
CO
02/09 0.28 0.26 0.26 0.25 0.25 0.28 0.32 0.42 0.44 0.33 0.27 0.28 0.27 0.28 0.25 0.26 0.25 0.28 0.26 0.27 0.29 0.25 0.24 0.21
花蓮
CO
02/10 0.21 0.22 0.2 0.18 0.18 0.21 0.23 0.27 0.29 0.33 0.32 0.24 0.24 0.21 0.21 0.22 0.24 0.27 0.31 0.37 0.37 0.39 0.39 0.36
花蓮
CO
02/11 0.33 0.26 0.25 0.23 0.22 0.23 0.34 0.65 0.31 0.26 0.27 0.27 0.27 0.28 0.27 0.29 0.35 0.37 0.4 0.44 0.41 0.38 0.35 0.35
花蓮
CO
02/12 0.31 0.25 0.23 0.23 0.23 0.23 0.33 0.48 0.5 0.36 0.29 0.24 0.22 0.22 0.25 0.21 0.23 0.29 0.39 0.34 0.35 0.48 0.45 0.32
花蓮
CO
02/13 0.22 0.21 0.2 0.2 0.2 0.22 0.26 0.35 0.35 0.31 0.29 0.29 0.31 0.29 0.28 0.28 0.3 0.31 0.34 0.36 0.38 0.32 0.33 0.32
花蓮
CO
02/14 0.29 0.24 0.23 0.21 0.21 0.22 0.27 0.4 0.35 0.32 0.35 0.25 0.25 0.24 0.28 0.3 0.33 0.4 0.48 0.56 0.56 0.56 0.35 0.29
花蓮
CO
02/15 0.26 0.24 0.21 0.2 0.2 0.21 0.23 0.28 0.27 0.24 0.24 0.24 0.23 0.22 0.22 0.25 0.34 0.39 0.41 0.4 0.38 0.36 0.35 0.3
花蓮
CO
02/16 0.29 0.22 0.19 0.19 0.18 0.23 0.33 0.4 0.41 0.41 0.35 0.34 0.35 0.34 0.33 0.35 0.38 0.46 0.41 0.36 0.37 0.35 0.32 0.36
花蓮
CO
02/17 0.37 0.28 0.26 0.24 0.26 0.32 0.36 0.36 0.4 0.37 0.39 0.43 0.37 0.34 0.31 0.31 0.36 0.42 0.46 0.47 0.5 0.43 0.34 0.31
花蓮
CO
02/18 0.28 0.23 0.23 0.21 0.2 0.22 0.25 0.39 0.43 0.27 0.22 0.24 0.2 0.19 0.18 0.21 0.44 0.55 0.8 0.79 0.8 0.6 0.5 0.18
花蓮
CO
02/19 0.12 0.15 0.15 0.16 0.18 0.19 0.24 0.41 0.43 0.33 0.3 0.32 0.28# 0.26 0.29 0.51 0.39 0.37 0.39 0.38 0.36 0.33 0.34 0.42
花蓮
CO
02/20 0.43 0.27 0.25 0.19 0.17 0.19 0.2 0.3 0.31 0.24 0.22 0.24 0.22 0.22 0.21 0.2 0.27 0.42 0.5 0.5 0.48 0.51 0.34 0.27
花蓮
CO
02/21 0.23 0.22 0.24 0.22 0.23 0.28 0.39 0.59 0.47 0.38 0.29 0.28 0.27 0.29 0.3 0.38 0.51 0.54 0.54 0.53 0.48 0.45 0.34 0.29
花蓮
CO
02/22 0.27 0.16 0.15 0.13 0.2 0.24 0.23 0.29 0.37 0.34 0.33 0.32 0.3 0.3 0.31 0.32 0.34 0.35 0.33 0.3 0.3 0.28 0.28 0.29
花蓮
CO
02/23 0.31 0.37 0.39 0.41 0.42 0.44 0.46 0.52 0.58 0.55 0.55 0.54 0.55 0.57 0.56 0.55 0.59 0.64 0.59 0.55 0.57 0.52 0.48 0.47
花蓮
CO
02/24 0.44 0.42 0.41 0.37 0.38 0.38 0.4 0.52 0.49 0.49 0.5 0.5 0.36 0.33 0.32 0.32 0.37 0.45 0.56 0.55 0.58 0.48 0.44 0.41
花蓮
CO
02/25 0.39 0.34 0.34 0.35 0.34 0.34 0.38 0.56 0.64 0.49 0.45 0.39 0.35 0.38 0.4 0.43 0.52 0.53 0.52 0.46 0.49 0.49 0.44 0.42
花蓮
CO
02/26 0.41 0.39 0.36 0.36 0.34 0.35 0.42 0.59 0.75 0.36 0.31 0.32 0.36 0.28 0.29 0.29 0.32 0.39 0.55 0.43 0.38 0.32 0.27 0.27
花蓮
CO
02/27 0.24 0.24 0.24 0.23 0.23 0.23 0.33 0.37 0.28 0.26 0.24 0.24 0.25 0.23 0.23 0.23 0.3 0.44 0.51 0.55 0.63 0.56 0.34 0.25
花蓮
CO
02/28 0.21 0.2 0.19 0.2 0.21 0.31 0.37 0.48 0.48 0.44 0.4 0.39 0.38 0.33 0.31 0.31 0.39 0.44 0.45 0.39 0.34 0.32 0.36 0.36
花蓮
CO
監測年月：2019/03， 測站：花蓮， 測項：CO（ppm）
花蓮
CO
日期 00 01 02 03 04 05 06 07 08 09 10 11 12 13 14 15 16 17 18 19 20 21 22 23
花蓮
CO
03/01 0.32 0.25 0.26 0.25 0.27 0.33 0.41 0.51 0.44 0.4 0.37 0.32 0.3 0.27 0.28 0.37 0.4 0.51 0.52 0.51 0.64 0.51 0.4 0.38
花蓮
CO
03/02 0.33 0.26 0.24 0.23 0.24 0.27 0.28 0.3 0.29 0.29 0.3 0.32 0.3 0.28 0.28 0.29 0.37 0.44 0.51 0.49 0.52 0.48 0.28 0.25
花蓮
CO
03/03 0.22 0.22 0.22 0.23 0.22 0.22 0.24 0.24 0.23 0.23 0.22 0.21 0.21 0.31 0.35 0.32 0.33 0.29 0.37 0.39 0.38 0.32 0.29 0.25
花蓮
CO
03/04 0.25 0.19 0.19 0.23 0.26 0.28 0.3 0.37 0.39 0.39 0.41 0.44 0.44 0.45 0.47 0.58 0.59 0.65 0.68 0.58 0.57 0.56 0.51 0.5
花蓮
CO
03/05 0.5 0.51 0.48 0.46 0.46 0.47 0.5 0.62 0.62 0.49 0.43 0.44 0.4# 0.41 0.37 0.33 0.44 0.61 0.85 0.51 0.5 0.42 0.5 0.4
花蓮
CO
03/06 0.38 0.35 0.31 0.3 0.31 0.3 0.35 0.43 0.4 0.38 0.39 0.4 0.34 0.36 0.39 0.4 0.39 0.41 0.41 0.42 0.43 0.43 0.45 0.43
花蓮
CO
03/07 0.41 0.39 0.39 0.39 0.4 0.42 0.43 0.58 0.66 0.52 0.49 0.5 0.44 0.41 0.47 0.45 0.5 0.68 0.7 0.65 0.5 0.55 0.55 0.48
花蓮
CO
03/08 0.45 0.4 0.39 0.38 0.38 0.4 0.45 0.56 0.54 0.47 0.52 0.48 0.44 0.38 0.37 0.35 0.47 0.71 0.95 0.84 0.78 0.56 0.44 0.35
花蓮
CO
03/09 0.31 0.37 0.36 0.35 0.35 0.36 0.37 0.46 0.45 0.46 0.44 0.53 0.58 0.64 0.55 0.53 0.65 0.72 0.67 0.81 1.03 0.82 0.56 0.48
花蓮
CO
03/10 0.43 0.31 0.29 0.25 0.26 0.25 0.26 0.48 0.47 0.35 0.3 0.31 0.34 0.33 0.33 0.37 0.43 0.45 0.41 0.43 0.38 0.34 0.35 0.35
花蓮
CO
03/11 0.37 0.34 0.32 0.32 0.32 0.34 0.38 0.62 0.77 0.47 0.49 0.48 0.41 0.44 0.47 0.43 0.52 0.65 0.74 0.64 0.53 0.44 0.34 0.29
花蓮
CO
03/12 0.3 0.31 0.28 0.28 0.28 0.3 0.36 0.46 0.37 0.32 0.3 0.31 0.3 0.29 0.3 0.3 0.4 0.42 0.62 0.59 0.58 0.41 0.35 0.3
花蓮
CO
03/13 0.28 0.27 0.27 0.26 0.25 0.26 0.3 0.33 0.31 0.29 0.28 0.28 0.32 0.34 0.34 0.31 0.35 0.32 0.38 0.38 0.33 0.33 0.3 0.26
花蓮
CO
03/14 0.24 0.22 0.22 0.22 0.22 0.22 0.27 0.31 0.27 0.26 0.27# 0.27# 0.27 0.28# 0.25# 0.27 0.45 0.79 0.83 0.69 0.61 0.67 0.45 0.3
花蓮
CO
03/15 0.25 0.26 0.24 0.26 0.25 0.25 0.29 0.34 0.33 0.35 0.38 0.34 0.38 0.33 0.36 0.42 0.4 0.36 0.49 0.47 0.36 0.35 0.34 0.28
花蓮
CO
03/16 0.23 0.24 0.23 0.23 0.23 0.24 0.26 0.31 0.38 0.48 0.47 0.43 0.34 0.28 0.31 0.35 0.4 0.47 0.41 0.47 0.47 0.37 0.26 0.21
花蓮
CO
03/17 0.21 0.2 0.2 0.2 0.19 0.21 0.23 0.29 0.3 0.3 0.31 0.25 0.25 0.28 0.3 0.28 0.28 0.35 0.52 0.61 0.44 0.51 0.45 0.27
花蓮
CO
03/18 0.27 0.24 0.23 0.22 0.22 0.23 0.25 0.35 0.37 0.37 0.33 0.3 0.27 0.24 0.23 0.23 0.25 0.31 0.45 0.57 0.59 0.55 0.51 0.39
花蓮
CO
03/19 0.32 0.27 0.25 0.26 0.27 0.33 0.42 0.41 0.39 0.33 0.37 0.37 0.37 0.36 0.38 0.41 0.44 0.5 0.57 0.52 0.44 0.55 0.42 0.36
花蓮
CO
03/20 0.33 0.3 0.28 0.27 0.27 0.26 0.27 0.35 0.33 0.32 0.32 0.28 0.31 0.29 0.25 0.25 0.31 0.33 0.38 0.46 0.61 0.66 0.49 0.45
花蓮
CO
03/21 0.34 0.26 0.27 0.28 0.29 0.32 0.36 0.37 0.35 0.42 0.25 0.2# 0.2 0.19 0.18 0.18 0.25 0.28 0.29 0.31 0.42 0.44 0.3 0.48
花蓮
CO
03/22 0.39 0.27 0.24 0.26 0.25 0.28 0.32 0.48 0.43 0.32 0.3 0.31 0.29 0.29 0.3 0.36 0.41 0.45 0.41 0.37 0.36 0.43 0.33 0.27
花蓮
CO
03/23 0.27 0.27 0.22 0.2 0.2 0.21 0.22 0.24 0.26 0.24 0.24 0.25 0.25 0.25 0.23 0.22 0.22 0.23 0.22 0.22 0.2 0.2 0.2 0.19
花蓮
CO
03/24 0.19 0.21 0.2 0.2 0.21 0.27 0.31 0.39 0.4 0.3 0.34 0.32 0.31 0.36 0.34 0.28 0.31 0.46 0.52 0.59 0.44 0.39 0.31 0.29
花蓮
CO
03/25 0.25 0.19 0.19 0.18 0.18 0.19 0.22 0.29 0.26 0.23 0.34 0.33 0.3 0.31 0.32 0.39 0.43 0.6 0.67 0.74 0.62 0.63 0.42 0.45
花蓮
CO
03/26 0.34 0.29 0.28 0.28 0.29 0.31 0.35 0.54 0.56 0.44# 0.46 0.43 0.39 0.39 0.43 0.44 0.52 0.62 0.6 0.53 0.47 0.49 0.45 0.38
花蓮
CO
03/27 0.31 0.28 0.28 0.25 0.27 0.27 0.3 0.36 0.32 -0.22# 0.35 0.29 0.29 0.26 0.26 0.27 0.32 0.52 0.65 0.55 0.41 0.36 0.27 0.25
花蓮
CO
03/28 0.23 0.22 0.21 0.21 0.22 0.24 0.33 0.3 0.28 0.27 0.26 0.22 0.2 0.2 0.19 0.2 0.25 0.28 0.32 0.31 0.35 0.48 0.37 0.39
花蓮
CO
03/29 0.33 0.27 0.25 0.25 0.26 0.29 0.37 0.39 0.42 0.4 0.35 0.34 0.36 0.32 0.29 0.3 0.3 0.36 0.36 0.36 0.35 0.35 0.28 0.24
花蓮
CO
03/30 0.24 0.24 0.27 0.28 0.27 0.3 0.36 0.4 0.35 0.34 0.36 0.33 0.34 0.31 0.31 0.33 0.33 0.36 0.34 0.4 0.4 0.47 0.45 0.38
花蓮
CO
03/31 0.26 0.23 0.23 0.22 0.19 0.2 0.2 0.23 0.26 0.26 0.28 0.31 0.32 0.33 0.35 0.38 0.34 0.28 0.28 0.3 0.26 0.23 0.22 0.2
花蓮
CO
監測年月：2019/04， 測站：花蓮， 測項：CO（ppm）
花蓮
CO
日期 00 01 02 03 04 05 06 07 08 09 10 11 12 13 14 15 16 17 18 19 20 21 22 23
花蓮
CO
04/01 0.2 0.19 0.2 0.2 0.2 0.22 0.26 0.34 0.43 0.33 0.29 0.3 0.28 0.26 0.31 0.26 0.27 0.31 0.31 0.31 0.36 0.37 0.38 0.29
花蓮
CO
04/02 0.26 0.23 0.21 0.19 0.2 0.21 0.28 0.38 0.35 0.28 0.34# 0.3 0.25 0.21 0.21 0.22 0.29 0.4 0.55 0.46 0.43 0.4 0.37 0.33
花蓮
CO
04/03 0.23 0.22 0.22 0.22 0.21 0.23 0.24 0.32 0.31 0.3 0.27 0.27 0.3 0.28 0.27 0.25 0.29 0.42 0.41 0.37 0.37 0.38 0.36 0.35
花蓮
CO
04/04 0.34 0.26 0.25 0.24 0.24 0.27 0.33 0.32 0.32 0.35 0.3 0.26 0.24 0.23 0.25 0.25 0.27 0.37 0.51 0.52 0.53 0.46 0.37 0.33
花蓮
CO
04/05 0.32 0.25 0.24 0.24 0.25 0.26 0.3 0.46 0.37 0.32 0.27 0.26 0.27 0.28 0.29 0.3 0.33 0.33 0.37 0.43 0.39 0.39 0.38 0.34
花蓮
CO
04/06 0.32 0.27 0.26 0.26 0.26 0.29 0.32 0.32 0.29 0.31 0.29 0.29 0.28 0.28 0.28 0.28 0.28 0.32 0.48 0.53 0.46 0.5 0.45 0.27
花蓮
CO
04/07 0.22 0.21 0.2 0.2 0.2 0.22 0.24 0.24 0.25 0.25 0.24 0.23 0.26 0.26 0.26 0.28 0.28 0.33 0.36 0.48 0.52 0.38 0.32 0.29
花蓮
CO
04/08 0.25 0.29 0.25 0.24 0.23 0.25 0.27 0.35 0.35 0.35 0.33 0.28 0.27 0.25 0.23 0.2 0.23 0.25 0.38 0.46 0.54 0.57 0.5 0.26
花蓮
CO
04/09 0.23 0.22 0.22 0.22 0.22 0.23 0.27 0.31 0.29 0.29 0.29 0.24 0.2 0.21 0.21 0.2 0.25 0.23 0.31 0.44 0.49 0.53 0.44 0.31
花蓮
CO
04/10 0.26 0.23 0.22 0.22 0.23 0.26 0.34 0.56 0.34 0.31 0.35 0.36 0.28 0.21 0.23 0.27 0.3 0.34 0.34 0.34 0.32 0.31 0.28 0.26
花蓮
CO
04/11 0.25 0.24 0.24 0.24 0.24 0.27 0.3 0.41 0.37 0.38 0.34 0.31 0.26 0.24 0.26 0.29 0.33 0.38 0.38 0.31 0.26 0.27 0.25 0.25
花蓮
CO
04/12 0.24 0.19 0.2 0.22 0.24 0.26 0.29 0.35 0.38 0.39 0.38 0.39 0.38 0.37 0.36 0.37 0.36 0.42 0.44 0.51 0.48 0.36 0.35 0.28
花蓮
CO
04/13 0.26 0.23 0.22 0.21 0.21 0.23 0.24 0.27 0.25 0.25 0.23 0.2 0.2 0.2 0.2 0.22 0.23 0.27 0.32 0.41 0.45 0.34 0.29 0.25
花蓮
CO
04/14 0.21 0.22 0.24 0.22 0.22 0.24 0.26 0.25 0.32 0.31 0.29 0.28 0.26 0.25 0.24 0.26 0.24 0.27 0.28 0.29 0.25 0.25 0.25 0.22
花蓮
CO
04/15 0.26 0.27 0.24 0.22 0.2 0.22 0.24 0.3 0.35 0.34 0.33 0.34 0.35 0.33 0.39 0.36 0.42 0.49 0.52 0.48 0.46 0.47 0.35 0.27
花蓮
CO
04/16 0.25 0.25 0.24 0.24 0.24 0.25 0.3 0.43 0.46 0.43 0.41 0.37 0.37 0.33 0.35 0.38 0.61 0.75 0.91 0.57 0.46 0.43 0.35 0.35
花蓮
CO
04/17 0.3 0.25 0.25 0.25 0.26 0.29 0.35 0.54 0.52 0.41 0.39 0.46 0.5 0.4 0.38 0.42 0.5 0.48 0.55 0.44 0.39 0.34 0.31 0.28
花蓮
CO
04/18 0.27 0.26 0.24 0.21 0.21 0.23 0.28 0.33 0.31 0.28 0.27 0.27 0.26 0.28 0.26 0.26# 0.4# 0.5 0.62 0.67 0.49 0.45 0.4 0.29
花蓮
CO
04/19 0.24 0.21 0.22 0.2 0.2 0.23 0.27 0.41 0.4 0.27 0.28 0.26 0.25 0.23 0.23 0.26 0.47 0.47 0.47 0.52 0.5 0.38 0.28 0.23
花蓮
CO
04/20 0.26 0.26 0.22 0.25 0.26 0.26 0.32 0.35 0.37 0.35 0.35 0.37 0.34 0.34 0.36 0.38 0.43 0.5 0.45 0.49 0.43 0.36 0.31 0.3
花蓮
CO
04/21 0.26 0.22 0.23 0.24 0.23 0.28 0.32 0.4# 0.28 0.33 0.26 0.25 0.25 0.24 0.24 0.26 0.3 0.33 0.34 0.49 0.47 0.45 0.47 0.42
花蓮
CO
04/22 0.33 0.24 0.24 0.23 0.23 0.26 0.28 0.34 0.34 0.32 0.31# 0.26# 0.21# 0.22 0.21 0.22 0.24 0.27 0.3 0.34 0.4 0.44 0.32 0.26
花蓮
CO
04/23 0.23 0.2 0.2 0.19 0.2 0.25 0.29 0.29 0.26 0.22 0.19 0.2 0.2 0.18 0.2 0.23 0.32 0.31 0.33 0.35 0.45 0.42 0.42 0.35
花蓮
CO
04/24 0.23 0.21 0.22 0.22 0.22 0.22 0.23 0.27 0.26 0.24 0.15 0.18 0.18# 0.18 0.2# 0.19 0.26 0.24 0.21 0.23 0.18 0.17 0.29 0.26
花蓮
CO
04/25 0.23 0.23 0.2 0.2 0.2 0.22 0.23 0.29 0.26 0.25 0.23 0.21 0.21 0.23 0.24 0.24 0.25 0.29 0.29 0.27 0.28 0.23 0.23 0.19
花蓮
CO
04/26 0.18 0.19 0.17 0.15 0.17 0.19 0.25 0.31 0.29 0.29 0.26 0.25 0.24 0.23 0.23 0.24 0.25 0.3 0.31 0.36 0.34 0.36 0.36 0.26
花蓮
CO
04/27 0.27 0.26 0.24 0.23 0.2 0.22 0.24 0.35 0.35 0.31 0.3 0.35 0.33 0.3 0.29 0.32 0.38 0.41 0.4 0.35 0.33 0.33 0.24 0.28
花蓮
CO
04/28 0.24 0.23 0.19 0.21 0.19 0.23 0.3 0.23 0.23# 0.2 0.18 0.18 0.16 0.16 0.15 0.15 0.17 0.16 0.23 0.23 0.19 0.17 0.2 0.15
花蓮
CO
04/29 0.14 0.12 0.14 0.13 0.14 0.16 0.19 0.28 0.24 0.19 0.14 0.12 0.11 0.11 0.11 0.14 0.19 0.18 0.24 0.34 0.32 0.33 0.21 0.18
花蓮
CO
04/30 0.14 0.1 0.12 0.13 0.11 0.13 0.16 0.18 0.18 0.16# 0.15# NA NA NA NA NA NA NA NA NA NA NA NA NA
花蓮
CO
監測年月：2019/05， 測站：花蓮， 測項：CO（ppm）
花蓮
CO
日期 00 01 02 03 04 05 06 07 08 09 10 11 12 13 14 15 16 17 18 19 20 21 22 23
花蓮
CO
05/01 NA NA NA NA NA NA NA NA NA NA NA NA 0.34# 0.37 0.35 0.4 0.4 0.44 0.38 0.32 0.26 0.25 0.28 0.26
花蓮
CO
05/02 0.24 0.23 0.2 0.19 0.19 0.2 0.24 0.32 0.4 0.42 0.46 0.48# 0.43 0.42 0.42 0.42 0.46 0.5 0.48 0.43 0.45 0.45 0.4 0.34
花蓮
CO
05/03 0.33 0.28 0.28 0.28 0.29 0.26 0.27 0.56 0.48 0.42 0.46 0.39 0.36 0.28 0.27 0.28 0.32 0.43 0.6 0.43 0.29 0.27 0.28 0.3
花蓮
CO
05/04 0.23 0.19 0.19 0.18 0.18 0.2 0.28 0.32 0.31 0.34 0.26 0.26 0.29 0.32 0.31 0.31 0.36 0.59 0.51 0.41 0.25 0.21 0.21 0.21
花蓮
CO
05/05 0.19 0.17 0.17 0.16 0.16 0.22 0.23 0.24 0.25 0.25 0.21 0.21 0.22 0.18 0.17 0.18 0.18 0.27 0.3 0.29 0.34 0.25 0.22 0.2
花蓮
CO
05/06 0.18 0.19 0.17 0.18 0.19 0.2 0.24 0.38 0.39 0.34 0.38 0.3 0.31 0.22 0.26 0.26 0.39 0.38 0.43 0.3 0.37 0.28 0.19 0.18
花蓮
CO
05/07 0.17 0.16 0.16 0.16 0.15 0.2 0.31 0.42 0.26 0.25 0.23 0.24 0.23 0.21 0.23 0.23 0.27 0.34 0.37 0.31 0.38 0.39 0.31 0.28
花蓮
CO
05/08 0.22 0.19 0.18 0.17 0.17 0.19 0.26 0.29 0.46 0.36 0.32 0.27 0.26 0.19 0.19 0.22 0.28 0.37 0.42 0.5 0.5 0.62 0.53 0.3
花蓮
CO
05/09 0.23 0.21 0.22 0.23 0.21 0.24 0.41 0.48 0.47 0.38 0.33 0.28 0.23 0.23 0.24 0.23 0.25 0.26 0.25 0.33 0.41 0.41 0.33 0.3
花蓮
CO
05/10 0.27 0.24 0.24 0.19 0.19 0.2 0.24 0.34 0.3 0.27 0.25 0.26 0.28 0.27 0.26 0.33 0.37 0.44 0.48 0.45 0.41 0.52 0.41 0.31
花蓮
CO
05/11 0.25 0.22 0.21 0.21 0.19 0.21 0.23 0.24 0.26 0.27 0.23 0.23 0.2 0.19 0.2 0.21 0.2 0.25 0.27 0.29 0.28 0.3 0.29 0.3
花蓮
CO
05/12 0.25 0.18 0.2 0.16 0.17 0.19 0.24 0.27 0.22 0.19 0.18 0.16 0.13 0.14 0.15 0.17 0.19 0.2 0.21 0.23 0.26 0.28 0.28 0.21
花蓮
CO
05/13 0.16 0.14 0.14 0.14 0.14 0.21 0.26 0.25 0.26 0.22 0.2 0.21 0.19 0.19 0.2 0.21 0.19 0.23 0.26 0.33 0.27 0.25 0.24 0.2
花蓮
CO
05/14 0.18 0.16 0.17 0.16 0.16 0.18 0.21 0.27 0.32 0.26 0.18 0.15 0.16 0.17 0.19# 0.22 0.28 0.29 0.27 0.3 0.29 0.24 0.23 0.19
花蓮
CO
05/15 0.19 0.18 0.18 0.19 0.2 0.24 0.25 0.27 0.31 0.28 0.22 0.22 0.25 0.22 0.28 0.32 0.32 0.42 0.37 0.51 0.36 0.31 0.3 0.24
花蓮
CO
05/16 0.22 0.21 0.18 0.17 0.17 0.18 0.24 0.27 0.3 0.33 0.28 0.25 0.21 0.2 0.2 0.22 0.34 0.36 0.34 0.52 0.5 0.43 0.25 0.21
花蓮
CO
05/17 0.19 0.18 0.19 0.19 0.19 0.19 0.29 0.52 0.39 0.42 0.58 0.6 0.34 0.21 0.21 0.24 0.35 0.38 0.54 0.67 0.56 0.46 0.31 0.29
花蓮
CO
05/18 0.25 0.17 0.17 0.16 0.17 0.19 0.21 0.26 0.34 0.32 0.36 0.22 0.19 0.19 0.18 0.2 0.31 0.29 0.24 0.2 0.21 0.23 0.38 0.39
花蓮
CO
05/19 0.27 0.19 0.19 0.17 0.17 0.23 0.25 0.22 0.24 0.27 0.21 0.19 0.2 0.25 0.23 0.22 0.23 0.26 0.41 0.53 0.57 0.51 0.51 0.29
花蓮
CO
05/20 0.2 0.18 0.18 0.18 0.17 0.19 0.21 0.26 0.25 0.26 0.27 0.28 0.33 0.39 0.41 0.41 0.35 0.31 0.29 0.26 0.25 0.23 0.22 0.25
花蓮
CO
05/21 0.24 0.21 0.2 0.21 0.22 0.23 0.22 0.42 0.44 0.35 0.28 0.27 0.28 0.29 0.31 0.29 0.31 0.36 0.36 0.42 0.52 0.43 0.32 0.26
花蓮
CO
05/22 0.27 0.22 0.22 0.21 0.21 0.23 0.26 0.31 0.32 0.39 0.34 0.28 0.22 0.2 0.21 0.19 0.25 0.3 0.32 0.35 0.39 0.27 0.26 0.23
花蓮
CO
05/23 0.21 0.19 0.21 0.2 0.2 0.21 0.25 0.42 0.59 0.37 0.36 0.33 0.32 0.28 0.3 0.33 0.34 0.38 0.5 0.48 0.4 0.39 0.35 0.27
花蓮
CO
05/24 0.25 0.22 0.17 0.15 0.15 0.19 0.24 0.39 0.44 0.35 0.32 0.36 0.31 0.27 0.2 0.25 0.3 0.32 0.31 0.26 0.23 0.29 0.27 0.2
花蓮
CO
05/25 0.18 0.16 0.16 0.16 0.16 0.17 0.19 0.24 0.31 0.44 0.47 0.63 0.5 0.24 0.25 0.28 0.37 0.36 0.31 0.28 0.24 0.23 0.23 0.2
花蓮
CO
05/26 0.18 0.17 0.17 0.17 0.17 0.17 0.19 0.21 0.21 0.24 0.19 0.2 0.2 0.2 0.23 0.3 0.31 0.27 0.26 0.26 0.24 0.21 0.2 0.18
花蓮
CO
05/27 0.18 0.17 0.16 0.16 0.16 0.18 0.22 0.25 0.28 0.23 0.19 0.18 0.15 0.16 0.19 0.28 0.29 0.32 0.3 0.31 0.34 0.34 0.31 0.34
花蓮
CO
05/28 0.35 0.24 0.22 0.22 0.21 0.23 0.23 0.34 0.32 0.26 0.24 0.24 0.28 0.27 0.27# 0.26 0.27 0.27 0.28 0.26 0.22 0.22 0.19 0.17
花蓮
CO
05/29 0.16 0.14 0.15 0.16 0.16 0.18 0.23 0.34 0.32 0.23 0.2 0.21 0.21 0.15 0.19 0.19 0.23 0.29 0.27 0.26 0.24 0.3 0.29 0.2
花蓮
CO
05/30 0.18 0.19 0.18 0.18 0.19 0.21 0.25 0.32 0.24 0.24 0.19 0.19 0.2 0.21 0.3 0.34 0.36 0.4 0.45 0.43 0.31 0.29 0.29 0.21
花蓮
O3
01/01 39 39 39 39 37 40 41 37 39 40 41 42 41 42 42 42 42 41 41 41 41 42 42 38
花蓮
O3
01/02 35 32 32 24 22 21 21 21 19 19 20 21 23 26 30 30 31 14 10 9.9 13 13 12 15
花蓮
O3
01/03 19 15 14 11 9.9 11 8.7 5.7 4.3 13 31 35 41 40 38 38 34 36 34 20 8.3 14 9.5 8.3
花蓮
O3
01/04 8.7 14 14 11 8.7 8.9 11 9.3 12 15 19 37 41 40 39 36 29 20 14 8.7 9.9 9.4 9.1 8.5
花蓮
O3
01/05 7.4 5.2 5.6 6.2 5.7 5.2 5.4 7.2 8.8 12 19 27 44 46 45 49 44 29 25 23 21 21 20 22
花蓮
O3
01/06 18 15 15 13 12 11 11 10 17 34 36 38 43 45 44 44 43 42 37 36 35 27 22 24
花蓮
O3
01/07 22 16 13 14 11 7.3 7.2 10 12 15 35 41 40 45 44 43 37 30 24 14 8.1 11 6 7.1
花蓮
O3
01/08 9.6 10 8.3 7.9 8.4 8.9 6.2 4.5 8.3 11 16# 40 41 43 43 43 41 40 39 35 33 27 28 39
花蓮
O3
01/09 42 45 44 45 44 43 41 38 38 34 38 40 42 43 42 43 42 34 25 17 6.4 6.3 6.9 11
花蓮
O3
01/10 11 11 11 NA 11 9.7 8.2 7.9 15 21 30 38 47 49 48 46 45 42 27 12 11 10 8.8 13
花蓮
O3
01/11 15 15 11 11 10 15 12 11 11 14 30 38 43 47 48 46 39 36 35 27 19 16 13 10
花蓮
O3
01/12 7.8 10 11 7.9 10 13 11 10 10 10 18 33 37 37 38 34 32 26 24 24 23 24 23 19
花蓮
O3
01/13 21 20 17 21 21 12 10 8.3 10 12 20 26 36 37 37 37 36 37 34 35 38 36 34 38
花蓮
O3
01/14 39 36 36 42 45 45 40 36 40 43 38 38 38 41 37 29 27 15 9.3 11 11 14 16 17
花蓮
O3
01/15 15 17 19 18 20 19 14 8.7 10 13 16 30 42 49 48 46 39 36 18 15 17 37 48 48
花蓮
O3
01/16 48 49 50 51 51 53 53 51 50 53 54 53 52 51 51 53 53 46 45 38 34 32 25 34
花蓮
O3
01/17 34 38 39 40 41 43 42 39 39 42 44 45 47 48 48 46 44 42 41 41 43 44 45 49
花蓮
O3
01/18 52 51 51 50 47 50 44 34 35 36 46 53 52 51 51 51 46 28 26 28 25 28 32 29
花蓮
O3
01/19 29 28 27 28 28 27 26 23 21 20 23 28 35 43 43 44 41 35 17 14 16 19 22 19
花蓮
O3
01/20 19 18 17 16 16 15 14 11 14 15 20 29 40 43 47 51 49 48 47 46 45 45 48 47
花蓮
O3
01/21 49 52 42 45 41 47 38 30 21 25 35 39 40 40 39# 38 32 24 26 26 22 24 25 30
花蓮
O3
01/22 24 21 21 20 22 20 17 14 12 23 41 43 45 43 41 40 41 42 43 38 37 35 38 45
花蓮
O3
01/23 46 39 44 42 42 44 34 19 20 39 52 59 62 63 59 53 45 42 41 37 25 28 22 23
花蓮
O3
01/24 23 27 23 23 23 21 19 16 17 22 53 63 68 67 65 62 59 56 42 38 35 32 27 27
花蓮
O3
01/25 24 21 20 22 24 23 23 18 20 30 54 59 59 62 59 52 45 40 46 52 42 59 60 58
花蓮
O3
01/26 59 61 60 60 59 58 55 52 49 48 46 47 48 48 50 49 50 49 47 38 33 32 27 30
花蓮
O3
01/27 28 25 33 29 30 27 27 20 25 30 31 35 43 42 34 34 29 21 16 18 18 17 14 17
花蓮
O3
01/28 19 21 19 17 16 15 15 14 16 18 29 34 45 47 51 45 40 33 41 33 35 27 22 5.9
花蓮
O3
01/29 9.9 13 18 16 27 46 33 32 23 36 43 44 45 46 43 37 37 26 30 26 30 31 32 29
花蓮
O3
01/30 28 28 27 29 30 27 24 20 22 26 31 45 51 52 50 50 38 28 25 20 23 33 31 30
花蓮
O3
01/31 28 30 27 25 25 21 18 18 19 24# 33 39 46 45 42 41 43 40 30 49 47 52 55 56
花蓮
O3
監測年月：2019/02， 測站：花蓮， 測項：O3（ppb）
花蓮
O3
日期 00 01 02 03 04 05 06 07 08 09 10 11 12 13 14 15 16 17 18 19 20 21 22 23
花蓮
O3
02/01 53 51 50 49 48 48 47 39 35 37 40 41 43 45 43 42 41 40 36 34 33 36 30 30
花蓮
O3
02/02 30 29 32 28 28 23 20 19 19 21 27 47 48 48 47 46 43 33 28 16 19 25 23 22
花蓮
O3
02/03 19 21 19 18 18 19 17 18 17 22 26 37 41 43 41 39 37 37 37 21 18 35 28 32
花蓮
O3
02/04 25 22 22 7.4 8.5 12 19 34 33 33# 32 33 40 41 41 44 43 44 45 33 25 27 29 17
花蓮
O3
02/05 11 10 10 20 18 14 13 14 16 27 39 49 54 56 50 47 45 40 36 37 39 36 34 27
花蓮
O3
02/06 22 26 18 15 14 18 11 12 20 27 38 48 50 54 50 56 58 52 46 41 36 36 27 23
花蓮
O3
02/07 21 18 21 21 21 21 20 19 18 23 29 42 48 53 53 50 51 44 39 24 19 44 51 47
花蓮
O3
02/08 46 42 42 39 35 31 38 33 38 36 39 40 42 42 41 38 36 31 29 29 22 17 20 21
花蓮
O3
02/09 17 18 16 15 16 17 14 6.9 11 21 38 41 41 41 42 42 42 39 40 38 36 39 39 40
花蓮
O3
02/10 39 35 34 35 35 30 25 27 31 31 32 40 38 43 44 42 43 41 34 28 23 19 16 12
花蓮
O3
02/11 12 13 12 8.5 8.2 7.8 3.7 4.5 32 38 41 43 43 42 41 39 36 33 29 28 28 27 27 23
花蓮
O3
02/12 22 23 24 24 17 11 6.7 4.7 8.3 24 35 41 41 42 42 37 40 35 33 31 31 20 13 11
花蓮
O3
02/13 13 13 15 15 13 12 10 9.9 13 26 32 34 36 40 40 38 39 39 35 33 27 29 27 23
花蓮
O3
02/14 21 22 20 18 21 21 14 9.9 11 15 24 40 43 47 47 48 46 42 37 28 23 19 23 27
花蓮
O3
02/15 26 24 20 16 18 17 15 13 18 24 32 44 49 51 48 44 37 34 34 33 28 21 17 18
花蓮
O3
02/16 12 13 12 9.9 10 7.9 9.2 24 30 31 39 44 45 44 44 43 39 34 38 41 41 43 44 35
花蓮
O3
02/17 31 33 34 32 31 26 28 36 36 38 40 39 38 37 37 36 31 28 25 25 17 14 19 18
花蓮
O3
02/18 15 16 16 14 14 16 15 13 11 17 25 29 33 35 40 40 26 17 8.7 5 2.4 4.2 3.2 8.7
花蓮
O3
02/19 14 14 14 12 9.5 9.8 7.6 7.3 15 31 33 40 43# 42 49 53 46 46 44 43 43 44 40 22
花蓮
O3
02/20 16 15 16 11 9.6 9.4 11 12 15 20 32 31 41 46 48 45 41 30 27 21 13 9.9 13 18
花蓮
O3
02/21 14 10 10 9.1 8.1 5.3 5.3 7.1 14 24 36 43 44 44 44 36 24 18 13 16 18 16 23 23
花蓮
O3
02/22 19 14 9.6 9.5 15 23 9.9 8.2 13 35 39 46 50 52 54 54 52 50 49 49 49 49 48 48
花蓮
O3
02/23 47 44 50 49 48 46 44 39 34 36 37 40 39 38 38 37 34 31 31 34 28 28 26 23
花蓮
O3
02/24 23 25 22 18 16 18 17 10 10 11 13 15 30 43 45 45 42 40 25 14 15 30 23 20
花蓮
O3
02/25 26 44 38 36 31 27 25 17 23 33 37 42 46 45 43 40 31 34 31 32 29 30 31 32
花蓮
O3
02/26 31 28 24 20 22 33 21 16 21 43 50 54 55 57 52 51 48 45 36 33 29 32 38 33
花蓮
O3
02/27 33 36 31 24 21 16 11 13 17 22 35 45 47 46 44 44 41 36 29 17 14 15 17 18
花蓮
O3
02/28 14 17 19 17 15 36 41 19 25 33 38 41 40 41 44 44 40 39 36 37 42 43 36 34
花蓮
O3
監測年月：2019/03， 測站：花蓮， 測項：O3（ppb）
花蓮
O3
日期 00 01 02 03 04 05 06 07 08 09 10 11 12 13 14 15 16 17 18 19 20 21 22 23
花蓮
O3
03/01 37 40 37 36 30 26 21 16 26 25 34 46 48 59 60 55 50 41 33 30 11 16 20 17
花蓮
O3
03/02 15 16 17 16 19 16 14 17 20 30 41 50 53 54 53 50 46 35 23 18 15 12 16 15
花蓮
O3
03/03 14 13 15 13 15 16 14 16 21 24 35 37 37 42 49 49 48 49 43 40 37 37 32 39
花蓮
O3
03/04 34 39 39 40 46 45 43 43 43 44 47 46 50 50 51 47 46 47 42 50 49 49 49 49
花蓮
O3
03/05 46 43 42 26 32 31 33 27 34 42 46 48 60# 57 55 54 47 37 22 30 28 21 12 17
花蓮
O3
03/06 15 16 14 15 14 13 11 12 18 19 15 24 41 51 49 46 52 54 54 57 57 56 53 48
花蓮
O3
03/07 49 49 45 44 48 51 51 45 42 40 41 43 47 49 50 56 64 54 51 48 66 56 52 56
花蓮
O3
03/08 57 55 52 50 46 49 44 34 38 40 41 45 48 56 57 56 53 40 22 13 14 13 22 21
花蓮
O3
03/09 20 22 22 24 27 25 29 23 19 20 23 18 18 21 22 18 19 19 24 9.2 3.1 5.2 7.8 17
花蓮
O3
03/10 16 16 16 15 20 21 22 21 21 23 30 40 43 43 44 42 37 36 38 38 47 53 53 48
花蓮
O3
03/11 40 44 45 41 39 32 34 21 18 27 35 39 46 44 40 43 35 29 19 28 32 36 41 40
花蓮
O3
03/12 44 41 38 36 37 33 30 28 35 47 65 74 79 79 75 76 73 74 46 44 42 39 43 43
花蓮
O3
03/13 43 37 37 32 33 31 33 28 29 38 42 63 67 61 53 50 48 53 46 40 37 37 31 38
花蓮
O3
03/14 61 52 47 47 44 43 39 33 35 41 53 44# 52# 60 61# 59 47 34 23 21 24 18 22 28
花蓮
O3
03/15 52 49 53 51 51 51 48 50 51 48 45# 44 51 58# 53 45 48 54 43 39 45 46 44 43
花蓮
O3
03/16 41 40 37 37 37 37 35 32 29 34 45 50 61 66 65 56 48 44 47 39 37 39 38 38
花蓮
O3
03/17 37 37 31 31 29 27 27 23 25 40 50 62 64 67 67 65 62 59 44 29 33 27 25 27
花蓮
O3
03/18 30 29 32 29 26 21 19 17 18 18 32 40 49 49 48 45 45 42 40 31 22 19 20 22
花蓮
O3
03/19 18 15 16 16 33 27 28 39 43 48 48 50 48 45 42 38 35 37 26 34 41 20 21 26
花蓮
O3
03/20 25 25 31 23 25 22 20 19 21 26 35 48 48 47 45 43 35 29 26 21 11 9.4 9.2 11
花蓮
O3
03/21 14 21 25 20 16 26 23 20 24 25 29 25# 33 29 28 29 25 28 29 28 18 14 18 2.4
花蓮
O3
03/22 10 24 28 23 32 37 34 24 29 45 51 52 53 50 50 48 48 51 48 45 43 39 44 46
花蓮
O3
03/23 44 45 48 49 49 48 48 47 47 47 49 49 49 50 50 48 47 47 49 50 51 52 55 56
花蓮
O3
03/24 56 45 50 42 41 38 34 33 32 32 38 41 37 35 45 53 51 41 31 20 20 22 23 21
花蓮
O3
03/25 24 22 26 23 20 18 15 13 17 20 21 21 32 45 48 37 40 27 14 8.1 9.4 11 9.3 7.1
花蓮
O3
03/26 13 23 43 28 26 25 33 21 16 30# 28 39 49 50 46 42 42 40 37 38 43 39 34 30
花蓮
O3
03/27 37 34 38 27 28 25 21 19 23 17# 42x 44x 48A 54 52 50 46 36 29 21 25 22 21 24
花蓮
O3
03/28 26 24 26 26 25 22 20 19 22 27 33 33 33 33 28 28 26 22 23 23 21 15 20 15
花蓮
O3
03/29 16 28 31 24 27 30 24 23 21 36 38 46 50 51 53 53 54 52 52 51 48 46 51 55
花蓮
O3
03/30 54 56 54 52 58 48 42 38 41 49 51 59 60 61 63 62 60 55 50 47 44 37 32 41
花蓮
O3
03/31 58 55 53 54 58 61 65 63 59 63 64 65 68 68 67 62 58 61 61 56 60 60 60 60
花蓮
O3
監測年月：2019/04， 測站：花蓮， 測項：O3（ppb）
花蓮
O3
日期 00 01 02 03 04 05 06 07 08 09 10 11 12 13 14 15 16 17 18 19 20 21 22 23
花蓮
O3
04/01 56 55 50 46 50 43 40 44 37 42 50 52 52 55 51 53 55 56 55 54 45 38 33 32
花蓮
O3
04/02 30 26 23 23 20 19 15 16 21 26 32# 48 56 66 63 58 56 48 34 42 32 28 22 18
花蓮
O3
04/03 14 19 22 20 19 19 19 19 19 29 37 42 50 57 56 55 56 49 44 38 31 29 30 30
花蓮
O3
04/04 25 28 28 28 27 15 12 19 22 30 40 51 53 55 62 55 49 45 36 31 21 20 21 17
花蓮
O3
04/05 13 14 16 15 12 11 12 11 27 44 49 52 53 52 52 53 56 55 53 47 47 46 44 47
花蓮
O3
04/06 44 40 43 42 41 39 36 32 39 49 55 55 56 55 54 53 50 51 38 29 22 19 18 21
花蓮
O3
04/07 25 29 30 28 29 29 23 24 27 35 45 46 51 50 51 58 47 57 56 41 29 26 24 24
花蓮
O3
04/08 27 24 24 28 30 32 30 29 31 40 43 52 54 51 42 29 24 24 19 15 18 14 9.5 18
花蓮
O3
04/09 19 23 25 26 29 33 25 29 28 37 40 31 28 29 27 23 22 21 20 11 9 5.4 9.6 12
花蓮
O3
04/10 16 15 16 10 16 17 13 12 24 42 51 53 45 36 43 42 43 39 41 42 45 46 48 48
花蓮
O3
04/11 45 49 49 48 48 47 44 41 42 41 42 54 63 60 56 55 55 54 52 52 55 53 53 48
花蓮
O3
04/12 48 53 55 56 55 53 52 51 51 52 55 57 58 57 55 51 53 50 48 38 31 43 38 37
花蓮
O3
04/13 38 40 32 33 33 32 31 28 35 47 49 56 56 57 56 54 54 53 50 37 29 26 20 22
花蓮
O3
04/14 26 24 19 18 17 13 14 17 28 40 53 56 57 59 60 61 58 56 53 51 54 56 54 58
花蓮
O3
04/15 70 73 69 69 67 71 70 67 64 64 65 65 64 62 51 53 50 48 45 49 44 30 28 32
花蓮
O3
04/16 27 34 32 36 37 31 26 23 16 18 17 34 41 49 32 46 29 13 6.1 13 16 16 17 15
花蓮
O3
04/17 12 11 12 11 10 32 37 21 24 31 40 45 48 56 56 54 51 46 40 41 46 50 46 44
花蓮
O3
04/18 51 50 32 24 23 26 27 27 29 49 66 64 53 60 58 56 49# 46 34 27 27 22 19 24
花蓮
O3
04/19 27 22 21 17 16 16 15 17 18 25 33 45 51 56 54 52 37 31 20 19 17 18 17 18
花蓮
O3
04/20 17 15 18 14 11 12 10 13 22 34 54 63 64 61 63 60 43 46 41 31 29 32 30 25
花蓮
O3
04/21 22 23 24 18 15 13 12 10 18 33 50 55 56 54 54 50 50 48 46 22 17 16 12 11
花蓮
O3
04/22 12 13 11 12 14 13 15 19 29 25 36 40 39 38 35 34 32 32 31 28 17 9.8 9.2 8.6
花蓮
O3
04/23 9.1 12 12 17 16 11 13 15 25 31 32 32 31 31 30 32 29 32 31 25 16 16 11 7.7
花蓮
O3
04/24 14 14 15 17 17 14 16 17 24 30 33 34# 39# 40 34 39 43 33 28 27 25 27 21 21
花蓮
O3
04/25 25 19 26 30 28 27 27 22 29 36 37 38 39 37 37 39 39 46 44 52 52 46 41 39
花蓮
O3
04/26 31 25 22 21 34 38 28 30 46 47 53 59 61 62 61 59 58 57 55 48 36 28 26 25
花蓮
O3
04/27 32 46 55 49 54 52 57 48 34 53 56 55 60 59 59 55 50 46 39 38 47 42 40 29
花蓮
O3
04/28 25 24 25 26 20 16 17 22 28 36 40 45 48 54 50 42 39 38 34 32 34 32 23 22
花蓮
O3
04/29 23 21 16 13 13 12 13 12 18 27 27 25 24 24 23 21 19 18 14 7.2 7.2 7.7 7.6 9.5
花蓮
O3
04/30 14 11 14 16 11 14 12 13 18 27# 30 32 33 33# 28 31 31 31 30 26 26 33 35 31
花蓮
O3
監測年月：2019/05， 測站：花蓮， 測項：O3（ppb）
花蓮
O3
日期 00 01 02 03 04 05 06 07 08 09 10 11 12 13 14 15 16 17 18 19 20 21 22 23
花蓮
O3
05/01 31 33 35 35 34 32 27 20 21 38 45 48 48 50 50 47 45 41 45 47 50 51 45 42
花蓮
O3
05/02 39 34 32 32 29 26 24 23 18 39 63 76# 74 67 60 58 52 46 44 50 57 52 46 50
花蓮
O3
05/03 50 49 45 42 51 53 56 40 37 38 35 43 58 65 65 66 65 58 44 39 36 36 34 33
花蓮
O3
05/04 36 35 33 35 34 28 30 51 50 47 57 56 54 50 50 50 42 26 27 28 32 35 32 27
花蓮
O3
05/05 27 27 26 26 24 18 16 24 42 54 57 61 59 59 61 57 57 51 49 47 34 31 29 32
花蓮
O3
05/06 31 30 37 34 32 36 38 33 30 30 32 46 45 45 49 48 36 35 28 36 30 29 34 38
花蓮
O3
05/07 36 36 34 33 53 34 24 25 58 59 59 57 60 59 59 57 54 51 48 52 39 32 30 30
花蓮
O3
05/08 27 31 30 29 29 30 28 26 22 25 32 48 55 57 56 56 55 51 45 35 33 18 15 16
花蓮
O3
05/09 19 20 16 11 10 7.1 7.2 16 20 34 34 51 54 55 51 52 52 53 53 42 36 34 34 27
花蓮
O3
05/10 18 14 18 47 52 51 48 44 52 52 53 57 54 53 53 48 49 41 36 36 28 25 24 22
花蓮
O3
05/11 26 23 23 24 17 12 14 20 26 27 43 48 50 46 46 48 48 44 41 39 37 31 25 19
花蓮
O3
05/12 18 12 9.5 8.2 7.3 9 9.6 14 28 34 33 30 29 28 28 30 32 32 30 29 18 17 15 15
花蓮
O3
05/13 15 17 13 12 11 8.1 8.9 15 17 25 30 33 37 33 31 29 23 22 19 18 17 14 13 15
花蓮
O3
05/14 16 18 15 19 20 12 16 20 30 28 31 32 37 38 43# 55 55 54 56 52 51 49 45 51
花蓮
O3
05/15 50 47 43 34 22 21 18 25 28 37 47 48 48 43 40 36 32 23 32 19 27 25 15 16
花蓮
O3
05/16 18 16 12 10 12 9.9 10 14 21 23 32 33 35 30 31 26 27 28 22 12 8.5 8.6 8.3 10
花蓮
O3
05/17 11 8.5 9 9.8 9.2 9.2 6.1 2.5 4.4 3.8 2.6 4 13 31 33 30 20 23 7.1 3.7 3.8 3.7 4.8 3.9
花蓮
O3
05/18 3.8 4.1 3.3 5.1 5.4 6.5 7.5 5.4 4.7 6.7 5.6 7.6 15 14 17 17 20 22 22 27 23 11 7.6 12
花蓮
O3
05/19 12 11 9.8 11 8.5 7.3 8.4 13 17 27 34 37 39 36 37 33 36 36 31 22 15 9.4 5.9 10
花蓮
O3
05/20 14 15 15 15 15 12 12 15 20 25 28 26 47 51 58 62 56 48 45 48 50 55 60 53
花蓮
O3
05/21 49 46 44 45 39 60 63 60 51 63 75 79 80 79 79 79 75 73 69 58 38 39 35 41
花蓮
O3
05/22 39 38 39 37 38 33 33 39 44 47 51 66 72 76 76 74 68 70 66 60 46 44 42 34
花蓮
O3
05/23 37 28 30 31 26 29 22 19 16 35 35 44 46 39 50 45 49 47 42 38 35 30 26 25
花蓮
O3
05/24 26 34 43 49 50 37 32 29 38 41 48 45 45 47 48 44 40 35 37 41 41 37 36 40
花蓮
O3
05/25 41 37 39 37 35 36 37 32 29 25 25 19 25 43 45 44 39 36 35 35 29 28 21 24
花蓮
O3
05/26 26 24 23 21 21 19 16 17 22 31 41 41 39 38 34 32 30 27 24 25 22 23 20 17
花蓮
O3
05/27 15 16 13 13 13 11 9.5 12 18 26 29 32 37 36 32 27 26 33 34 29 20 20 19 6
花蓮
O3
05/28 3.2 6.5 11 11 5.2 5.1 9 13 16 20 32 41 45 50 48# 47# 51 52 54 55 52 52 53 55
花蓮
O3
05/29 52 51 47 42 38 35 36 36 41 48 53 53 53 55 56 56 52 46 54 58 56 48 45 44
花蓮
O3
05/30 37 34 35 37 33 31 27 24 31 40 51 57 50 48 44 41 39 37 25 22 25 28 32 32
花蓮
NO2
01/01 3.7 2.3 2 1.8 2 1.4 1.9 3.9 3.4 2.7 2.8 2.6 2.5 2.6 2.6 2.8 3.1 3.7 3.6 3.5 3.5 2.7 2.3 3.8
花蓮
NO2
01/02 4.7 7.3 6.4 6.3 5.6 6.2 9.2 15 17 17 16 15 14 13 13 13 12 23 21 21 15 9.5 8.6 6.8
花蓮
NO2
01/03 5.8 4.5 3.9 4.1 4.1 4.9 8.1 12 14 13 9 7.7 4.7 4.8 6.1 5.9 5.7 6.6 7.3 15 20 16 15 14
花蓮
NO2
01/04 13 6.6 4.5 4.8 5.4 4.1 3.9 4.9 4.8 4.6 6.2 3 2 2.2 2 4.3 7.1 15 19 17 11 7.7 5.9 7.4
花蓮
NO2
01/05 5.4 5.7 4 4.2 3.9 4.1 4.5 5 4.8 4.8 8.5 8.1 6.5 6.1 7.7 7.8 7.2 13 16 15 15 15 15 11
花蓮
NO2
01/06 12 13 12 12 12 14 12 13 11 6 6.2 6.1 5.4 5.3 5.3 4.9 5.6 5.9 9.4 8.7 8.2 12 12 12
花蓮
NO2
01/07 11 13 9.9 7.8 8.5 10 7.2 8.6 8.6 16 8.9 6 5.8 4.5 5 5.5 10 15 18 20 20 14 13 8.7
花蓮
NO2
01/08 5.1 2.6 2.2 1.9 2 2.8 4.9 6.9 5.6 8.1# 7.6# 6 3.3 3.7 4.7 4.3 5.7 6.8 6.4 8.3 8.8 12 10 2.9
花蓮
NO2
01/09 2.4 0.7 0.6 0.6 0.8 0.8 1.3 4.2 5.2 7.4 5 4.3 3.3 3.5 4.4 5.5 5.9 12 19 20 22 18 19 11
花蓮
NO2
01/10 6.6 4.9 3.3 NA 3.3 4.3 5.2 7.1 5 6.7 11 8.1 4.1 3.7 6.4 5.3 6.5 9.7 17 18 17 19 12 5.7
花蓮
NO2
01/11 5.3 3.6 2 1.3 1.4 1.5 4.3 5.6 5.7 4.5 4.7 2.9 2 2.1 2.4 2.3 9.4 12 12 12 15 15 10 11
花蓮
NO2
01/12 9.2 6.1 3.9 8.9 6.5 3.4 4.8 4.8 5 8.3 12 7.6 8.1 9.3 7.7 8 8.1 12 13 12 12 10 10 11
花蓮
NO2
01/13 11 8.2 9.6 7.6 7.7 10 11 13 17 14 15 12 7.5 6.1 5.9 5.2 6.3 6.3 8.1 7.2 5.6 6.2 6.9 4.7
花蓮
NO2
01/14 4.4 5.7 5.9 3.4 2.2 2.6 5.7 9.7 9.8 7.6 11 12 13 10 14 20 22 31 24 19 16 9.2 7.4 6.1
花蓮
NO2
01/15 4.8 4.2 3.2 2.9 3.1 3.5 5.2 9.2 8.4 9.1 13 9.6 4.6 3.4 3.9 4 9.3 13 23 21 17 8.6 4.3 3.4
花蓮
NO2
01/16 3.3 1.7 1.6 1 1.3 1.5 2.3 4.6 6.3 5.3 4.9 4.4 4.2 3.8 4.4 4.4 5.5 10 8.7 11 10 9.4 7.6 4.7
花蓮
NO2
01/17 3.6 3.7 3.5 3.1 2.6 2.4 2.9 4.9 6.4 6 4.8 5.1 5 4.9 5.5 5.8 6.3 6.8 6.9 6.8 5.1 5 4.4 3.9
花蓮
NO2
01/18 3.4 2.9 2.7 2.8 3.5 3.4 5.9 15 16 18 9.4 4.7 5.7 7 7.7 6.1 9.3 16 15 12 16 9.9 5.9 4
花蓮
NO2
01/19 2.8 2.3 1.6 1.4 1.3 1.5 2.1 4.3 5.7 6.3 7.5 6.6 6.3 4.6 4.7 3.8 6.6 12 22 20 16 9.6 6 5
花蓮
NO2
01/20 3.8 3.3 3 3 3 2.8 3.4 5.5 4.1 5.1 5.3 8.5 5.9 7.8 6.8 5.2 7.6 9.8 8 6.6 6.6 5.8 4.5 4.1
花蓮
NO2
01/21 4.8 3.7 4.7 4.7 4.8 4.5 6.4 13 18 13 13 12 11 10 8.5# 8.7 13 19 16 14 15 13 9.7 9.1
花蓮
NO2
01/22 8.8 6.7 5.4 3.9 2.6 3.5 4.6 5.8 8.9 13 8.2 8.2 7.1 6.4 8.2 8.6 9.1 9.1 9.1 11 11 11 8.4 6.2
花蓮
NO2
01/23 4.7 3.2 3 8.7 5.9 4.4 7 17 21 15 9.5 5.4 5.1 5.2 7.1 10 16 17 16 18 20 15 10 9.5
花蓮
NO2
01/24 4.7 4.7 5.2 4.5 3.7 4.2 4.2 6.9 7.4 15 11 7.2 6 6.1 6.9 7.9 9.9 13 21 23 24 21 19 13
花蓮
NO2
01/25 12 3.7 3 2.8 2.5 3.1 3.5 8.9 6.9 9.1 8.2 5.8 7.4 5 5.5 9.9 17 21 16 12 19 7.4 6 5.4
花蓮
NO2
01/26 5.1 3.6 3.8 3.3 3.6 3.5 3.6 4.1 5.4 5.7 6.5 6.1 6.7 6.2 6.7 7.1 7.3 6.5 5.8 8.7 12 9.4 7.5 4.8
花蓮
NO2
01/27 4.6 5.9 4.7 5.3 4.7 4.2 4.4 10 11 12 11 9.8 5.1 5.8 11 12 16 19 18 18 16 17 17 10
花蓮
NO2
01/28 6.1 3.7 3.2 3 2.7 2.5 3.3 4.8 5.2 5.7 8 7.7 3.9 2.5 3.6 7.7 11 15 8.6 13 11 15 20 32
花蓮
NO2
01/29 24 25 21 23 8.3 3.5 14 15 25 15 9.1 9.1 9.3 10 9.9 14 11 20 14 12 7.2 5.6 5.3 4.8
花蓮
NO2
01/30 3.6 2.5 1.9 1.3 1.4 1.5 2.8 4.4 4.3 3.9 4.8 3.3 2.4 2.3 3.4 4.7 9.8 16 18 20 13 5 4.6 3.5
花蓮
NO2
01/31 3.2 0.7 0.2 0.4 -0.1 0.6 2.5 3.4 3.4 2.8# 11# 6.2 2 1 1.2 1.7 2.6 5.9 12 6 4.6 3.9 3.4 2.5
花蓮
NO2
監測年月：2019/02， 測站：花蓮， 測項：NO2（ppb）
花蓮
NO2
日期 00 01 02 03 04 05 06 07 08 09 10 11 12 13 14 15 16 17 18 19 20 21 22 23
花蓮
NO2
02/01 2.2 2.9 2.7 2.5 2.6 3 3.2 7.5 11 10 9 8.8 8.7 7.5 8.9 9.9 11 12 13 13 9.1 6.2 7.1 5.4
花蓮
NO2
02/02 4.3 4.3 3 2.8 2.7 3.4 4 4.8 5.1 5.5 7.2 3.1 2.9 2.9 3.7 4.9 5.7 12 14 16 10 4.8 3.8 3.1
花蓮
NO2
02/03 3.2 1.5 1.1 1.1 0.9 0.9 2.5 2.2 3.1 4.1 4.2 1.8 1.8 1.5 1.7 1.9 2.2 3.3 3.4 11 12 2.9 5.3 4.7
花蓮
NO2
02/04 3.9 5 6.2 19 21 17 13 4.5 6.6 9.6# 9.7 6.9 5.4 5.6 6.6 6.1 6.6 6.1 5.4 10 13 9.2 7.9 10
花蓮
NO2
02/05 14 12 7.8 4.3 4 4.4 4.4 4.3 4.4 2.9 5.9 4.5 3.2 3.8 4.2 4.5 5.7 8.4 10 9.9 8.2 10 10 8.3
花蓮
NO2
02/06 5.5 9 11 8.2 3.6 3.7 8.7 8.4 3.6 3.8 3.5 3.3 3.8 3.4 2.9 3.1 3.5 3.9 4.7 7.6 10 8.1 6.2 5.2
花蓮
NO2
02/07 5.4 5.5 4.2 3.6 3.1 3.5 3.2 3.5 4.1 5.1 9.5 5.5 3.7 3.6 4.2 4.6 4.1 5.7 11 19 19 9.6 6.1 5.5
花蓮
NO2
02/08 4.3 2.5 2.7 2.5 3.7 5.2 3 6.3 4.5 5.6 4.4 4.9 4.1 4.8 5.1 6.7 6.8 10 11 12 13 11 6.4 4.9
花蓮
NO2
02/09 4 2.7 3.4 2.8 2.9 3.7 5.9 10 12 11 4.7 4.6 4.5 4.2 3.7 3.9 4 6 5.3 6.4 6.6 5 4.2 3.5
花蓮
NO2
02/10 3.6 5.9 6.5 5.3 7.1 8.3 6.2 8 9.1 10 10 6 7.5 4.8 4.5 4.7 5.4 6.4 9.8 13 14 14 14 14
花蓮
NO2
02/11 11 7.4 7.3 7 7.4 6.7 9.9 13 8.1 5.4 4.9 4.3 5.1 5 5.3 6.2 9.1 9.8 12 11 10 9.5 8.9 6.3
花蓮
NO2
02/12 5.5 4.3 3.4 3.4 3.7 4.4 8.3 9.7 9.5 9 6.2 4 3.3 3.5 4.5 4.3 4.4 8.1 9.4 8.8 7.9 13 13 9.9
花蓮
NO2
02/13 3.9 2.7 2 2.2 2.2 3.5 6 5.9 6.9 7.3 5.7 5.8 6.3 5.8 6.3 6.7 6.9 6.5 8.1 10 10 6.4 6.3 7.9
花蓮
NO2
02/14 6.7 3.2 3.1 2.4 1.8 2 4.9 7.3 6.3 6.2 10 4.6 3.6 3.3 4.1 4.5 5.6 7.8 11 15 16 15 7.8 4.2
花蓮
NO2
02/15 3.5 2.7 1.5 1.3 1 1.3 2.3 3.4 2.8 2.2 5.1 2.2 1.2 1.2 1.1 2.1 7.4 11 9.7 11 11 8.3 9.2 7.6
花蓮
NO2
02/16 7.9 6 5.4 5.3 5.9 7.2 14 12 8.5 9.4 7.6 5.7 5.8 5.7 6.1 7.4 10 14 11 7.9 6.9 5.9 4.6 7.9
花蓮
NO2
02/17 9.5 5.5 4.2 3 3.6 8 9.7 6.8 7.4 7.1 7.1 8.5 8.8 9.4 9.2 9.5 13 14 15 16 19 14 8.4 7.6
花蓮
NO2
02/18 5.4 5.7 5.5 4.8 4.2 4.5 5.8 8.7 11 7.6 4.4 4.8 3.6 3.8 3.2 4.8 13 17 22 22 19 15 15 6
花蓮
NO2
02/19 3.6 1.2 1.1 1.6 2.9 3.1 4.6 6.9 8.4 5.6 6.7 6.9 4.7# 4.1 3.2 5.3 6.1 5.4 6.2 6.1 5.7 4.5 5.8 14
花蓮
NO2
02/20 16 10 7.1 4.2 3.2 4.7 4.8 6.1 6.8 5 7.3 10 5.9 4.3 4.4 3.5 6.4 13 15 16 15 15 9.5 9.1
花蓮
NO2
02/21 11 15 14 13 12 13 17 18 17 14 6.4 2.9 3.3 4.8 5.6 11 19 25 28 22 16 17 12 9.9
花蓮
NO2
02/22 11 6.7 5.4 4.9 6.8 8.3 8.7 7.3 9.7 7.7 6.7 6 4.5 4.8 5.4 6.5 7.4 7.9 7 5.7 5.4 4.7 4.1 3.9
花蓮
NO2
02/23 3.8 4.7 2.5 2.2 2.4 2.5 3.6 6.3 10 10 10 10 10 12 13 13 15 17 16 13 16 14 15 14
花蓮
NO2
02/24 7.8 7.4 7.9 8.2 5.8 6 6.1 13 15 18 16 22 17 9.4 8.8 7.9 9.6 13 23 28 24 15 15 15
花蓮
NO2
02/25 12 4.8 5.2 5.2 5.7 6.3 7 14 18 14 13 10 7.7 8.2 9.8 12 15 15 17 16 17 17 14 13
花蓮
NO2
02/26 12 11 10 11 10 9.5 11 18 23 11 7.1 6.7 7.8 5.2 6.9 7.7 8.7 11 17 12 10 8 5.7 6
花蓮
NO2
02/27 4.4 1.8 1.9 1.4 1.3 1.8 6.9 5.5 3.4 3.1 3.4 1.7 1.4 1.3 1.5 1.9 5.1 9.1 12 14 17 14 6.6 3.1
花蓮
NO2
02/28 1.8 0.9 0.7 1 2.1 4.5 4.4 14 14 11 8.4 7 7.2 6.5 6.4 5.8 8.8 10 12 11 7.6 6.3 8.1 8.1
花蓮
NO2
監測年月：2019/03， 測站：花蓮， 測項：NO2（ppb）
花蓮
NO2
日期 00 01 02 03 04 05 06 07 08 09 10 11 12 13 14 15 16 17 18 19 20 21 22 23
花蓮
NO2
03/01 6.6 4.6 4.7 6.5 10 15 16 17 15 10 9.3 7.9 7.8 3.7 4.2 8 8.4 14 14 19 29 15 10 9.6
花蓮
NO2
03/02 7.7 3.8 2.8 2.5 2.6 3.3 4.3 3.7 3.8 4.2 4.6 4.2 3.2 3.2 2.5 3.6 6 11 14 14 13 12 5 4.3
花蓮
NO2
03/03 3.4 2.5 2.3 2.1 1.7 1.9 2.3 2.4 2 3.4 1.7 1.8 1.8 4.4 4.2 4.4 5 4.3 7.3 8.5 7.7 6 5 3.8
花蓮
NO2
03/04 3.3 1.2 1.2 1.6 2.3 2.9 4.1 4.9 5.4 5.3 5.2 6.8 5.5 7.2 7.9 11 12 12 14 9 9 8.9 7.3 7.7
花蓮
NO2
03/05 6.6 7.5 8.3 26 21 15 6.9 11 12 7.3 5.3 7.2 3.7# 4 4.4 4.4 9.1 16 25 9.9 8.9 5.2 10 8.3
花蓮
NO2
03/06 7.9 8 6.4 6.8 8.7 6.9 8.8 8.8 7.9 8 13 10 7.2 8.2 10 13 10 7.7 6.9 6.4 5.8 6.2 6.7 7
花蓮
NO2
03/07 5.6 2.9 3.1 2.9 3.2 4.5 6.2 13 17 19 17 14 12 11 14 11 9.5 17 18 16 7.3 11 12 7.7
花蓮
NO2
03/08 6.3 3.4 3.1 2.2 2.2 2.5 4.8 12 11 7.1 9.6 9.9 7.7 6.5 7.3 7.9 9.1 18 26 22 20 13 7.6 5.1
花蓮
NO2
03/09 3.8 2.8 2.2 1.8 1.2 1.6 2.1 6.1 7 6.8 6 9.1 11 13 16 20 24 27 23 30 29 22 14 10
花蓮
NO2
03/10 7.5 6.7 5.9 5 2.9 3.9 3.8 14 12 5.5 4.7 6.1 6.8 5.8 5.6 5.7 10 11 9.3 11 7.3 5.7 5.6 7.5
花蓮
NO2
03/11 9 6.4 5 4.7 4.2 5.9 6.2 16 24 13 16 15 12 14 18 15 19 23 28 21 17 12 9 6.7
花蓮
NO2
03/12 6.4 5.8 4 4 3.4 3.9 7.2 11 7.5 5.1 4.1 5 4.7 4.5 6.7 6.5 10 8.9 19 17 16 8.8 5.8 4.4
花蓮
NO2
03/13 3.7 2.6 2.4 2 1.9 2.4 3.6 5.9 5.5 4 5.4 4.8 5.2 8.6 10 8.4 9.4 6.6 9.2 9 7.2 7 5.9 3.4
花蓮
NO2
03/14 2.5 0.9 0.7 0.7 0.7 0.9 2 5 3.5 3.1 3.3# -2.2# 3.2# 2.4# 4.5# 4.4 13 25 26 19 15 20 12 6.3
花蓮
NO2
03/15 3.1 3.5 2.3 3 3.2 2.5 4.7 6.6 7.1 8.2 9.5 9.3# 7# 7.3 9.1 13 12 10 17 15 9.5 7.7 8.1 5.3
花蓮
NO2
03/16 2.3 1.6 1.7 2.1 3.4 1.9 2.4 4.8 9.7 16 13 11 7.4 4.6 6.7 9 9.5 15 11 14 14 9.1 4.1 1.2
花蓮
NO2
03/17 1 1.3 1.3 1.2 1.3 1.7 2.5 4.6 4.6 5.9 9.1 3.4 2.7 3.5 5 4.2 3.8 5.9 17 17 11 14 11 3.1
花蓮
NO2
03/18 2.7 1.9 1.2 1 1.1 1.4 1.8 4.4 5.8 7.3 4.7 5 2.6 1.6 1.2 1.9 2.1 4.1 10 16 16 13 12 9.1
花蓮
NO2
03/19 7.8 6.3 4.9 5.9 9.6 13 15 11 11 8.7 9.4 9.4 9.5 11 15 17 21 21 28 20 14 20 14 9.7
花蓮
NO2
03/20 8 4.7 3.2 2.7 2.4 2.3 2.4 4.7 5.5 5.3 5.5 3.6 4.1 3 2.7 2.9 4.9 7 7.7 10 18 18 13 9.7
花蓮
NO2
03/21 6.9 2.4 2.2 3.4 4.2 3.1 5.1 5.8 5.4 9.1 5.2 2.8# 2.4 2.3 1.7 2.2 5.5 5.7 6.1 6.3 9.3 13 9.2 26
花蓮
NO2
03/22 22 8 5.1 7.1 4 3.4 5 14 14 4.9 4.3 4.8 4.2 4.5 5.9 8 9.2 9.5 8.8 8.4 8.2 9.8 6.9 4.7
花蓮
NO2
03/23 4.9 4.8 3.4 2.2 2 2.3 2.7 3.7 5.2 5.8 5.2 4.9 4.9 5.2 5 4.6 4.8 5.1 4.9 4.3 3.5 2.7 2.4 2.1
花蓮
NO2
03/24 2.3 3.4 2 2.5 2.9 4.8 7.5 10 10 4.8 6 6 5.4 7.9 8.4 6.2 7.6 15 17 19 12 8.4 6 4.6
花蓮
NO2
03/25 3.2 1.8 1.4 1.1 1 1.5 2.3 4.5 3.2 4.8 8.2 8 4.9 4.9 4.7 9.4 10 18 20 20 17 18 11 14
花蓮
NO2
03/26 8.9 6.1 4.2 9.9 12 14 10 20 26 16# 20# 12 7 7 9.6 14 14 15 17 13 10 11 9.9 6.9
花蓮
NO2
03/27 3.8 2.2 1.8 1.2 1.4 1.7 3.1 4.5 3.4 3.3# 3.5# 2.2# 2.9 2.9 2.8 4 6.7 13 16 15 8.4 6.9 4.1 2.3
花蓮
NO2
03/28 1.6 2 1.5 1.2 1.7 2 6.1 4.6 3.4 6.7 4.7 2.4 1.6 1.8 2.3 2.7 3.4 5.5 5.4 5.3 7.4 11 7.8 9.4
花蓮
NO2
03/29 8.6 3.8 3.2 4.7 4.8 5 8 9.7 11 9.6 11 9.8 9.2 7.8 8 8.3 7.9 9.2 9.5 9 11 10 7 4
花蓮
NO2
03/30 3.5 1.7 2.1 3 1.7 4 7.4 7.9 6.2 5.7 6.8 4.1 4 3.7 4.8 4.3 4.6 6.7 9.7 11 12 13 12 9.8
花蓮
NO2
03/31 3.2 2.6 3.8 3.5 1.8 1.9 2.1 3.3 7.3 4.2 4.5 4.8 4.7 5.3 5.7 8.8 8.7 4.9 4.8 7.2 4.9 3.6 3.2 2.7
花蓮
NO2
監測年月：2019/04， 測站：花蓮， 測項：NO2（ppb）
花蓮
NO2
日期 00 01 02 03 04 05 06 07 08 09 10 11 12 13 14 15 16 17 18 19 20 21 22 23
花蓮
NO2
04/01 3.3 5.2 6.7 7.1 6 6.6 8.1 11 17 14 8.9 8.8 8.2 7.1 8.6 8.4 7.3 7.4 8.1 7.7 13 16 11 8.6
花蓮
NO2
04/02 7.7 7.5 8.5 4.7 5 6.3 8.1 12 12 11 10# 12 8.2 3.2 3.5 3.5 4.8* 12 21 13 13 9.6 9.3 9.2
花蓮
NO2
04/03 5.7 2.5 2.7 2.5 1.8 2.5 2.7 4.8 5.4 4.8 6.2 7.7 6.2 5.1 4.9 5.5 6.4 12 12 13 17 19 17 13
花蓮
NO2
04/04 9.9 4.5 3.9 3.4 3.4 5 5.9 4.9 5.3 8.8 9.8 6.5 4.8 3.2 3.5 4.3 4.8 6.9 13 13 15 12 8.4 8.1
花蓮
NO2
04/05 7.5 4.3 2.7 3 3.2 3.2 3.4 7.5 9.5 4.5 3.7 3.4 3.7 4.4 5.1 6 5.7 5.6 7.4 12 11 12 12 7.1
花蓮
NO2
04/06 5.8 4.6 3.3 2.9 2.9 3.6 4.8 4.4 3.8 4.5 3.3 3.4 2.9 3.7 3.6 3.2 4 4.7 11 14 12 13 11 4.9
花蓮
NO2
04/07 3.1 1.2 1.2 0.9 0.8 1.6 2.4 2.2 2.2 3.5 1.7 2.6 3.8 8.1 8.7 2.9 8.6 3.8 5.2 9.9 13 7.2 6.1 4.4
花蓮
NO2
04/08 3.3 4.2 2.9 1.4 1.1 1.7 1.7 4.3 4.5 6.7 13 4 2.6 1.4 1.2 1.8 1.6 2.7 7.4 11 10 14 12 2.9
花蓮
NO2
04/09 1.8 1.6 1.2 1.1 1 1.5 3 4 4 4 3 3 1.7 1.5 2 1.7 2.9 3 5 12 11 14 10 7
花蓮
NO2
04/10 4 5 4.4 9 5.2 8.2 12 16 9.6 5.4 6.1 6.9 4.4 3.7 4.2 4.7 5.6 7.1 6.4 6.1 5 4.7 4.2 4.2
花蓮
NO2
04/11 6.5 3.6 3.4 3.7 4.1 5 6.9 12 14 14 11 8.7 4.7 3.5 5.5 6.9 7.5 8.8 9.6 7 4.9 4.8 4.6 4.7
花蓮
NO2
04/12 5.2 1.4 1.1 1.2 1.4 1.9 2.5 4.6 6.2 6.8 6 6.7 6.3 6.6 7.5 8.7 8.9 10 11 16 14 11 9.9 6.5
花蓮
NO2
04/13 4.7 4.6 3.7 2.8 2.7 3.3 3.4 4.1 4.1 3.6 4.6 3.4 3.1 3 2.8 4.2 3.6 5.3 7.7 12 13 9.2 7.2 5.3
花蓮
NO2
04/14 3.7 2.8 3.4 4.2 4.1 4.4 3.7 3.2 6.9 6.5 3.2 3 3 3.7 4 4.2 3.5 4 4.6 5.7 3.9 3.1 2.9 2.7
花蓮
NO2
04/15 2.7 3.4 3.3 2.6 2.2 2.6 3.2 5.3 7.8 8 7.5 7 6.6 6.2 12 11 14 16 18 13 15 14 8.1 4.3
花蓮
NO2
04/16 3.4 1.3 1.6 1.2 1.1 1.5 2.9 7.6 11 9.7 9.3 5.7 11 6.4 15 7.7 22 31 30 21 17 13 9.8 9.4
花蓮
NO2
04/17 7.3 6.2 5.3 5.6 6.1 6.6 8.7 16 17 12 9.7 11 12 7.8 8 10 14 13 15 11 7.9 6.7 6.1 4.4
花蓮
NO2
04/18 4.2 1.1 0.7 0.3 -0.1 0.9 2 2.8 4 4.4 2.5 2 1.7 2.2 3.1 2.1# 8.3# 11 16 17 11 9.8 9.1 4.7
花蓮
NO2
04/19 2.1 0.8 1 1.2 1.2 2 4 9.4 11 4.2 3.2 3.5 3.7 4.3 5.8 4.1 12 16 12 14 12 7.4 4.7 2.2
花蓮
NO2
04/20 2.7 5.1 3.2 5 6.5 6.5 6.9 6.4 6.9 7.5 6.1 6.4 7.4 10 8.7 9.2 12 12 11 12 9.1 7.1 5.3 5.5
花蓮
NO2
04/21 4.6 1.8 1 1.4 2.2 4.2 4.3 6.3 2.2 2.9 1.4 1.7 1.9 2.4 2.6 3.7 3 5.8 5 10 10 9.5 14 17
花蓮
NO2
04/22 15 4.7 5.1 5 4 4.3 4.2 5.5 7.5 10 8.2 6 4.8 5.2 5.8 4.8 6.5 5.8 6.3 8.3 11 14 11 8.7
花蓮
NO2
04/23 6.8 3.8 3.4 2.9 3.3 6.3 5.1 4.4 4.2 4 2.5 2.9 2.1 2 2.8 3.7 6.8 5.8 7 9.2 11 9.1 11 11
花蓮
NO2
04/24 4.1 2.3 2.5 2.5 2.3 2 1.9 2.7 2.6 3.6 1.9# NA 1.8# 1 1.9# 0.9 3.3 3.1 2.5 1.8 2.9 1.2 4.5 4.5
花蓮
NO2
04/25 1.9 4.7 2.2 1.6 1.8 2.1 2.5 6 3 4.7 1.6 1.6 2.4 2.8 3.5 3 3 4.1 4.8 4.7 5 4.1 4.4 3.6
花蓮
NO2
04/26 4.5 5.6 5.9 4.3 3.9 3.9 6.8 8.2 7.2 6.5 6 4.9 4.7 4 4.3 4.6 5.2 6.3 7.5 10 12 11 12 7.6
花蓮
NO2
04/27 8.8 6.4 1.9 4.3 2.8 2.8 2.9 9.5 19 6.7 5 6.5 3.3 3.5 3.7 6.5 10 13 16 15 7.8 10 6.9 16
花蓮
NO2
04/28 16 8.4 5.7 5.2 5.4 5.8 8.3 5.3 6.3 5.8 4.5 5.8 3.9 3.2 2.9 3.1 3.6 3.9 5.2 6.8 4.5 4.7 4.9 3.5
花蓮
NO2
04/29 3.2 1.6 1.7 1.4 1.4 1.7 2.3 4.5 4.4 2.7 2.1 1.5 1.2 1.1 2.5 2.4 4.4 4.4 6.3 8.9 8.5 8.1 5 4.2
花蓮
NO2
04/30 2.5 1.9 1.3 1.1 1.1 1.6 2 2.4 6.1 2.4# 2.3# 1.7# 1.2 1.6# 2.8 2.5 4.6 5 6.6 6.5 7.6 5 2.9 3.5
花蓮
NO2
監測年月：2019/05， 測站：花蓮， 測項：NO2（ppb）
花蓮
NO2
日期 00 01 02 03 04 05 06 07 08 09 10 11 12 13 14 15 16 17 18 19 20 21 22 23
花蓮
NO2
05/01 3.5 0.9 0.7 0.7 0.9 1.9 5.4 12 12 6.2 3.3 3.7 4.4 4.3 3.9 5.5 6.1 8.6 6.7 4.6 3.2 2.5 3.4 4.1
花蓮
NO2
05/02 4.1 4.1 3.8 3.5 2.9 2.9 4 6.5 11 12 11 7# 6.6 9.6 16 15 18 25 23 19 15 15 13 8.1
花蓮
NO2
05/03 9.3 5.2 4.1 4.5 7.6 11 7.3 19 15 12 14 10 8.3 5.5 6.1 7 8.6 13 21 13 7.3 5.3 6.6 7.1
花蓮
NO2
05/04 4.5 1.6 1.7 1.3 1.3 1.7 3.8 6.8 8.5 11 6 6.3 7.3 7.4 6.4 6.7 12 21 17 11 4.4 3.2 3 3.1
花蓮
NO2
05/05 2.3 2.7 2.4 2.5 2.3 4.9 5.3 4.7 5.3 5.8 4.1 2.9 4 3.7 3.4 3.3 3.2 6.4 8.1 7.3 9.1 6.5 5 4.4
花蓮
NO2
05/06 3.8 2.5 3.1 7.2 9.3 3.1 4.5 9.3 16 21 12 7.7 6.8 3.8 6 6.7 14 10 14 7.8 10 7.2 2.5 1.7
花蓮
NO2
05/07 1.5 1.5 1.1 1.4 1.1 5.3 11 13 5 4.2 3.9 3.9 3.4 3.1 3.5 3.9 5.2 8.7 10 7.6 11 11 7.4 7.7
花蓮
NO2
05/08 5.1 3.2 2.2 2 1.9 2.4 3.7 5 13 11 14 9.9 5.3 2.6 3.4 4.7 7.3 7.8 9.8 12 14 17 16 6.5
花蓮
NO2
05/09 4.6 3.8 4.1 5.2 4.5 5.3 11 13 14 11 12 6.7 4 4.4 5.3 5.7 5.7 5.8 5.7 10 14 14 10 12
花蓮
NO2
05/10 22 25 18 4.5 3.5 4.7 8.8 12 9.2 8 7.2 6.5 6.4 6.3 6.4 11 10 15 20 17 21 16 12 8.2
花蓮
NO2
05/11 6.2 4.3 4.1 3.7 3.1 4.1 4.1 4 6.7 12 10 9 4 3.8 4.1 4.5 5 5.9 7 7.6 8 8.3 14 16
花蓮
NO2
05/12 7.3 3.6 5 3.3 3.8 3 4 4.3 5.2 2.8 2.5 2.7 1.8 5.3 7.5 5.6 3.4 3.3 3.7 4.4 6.9 6 6.8 5.3
花蓮
NO2
05/13 3.8 1.1 1.5 1.8 2.3 3.4 4.6 3.5 7.1 4.8 4.8 3.4 2.6 2.1 2.7 3.2 4.5 5.1 7.7 9.6 8.5 4.8 4.7 3.4
花蓮
NO2
05/14 2.1 1.6 1.6 1.2 1 1.4 2.1 3.5 6.7 11 6 2.8 1.8 2.5 3.5# 3.6 5 3.9 3.7 3.7 4 2.9 4 2.2
花蓮
NO2
05/15 1.8 2.5 2.9 4 3.4 3.9 4.1 4.2 12 8 5 4 6.1 3.3 6 9 12 20 11 20 9.7 7.6 8 5.2
花蓮
NO2
05/16 3.8 2.8 3.2 2.3 1.7 1.7 2.7 3.7 5.5 12 10 11 7.4 7.4 5.9 11 12 9.9 11 16 14 12 5.8 4
花蓮
NO2
05/17 3.3 2 2.1 1.9 1.9 1.7 4.6 10 7.1 8.1 16 16 11 3.3 3.1 7.8 16 13 26 26 18 15 7.3 7.4
花蓮
NO2
05/18 8.6 6.4 7.9 4.2 4.3 4 4.2 4.9 7.7 9.2 11 5.9 4.4 4.7 4.7 5.1 9.6 8.5 6.5 4.2 4.3 6.2 10 11
花蓮
NO2
05/19 6.8 3.9 4.2 3.1 2.9 4.2 3.9 3.2 7.3 9.1 8.8 5.1 6 10 8.2 9.3 8.8 9.3 12 18 15 15 17 8.5
花蓮
NO2
05/20 4.2 2.3 1.8 1.9 1.6 1.7 2 3.2 4.6 8.1 6.8 11 6.7 7 8.7 7.1 5.4 4.9 5.2 4.2 3.2 3.3 2.7 2.8
花蓮
NO2
05/21 3.4 1.1 0.8 0.6 1.5 2.7 2.8 11 11 9.5 5.5 4.4 4.6 4.8 6 6 6.1 7.7 7.7 11 18 9.9 6.2 3.3
花蓮
NO2
05/22 4.4 4 3.2 2.9 2.8 3.3 3.6 5.2 6.9 13 15 7.6 5.1 4 6 4.2 8.8 6.4 6.8 8.2 10 5.9 5* 3.8*
花蓮
NO2
05/23 3 1.3* 0.8* 0.5* 0.5* 0.8* 1.9* 7.5* 17* 12* 11* 9.5* 8.9* 8.9# NA 13# 16# 15x 18* 14* 12* 10* 9.5* 6.9*
花蓮
NO2
05/24 5.1* 4.2* 4* 2.4* 2.4* 3.4* 3.9* 10* 12* 9.5* 7.7* 9.2* 6* 4.1* 3.7* 6.2* 8* 7.5* 9.2* 7.6* 4.4* 7.4* 6.9* 3.8*
花蓮
NO2
05/25 2.6* 0.8* 0.2* 0.4* 0.3* 0.4* 0.5* 1.5* 5.3* 10* 12* NA NA 5.9# 4.8 5.8 9.2 8.3 6.9 5.8 3.4 3.4 3.5 2.3
花蓮
NO2
05/26 1.3 0.9 0.7 0.6 0.9 0.8 0.9 1.6 1.4 3.2 1.7 2.3 2.4 3 3.6 4.4 5.3 5 4.4 3.8 4.2 2.9 2.9 2.1
花蓮
NO2
05/27 2.3 1.3 0.8 0.6 0.6 1.1* 2.4* 2.1* 3.2* 4.1* 1.5* 1.1* NA NA NA NA 8.9# 6.7 5.7 6.7 15 17 14 21
花蓮
NO2
05/28 20 11 8.4 6.9 7.1 5.3 3.8 9.2 15 14 9.1 4.5 5.1 4.5 5.4# 5.4 4.9 4.9 4.4 3.9 3.3 3.6 3.4 2.1
花蓮
NO2
05/29 1.8 1.2 1.7 2.9 2.7 3.5 4.9 8.3 7.8 6.1 4.1 4.3 4.4 2.9 3.9 5.2 7.5 13 9.3 7.2 8.4 12 10 6.2
花蓮
NO2
05/30 4.7 4 2.9* 2.7 2.9 3.5 4.6 6.2 3.8 4.1 4.2 2.5 4.5 6 8.7 10 9.9 10 14 13 6.6 5.8 5.4 2.9
