®ç¶é
PM10
01/01 5 5 4 5 3 5 5 5 4 4 7 6 5 5 9 10 7 7 12 7 2 3 5 6
®ç¶é
PM10
01/02 5 3 6 8 6 9 8 4 5 5 6 5 5 4 8 9 8 6 10 6 6 5 9 7
®ç¶é
PM10
01/03 6 5 9 6 4 5 7 7 8 6 10 11 7 7 8 4 6 7 10 10 9 9 15 15
®ç¶é
PM10
01/04 12 8 8 9 12 11 8 6 11 13 14 1000# 56 43 46 51 48 52 41 40 49 63 71 63
®ç¶é
PM10
01/05 47 54 63 58 82 66 75 63 69 45 42 42 37 29 28 24 35 44 36 29 31 23 17 11
®ç¶é
PM10
01/06 6 6 4 10 7 3 7 12 10 12 11 10 8 11 13 13 22 26 31 21 21 18 17 17
®ç¶é
PM10
01/07 11 8 7 5 6 9 10 7 21 14 16 18 14 1000# 18 29 27 36 30 28 38 57 70 68
®ç¶é
PM10
01/08 73 85 56 52 38 33 37 21 14 16 19 23 18 17 15 13 19 16 16 20 20 14 9 14
®ç¶é
PM10
01/09 11 11 10 18 16 19 16 14 17 20 16 20 17 15 13 24 18 20 32 23 32 28 18 17
®ç¶é
PM10
01/10 14 11 14 16 12 14 13 27 32 38 37 41 47 50 55 54 48 44 52 66 57 61 61 72
®ç¶é
PM10
01/11 53 46 44 49 27 37 50 55 49 76 66 61 44 38 33 27 32 26 26 33 32 34 44 44
®ç¶é
PM10
01/12 46 36 31 34 32 26 34 37 26 28 29 38 42 15 24 20 19 17 21 21 13 16 19 15
®ç¶é
PM10
01/13 13 14 13 11 11 10 8 22 27 30 23 28 26 28 32 23 25 24 18 21 23 24 23 21
®ç¶é
PM10
01/14 18 18 17 23 22 20 23 27 22 22 19 22 26 24 24 25 25 20 27 27 27 30 23 23
®ç¶é
PM10
01/15 25 24 30 27 32 37 43 48 48 52 52 44 37 29x 1000# 39 22 24 34 30 19 16 11 13
®ç¶é
PM10
01/16 12 9 7 10 7 9 7 12 13 12 11 12 10 17 11 13 12 15 17 11 14 14 11 11
®ç¶é
PM10
01/17 9 6 3 2 3 2 4 15 14 14 13 20 16 24 18 23 31 41 32 33 27 38 39 42
®ç¶é
PM10
01/18 39 40 50 48 45 48 46 50 46 48 46 47 44 47 41 44 44 45 43 34 40 39 33 29
®ç¶é
PM10
01/19 32 31 37 35 49 76 74 70 79 89 1000# 71 81 64 56 75 77 77 71 92 98 82 91 58
®ç¶é
PM10
01/20 43 64 56 65 59 54 61 58 55 48 45 44 48 55 72 77 64 64 60 53 44 42 29 36
®ç¶é
PM10
01/21 30 32 33 23 29 23 24 18 18 23 22 24 24 20 17 23 16 20 25 22 29 26 21 14
®ç¶é
PM10
01/22 14 18 21 24 22 23 25 27 30 32 44 52 50 61 59 60 71 60 48 44 46 43 36 30
®ç¶é
PM10
01/23 30 30 31 31 28 30 35 37 29 37 1000# 73 77 73 78 71 76 70 65 65 60 62 58 61
®ç¶é
PM10
01/24 57 55 59 68 59 64 57 63 63 66 62 62 51 55 59 54 61 57 55 74 55 53 56 56
®ç¶é
PM10
01/25 55 60 58 53 54 54 54 60 57 58 56 51 53 56 54 53 59 54 53 57 50 49 51 49
®ç¶é
PM10
01/26 48 50 46 42 36 32 39 37 44 46 61 59 61 71 65 56 44 47 42 37 34 33 33 31
®ç¶é
PM10
01/27 25 24 32 32 34 30 27 25 25 33 32 29 27 23 22 28 27 31 25 27 27 24 26 25
®ç¶é
PM10
01/28 19 23 19 24 22 27 30 31 53 34 31 34 32 26 32 31 33 38 32 31 27 28 26 29
®ç¶é
PM10
01/29 26 24 25 28 22 22 27 28 27 32 26 20 29 26 28 24 24 27 26 31 26 24 24 28
®ç¶é
PM10
01/30 33 39 45 31 34 31 42 50 62 64 36 49 68 51 59 65 83 98 102 103 107 107 82 68
®ç¶é
PM10
01/31 54 36 32 28 32 29 39 35 47 52 1000# 88 71 54 47 48 47 67 57 41 38 26 26 29
®ç¶é
PM10
ºÊ´ú¦~¤ë¡G2019/02¡A ´ú¯¸¡G®ç¶é¡A ´ú¶µ¡GPM10¡]£gg/m3¡^
®ç¶é
PM10
¤é´Á 00 01 02 03 04 05 06 07 08 09 10 11 12 13 14 15 16 17 18 19 20 21 22 23
®ç¶é
PM10
02/01 24 24 19 26 24 27 26 31 38 36 42 44 34 41 38 45 46 48 40 49 42 42 46 41
®ç¶é
PM10
02/02 40 32 35 41 33 35 38 42 53 52 42 42 65 70 76 75 83 94 106 96 106 117 116 119
®ç¶é
PM10
02/03 113 121 108 101 73 75 68 66 56 60 61 1000# 63 65 61 64 67 50 59 73 78 83 74 86
®ç¶é
PM10
02/04 93 82 73 64 50 19 13 11 16 9 20 20 25 28 19 22 24 32 27 34 39 42 33 34
®ç¶é
PM10
02/05 38 33 38 30 26 24 30 47 53 40 39 74 74 79 84 72 54 52 52 40 50 51 63 77
®ç¶é
PM10
02/06 68 50 41 44 41 44 51 62 49 43 35 42 61 46 50 46 51 46 46 58 59 74 79 72
®ç¶é
PM10
02/07 68 64 67 61 56 52 47 65 66 57 32 23 18 21 41 47 42 51 50 50 49 39 33 28
®ç¶é
PM10
02/08 26 22 19 14 11 20 39 39 24 18 20 20 14 13 15 28 38 35 22 25 27 20 32 19
®ç¶é
PM10
02/09 17 20 16 23 21 19 22 21 25 23 16 18 11 11 14 8 9 9 12 8 13 11 9 9
®ç¶é
PM10
02/10 8 6 4 6 6 6 5 8 11 10 10 16 12 17 16 16 16 22 24 20 11 16 20 17
®ç¶é
PM10
02/11 22 16 8 8 8 6 8 11 10 10 14 10 13 9 10 11 12 14 10 10 11 14 10 8
®ç¶é
PM10
02/12 6 6 6 7 6 7 6 8 6 10 8 10 7 9 25 21 28 33 46 33 20 21 26 24
®ç¶é
PM10
02/13 24 25 29 23 13 10 13 14 14 18 11 16 21 30 1000# 16 21 29 31 26 23 24 20 25
®ç¶é
PM10
02/14 22 24 21 27 25 28 36 18 17 23 76 40 33 26 1000# 33 36 31 33 29 25 23 24 24
®ç¶é
PM10
02/15 23 31 29 32 48 70 54 54 62 NA 53 51 58 61 82 65 68 64 57 60 63 78 79 70
®ç¶é
PM10
02/16 59 44 33 23 21 26 24 23 27 21 21 25 22 19 18 18 18 12 12 9 10 9 8 7
®ç¶é
PM10
02/17 7 7 8 6 3 3 9 15 8 7 13 13 11 8 11 11 15 10 9 7 7 7 4 4
®ç¶é
PM10
02/18 6 6 9 7 8 7 7 13 21 26 21 31 29 25 22 20 24 26 35 33 32 41 40 52
®ç¶é
PM10
02/19 66 42 11 15 15 25 18 38 62 115 46 51 61 55 61 53 50 40 52 48 54 55 50 49
®ç¶é
PM10
02/20 35 41 43 37 38 41 49 56 52 71 79 77 57 57 63 73 72 78 119 74 53 42 36 44
®ç¶é
PM10
02/21 46 52 65 39 23 15 13 16 24 23 27 27 30 29 48 58 51 46 27 13 13 19 29 21
®ç¶é
PM10
02/22 29 30 24 13 11 14 13 17 12 16 1000# 19 9 10 19 8 7 6 6 13 11 20 25 28
®ç¶é
PM10
02/23 27 21 23 18 19 21 33 40 40 44 40 35 32 39 28 27 29 25 26 26 21 22 16 12
®ç¶é
PM10
02/24 16 11 11 8 5 6 4 6 9 9 7 10 9 12 8 7 4 12 16 17 19 17 30 30
®ç¶é
PM10
02/25 30 29 23 16 12 20 30 31 36 32 29 1000# 31 29 32 36 37 33 40 41 35 28 28 32
®ç¶é
PM10
02/26 28 28 32 30 32 29 32 40 32 39 39 37 43 38 40 40 41 40 36 43 45 44 42 53
®ç¶é
PM10
02/27 44 50 58 55 49 50 57 64 84 71 81 77 72 62 46 53 68 53 53 43 46 54 62 77
®ç¶é
PM10
02/28 64 70 71 50 49 39 34 44 62 49 35 20 12 16 25 19 32 31 35 32 24 25 27 26
®ç¶é
PM10
ºÊ´ú¦~¤ë¡G2019/03¡A ´ú¯¸¡G®ç¶é¡A ´ú¶µ¡GPM10¡]£gg/m3¡^
®ç¶é
PM10
¤é´Á 00 01 02 03 04 05 06 07 08 09 10 11 12 13 14 15 16 17 18 19 20 21 22 23
®ç¶é
PM10
03/01 28 27 27 29 26 18 22 22 27 29 28 24 27 31 30 34 35 34 26 24 23 29 37 34
®ç¶é
PM10
03/02 22 28 31 38 41 54 46 38 36 36 46 62 100 95 118 119 101 103 120 127 142 123 123 132
®ç¶é
PM10
03/03 131 142 123 130 123 126 128 116 110 123 39 6 8 12 15 14 12 10 21 27 35 31 33 21
®ç¶é
PM10
03/04 20 24 26 25 14 23 21 28 27 26 36 32 33 35 38 33 40 39 39 41 42 39 42 43
®ç¶é
PM10
03/05 47 44 49 55 58 59 57 45 38 31 22 13 16 15 34 53 84 67 31 19 13 13 13 11
®ç¶é
PM10
03/06 14 13 14 18 12 19 17 27 29 33 25 26 28 25 13 21 26 22 32 26 27 24 18 20
®ç¶é
PM10
03/07 20 21 13 14 11 17 29 30 32 36 59 78 63 1000# 85# 115 95 77 66 67 58 50 46 50
®ç¶é
PM10
03/08 38 38 32 22 17 10 16 14 15 17 17 14 19 16 12 15 13 12 14 17 13 9 6 12
®ç¶é
PM10
03/09 19 29 27 16 21 25 27 19 11 12 21 13 14 14 20 15 16 15 21 13 28 27 35 28
®ç¶é
PM10
03/10 10 9 6 4 5 11 9 15 12 10 17 15 15 6 6 7 20 25 24 30 33 35 37 47
®ç¶é
PM10
03/11 60 69 77 63 54 46 44 48 50 50 54 39 36 35 45 49 46 46 53 51 46 51 52 46
®ç¶é
PM10
03/12 48 46 44 48 51 52 48 51 58 61 54 47 54 52 49 54 43 51 58 56 55 52 57 53
®ç¶é
PM10
03/13 51 58 58 50 45 62 56 47 48 55 51 41 42 49 52 40 33 35 41 30 35 30 42 26
®ç¶é
PM10
03/14 33 33 34 37 37 47 46 57 62 67 82 82 84 76 71 64 64 54 51 49 43 36 26 32
®ç¶é
PM10
03/15 19 13 10 10 8 10 17 17 27 25 21 21 28 30 1000# 27 32 44 44 37 37 32 31 35
®ç¶é
PM10
03/16 30 33 36 37 34 40 41 40 41 45 43 40 38 43 49 50 48 50 40 40 41 45 42 36
®ç¶é
PM10
03/17 34 39 40 33 30 29 41 35 38 42 54 45 49 41 41 37 24 15 19 14 18 14 17 20
®ç¶é
PM10
03/18 13 15 15 36 42 48 47 54 62 63 58 48 1000# 51 53 50 48 53 65 69 74 61 57 57
®ç¶é
PM10
03/19 62 68 77 83 63 38 39 48 59 55 50 44 46 32 41 27 33 31 26 21 18 7 9 9
®ç¶é
PM10
03/20 16 18 35 42 54 21 21 46 45 51 64 82 72 68 82 90 80 82 70 59 62 62 65 63
®ç¶é
PM10
03/21 55 73 55 42 32 48 55 50 64 50 54 1000# 60 58 63 55 48 33 32 23 37 42 38 50
®ç¶é
PM10
03/22 48 48 50 64 63 63 55 52 45 58 57 48 28 39 30 23 25 25 13 17 9 21 23 13
®ç¶é
PM10
03/23 12 11 12 11 9 11 15 24 23 12 24 16 24 20 27 19 29 25 33 33 31 32 22 24
®ç¶é
PM10
03/24 21 17 21 24 22 25 24 28 26 26 22 26 29 27 28 21 26 26 27 26 25 30 35 33
®ç¶é
PM10
03/25 26 40 42 34 18 16 27 34 43 39 38 33 25 13 1000# 28 32 38 39 37 45 35 42 30
®ç¶é
PM10
03/26 23 23 26 35 19 19 21 32 33 28 33 36 28 32 31 31 39 41 36 38 37 29 31 27
®ç¶é
PM10
03/27 27 37 43 36 44 50 51 61 54 55 58 55 59 53 41 56 41 41 42 32 46 47 52 55
®ç¶é
PM10
03/28 76 61 71 73 82 87 90 68 48 34 30 34 34 37 42 40 39 35 35 46 53 58 54 58
®ç¶é
PM10
03/29 58 37 51 33 63 69 71 76 64 55 57 51 46 47 52 51 51 52 49 47 45 48 29 17
®ç¶é
PM10
03/30 17 16 21 19 25 29 32 36 21 29 27 35 43 42 48 44 36 39 35 30 31 37 38 41
®ç¶é
PM10
03/31 39 44 49 55 52 47 54 62 71 73 55 79 78 61 60 53 55 43 35 28 34 31 35 30
®ç¶é
PM10
ºÊ´ú¦~¤ë¡G2019/04¡A ´ú¯¸¡G®ç¶é¡A ´ú¶µ¡GPM10¡]£gg/m3¡^
®ç¶é
PM10
¤é´Á 00 01 02 03 04 05 06 07 08 09 10 11 12 13 14 15 16 17 18 19 20 21 22 23
®ç¶é
PM10
04/01 24 18 18 21 22 20 12 14 14 16 24 19 18 23 1000# 32# 34 37 35 38 38 36 34 33
®ç¶é
PM10
04/02 33 37 39 42 38 36 27 24 25 31 32 28 21 19 27 32 34 57 79 70 80 65 60 46
®ç¶é
PM10
04/03 36 40 38 33 25 24 29 33 33 35 33 33 42 36 28 37 38 39 50 48 52 46 53 60
®ç¶é
PM10
04/04 36 24 14 17 17 12 12 10 21 30 23 29 32 40 33 28 20 28 23 32 35 32 35 41
®ç¶é
PM10
04/05 39 37 50 42 41 47 43 45 31 34 27 23 23 22 19 14 19 18 23 19 21 21 21 14
®ç¶é
PM10
04/06 17 7 9 18 13 28 31 21 26 26 21 32 29 19 24 32 50 56 53 53 66 54 59 62
®ç¶é
PM10
04/07 56 71 64 55 50 54 49 60 59 63 56 55 48 47 47 47 58 60 62 64 66 59 58 62
®ç¶é
PM10
04/08 62 60 81 71 78 58 51 60 67 63 72 65 63 59 55 72 70 72 83 86 104 98 115 116
®ç¶é
PM10
04/09 112 100 99 91 66 57 67 75 74 58 60 56 63 61 48 42 43 40 38 44 46 45 48 40
®ç¶é
PM10
04/10 36 33 35 33 35 41 51 53 42 42 53 43 34 37 56 47 40 37 27 21 21 18 9 6
®ç¶é
PM10
04/11 4 3 12 7 9 7 6 13 13 20 26 31 44 44 36 14 14 12 17 17 17 14 9 7
®ç¶é
PM10
04/12 7 12 13 23 29 23 29 38 35 32 32 35 38 37 36 32 36 38 37 37 34 28 26 23
®ç¶é
PM10
04/13 19 20 13 12 19 23 15 20 20 27 1000# 38 33 22 25 29 27 40 42 42 48 43 60 46
®ç¶é
PM10
04/14 35 32 15 19 21 25 31 29 38 31 25 30 28 23 15 19 21 18 22 22 18 31 40 51
®ç¶é
PM10
04/15 42 39 40 39 51 51 55 53 56 50 49 50 53 53 53 60 46 43 39 38 36 38 32 27
®ç¶é
PM10
04/16 30 28 32 32 41 28 36 36 22 31 36 39 15 14 15 24 49 57 65 61 62 50 44 39
®ç¶é
PM10
04/17 39 41 47 38 34 29 60 49 19 21 16 20 15 30 1000# 40 37 53 52 47 38 40 35 37
®ç¶é
PM10
04/18 32 37 46 56 57 63 71 68 76 65 56 52 55 66 59 52 45 48 60 47 63 56 43 62
®ç¶é
PM10
04/19 69 63 59 71 53 48 44 44 58 60 62 68 60 63 64 57 67 65 74 75 88 81 75 84
®ç¶é
PM10
04/20 63 61 68 69 66 75 75 65 41 41 33 24 30 27 26 31 28 37 32 37 48 34 9 12
®ç¶é
PM10
04/21 23 44 35 25 6 0* 6 11 12 14 12 20 21 34 35 29 22 15 14 26 26 39 33 35
®ç¶é
PM10
04/22 36 27 33 37 38 44 36 50 37 22 30 20 10* 1000# 30 24 32 30 34 32 29 30 36 21
®ç¶é
PM10
04/23 21 38 29 35 44 53 60 39 29 22 21 24 29 38 37 31 28 25 35 23 31 32 40 30
®ç¶é
PM10
04/24 38 47 56 53 44 41 45 32 19 22 27 33 30 32 37 34 32 34 41 40 52 54 40 39
®ç¶é
PM10
04/25 32 34 30 34 36 38 42 29 24 27 35 36 35 34 31 38 30 39 32 38 40 38 24 43
®ç¶é
PM10
04/26 36 35 29 27 27 31 19 14 20 17 11 20 19 22 18 29 28 32 30 33 39 37 37 37
®ç¶é
PM10
04/27 24 38 37 43 36 34 32 26 27 32 25 32 29 27 19 15 12 14 17 14 17 11 11 15
®ç¶é
PM10
04/28 7 8 12 16 17 16 26 27 30 74 66 67 59 43 39 31 27 33 33 45 50 50 49 42
®ç¶é
PM10
04/29 37 40 36 37 37 38 43 49 44 39 46 47 53 46 25 30 27 25 24 26 38 37 49 48
®ç¶é
PM10
04/30 48 62 67 71 57 67 63 66 39 32 36 47 30 34 36 33 29 47 30 35 45 43 35 42
®ç¶é
PM10
ºÊ´ú¦~¤ë¡G2019/05¡A ´ú¯¸¡G®ç¶é¡A ´ú¶µ¡GPM10¡]£gg/m3¡^
®ç¶é
PM10
¤é´Á 00 01 02 03 04 05 06 07 08 09 10 11 12 13 14 15 16 17 18 19 20 21 22 23
®ç¶é
PM10
05/01 20 11 20 7 5 3 1 1 4 4 7 8 8 4 5 10 26 17 20 24 27 35 43 38
®ç¶é
PM10
05/02 31 35 40 57 67 72 94 100 103 63 62 55 1000# 41 50 49 48 46 46 52 42 30 28 22
®ç¶é
PM10
05/03 19 30 21 30 33 37 37 42 56 50 1000# 1000# 46 40 31 56 66 59 44 45 42 36 39 36
®ç¶é
PM10
05/04 41 44 44 41 22 26 25 27 16 23 14 23 21 27 24 27 32 22 28 24 31 29 24 29
®ç¶é
PM10
05/05 21 27 27 28 29 26 28 22 26 25 28 25 28 27 25 20 18 25 25 23 24 32 29 23
®ç¶é
PM10
05/06 23 18 19 17 16 20 21 25 26 28 25 29 30 15 15 22 23 21 31 29 27 26 25 17
®ç¶é
PM10
05/07 17 18 21 14 15 13 21 18 19 12 19 19 18 31 35 37 35 37 33 30 29 34 29 23
®ç¶é
PM10
05/08 20 16 23 27 23 22 25 25 26 28 18 16 21 20 19 22 21 21 19 21 17 20 16 22
®ç¶é
PM10
05/09 24 25 20 24 15 11 9 10 10 6 14 11 13 9 1000# 16 19 21 14 16 18 8 13 10
®ç¶é
PM10
05/10 13 21 23 20 9 16 18 6 8 12 10 24 17 28 25 23 34 32 27 29 29 26 23 19
®ç¶é
PM10
05/11 13 12 9 6 9 11 10 20 23 17 20 22 21 19 23 34 32 30 28 26 19 14 18 18
®ç¶é
PM10
05/12 19 16 20 26 30 36 31 27 16 15 15 21 17 15 9 11 13 19 15 20 11 7* 3 6
®ç¶é
PM10
05/13 7 6 5 7 4 10 9 8 17 44 68 67 55 49 40 43 47 46 52 60 53 64 69 70
®ç¶é
PM10
05/14 69 77 67 52 62 54 40 34 37 63 64 40 28 1000# 27 35 42 42 41 44 37 42 63 67
®ç¶é
PM10
05/15 54 62 58 65 73 83 74 75 43 41 37 NA NA NA NA NA 34 33 31 53 51 49 48 38
®ç¶é
PM10
05/16 30 40 45 49 37 26 50 39 29 15 20 29 31 1000# 30 34 29 38 34 33 42 57 31 35
®ç¶é
PM10
05/17 31 25 22 17 7 12 11 11 7 11 6 10 10 15 18 15 26 25 26 24 23 22 40 30
®ç¶é
PM10
05/18 21 21 19 26 21 26 28 18 11 14 22 29 29 41 34 23 23 24 28 42 36 32 35 34
®ç¶é
PM10
05/19 24 21 17 17 19 28 30 23 28 22 15 21 28 24 13 17 22 14 12 16 11 19 25 31
®ç¶é
PM10
05/20 16 23 26 19 19 21 25 30 9 12 6 10 38 38 26 30 26 26 27 24 31 28 28 30
®ç¶é
PM10
05/21 53 68 65 73 72 71 70 70 70 78 82 82 74 70 67 63 56 54 51 47 53 44 47 48
®ç¶é
PM10
05/22 44 47 47 39 36 45 49 42 41 44 52 50 55 65 46 43 52 58 47 43 52 49 53 48
®ç¶é
PM10
05/23 43 40 55 65 68 68 62 51 57 60 60 27 20 16 22 18 20 21 19 13 15 18 12 17
®ç¶é
PM10
05/24 11 17 10 13 16 14 16 10 11 11 14 16 19 1000# 21 21 26 23 26 25 17 26 23 18
®ç¶é
PM10
05/25 12 24 28 16 20 24 27 27 23 16 20 15 19 23 33 42 43 32 31 37 35 31 31 32
®ç¶é
PM10
05/26 37 40 41 29 44 41 44 39 32 37 37 44 37 39 35 33 30 39 46 48 35 39 34 35
®ç¶é
PM10
05/27 33 29 32 36 35 35 42 46 40 21 18 26 31 15 11 7 11 13 21 25 30 29 31 36
®ç¶é
PM10
05/28 35 41 41 18 23 42 41 30 19 2x 0* 0* 0* 5x 1000# 18 20 24 25 18 14 19 24 24
®ç¶é
PM10
05/29 29 28 34 35 34 30 26 36 36 37 42 35 32 35 27 25 26 27 26 28 22 22 25 21
®ç¶é
PM10
05/30 19 23 18 23 22 27 31 26 31 30 29 25 44 42 39 39 45 43 39 35 37 41 46 45