®ç¶é
O3
01/01 29 30 30 31 31 31 30 29 29 29 30 31 31 32 31 30 29 29 29 29 29 30 30 32
®ç¶é
O3
01/02 33 34 34 34 34 33 30 25 23 23 25 27 29 28 26 25 22 22 21 21 23 23 24 26
®ç¶é
O3
01/03 27 27 28 29 26 28 26 22 22 22# 23 23 24 26 24 23 21 21 20 19 22 23 21 22
®ç¶é
O3
01/04 25 26 27 26 24 21 18 14 16 19 22 29 37 35 23 13 15 16 16 14 9.1 4.8 7.6 12
®ç¶é
O3
01/05 18 15 12 11 6.4 6 4.6 7.9 8.6 13 17 17 21 22 19 13 8.4 4.2 5.6 7.3 4.3 7.7 2.5 5.3
®ç¶é
O3
01/06 11 8.2 8.7 9.7 13 15 8.2 10 21 24 27 29 27 26 31 31 30 28 28 30 29 29 30 32
®ç¶é
O3
01/07 32 34 34 34 33 31 29 26 24 25 29 28 30 30# 26 22 16 9.8 4.6 5.4 2 1.7 1.6 1.6
®ç¶é
O3
01/08 1.9 9.9 18 20 22 30 28 23 23 22 20 21 23 28 30 27 21 22 22 23 24 26 27 29
®ç¶é
O3
01/09 32 32 31 31 30 29 27 23 23 24 26 29 32 34 34 32 29 26 28 29 29 29 29 31
®ç¶é
O3
01/10 32 32 32 30 29 24 17 5.5 9.6 18 24 26 32 35 32 29 27 21 14 8.2 8.1 3.3 1.8 1.6
®ç¶é
O3
01/11 1.5 1.6 2.7 2.3 3.2 4.4 1.8 2.6 6 5.8 8.4 12 15 16 11 8.6 6 6.2 6.2 2.7 1.9 2 1.8 1.7
®ç¶é
O3
01/12 1.8 1.6 1.8 1.8 7.1 17 19 16 15 18 18 15 11 15 13 10 8.1 7.2 8.6 12 13 14 15 15
®ç¶é
O3
01/13 20 21 23 25 25 24 22 19 18 21 24 24 24 24 22 22 21 19 21 23 24 26 30 31
®ç¶é
O3
01/14 33 34 35 35 35 36 33 29 31 32 31 34 35 36 35 32 30 28 25 26 27 28 29 30
®ç¶é
O3
01/15 30 29 27 15 8.7 5.5 2.5 2 2.8 6 7.4 13 22 28 30 27 30 29 32 31 33 34 34 34
®ç¶é
O3
01/16 32 34 34 38 40 40 33 28 28 32 30 32 33 34 34 29 26 22 20 21 21 23 23 22
®ç¶é
O3
01/17 26 30 34 31 33 32 29 27 28 29 29 27 27 26 28 28 25 22 21 21 27 31 33 35
®ç¶é
O3
01/18 37 38 40 39 40 41 38 32 32 35 36 40 41 41 40 39 36 32 28 27 28 27 28 28
®ç¶é
O3
01/19 27 25 10 7.5 8.3 14 12 9.4 13 18 36# 42 44 47 42 41 36 29 14 2.4 2.1 1.9 1.9 1.8
®ç¶é
O3
01/20 1.7 3.4 12 1.8 2 2.8 16 19 23 25 28 30 33 34 26 23 27 23 23 29 33 36 41 43
®ç¶é
O3
01/21 41 41 43 41 40 37 28 18 12 13 16 23 25 25 23 20 21 16 12 12 12 17 19 23
®ç¶é
O3
01/22 34 37 39 40 39 39 34 32 31 30 29 30 32 32 30 31 17 25 31 19 11 11 8.2 16
®ç¶é
O3
01/23 24 35 33 39 41 40 36 29 34 40 45# 44 44 44 43 43 42 40 40 39 42 42 44 46
®ç¶é
O3
01/24 47 49 51 51 50 46 42 38 41 44 47 50 51 49 47 45 42 41 41 42 43 43 44 44
®ç¶é
O3
01/25 43 42 40 38 35 29 20 11 19 35 39 48 52 53 51 50 46 41 38 36 37 34 36 44
®ç¶é
O3
01/26 48 50 49 50 45 40 42 34 33 34 32 36 39 38 37 33 28 30 31 33 33 30 30 32
®ç¶é
O3
01/27 32 32 33 31 31 32 29 26 26 30 32 31 33 35 35 35 31 29 30 29 29 28 27 28
®ç¶é
O3
01/28 29 31 30 24 19 9.4 4.2 4.2 6.4 25 29 34 37 38 39 36 27 17 18 21 21 20 26 30
®ç¶é
O3
01/29 33 34 33 34 34 31 27 26 25 32 34 37 39 38 37 37 35 29 26 23 24 24 21 21
®ç¶é
O3
01/30 20 7.3 2.9 3.8 2.3 2.3 2 2.7 5.9 17 32 44 55 52 45 43 33 19 3.9 2.3 1.9 1.9 1.8 1.8
®ç¶é
O3
01/31 3.7 5 4.3 6.2 8.3 7.2 2.1 3.4 9.5 21 29# 37# 49 55 52 44 41 39 27 29 33 37 36 35
®ç¶é
O3
ºÊ´ú¦~¤ë¡G2019/02¡A ´ú¯¸¡G®ç¶é¡A ´ú¶µ¡GO3¡]ppb¡^
®ç¶é
O3
¤é´Á 00 01 02 03 04 05 06 07 08 09 10 11 12 13 14 15 16 17 18 19 20 21 22 23
®ç¶é
O3
02/01 36 37 35 35 33 32 31 26 26 25 27 26 28 30 28 25 27 29 30 29 29 31 32 32
®ç¶é
O3
02/02 33 32 23 15 13 9.1 4.4 5.7 9.2 16 29 43 50 46 41 40 38 35 31 27 12 2.8 2.2 1.8
®ç¶é
O3
02/03 1.7 1.7 1.7 1.7 3.3 3.1 1.9 2.9 8.6 20 42 58 62# 66 58 49 46 43 38 29 15 11 13 11
®ç¶é
O3
02/04 6.8 6.6 4.9 19 18 21 19 19 20 23 29 30 30 30 31 30 28 26 30 33 30 27 28 28
®ç¶é
O3
02/05 25 28 30 29 30 32 32 32 30 27 29 31 32 33 34 35 37 31 23 24 21 18 19 24
®ç¶é
O3
02/06 21 19 16 14 12 10 11 9.8 11 21 29 35 36 36 40 41 38 36 35 32 25 25 6.6 2
®ç¶é
O3
02/07 2.7 2.6 1.9 2.8 10 8.8 6.9 5 11 27 33 39 42 39 47 49 48 40 37 38 35 31 30 28
®ç¶é
O3
02/08 26 26 29 30 29 29 31 30 30 29 27 27 31 31 29 28 27 25 24 22 18 21 20 23
®ç¶é
O3
02/09 26 22 20 21 19 19 28 23 20 19 24 26 23 20 24 24 23 24 25 22 20 22 26 28
®ç¶é
O3
02/10 30 29 27 28 28 28 27 24 29 29 29 28 29 26 24 23 21 16 21 21 21 20 19 19
®ç¶é
O3
02/11 23 27 30 30 31 31 24 19 20 25 29 29 26 25 27 25 21 17 19 22 23 24 26 26
®ç¶é
O3
02/12 27 27 28 28 28 27 25 22 23 24 27 30 31 32 30 29 28 21 18 24 23 22 22 20
®ç¶é
O3
02/13 21 17 13 23 25 24 22 19 20 20 19 20 21# 22 27 28# 27# 25 23 21 25 28 29 29
®ç¶é
O3
02/14 30 29 28 20 20 9.9 8.7 16 20 20 21 23# 24 25 25 24 21 23 21 22 27 27 28 24
®ç¶é
O3
02/15 23 17 20 18 16 8.3 11 11 12 17 21 29 40 49 48 39 35 32 32 28 22 11 7.9 11
®ç¶é
O3
02/16 19 21 26 28 27 23 20 19 20 24 27 24 24 28 29 28 27 23 24 27 24 22 20 26
®ç¶é
O3
02/17 30 31 32 31 33 34 31 25 24 29 32 33 34 34 32 30 29 27 27 28 28 28 28 30
®ç¶é
O3
02/18 30 31 32 32 32 30 26 19 9.9 8.4 11 16 21 26 27 25 20 20 18 18 18 17 15 7.1
®ç¶é
O3
02/19 9.7 19 28 22 18 13 9.1 3.6 3.5 7.8 16 20 29 43 43 36 32 22 5.5 2.2 1.8 1.7 2 4.9
®ç¶é
O3
02/20 10 12 12 10 5.8 2.4 1.8 2.6 8 15 30 32 39 40 44 44 41 33 17 21 21 22 21 16
®ç¶é
O3
02/21 17 17 13 18 17 23 21 16 17 21 23 25 27 31 33 33 33 33 28 31 31 24 19 21
®ç¶é
O3
02/22 17 19 24 29 30 30 31 24 25 28 27# 27 29 31 29 29 32 30 28 28 23 29 33 35
®ç¶é
O3
02/23 39 38 36 32 31 29 28 25 27 29 30 27 28 27 27 28 26 23 22 21 25 29 30 34
®ç¶é
O3
02/24 34 35 37 36 36 35 37 35 36 36 34 35 36 36 38 37 32 27 27 32 29 24 21 19
®ç¶é
O3
02/25 22 25 31 31 32 27 17 16 18 18 19 24 22 24 21 26 31 29 28 28 27 31 34 35
®ç¶é
O3
02/26 38 40 40 38 38 36 32 28 27 29 32 34 32 33 36 32 30 28 27 26 25 24 20 18
®ç¶é
O3
02/27 13 13 13 14 12 3.3 2.7 3.4 5.5 10 14 30 35 48 52 50 42 37 20 14 3.3 1.9 1.9 13
®ç¶é
O3
02/28 18 22 30 29 29 29 26 21 19 16 25 28 28 25 26 31 30 29 29 30 32 31 33 35
®ç¶é
O3
ºÊ´ú¦~¤ë¡G2019/03¡A ´ú¯¸¡G®ç¶é¡A ´ú¶µ¡GO3¡]ppb¡^
®ç¶é
O3
¤é´Á 00 01 02 03 04 05 06 07 08 09 10 11 12 13 14 15 16 17 18 19 20 21 22 23
®ç¶é
O3
03/01 34 35 33 28 31 34 33 27 32 33 35 37 40 41 35 32 31 30 30 28 26 24 21 22
®ç¶é
O3
03/02 30 32 34 34 33 32 28 23 24 26 28 34 45 49 43 38 41 39 28 21 16 28 22 19
®ç¶é
O3
03/03 14 16 22 11 13 2 4.6 10 9.5 6.8 29 35 37 37 34 32 31 22 6.4 13 29 26 24 29
®ç¶é
O3
03/04 29 29 30 35 34 31 24 18 21 22 25 39 42 46 45 42 38 35 35 38 38 40 40 41
®ç¶é
O3
03/05 43 45 45 44 42 41 36 31 31 32 38 40 40 42 58 52 39 36 38 35 30 21 21 17
®ç¶é
O3
03/06 22 25 28 27 27 20 17 5.3 4.6 5.6 27 29 28 29 33 37 37 32 24 29 28 35 38 40
®ç¶é
O3
03/07 37 36 42 46 40 43 37 34 32 33 33 35 40 40 41# 42 48 42 39 39 39 43 44 48
®ç¶é
O3
03/08 48 50 47 44 43 44 40 36 32 30 28 29 28 28 28 30 26 24 24 24 23 25 23 23
®ç¶é
O3
03/09 16 6 13 15 8.1 2.1 2.3 5.9 8.8 6.1 5.4 13 16 18 11 7.6 8.1 11 7.2 13 4.8 5.1 5.7 14
®ç¶é
O3
03/10 30 28 31 35 35 33 33 26 26 24 23 21 24 24 22 22 24 28 19 14 14 30 38 46
®ç¶é
O3
03/11 49 52 55 47 42 35 29 25 27 28 28 32 37 38 37 33 29 20 17 18 31 31 37 38
®ç¶é
O3
03/12 36 39 38 40 43 35 33 32 34 43 51 57 62 66 65 56 51 41 41 39 38 37 37 38
®ç¶é
O3
03/13 37 34 31 33 36 4.9* 13 25 30 38 46 49 50 52 53 50 46 43 43 46 46 44 44 45
®ç¶é
O3
03/14 46 46 42 42 39 19 6.6 5.1 17 29 33 33 40 44 49 48 43 43 38 37 36 39 41 40
®ç¶é
O3
03/15 42 43 44 46 44 39 32 24 26 40 44 46 50 48 46 46 49 43 41 42 46 49 51 48
®ç¶é
O3
03/16 47 47 48 53 53 55 51 48 47 46 46 46 45 44 42 42 42 43 43 40 38 38 40 42
®ç¶é
O3
03/17 42 40 39 36 34 31 13 20 19 17 18 26 32 43 42 37 33 35 32 34 33 33 34 33
®ç¶é
O3
03/18 32 32 27 20 16 8.5 3.7 2.6 6.3 21 33 34 40# 43 44 42 42 35 26 29 23 32 33 31
®ç¶é
O3
03/19 20 19 16 13 22 35 25 17 18 25 33 39 43 40 38 36 34 31 29 29 30 30 29 28
®ç¶é
O3
03/20 20 16 3.9 2.6 2.3 12 7.7 3.5 5.7 20 35 37 44 57 62 61 58 51 38 35 32 28 25 23
®ç¶é
O3
03/21 17 13 13 7.2 7.8 11 10 12 14 24 33 47# 51 45 44 41 38 23 9.4 11 9.9 6.3 7.3 12
®ç¶é
O3
03/22 14 15 17 23 27 32 32 23 30 32 30 32 37 35 33 27 27 24 27 25 27 30 30 30
®ç¶é
O3
03/23 33 35 34 34 37 37 34 30 31 32 31 29 31 31 32 30 30 27 27 31 35 37 39 39
®ç¶é
O3
03/24 44 46 45 45 47 46 46 44 41 37 36 35 32 29 28 28 25 18 15 17 17 12 2.9 3.7
®ç¶é
O3
03/25 6 3.7 3.2 3.5 5.5 8.7 9.7 2.7 4.8 9.3 9.1 14 31 33 29 27 23 26 34 35 32 30 27 35
®ç¶é
O3
03/26 32 30 34 33 33 31 27 27 31 33 35 38 41 41 42 40 38 34 32 34 37 35 32 31
®ç¶é
O3
03/27 29 20 8.8 8.9 6.5 2.7 2.4 7.1 17 34 38 45 53 57 55 51 45 42 30 24 22 15 13 9.5
®ç¶é
O3
03/28 3.2 19 22 24 24 24 18 18 23 24 29 38 40 40 43 33 32 28 18 17 18 6.6 4.8 2.9
®ç¶é
O3
03/29 5.6 11 9.1 12 16 17 16 13 15 20 23 29 35 41 37 37 33 27 31 29 31 27 37 42
®ç¶é
O3
03/30 40 38 36 37 30 21 17 15 25 32 34 40 43 49 42 40 38 36 36 33 36 39 42 43
®ç¶é
O3
03/31 43 44 45 46 46 48 46 44 47 52 54 54 50 49 47 45 43 44 44 43 44 43 43 42
®ç¶é
O3
ºÊ´ú¦~¤ë¡G2019/04¡A ´ú¯¸¡G®ç¶é¡A ´ú¶µ¡GO3¡]ppb¡^
®ç¶é
O3
¤é´Á 00 01 02 03 04 05 06 07 08 09 10 11 12 13 14 15 16 17 18 19 20 21 22 23
®ç¶é
O3
04/01 43 44 44 42 42 40 39 35 33 34 32 34 37 36 34# 37 38 38 41 43 48 50 50 49
®ç¶é
O3
04/02 49 49 49 48 48 46 42 37 34 31 32 31 30 32 27 17 10 4.3 2.5 11 8.4 12 17 27
®ç¶é
O3
04/03 33 32 36 34 33 31 25 23 18 18 19 21 22 19 21 26 26 20 13 4.9 4.9 2.7 2.3 1.7
®ç¶é
O3
04/04 13 31 34 34 34 34 31 26 22 26 32 37 41 48 51 40 34 40 40 40 36 36 33 38
®ç¶é
O3
04/05 38 39 40 40 40 39 37 36 37 35 38 43 45 49 47 46 43 38 35 34 34 31 33 34
®ç¶é
O3
04/06 33 32 31 29 22 17 11 21 25 27 38 47 53 47 43 47 45 42 41 33 30 26 20 15
®ç¶é
O3
04/07 16 17 13 19 19 14 15 19 31 33 39 53 60 57 59 60 58 55 50 49 51 54 45 43
®ç¶é
O3
04/08 35 24 18 10 11 13 11 8.9 26 42 49 58 62 58 54 47 43 42 32 31 25 7 2 2.3
®ç¶é
O3
04/09 3 4 4 3.8 11 8.6 6.6 7.3 16 36 45 52 59 52 39 33 23 17 15 15 12 12 14 14
®ç¶é
O3
04/10 13 13 11 11 8.2 4.1 3.3 6.9 12 17 24 29 31 29 22 26 26 21 23 25 29 34 36 38
®ç¶é
O3
04/11 40 41 41 40 40 38 33 23 25 26 30 30 35 37 36 37 34 34 33 24 20 15 32 39
®ç¶é
O3
04/12 40 42 40 40 41 40 34 27 28 37 39 41 41 41 43 41 39 35 35 38 40 39 39 38
®ç¶é
O3
04/13 36 37 38 37 29 22 24 28 27 30 29 24 31 32 31 30 30 14 17 9.2 12 12 3.3 19
®ç¶é
O3
04/14 28 31 36 35 36 30 27 28 29 31 38 41 44 48 46 43 42 41 39 39 37 43 46 46
®ç¶é
O3
04/15 47 50 49 48 48 47 44 42 42 41 42 43 45 48 47 47 43 40 39 44 45 44 43 44
®ç¶é
O3
04/16 43 40 37 30 24 25 16 14 18 15 17 10 34 33 35 35 37 39 37 35 32 36 37 34
®ç¶é
O3
04/17 32 35 27 30 32 33 14 21 37 41 43 48 52 51 48# 51 51 48 39 33 39 39 39 38
®ç¶é
O3
04/18 35 33 21 11 8.4 3.2 4.7 9.3 29 43 52 65 70 71 71 63 54 49 40 27 17 15 18 9.2
®ç¶é
O3
04/19 5.6 6.9 5 4.1 9.1 11 23 21 17 25 31 39 54 50 48 52 46 41 27 23 16 25 26 19
®ç¶é
O3
04/20 22 22 21 17 17 8.9 6.6 12 22 29 36 39 51 50 51 51 43 36 25 24 19 20 34 25
®ç¶é
O3
04/21 17 9.2 5.9 10 23 32 23 28 26 27 25 29 34 39 33 27 24 21 9.5 7 7.1 3.4 3.8 4.6
®ç¶é
O3
04/22 5.6 4.1 1.8 1.8 2.6 2.4 3.1 5.2 17 29 31 35 28 30 32 28 23 20 18 14 3.3 4.5 2.1 9.2
®ç¶é
O3
04/23 8.5 2.3 2.9 2.1 12 27 17 8.3 9.7 17 31 43 52 56 52 48 31 28 20 14 9.2 9.5 9.9 8.9
®ç¶é
O3
04/24 6.9 3.2 1.6 1.9 2.1 2.5 4.8 11 14 19 26 36 39 41 33 28 26 23 16 12 11 6.2 3.3 2.8
®ç¶é
O3
04/25 4.6 3.1 4.1 2.1 4.5 5.7 11 14 22 30 36 43 46 42 41 39 30 20 17 15 15 15 14 16
®ç¶é
O3
04/26 18 20 26 27 25 23 26 32 37 42 47 50 54 53 53 45 37 33 31 34 37 40 37 39
®ç¶é
O3
04/27 43 48 50 49 48 47 45 45 43 46 47 47 45 43 45 43 40 37 35 34 33 34 33 31
®ç¶é
O3
04/28 31 33 32 27 24 19 15 18 25 29 34 34 35 40 39 42 43 40 36 18 7.7 2.8 2.5 4
®ç¶é
O3
04/29 3.4 5.6 13 5 7.4 7.9 12 10 20 33 43 53 66 57 36 37 36 32 26 20 16 14 4.7 8.7
®ç¶é
O3
04/30 5.5 6.9 5.4 2.2 2.4 2.9 3.2 7.9 25 33 38 38 30 29 22 19 19 17 18 18 16 17 18 17
®ç¶é
O3
ºÊ´ú¦~¤ë¡G2019/05¡A ´ú¯¸¡G®ç¶é¡A ´ú¶µ¡GO3¡]ppb¡^
®ç¶é
O3
¤é´Á 00 01 02 03 04 05 06 07 08 09 10 11 12 13 14 15 16 17 18 19 20 21 22 23
®ç¶é
O3
05/01 17 17 21 26 26 37 35 31 32 32 33 33 36 37 36 33 32 33 29 21 26 32 38 43
®ç¶é
O3
05/02 46 46 48 51 55 54 54 46 45 50 48 49 50# 49 47 44 45 42 40 44 46 46 48 49
®ç¶é
O3
05/03 45 51 50 48 46 42 40 37 42 47 52 55# 56 57 55 53 51 50 49 47 44 47 47 47
®ç¶é
O3
05/04 45 41 44 45 46 44 44 42 42 42 43 44 44 43 41 39 37 37 38 39 38 36 34 38
®ç¶é
O3
05/05 40 43 43 43 42 42 40 40 43 47 47 46 43 43 43 41 39 37 37 35 36 34 32 34
®ç¶é
O3
05/06 34 39 43 45 43 41 35 30 35 35 33 31 25 29 32 31 28 27 27 28 29 33 36 41
®ç¶é
O3
05/07 44 44 41 45 47 40 39 37 37 38 33 34 38 39 40 35 34 34 34 38 39 41 43 41
®ç¶é
O3
05/08 43 42 41 42 42 41 39 32 26 21 30 35 29 30 29 32 36 35 34 29 28 27 37 31
®ç¶é
O3
05/09 27 27 25 24 29 30 25 19 25 27 22 28 31 28 17 17 21 23 26 23 28 29 30 36
®ç¶é
O3
05/10 40 43 46 48 46 37 29 25 32 34 33 32 35 37 38 35 32 28 29 34 33 39 38 35
®ç¶é
O3
05/11 37 38 38 36 34 30 30 28 26 32 30 32 38 41 38 34 32 27 24 24 25 26 27 31
®ç¶é
O3
05/12 30 29 26 16 13 9.5 7.8 21 27 29 36 38 38 34 32 29 25 21 19 17 15 13 15 17
®ç¶é
O3
05/13 18 18 19 19 17 13 11 12 22 32 47 49 51 57 54 52 49 40 28 15 11 6.6 4.5 1.6
®ç¶é
O3
05/14 3.6 2.9 4.3 11 8.6 14 12 11 12 11 20 34 34 30# 27 28 29 27 21 17 18 14 14 13
®ç¶é
O3
05/15 14 13 10 8.8 8 19# 4.9# 7 13 18 20 NA NA NA NA NA 41# 35 20 10 8.4 5.9 1.7 11
®ç¶é
O3
05/16 22 23 18 16 13 7.9 4.3 9 14 16 18# 67# 38# 32 28 20 19 15 14 13 12 9.4 6.3 6.9
®ç¶é
O3
05/17 7.4 7.9 7 9.3 9.3 13 11 5.6 6.3 16 20 10 12 16 15 26 26 14 3.2 3.7 6.5 4.1 1.4 1.8
®ç¶é
O3
05/18 1.6 1.9 3 2.8 5.2 2.9 5.3 16 18 19 16 16 21 20 25 33 29 24 14 11 12 12 12 10
®ç¶é
O3
05/19 13 13 15 13 11 8.7 8.3 14 17 25 29 32 35 29 31 31 26 23 17 12 12 7.2 4.6 3.4
®ç¶é
O3
05/20 6.3 10 13 9.4 10 7.8 5.2 16 26 25 26 50 43 33 30 31 30 25 36 44 31 35 39 47
®ç¶é
O3
05/21 49 49 49 49 49 49 48 46 47 55 61 66 67 73 67 55 51 47 43 48 50 47 38 37
®ç¶é
O3
05/22 36 42 44 46 45 45 39 36 37 38 37 37# 33 31 35 35 31 23 17 14 10 14 11 14
®ç¶é
O3
05/23 19 21 8.3 2.1 2.3 3.3 8.3 4.2 4.3 6.9 14 31 38 41 48 49 44 31 29 30 33 35 34 34
®ç¶é
O3
05/24 37 40 40 40 40 36 34 34 34 41 46 50 50 43 40 38 36 31 28 26 24 24 23 24
®ç¶é
O3
05/25 26 27 25 25 23 15 23 24 31 36 43 49 55 47 48 53 48 34 26 26 23 19 19 19
®ç¶é
O3
05/26 10 11 9.5 6.3 4.1 4.6 6.8 16 32 46 56 58 57 53 47 40 38 39 38 26 21 22 19 14
®ç¶é
O3
05/27 15 17 16 14 8.6 9.8 16 9.6 22 30 35 39 36 29 28 32 30 27 23 13 8.6 3.3 5.2 1.7
®ç¶é
O3
05/28 3.4 11 4 4.6 5.1 2.1 2 2 4.3 14 6.9# 310# 27# 28# 33# 35x 37# 30# 33 33 35 38 36 31
®ç¶é
O3
05/29 30 30 33 30 30 34 31 30 34 39 35# 40# 44 41 43 43 44 43 37 36 36 35 41 44
®ç¶é
O3
05/30 47 47 47 44 33 27 24 34 39 39 46 61 72 72 64 63 61 54 45 37 31 25 22 19