®ç¶é
CO
01/01 0.27 0.27 0.26 0.24 0.24 0.25 0.28 0.32 0.34 0.38 0.37 0.36 0.36 0.37 0.36 0.36 0.38 0.38 0.37 0.37 0.35 0.32 0.3 0.28
®ç¶é
CO
01/02 0.25 0.22 0.23 0.22 0.22 0.25 0.31 0.48 0.5 0.45 0.42 0.45 0.42 0.41 0.41 0.44 0.49 0.52 0.55 0.52 0.45 0.43 0.37 0.32
®ç¶é
CO
01/03 0.31 0.28 0.28 0.27 0.32 0.33 0.38 0.58 0.58 0.58# 0.5 0.52 0.51 0.49 0.52 0.53 0.55 0.61 0.63 0.63 0.54 0.5 0.52 0.47
®ç¶é
CO
01/04 0.39 0.33 0.3 0.28 0.29 0.32 0.4 0.73 0.76 0.75 0.71 0.62 0.62 0.4 0.35 0.4 0.39 0.45 0.44 0.39 0.49 0.57 0.45 0.35
®ç¶é
CO
01/05 0.28 0.29 0.31 0.32 0.35 0.39 0.43 0.43 0.51 0.52 0.42 0.46 0.41 0.37 0.41 0.52 0.8 0.83 0.79 0.78 0.85 0.78 0.87 0.7
®ç¶é
CO
01/06 0.45 0.43 0.42 0.41 0.41 0.42 0.57 0.59 0.52 0.57 0.66 0.62 0.65 0.71 0.6 0.55 0.53 0.57 0.54 0.47 0.43 0.4 0.37 0.34
®ç¶é
CO
01/07 0.31 0.28 0.27 0.27 0.28 0.29 0.36 0.53 0.63 0.54 0.5 0.52 0.52 0.54# 0.56 0.66 0.81 0.95 1.16 1.03 1.29 1.22 1.24 1.25
®ç¶é
CO
01/08 0.96 0.5 0.39 0.33 0.31 0.3 0.35 0.56 0.54 0.49 0.49 0.48 0.51 0.44 0.45 0.46 0.55 0.63 0.62 0.53 0.45 0.45 0.4 0.35
®ç¶é
CO
01/09 0.33 0.31 0.31 0.3 0.32 0.34 0.39 0.57 0.59 0.53 0.48 0.52 0.52 0.51 0.51 0.49 0.52 0.65 0.67 0.62 0.61 0.57 0.53 0.46
®ç¶é
CO
01/10 0.43 0.4 0.39 0.4 0.4 0.45 0.6 1.18 0.86 0.75 0.73 0.47 0.42 0.45 0.39 0.41 0.42 0.48 0.61 0.57 0.47 0.53 0.67 0.79
®ç¶é
CO
01/11 0.71 0.57 0.63 0.66 0.48 0.46 0.56 0.74 0.66 0.73 0.69 0.52 0.39 0.35 0.38 0.41 0.47 0.49 0.54 0.62 0.6 0.83 0.97 0.97
®ç¶é
CO
01/12 0.97 0.5 0.41 0.4 0.36 0.33 0.35 0.48 0.46 0.47 0.47 0.58 0.68 0.54 0.6 0.56 0.63 0.79 0.91 0.83 0.77 0.75 0.7 0.7
®ç¶é
CO
01/13 0.66 0.64 0.59 0.51 0.51 0.53 0.59 0.7 0.78 0.76 0.78 0.75 0.6 0.6 0.59 0.6 0.65 0.7 0.66 0.64 0.6 0.56 0.52 0.47
®ç¶é
CO
01/14 0.44 0.38 0.35 0.34 0.34 0.35 0.41 0.61 0.55 0.48 0.51 0.49 0.49 0.47 0.48 0.49 0.53 0.59 0.68 0.61 0.54 0.51 0.47 0.4
®ç¶é
CO
01/15 0.37 0.38 0.37 0.4 0.49 0.52 0.7 1.17 1.43 1.08 0.82 0.81 0.47 0.39 0.39 0.43 0.41 0.48 0.46 0.44 0.41 0.42 0.37 0.34
®ç¶é
CO
01/16 0.34 0.32 0.3 0.41 0.46 0.52 0.63 0.9 0.86 0.65 0.58 0.53 0.56 0.56 0.58 0.7 0.75 0.88 0.81 0.64 0.59 0.49 0.46 0.43
®ç¶é
CO
01/17 0.36 0.31 0.33 0.34 0.35 0.37 0.43 0.6 0.51 0.47 0.51 0.5 0.49 0.5 0.5 0.52 0.56 0.75 0.8 0.76 0.63 0.65 0.53 0.45
®ç¶é
CO
01/18 0.4 0.34 0.35 0.35 0.33 0.33 0.37 0.54 0.54 0.45 0.43 0.37 0.37 0.34 0.33 0.37 0.38 0.49 0.57 0.57 0.52 0.51 0.46 0.41
®ç¶é
CO
01/19 0.4 0.4# 0.49 0.43 0.45 0.44 0.48 0.7 0.84 0.76 0.49 0.41# 0.43 0.35 0.36 0.4 0.47 0.64 0.87 1.2 1.47 1.58 1.62 1.43
®ç¶é
CO
01/20 1.07 0.72 0.6 1.01 1.02 0.92 0.51 0.57 0.54 0.58 0.47 0.46 0.51 0.62 0.74 0.78 0.76 0.85 0.78 0.7 0.62 0.61 0.6 0.53
®ç¶é
CO
01/21 0.51 0.49 0.45 0.36 0.33 0.36 0.47 0.78 0.82 0.74 0.74 0.53 0.49 0.45 0.45 0.45 0.41 0.62 0.8 0.74 0.71 0.59 0.49 0.39
®ç¶é
CO
01/22 0.29 0.27 0.27 0.3 0.31 0.33 0.46 0.57 0.56 0.5 0.51 0.5 0.5 0.53 0.52 0.57 0.76 0.82 0.77 0.86 0.97 0.96 0.99 0.77
®ç¶é
CO
01/23 0.64 0.47 0.48 0.4 0.37 0.39 0.47 0.72 0.64 0.5 0.45# 0.49 0.51 0.5 0.5 0.5 0.51 0.63 0.63 0.61 0.53 0.5 0.45 0.4
®ç¶é
CO
01/24 0.4 0.37 0.36 0.36 0.37 0.43 0.53 0.67 0.68 0.59 0.52 0.49 0.45 0.44 0.44 0.44 0.48 0.56 0.57 0.59 0.54 0.54 0.51 0.47
®ç¶é
CO
01/25 0.46 0.45 0.45 0.44 0.49 0.62 0.81 1.34 1.09 0.74 0.68 0.5 0.44 0.39 0.4 0.42 0.46 0.62 0.65 0.61 0.6 0.62 0.57 0.46
®ç¶é
CO
01/26 0.4 0.38 0.35 0.31 0.28 0.26 0.27 0.35 0.41 0.43 0.52 0.48 0.45 0.51 0.45 0.43 0.4 0.41 0.42 0.39 0.36 0.35 0.3 0.26
®ç¶é
CO
01/27 0.25 0.24 0.22 0.22 0.21 0.23 0.31 0.35 0.47 0.39 0.33 0.35 0.3 0.29 0.28 0.27 0.33 0.38 0.33 0.33 0.33 0.32 0.35 0.3
®ç¶é
CO
01/28 0.28 0.22 0.21 0.23 0.26 0.32 0.49 0.89 1.61 0.54 0.51 0.48 0.34 0.24 0.24 0.25 0.35 0.71 0.65 0.59 0.56 0.54 0.4 0.32
®ç¶é
CO
01/29 0.27 0.25 0.23 0.22 0.22 0.27 0.37 0.52 0.65 0.44 0.39 0.36 0.35 0.32 0.34 0.34 0.36 0.52 0.59 0.59 0.53 0.52 0.55 0.54
®ç¶é
CO
01/30 0.55 0.63 0.56 0.46 0.49 0.54 0.89 1.15 1.78 1.09 0.5 0.54 0.46 0.34 0.33 0.35 0.45 0.74 1.43 1.4 1.66 1.68 1.35 1.14
®ç¶é
CO
01/31 0.85 0.5 0.47 0.39 0.35 0.39 0.84 0.89 0.72 0.6 0.5 0.49 0.42 0.31 0.29 0.31 0.38 0.66 0.67 0.55 0.61 0.61 0.61 0.51
®ç¶é
CO
ºÊ´ú¦~¤ë¡G2019/02¡A ´ú¯¸¡G®ç¶é¡A ´ú¶µ¡GCO¡]ppm¡^
®ç¶é
CO
¤é´Á 00 01 02 03 04 05 06 07 08 09 10 11 12 13 14 15 16 17 18 19 20 21 22 23
®ç¶é
CO
02/01 0.46 0.36 0.34 0.3 0.32 0.35 0.44 0.62 0.63 0.59 0.55 0.6 0.62 0.6 0.64 0.71 0.69 0.65 0.64 0.58 0.53 0.47 0.42 0.38
®ç¶é
CO
02/02 0.35 0.36 0.43 0.5 0.53 0.57 0.7 0.84 0.97 1.18 0.79 0.67 0.64 0.48 0.45 0.48 0.49 0.54 0.52 0.55 0.89 1.15 1.11 1.17
®ç¶é
CO
02/03 1.36 1.01 1.09 1.14 0.77 0.81 0.92 1.07 1.01 1.19 0.9 0.71 0.52# 0.46 0.41 0.44 0.47 0.44 0.47 0.65 0.95 0.87 0.84 0.91
®ç¶é
CO
02/04 1.1 0.94 0.93 0.68 0.83 0.78 0.82 0.89 0.88 0.88 0.85 0.89 0.88 0.91 0.91 0.92 0.93 0.99 0.87 0.77 0.79 0.82 0.75 0.68
®ç¶é
CO
02/05 0.66 0.58 0.56 0.54 0.49 0.44 0.44 0.45 0.46 0.54 0.47 0.35 0.26 0.32 0.26 0.24 0.25 0.29 0.42 0.4 0.46 0.46 0.43 0.36
®ç¶é
CO
02/06 0.37 0.35 0.43 0.44 0.42 0.43 0.48 0.65 0.66 0.53 0.51 0.48 0.39 0.36 0.36 0.36 0.39 0.41 0.41 0.44 0.53 0.55 0.97 1.05
®ç¶é
CO
02/07 0.85 0.82 1.02 0.77 0.64 0.54 0.56 0.75 0.65 0.48 0.36 0.28 0.23 0.19 0.33 0.41 0.39 0.45 0.44 0.48 0.49 0.5 0.49 0.5
®ç¶é
CO
02/08 0.54 0.48 0.37 0.32 0.32 0.33 0.34 0.34 0.35 0.39 0.53 0.43 0.36 0.33 0.3 0.3 0.35 0.4 0.39 0.37 0.44 0.34 0.26 0.27
®ç¶é
CO
02/09 0.27 0.28 0.28 0.24 0.27 0.3 0.23 0.33 0.36 0.41 0.33 0.32 0.32 0.38 0.37 0.37 0.33 0.35 0.36 0.37 0.4 0.37 0.31 0.26
®ç¶é
CO
02/10 0.23 0.24 0.24 0.22 0.23 0.25 0.29 0.36 0.32 0.33 0.38 0.42 0.43 0.4 0.37 0.46 0.49 0.43 0.4 0.39 0.41 0.42 0.37 0.36
®ç¶é
CO
02/11 0.29 0.26 0.25 0.24 0.24 0.26 0.36 0.6 0.64 0.5 0.42 0.42 0.4 0.38 0.41 0.4 0.45 0.66 0.58 0.46 0.39 0.36 0.32 0.29
®ç¶é
CO
02/12 0.27 0.24 0.23 0.22 0.23 0.25 0.31 0.47 0.5 0.49 0.45 0.41 0.43 0.43 0.37 0.33 0.32 0.43 0.47 0.37 0.34 0.34 0.3 0.3
®ç¶é
CO
02/13 0.31 0.3 0.29 0.24 0.24 0.24 0.32 0.58 0.46 0.39 0.4 0.43 0.5 0.47 0.45# 0.4# 0.46 0.58 0.64 0.61 0.45 0.38 0.38 0.37
®ç¶é
CO
02/14 0.32 0.29 0.28 0.31 0.31 0.38 0.42 0.7 0.61 0.46 0.48 0.45 0.44 0.44 0.46 0.48 0.59 0.67 0.78 0.79 0.63 0.59 0.52 0.54
®ç¶é
CO
02/15 0.47 0.5 0.4 0.41 0.44 0.48 0.44 0.6 0.98 0.96 0.58 0.47 0.51 0.42 0.4 0.42 0.46 0.55 0.57 0.54 0.7 0.94 0.87 0.6
®ç¶é
CO
02/16 0.48 0.47 0.41 0.36 0.36 0.39 0.44 0.52 0.62 0.6 0.56 0.56 0.48 0.4 0.41 0.46 0.49 0.67 0.67 0.6 0.62 0.62 0.64 0.59
®ç¶é
CO
02/17 0.47 0.38 0.35 0.36 0.34 0.34 0.37 0.46 0.54 0.47 0.43 0.39 0.37 0.35 0.37 0.36 0.39 0.39 0.39 0.37 0.34 0.32 0.3 0.27
®ç¶é
CO
02/18 0.25 0.23 0.22 0.2 0.21 0.25 0.33 0.65 0.79 0.59 0.56 0.58 0.36 0.31 0.3 0.41 0.48 0.51 0.55 0.52 0.44 0.44 0.47 0.6
®ç¶é
CO
02/19 0.42 0.22 0.19 0.22 0.29 0.34 0.47 1.09 1.82 2.12 0.52 0.56 0.64 0.47 0.43 0.45 0.45 0.61 0.89 1.29 1.35 1.2 0.95 0.78
®ç¶é
CO
02/20 0.6 0.46 0.42 0.42 0.5 0.48 0.59 1.17 0.79 0.76 0.74 0.6 0.44 0.41 0.38 0.36 0.41 0.46 0.6 0.44 0.43 0.47 0.44 0.44
®ç¶é
CO
02/21 0.41 0.39 0.43 0.4 0.4 0.41 0.49 0.71 0.76 0.63 0.6 0.56 0.56 0.54 0.48 0.49 0.43 0.49 0.47 0.44 0.46 0.55 0.6 0.53
®ç¶é
CO
02/22 0.52 0.44 0.38 0.35 0.35 0.38 0.4 0.6 0.55 0.43# 0.42 0.44 0.41 0.41 0.45 0.45 0.47 0.58 0.6 0.56 0.61 0.57 0.58 0.54
®ç¶é
CO
02/23 0.51 0.51 0.51 0.54 0.51 0.57 0.61 0.77 0.73 0.68 0.62 0.68 0.64 0.61 0.61 0.59 0.63 0.76 0.77 0.75 0.58 0.46 0.43 0.35
®ç¶é
CO
02/24 0.32 0.26 0.25 0.24 0.24 0.26 0.26 0.3 0.38 0.42 0.47 0.47 0.47 0.46 0.46 0.48 0.56 0.69 0.66 0.59 0.61 0.65 0.67 0.68
®ç¶é
CO
02/25 0.6 0.6 0.49 0.43 0.43 0.47 0.61 1.06 0.91 0.78 0.7 0.69 0.73 0.54 0.66 0.57 0.53 0.67 0.69 0.63 0.58 0.5 0.43 0.41
®ç¶é
CO
02/26 0.36 0.3 0.29 0.29 0.31 0.32 0.4 0.62 0.61 0.5 0.44 0.41 0.44 0.44 0.41 0.45 0.49 0.55 0.62 0.6 0.62 0.68 0.69 0.7
®ç¶é
CO
02/27 0.67 0.54 0.58 0.54 0.47 0.51 0.59 0.74 1.08 0.79 0.81 0.57 0.57 0.55 0.46 0.52 0.57 0.65 0.74 0.88 1.13 2.12 1.47 0.65
®ç¶é
CO
02/28 0.6 0.42 0.33 0.28 0.3 0.34 0.4 0.53 0.61 0.55 0.4 0.37 0.4 0.45 0.49 0.46 0.49 0.51 0.54 0.56 0.43 0.44 0.43 0.38
®ç¶é
CO
ºÊ´ú¦~¤ë¡G2019/03¡A ´ú¯¸¡G®ç¶é¡A ´ú¶µ¡GCO¡]ppm¡^
®ç¶é
CO
¤é´Á 00 01 02 03 04 05 06 07 08 09 10 11 12 13 14 15 16 17 18 19 20 21 22 23
®ç¶é
CO
03/01 0.38 0.38 0.38 0.38 0.37 0.37 0.44 0.57 0.52 0.49 0.5 0.49 0.48 0.48 0.5 0.4 0.51 0.59 0.61 0.63 0.61 0.58 0.53 0.52
®ç¶é
CO
03/02 0.46 0.37 0.34 0.33 0.35 0.41 0.46 0.56 0.5 0.6 0.58 0.48 0.47 0.46 0.51 0.53 0.57 0.71 0.86 0.89 0.87 0.65 0.7 0.77
®ç¶é
CO
03/03 0.79 0.68 0.54 0.72 0.75 1.13 0.94 0.76 0.9 1.02 0.58 0.4 0.27 0.28 0.32 0.34 0.31 0.5 0.83 0.67 0.41 0.42 0.47 0.41
®ç¶é
CO
03/04 0.4 0.37 0.36 0.36 0.34 0.41 0.56 0.85 0.82 0.73 0.75 0.63 0.62 0.62 0.61 0.67 0.73 0.83 0.86 0.76 0.69 0.65 0.58 0.49
®ç¶é
CO
03/05 0.41 0.37 0.36 0.36 0.38 0.39 0.46 0.65 0.72 0.71 0.6 0.6 0.56 0.54 0.48 0.46 0.49 0.53 0.5 0.52 0.57 0.64 0.62 0.68
®ç¶é
CO
03/06 0.49 0.41 0.33 0.32 0.33 0.38 0.43 0.91 1.32 1.41 0.49 0.51 0.54 0.49 0.48 0.45 0.49 0.68 0.86 0.7 0.69 0.62 0.51 0.49
®ç¶é
CO
03/07 0.52 0.49 0.38 0.31 0.37 0.36 0.42 0.54 0.56 0.51 0.55 0.57 0.5 0.46# 0.61 0.75 0.67 0.77 0.75 0.66 0.64 0.57 0.57 0.54
®ç¶é
CO
03/08 0.49 0.48 0.43 0.31 0.24 0.23 0.28 0.42 0.45 0.41 0.43 0.43 0.45 0.48 0.4 0.4 0.49 0.57 0.6 0.54 0.57 0.45 0.48 0.44
®ç¶é
CO
03/09 0.46 0.67 0.38 0.39 0.44 0.55 0.67 0.81 0.93 0.85 0.8 0.56 0.63 0.56 0.6 0.74 0.78 0.61 0.77 0.64 0.69 0.73 0.69 0.53
®ç¶é
CO
03/10 0.32 0.31 0.23 0.18 0.18 0.22 0.22 0.42 0.34 0.4 0.43 0.53 0.49 0.48 0.54 0.49 0.54 0.55 0.71 0.73 0.75 0.54 0.47 0.43
®ç¶é
CO
03/11 0.41 0.46 0.45 0.43 0.41 0.39 0.44 0.69 0.71 0.65 0.62 0.53 0.46 0.45 0.51 0.57 0.64 0.9 0.99 0.95 0.73 0.71 0.63 0.57
®ç¶é
CO
03/12 0.57 0.48 0.47 0.43 0.41 0.46 0.5 0.71 0.88 0.68 0.56 0.49 0.43 0.39 0.37 0.43 0.47 0.76 0.71 0.68 0.68 0.66 0.62 0.55
®ç¶é
CO
03/13 0.54 0.52 0.48 0.43 0.38 0.58 0.65 0.8 0.82 0.63 0.42 0.43 0.41 0.38 0.37 0.38 0.47 0.67 0.63 0.54 0.53 0.55 0.52 0.45
®ç¶é
CO
03/14 0.42 0.35 0.36 0.34 0.35 0.53 0.9 1.38 1.24 0.63 0.48 0.49 0.38 0.36 0.35 0.34 0.37 0.41 0.44 0.36 0.37 0.38 0.32 0.31
®ç¶é
CO
03/15 0.25 0.23 0.21 0.23 0.24 0.31 0.42 0.77 0.75 0.41 0.36 0.36 0.33 0.31 0.35 0.37 0.43 0.6 0.59 0.51 0.42 0.35 0.34 0.33
®ç¶é
CO
03/16 0.3 0.35 0.3 0.24 0.25 0.24 0.29 0.36 0.4 0.43 0.4 0.42 0.43 0.42 0.42 0.44 0.47 0.47 0.47 0.53 0.56 0.48 0.42 0.37
®ç¶é
CO
03/17 0.37 0.35 0.33 0.31 0.32 0.35 0.53 0.6 0.68 0.72 0.75 0.75 0.78 0.58 0.46 0.52 0.51 0.47 0.54 0.53 0.48 0.49 0.48 0.44
®ç¶é
CO
03/18 0.38 0.33 0.35 0.39 0.39 0.49 0.61 0.96 1.24 0.52 0.44 0.36 0.33# 0.33 0.32 0.34 0.36 0.6 0.68 0.54 0.66 0.52 0.5 0.45
®ç¶é
CO
03/19 0.56 0.5 0.53 0.61 0.46 0.32 0.52 0.79 0.83 0.82 0.68 0.57 0.49 0.44 0.44 0.47 0.49 0.59 0.63 0.58 0.51 0.51 0.48 0.47
®ç¶é
CO
03/20 0.56 0.59 0.65 0.64 0.67 0.57 0.75 1.24 1.15 0.69 0.73 0.66 0.48 0.51 0.57 0.67 0.64 0.59 0.57 0.48 0.51 0.54 0.47 0.41
®ç¶é
CO
03/21 0.4 0.5 0.38 0.31 0.29 0.35 0.55 0.67 0.87 0.43 0.41# 0.45 0.44 0.33 0.31 0.33 0.37 0.51 0.58 0.48 0.4 0.39 0.37 0.29
®ç¶é
CO
03/22 0.25 0.25 0.27 0.32 0.35 0.35 0.38 0.76 0.61 0.54 0.53 0.5 0.47 0.47 0.51 0.52 0.47 0.62 0.58 0.54 0.47 0.42 0.33 0.35
®ç¶é
CO
03/23 0.28 0.25 0.24 0.22 0.21 0.24 0.3 0.42 0.43 0.41 0.38 0.44 0.41 0.39 0.32 0.34 0.39 0.51 0.5 0.4 0.35 0.36 0.34 0.31
®ç¶é
CO
03/24 0.24 0.23 0.23 0.23 0.23 0.24 0.27 0.3 0.35 0.38 0.38 0.4 0.44 0.45 0.44 0.39 0.48 0.63 0.68 0.63 0.6 0.7 0.83 0.72
®ç¶é
CO
03/25 0.6 0.65 0.58 0.51 0.37 0.38 0.5 0.88 0.98 0.79 0.65 0.46 0.39 0.39 0.44 0.44 0.47 0.62 0.53 0.49 0.58 0.61 0.67 0.44
®ç¶é
CO
03/26 0.4 0.35 0.32 0.31 0.31 0.37 0.49 0.69 0.61 0.51 0.48 0.46 0.44 0.42 0.42 0.46 0.48 0.6 0.64 0.56 0.47 0.48 0.49 0.46
®ç¶é
CO
03/27 0.45 0.53 0.57 0.54 0.59 0.69 0.87 0.92 0.83 0.49 0.41 0.39 0.35 0.34 0.36 0.36 0.46 0.6 0.76 0.78 0.77 0.95 1.08 1.19
®ç¶é
CO
03/28 1.05 0.62 0.51 0.46 0.45 0.47 0.58 0.7 0.61 0.47 0.4 0.38 0.33 0.35 0.34 0.36 0.4 0.56 0.55 0.58 0.54 1.01 1.04 0.87
®ç¶é
CO
03/29 0.72 0.33 0.43 0.26 0.22 0.25 0.32 0.48 0.48 0.35 0.32 0.32 0.3 0.28 0.3 0.33 0.4 0.59 0.52 0.48 0.45 0.55 0.31 0.28
®ç¶é
CO
03/30 0.33 0.35 0.38 0.33 0.34 0.41 0.49 0.89 0.76 0.59 0.68 0.69 0.36 0.3 0.46 0.45 0.46 0.51 0.5 0.51 0.44 0.38 0.33 0.3
®ç¶é
CO
03/31 0.27 0.24 0.22 0.22 0.21 0.23 0.3 0.4 0.51 0.48 0.45 0.45 0.42 0.36 0.35 0.34 0.37 0.36 0.35 0.32 0.29 0.3 0.28 0.26
®ç¶é
CO
ºÊ´ú¦~¤ë¡G2019/04¡A ´ú¯¸¡G®ç¶é¡A ´ú¶µ¡GCO¡]ppm¡^
®ç¶é
CO
¤é´Á 00 01 02 03 04 05 06 07 08 09 10 11 12 13 14 15 16 17 18 19 20 21 22 23
®ç¶é
CO
04/01 0.23 0.21 0.21 0.2 0.21 0.24 0.3 0.46 0.51 0.46 0.42 0.39 0.37 0.35# 0.38x 0.37# 0.38 0.44 0.42 0.4 0.35 0.34 0.31 0.3
®ç¶é
CO
04/02 0.28 0.25 0.25 0.24 0.24 0.27 0.32 0.51 0.57 0.54 0.51 0.52 0.54 0.56 0.67 0.78 0.91 1.09 1.22 0.94 1.29 0.93 0.63 0.32
®ç¶é
CO
04/03 0.19 0.22 0.2 0.22 0.24 0.25 0.32 0.54 0.84 0.63 0.57 0.59 0.54 0.48 0.5 0.46 0.51 0.71 1.08 1.46 1.1 1.21 1.17 1.38
®ç¶é
CO
04/04 0.98 0.28 0.23 0.22 0.23 0.25 0.32 0.45 0.51 0.57 0.43 0.41 0.35 0.33 0.3 0.28 0.25 0.28 0.25 0.25 0.27 0.28 0.34 0.25
®ç¶é
CO
04/05 0.26 0.22 0.22 0.21 0.22 0.24 0.3 0.34 0.34 0.31 0.3 0.29 0.29 0.32 0.32 0.34 0.37 0.52 0.55 0.52 0.52 0.54 0.5 0.46
®ç¶é
CO
04/06 0.43 0.39 0.38 0.38 0.39 0.44 0.51 0.59 0.58 0.47 0.41 0.38 0.37 0.39 0.39 0.44 0.5 0.56 0.61 0.73 0.74 0.79 0.85 0.87
®ç¶é
CO
04/07 0.79 0.79 0.71 0.55 0.51 0.53 0.6 0.75 0.63 0.65 0.57 0.47 0.42 0.38 0.4 0.42 0.43 0.53 0.62 0.58 0.52 0.48 0.62 0.59
®ç¶é
CO
04/08 0.64 0.72 0.81 0.72 0.69 0.57 0.61 0.95 1 0.71 0.64 0.55 0.49 0.43 0.42 0.45 0.48 0.57 0.66 0.62 0.65 1.41 1.43 1.28
®ç¶é
CO
04/09 1.04 1.06 0.69 0.65 0.5 0.53 0.69 0.98 0.95 0.55 0.53 0.48 0.51 0.41 0.32 0.35 0.34 0.45 0.44 0.43 0.43 0.39 0.31 0.26
®ç¶é
CO
04/10 0.26 0.22 0.23 0.24 0.28 0.36 0.59 0.73 0.58 0.39 0.29 0.28 0.29 0.25 0.31 0.31 0.36 0.58 0.6 0.52 0.47 0.41 0.36 0.32
®ç¶é
CO
04/11 0.28 0.27 0.27 0.25 0.26 0.28 0.39 0.78 0.69 0.69 0.6 0.56 0.49 0.39 0.33 0.27 0.28 0.37 0.45 0.55 0.55 0.62 0.35 0.23
®ç¶é
CO
04/12 0.24 0.27 0.28 0.29 0.3 0.34 0.46 0.78 0.8 0.56 0.49 0.47 0.45 0.43 0.36 0.37 0.4 0.54 0.53 0.42 0.36 0.35 0.33 0.29
®ç¶é
CO
04/13 0.29 0.23 0.22 0.22 0.27 0.36 0.43 0.49 0.57 0.61 0.67 0.5 0.38 0.37 0.36 0.34 0.39 0.69 0.62 0.84 0.55 0.62 0.86 0.49
®ç¶é
CO
04/14 0.33 0.3 0.25 0.24 0.27 0.31 0.46 0.4 0.5 0.45 0.42 0.32 0.3 0.26 0.24 0.3 0.31 0.36 0.36 0.34 0.34 0.41 0.49 0.47
®ç¶é
CO
04/15 0.4 0.28 0.26 0.24 0.26 0.31 0.4 0.6 0.61 0.52 0.44 0.42 0.41 0.37 0.38 0.39 0.44 0.5 0.52 0.43 0.37 0.36 0.32 0.28
®ç¶é
CO
04/16 0.28 0.29 0.28 0.29 0.33 0.34 0.51 0.9 0.73 0.73 0.72 0.62 0.37 0.34 0.33 0.31 0.35 0.45 0.49 0.44 0.47 0.44 0.41 0.37
®ç¶é
CO
04/17 0.34 0.29 0.31 0.29 0.33 0.34 0.53 0.81 0.56 0.45 0.43 0.39 0.37 0.37 0.44# 0.4 0.49 0.7 0.82 0.75 0.57 0.57 0.52 0.49
®ç¶é
CO
04/18 0.51 0.49 0.55 0.59 0.72 0.9 0.88 1.06 0.78 0.58 0.52 0.45 0.41 0.41 0.42 0.42 0.44 0.55 0.66 1.02 1.07 1.13 0.94 0.94
®ç¶é
CO
04/19 0.97 0.76 0.68 0.67 0.53 0.55 0.56 0.83 0.81 0.69 0.78 0.6 0.5 0.51 0.54 0.51 0.62 0.81 1.06 0.99 0.88 0.59 0.6 0.75
®ç¶é
CO
04/20 0.59 0.5 0.49 0.53 0.53 0.61 0.75 0.7 0.54 0.4 0.37 0.34 0.35 0.33 0.34 0.34 0.44 0.55 0.69 0.76 0.81 0.55 0.41 0.5
®ç¶é
CO
04/21 0.56 0.63 0.74 0.66 0.4 0.37 0.68 0.53 0.56 0.51 0.38 0.44 0.37 0.37 0.39 0.37 0.35 0.41 0.82 0.79 0.73 0.95 0.96 0.92
®ç¶é
CO
04/22 0.84 0.78 0.74 0.62 0.62 0.58 0.87 1.41 1.1 0.46 0.32 0.31 0.2 0.2 0.2# 0.23# 0.25# 0.31 0.33 0.33 0.69 0.64 0.67 0.31
®ç¶é
CO
04/23 0.29 0.65 0.47 0.34 0.25 0.28 0.4 0.63 0.54 0.39 0.31 0.3 0.31 0.3 0.3 0.32 0.32 0.46 0.57 0.48 0.52 0.48 0.38 0.38
®ç¶é
CO
04/24 0.39 0.5 0.48 0.46 0.48 0.54 0.58 0.58 0.43 0.33 0.3 0.31 0.27 0.26 0.24 0.22 0.27 0.28 0.38 0.38 0.44 0.64 0.35 0.34
®ç¶é
CO
04/25 0.26 0.25 0.21 0.29 0.28 0.3 0.34 0.39 0.34 0.29 0.26 0.26 0.23 0.22 0.24 0.27 0.29 0.32 0.45 0.4 0.21 0.22 0.23 0.18
®ç¶é
CO
04/26 0.17 0.21 0.2 0.21 0.27 0.29 0.39 0.58 0.6 0.54 0.46 0.44 0.42 0.44 0.43 0.47 0.52 0.63 0.69 0.64 0.61 0.6 0.62 0.54
®ç¶é
CO
04/27 0.42 0.35 0.37 0.36 0.35 0.36 0.44 0.5 0.52 0.46 0.47 0.47 0.49 0.46 0.42 0.37 0.41 0.47 0.48 0.47 0.45 0.42 0.4 0.43
®ç¶é
CO
04/28 0.39 0.38 0.36 0.35 0.37 0.4 0.53 0.46 0.44 0.32 0.29 0.35 0.28 0.28 0.31 0.26 0.27 0.44 0.52 0.98 1.15 1.04 1.06 0.99
®ç¶é
CO
04/29 0.85 0.62 0.5 0.56 0.45 0.47 0.47 0.77 0.64 0.59 0.49 0.42 0.39 0.33 0.22 0.23 0.28 0.34 0.32 0.39 0.5 0.64 0.69 0.56
®ç¶é
CO
04/30 0.54 0.56 0.48 0.59 0.64 0.63 0.67 0.88 0.57 0.36 0.36 0.29 0.21 0.21 0.22 0.25 0.25 0.3 0.27 0.22 0.27 0.29 0.29 0.26
®ç¶é
CO
ºÊ´ú¦~¤ë¡G2019/05¡A ´ú¯¸¡G®ç¶é¡A ´ú¶µ¡GCO¡]ppm¡^
®ç¶é
CO
¤é´Á 00 01 02 03 04 05 06 07 08 09 10 11 12 13 14 15 16 17 18 19 20 21 22 23
®ç¶é
CO
05/01 0.24 0.14 0.16 0.18 0.19 0.19 0.24 0.39 0.41 0.47 0.46 0.45 0.44 0.42 0.4 0.44 0.52 0.49 0.56 0.65 0.49 0.43 0.4 0.33
®ç¶é
CO
05/02 0.3 0.33 0.35 0.38 0.42 0.49 0.59 0.84 0.82 0.51 0.51 0.44 0.41# 0.39 0.41 0.45 0.48 0.62 0.63 0.6 0.48 0.45 0.4 0.35
®ç¶é
CO
05/03 0.35 0.29 0.28 0.26 0.27 0.33 0.43 0.64 0.54 0.42 0.36# 0.37 0.36 0.32 0.32 0.34 0.38 0.45 0.46 0.46 0.47 0.37 0.35 0.32
®ç¶é
CO
05/04 0.31 0.33 0.28 0.24 0.22 0.25 0.28 0.34 0.39 0.41 0.4 0.4 0.38 0.37 0.37 0.4 0.42 0.44 0.45 0.44 0.42 0.44 0.45 0.38
®ç¶é
CO
05/05 0.33 0.25 0.26 0.23 0.24 0.27 0.31 0.34 0.42 0.41 0.36 0.35 0.34 0.29 0.27 0.28 0.3 0.36 0.36 0.36 0.32 0.33 0.32 0.26
®ç¶é
CO
05/06 0.24 0.18 0.17 0.17 0.18 0.2 0.3 0.56 0.5 0.4 0.46 0.47 0.53 0.47 0.41 0.43 0.48 0.6 0.65 0.58 0.49 0.39 0.34 0.27
®ç¶é
CO
05/07 0.25 0.24 0.27 0.22 0.24 0.32 0.38 0.54 0.55 0.47 0.51 0.47 0.41 0.36 0.34 0.39 0.43 0.58 0.58 0.47 0.41 0.37 0.29 0.28
®ç¶é
CO
05/08 0.24 0.21 0.22 0.2 0.2 0.23 0.32 0.56 0.81 0.82 0.63 0.51 0.54 0.44 0.41 0.39 0.39 0.54 0.54 0.55 0.5 0.54 0.38 0.43
®ç¶é
CO
05/09 0.4 0.38 0.39 0.4 0.34 0.35 0.54 1.02 0.72 0.57 0.63 0.51 0.38 0.46 0.55 0.61 0.59 0.71 0.65 0.65 0.5 0.4 0.37 0.29
®ç¶é
CO
05/10 0.27 0.2 0.2 0.19 0.2 0.26 0.4 0.64 0.51 0.51 0.47 0.5 0.49 0.51 0.45 0.5 0.62 0.73 0.7 0.57 0.5 0.42 0.38 0.34
®ç¶é
CO
05/11 0.27 0.23 0.22 0.21 0.22 0.28 0.39 0.5 0.57 0.52 0.41 0.41 0.41 0.35 0.34 0.34 0.39 0.47 0.49 0.42 0.37 0.34 0.3 0.26
®ç¶é
CO
05/12 0.25 0.23 0.26 0.33 0.36 0.39 0.5 0.41 0.44 0.44 0.36 0.31 0.34 0.31 0.3 0.3 0.31 0.36 0.37 0.38 0.38 0.38 0.36 0.34
®ç¶é
CO
05/13 0.29 0.24 0.22 0.21 0.22 0.29 0.39 0.65 0.64 0.46 0.46 0.44 0.36 0.35 0.36 0.38 0.4 0.46 0.53 0.54 0.91 1.06 0.83 0.59
®ç¶é
CO
05/14 0.42 0.53 0.55 0.44 0.42 0.37 0.42 0.53 0.57 0.47 0.36 0.31 0.27# 0.25 0.26 0.27 0.29 0.38 0.47 0.55 0.45 0.61 0.75 0.69
®ç¶é
CO
05/15 0.58 0.55 0.56 0.53 0.49 0.57 0.67 0.95 0.67 0.53 0.45 NA NA NA NA NA 0.29# 0.35 0.6 1.12 1.02 0.63 0.51 0.32
®ç¶é
CO
05/16 0.22 0.19 0.22 0.19 0.21 0.25 0.55 0.58 0.53 0.35 0.25# 0.32# 0.27x 0.27x 5.27# 0.29# 0.28 0.3 0.35 0.35 0.26 0.27 0.32 0.22
®ç¶é
CO
05/17 0.23 0.18 0.19 0.18 0.15 0.14 0.25 0.57 0.71 0.35 0.26 0.59 0.34 0.2 0.38 0.34 0.55 1.07 1.59 1.07 0.32 0.53 0.95 0.65
®ç¶é
CO
05/18 0.49 0.38 0.3 0.31 0.27 0.41 0.48 0.25 0.25 0.24 0.25 0.27 0.21 0.16 0.21 0.25 0.29 0.39 0.36 0.29 0.27 0.27 0.27 0.29
®ç¶é
CO
05/19 0.26 0.3 0.26 0.27 0.27 0.32 0.39 0.37 0.36 0.27 0.25 0.25 0.26 0.23 0.24 0.23 0.27 0.29 0.37 0.42 0.41 0.39 0.49 0.6
®ç¶é
CO
05/20 0.46 0.25 0.19 0.21 0.2 0.25 0.37 0.68 0.64 0.54 0.61 0.59 0.55 0.49 0.43 0.42 0.51 0.7 0.52 0.41 0.61 0.47 0.41 0.3
®ç¶é
CO
05/21 0.29 0.26 0.25 0.23 0.23 0.25 0.34 0.51 0.49 0.39 0.41 0.42 0.43 0.39 0.43 0.46 0.48 0.59 0.67 0.53 0.5 0.53 0.55 0.5
®ç¶é
CO
05/22 0.5 0.36 0.29 0.25 0.25 0.27 0.39 0.63 0.65 0.61 0.66 0.71 0.83 0.74 0.59 0.56 0.64 0.84 1.04 0.91 0.97 0.94 0.9 0.75
®ç¶é
CO
05/23 0.66 0.53 0.64 0.72 0.78 0.77 0.67 1.09 1.13 1.05 1.09 0.57 0.5 0.46 0.43 0.46 0.51 0.64 0.71 0.58 0.47 0.41 0.39 0.33
®ç¶é
CO
05/24 0.28 0.25 0.23 0.21 0.21 0.25 0.34 0.55 0.6 0.51 0.42 0.39 0.37 0.41 0.37 0.42 0.44 0.55 0.56 0.52 0.53 0.51 0.45 0.37
®ç¶é
CO
05/25 0.35 0.34 0.34 0.28 0.29 0.41 0.38 0.53 0.49 0.39 0.35 0.39 0.32 0.4 0.42 0.48 0.6 0.58 0.56 0.51 0.53 0.56 0.52 0.48
®ç¶é
CO
05/26 0.5 0.49 0.46 0.45 0.46 0.53 0.53 0.5 0.4 0.46 0.42 0.37 0.31 0.3 0.29 0.28 0.28 0.4 0.54 0.6 0.5 0.41 0.45 0.52
®ç¶é
CO
05/27 0.43 0.35 0.33 0.31 0.38 0.42 0.38 0.68 0.68 0.42 0.29 0.28 0.33 0.24 0.38 0.44 0.55 0.84 0.92 1 1.13 1.29 0.93 0.94
®ç¶é
CO
05/28 0.89 0.41 0.58 0.46 0.39 0.67 0.56 0.86 0.82 0.44 0.6 0.52 0.53 0.44# 0.35 0.33# 0.41# 0.56 0.49 0.42 0.35 0.33 0.35 0.38
®ç¶é
CO
05/29 0.35 0.27 0.25 0.23 0.21 0.25 0.34 0.57 0.52 0.37 0.38 0.41 0.36 0.33 0.28 0.3 0.4 0.5 0.6 0.55 0.49 0.5 0.4 0.33
®ç¶é
CO
05/30 0.28 0.26 0.24 0.23 0.24 0.31 0.42 0.61 0.52 0.62 0.45 0.4 0.36 0.32 0.27 0.27 0.29 0.34 0.37 0.33 0.38 0.45 0.58 0.57