缄打
CO
01/01 0.23 0.15 0.16 0.16 0.16 0.16 0.18 0.18 0.19 0.19 0.19 0.2 0.2 0.2 0.2 0.2 0.23 0.22 0.21 0.21 0.21 0.19 0.19 0.18
缄打
CO
01/02 0.18 0.16 0.15 0.16 0.16 0.15 0.16 0.19 0.21 0.2 0.2 0.2 0.2 0.2 0.2 0.23 0.24 0.27 0.27 0.26 0.26 0.25 0.27 0.27
缄打
CO
01/03 0.27 0.3 0.3 0.31 0.29 0.24 0.23 0.25 0.32 0.33 0.31 0.26 0.29 0.32 0.31 0.33 0.34 0.37 0.37 0.35 0.34 0.33 0.33 0.32
缄打
CO
01/04 0.31 0.34 0.37 0.39 0.38 0.38 0.37 0.38 0.39 0.37 0.36 0.36 0.39 0.34 0.31 0.33 0.34 0.37 0.38 0.38 0.34 0.38 0.35 0.28
缄打
CO
01/05 0.26 0.22 0.22 0.21 0.21 0.21 0.21 0.22 0.24 0.25 0.24 0.22 0.23 0.22 0.22 0.23 0.2 0.21 0.23 0.23 0.29 0.38 0.41 0.46
缄打
CO
01/06 0.5 0.55 0.55 0.51 0.47 0.45 0.45 0.39 0.37 0.37 0.36 0.41 0.44 0.49 0.53 0.56 0.54 0.54 0.52 0.49 0.48 0.41 0.38 0.36
缄打
CO
01/07 0.36 0.25 0.22 0.2 0.21 0.24 0.32 0.39 0.42 0.39 0.38 0.36 0.4 0.39 0.37 0.35 0.35 0.39 0.39 0.37 0.34 0.34 0.32 0.32
缄打
CO
01/08 0.31 0.35 0.35 0.33 0.33 0.34 0.34 0.36 0.35 0.3 0.29 0.26 0.3 0.28 0.27 0.27 0.28 0.3 0.28 0.27 0.26 0.25 0.24 0.24
缄打
CO
01/09 0.25 0.22 0.22 0.23 0.25 0.25 0.26 0.3 0.32 0.35 0.33# 0.35 0.45 0.42 0.4 0.41 0.44 0.43 0.41 0.38 0.37 0.37 0.35 0.34
缄打
CO
01/10 0.31 0.34 0.33 0.32 0.31 0.32 0.32 0.34 0.37 0.34 0.34 0.34 0.37 0.34 0.32 0.31 0.33 0.35 0.34 0.31 0.3 0.29 0.3 0.27
缄打
CO
01/11 0.28 0.21 0.21 0.21 0.22 0.21 0.23 0.28 0.34 0.3 0.3 0.33 0.32 0.26 0.24 0.25 0.26 0.28 0.31 0.31 0.33 0.31 0.29 0.25
缄打
CO
01/12 0.21 0.25 0.25 0.24 0.24 0.24 0.24 0.26 0.28 0.27 0.26 0.26 0.26 0.24 0.24 0.28 0.29 0.32 0.34 0.43 0.5 0.55 0.55 0.55
缄打
CO
01/13 0.54 0.51 0.51 0.52 0.55 0.56 0.55 0.54 0.54 0.54 0.55 0.57 0.54 0.54 0.54 0.52 0.51 0.48 0.47 0.47 0.46 0.46 0.44 0.45
缄打
CO
01/14 0.44 0.47 0.45 0.42 0.41 0.41 0.41 0.41 0.44 0.43 0.44 0.47 0.52 0.52 0.51 0.52 0.52 0.52 0.52 0.49 0.49 0.5 0.49 0.49
缄打
CO
01/15 0.49 0.49 0.48 0.47 0.47 0.46 0.45 0.48 0.49 0.45 0.45 0.43 0.44 0.41 0.4 0.39 0.38 0.37 0.35 0.32 0.3 0.32 0.3 0.28
缄打
CO
01/16 0.28 0.3 0.32 0.39 0.49 0.57 0.59 0.63 0.69 0.63 0.61 0.57 0.54 0.5 0.42 0.41 0.42 0.43 0.38 0.36 0.33 0.32 0.33 0.33
缄打
CO
01/17 0.31 0.26 0.29 0.29 0.32 0.3 0.31 0.32 0.34 0.34 0.36 0.35 0.42 0.38 0.38 0.38 0.37 0.36 0.36 0.39 0.41 0.37 0.34 0.36
缄打
CO
01/18 0.37 0.36 0.32 0.3 0.31 0.3 0.32 0.33 0.33 0.3 0.28 0.28 0.34 0.38 0.38 0.42 0.44 0.46 0.44 0.41 0.42 0.4 0.4 0.38
缄打
CO
01/19 0.38 0.38 0.35 0.34 0.33 0.33 0.32 0.34 0.35 0.34 0.32 0.33 0.35 0.35 0.32 0.31 0.33 0.37 0.37 0.37 0.45 0.47 0.51 0.41
缄打
CO
01/20 0.29 0.27 0.24 0.24 0.24 0.26 0.25 0.27 0.3 0.33 0.32 0.31 0.25 0.24 0.37 0.5 0.62 0.68 0.66 0.69 0.7 0.68 0.6 0.53
缄打
CO
01/21 0.54 0.53 0.53 0.5 0.44 0.43 0.44 0.41 0.37 0.32 0.27 0.25 0.25 0.23 0.22 0.22 0.22 0.24 0.22 0.21 0.21 0.21 0.22 0.22
缄打
CO
01/22 0.23 0.25 0.24 0.3 0.24 0.24 0.28 0.29 0.32 0.34 0.35 0.35 0.39 0.4 0.4 0.37 0.35 0.38 0.4 0.4 0.4 0.36 0.35 0.33
缄打
CO
01/23 0.31 0.25 0.26 0.28 0.3 0.3 0.32 0.35 0.39 0.39 0.42# 0.42 0.44 0.43 0.43 0.43 0.44 0.46 0.47 0.45 0.44 0.42 0.4 0.37
缄打
CO
01/24 0.36 0.37 0.33 0.34 0.33 0.33 0.34 0.35 0.35 0.31 0.33 0.33 0.36 0.33 0.32 0.32 0.32 0.36 0.36 0.34 0.36 0.35 0.33 0.32
缄打
CO
01/25 0.32 0.38 0.37 0.36 0.36 0.38 0.4 0.43 0.47 0.47 0.45 0.47 0.49 0.48 0.46 0.47 0.46 0.49 0.46 0.43 0.43 0.39 0.36 0.36
缄打
CO
01/26 0.35 0.29 0.31 0.32 0.33 0.31 0.25 0.24 0.23 0.2 0.21 0.25 0.28 0.3 0.31 0.33 0.32 0.24 0.19 0.18 0.16 0.15 0.14 0.15
缄打
CO
01/27 0.14 0.14 0.14 0.14 0.14 0.14* 0.14 0.15 0.15 0.15# 0.16 0.16 0.17 0.16 0.16 0.17 0.16 0.17 0.17* 0.16 0.16 0.17 0.16 0.16
缄打
CO
01/28 0.16 0.17 0.16 0.15 0.17 0.16 0.17 0.19 0.23 0.21 0.21 0.22 0.23 0.23 0.2 0.21 0.2 0.25 0.26 0.24 0.23 0.22 0.2 0.21
缄打
CO
01/29 0.19 0.2 0.21 0.22 0.21 0.21 0.21 0.23 0.26 0.24 0.26 0.26# 0.28 0.27 0.28 0.29 0.3 0.32 0.32 0.31 0.33 0.34 0.34 0.33
缄打
CO
01/30 0.31 0.27 0.25 0.26 0.25 0.25 0.25 0.27 0.3 0.28 0.28 0.27 0.29 0.28 0.27 0.26 0.27 0.33 0.31 0.26 0.3 0.29 0.35 0.41
缄打
CO
01/31 0.3 0.31 0.31 0.31 0.31 0.29 0.31 0.39 0.39 0.33 0.35 0.31 0.32 0.3 0.28 0.3 0.31 0.35 0.38 0.37 0.35 0.38 0.37 0.42
缄打
CO
菏代~るG2019/02A 代浮G皑そA 代兜GCO]ppm^
缄打
CO
ら戳 00 01 02 03 04 05 06 07 08 09 10 11 12 13 14 15 16 17 18 19 20 21 22 23
缄打
CO
02/01 0.44 0.46 0.46 0.42 0.39 0.36 0.35 0.37 0.38 0.38 0.41 0.42 0.48 0.48 0.45 0.46 0.45 0.46 0.46 0.45 0.45 0.43 0.39 0.37
缄打
CO
02/02 0.35 0.26 0.27 0.27 0.26 0.25 0.26 0.28 0.29 0.28 0.29 0.28 0.28 0.28 0.3 0.29 0.31 0.33 0.34 0.35 0.36 0.37 0.34 0.35
缄打
CO
02/03 0.37 0.35 0.31 0.27 0.3 0.36 0.41 0.52 0.48 0.47 0.37 0.38 0.54 0.39 0.21 0.19 0.21 0.24 0.36 0.59 1.16 0.81 0.56 0.38
缄打
CO
02/04 0.49 0.39 0.29 0.25 0.24 0.22 0.23 0.42 0.61 0.63 0.71# 0.71 0.67 0.68 0.69 0.72 0.8 0.85 0.85 0.83 0.78 0.74 0.72 0.71
缄打
CO
02/05 0.72 0.73 0.77 0.78 0.75 0.7 0.65 0.59 0.54 0.5 0.46 0.43 0.39 0.36 0.35 0.33 0.35 0.38 0.36 0.39 0.43 0.45 0.47 0.49
缄打
CO
02/06 0.42 0.38 0.36 0.35 0.32 0.32 0.32 0.33 0.32 0.34 0.34 0.35 0.33 0.34 0.37 0.38 0.41 0.41 0.44 0.44 0.51 0.6 0.63 0.62
缄打
CO
02/07 0.65 0.61 0.46 0.39 0.4 0.34 0.37 0.4 0.48 0.39# 0.41# 0.42 0.41 0.36 0.33 0.32 0.32 0.32 0.3 0.28 0.29 0.29 0.43 0.39
缄打
CO
02/08 0.29 0.32 0.32 0.35 0.33 0.31 0.29 0.28 0.27 0.28 0.26 0.26 0.25 0.25 0.24 0.22 0.2 0.2 0.2 0.21 0.22 0.22 0.22 0.2
缄打
CO
02/09 0.19 0.24 0.26 0.26 0.25 0.25 0.25 0.23 0.24 0.25 0.25 0.25 0.24 0.25 0.24 0.24 0.24 0.25 0.24 0.24 0.23 0.24 0.23 0.23
缄打
CO
02/10 0.22 0.16 0.16 0.16 0.15 0.15 0.15 0.16 0.17 0.19 0.18 0.18 0.18 0.18 0.21 0.22 0.22 0.22 0.23 0.21 0.2 0.21 0.2 0.19
缄打
CO
02/11 0.19 0.17 0.18 0.18 0.17 0.17 0.17 0.19 0.2 0.18 0.18 0.18 0.2 0.18 0.16 0.17 0.17 0.19 0.19 0.18 0.18 0.18 0.16 0.16
缄打
CO
02/12 0.17 0.16 0.16 0.17 0.18 0.17 0.17 0.2 0.22 0.21 0.22 0.21 0.24 0.21 0.19 0.21 0.23 0.25 0.23 0.22 0.21 0.19 0.2 0.22
缄打
CO
02/13 0.24 0.18 0.18 0.16 0.15 0.17 0.18 0.21 0.25 0.19 0.17 0.17 0.19 0.18 0.17 0.17 0.17 0.19 0.19 0.16 0.17 0.17 0.16 0.16
缄打
CO
02/14 0.18 0.25 0.24 0.23 0.25 0.25 0.26 0.28 0.32 0.29 0.27 0.27 0.31 0.31 0.3 0.31 0.33 0.36 0.36 0.34 0.34 0.32 0.31 0.32
缄打
CO
02/15 0.33 0.32 0.32 0.33 0.33 0.32 0.33 0.35 0.42 0.37 0.35 0.33 0.34 0.29 0.29 0.28 0.32 0.36 0.48 0.46 0.48 0.53 0.45 0.38
缄打
CO
02/16 0.34 0.28 0.28 0.25 0.22 0.23 0.24 0.24 0.26 0.24 0.25 0.25 0.23 0.24 0.24 0.25 0.24 0.25 0.26 0.25 0.26 0.26 0.28 0.3
缄打
CO
02/17 0.29 0.32 0.34 0.38 0.38 0.32 0.32 0.32 0.33 0.33 0.32 0.32 0.31 0.3 0.29 0.29 0.27 0.28 0.32 0.55 0.3 0.26 0.25 0.23
缄打
CO
02/18 0.22 0.2 0.19 0.18 0.19 0.2 0.2 0.22 0.25 0.23 0.23 0.22 0.25 0.23 0.23 0.22 0.24 0.26 0.31 0.24 0.32 0.33 0.33 0.29
缄打
CO
02/19 0.23 0.27 0.28 0.27 0.26 0.3 0.34 0.62 0.71 0.4 0.38 0.33 0.31 0.26 0.3 0.35 0.37 0.44 0.45 0.35 0.37 0.36 0.3 0.3
缄打
CO
02/20 0.27 0.23 0.2 0.2 0.22 0.25 0.23 0.27 0.37 0.37 0.28# 0.27 0.3 0.29 0.37 0.38 0.35 0.38 0.39 0.41 0.41 0.39 0.36 0.33
缄打
CO
02/21 0.32 0.35 0.34 0.35 0.34 0.32 0.31 0.34 0.38 0.32 0.31 0.34 0.35 0.33 0.33 0.32 0.33 0.36 0.32 0.28 0.27 0.26 0.24 0.25
缄打
CO
02/22 0.27 0.33 0.33 0.34 0.31 0.3 0.29 0.33 0.36 0.33 0.31 0.31 0.35 0.31 0.31 0.31 0.33 0.35 0.33 0.33 0.33 0.32 0.32 0.34
缄打
CO
02/23 0.35 0.35 0.37 0.38 0.4 0.4 0.41 0.42 0.44 0.42 0.43 0.44 0.48 0.48 0.48 0.46 0.44 0.42 0.38 0.34 0.34 0.34 0.34 0.34
缄打
CO
02/24 0.33 0.36 0.35 0.36 0.36 0.35 0.33 0.32 0.33 0.37 0.39 0.44 0.48 0.45 0.45 0.5 0.5 0.5 0.5 0.53 0.55 0.53 0.52 0.52
缄打
CO
02/25 0.53 0.56 0.54 0.53 0.54 0.5 0.47 0.5 0.52 0.5 0.5 0.5 0.5 0.49 0.47 0.46 0.45 0.45 0.42 0.39 0.38 0.37 0.35 0.31
缄打
CO
02/26 0.25 0.23 0.21 0.24 0.23 0.26 0.25 0.27 0.3 0.29 0.31 0.29 0.32 0.32 0.31 0.24 0.27 0.32 0.3 0.3 0.31 0.3 0.28 0.26
缄打
CO
02/27 0.25 0.3 0.3 0.31 0.33 0.35 0.37 0.43 0.48 0.44 0.45 0.46 0.45 0.4 0.39 0.37 0.37 0.43 0.47 0.37 0.4 0.65 0.69 0.44
缄打
CO
02/28 0.44 0.3 0.25 0.24 0.28 0.26 0.26 0.27 0.26 0.25 0.26 0.24 0.26 0.25 0.25 0.25 0.27 0.27 0.29 0.29 0.29 0.28 0.25 0.24
缄打
CO
菏代~るG2019/03A 代浮G皑そA 代兜GCO]ppm^
缄打
CO
ら戳 00 01 02 03 04 05 06 07 08 09 10 11 12 13 14 15 16 17 18 19 20 21 22 23
缄打
CO
03/01 0.24 0.26 0.26 0.26 0.26 0.27 0.27 0.27 0.28 0.27 0.28 0.28 0.26 0.26 0.27 0.27 0.26 0.28 0.31 0.28 0.29 0.28 0.27 0.26
缄打
CO
03/02 0.25 0.29 0.28 0.28 0.29 0.3 0.35 0.38 0.42 0.37 0.36 0.35 0.39 0.42 0.39 0.41 0.43 0.45 0.48 0.58 0.58 0.49 0.42 0.37
缄打
CO
03/03 0.34 0.3 0.27 0.26 0.29 0.33 0.29 0.26 0.3 0.33 0.34 0.37 0.3 0.24 0.25 0.3 0.33 0.43 0.51 0.58 0.31 0.27 0.32 0.32
缄打
CO
03/04 0.3 0.26 0.25 0.23 0.23 0.23 0.25 0.29 0.33 0.34 0.34 0.35 0.39 0.38 0.39 0.41 0.44 0.48 0.49 0.48 0.48 0.46 0.44 0.42
缄打
CO
03/05 0.4 0.38 0.37 0.35 0.32 0.29 0.31 0.49 0.6 0.43 0.37 0.38 0.37 0.39 0.35 0.3 0.32 0.37 0.35 0.34 0.32 0.26 0.24 0.18x
缄打
CO
03/06 0.18x 0.17x 0.18x 0.13x 0.13x 0.12x 0.14x 0.19x 0.21# 0.18# 0.36# 0.3# 0.31 0.39 0.37 0.32 0.28 0.31 0.4 0.32 0.29 0.31 0.34 0.33
缄打
CO
03/07 0.33 0.34 0.33 0.31 0.29 0.28 0.28 0.27 0.26 0.23 0.24 0.25 0.34 0.33 0.3 0.32 0.4 0.49 0.49 0.42 0.38 0.37 0.37 0.38
缄打
CO
03/08 0.36 0.42 0.47 0.45 0.4 0.31 0.26 0.27 0.26 0.22 0.21 0.19 0.22 0.2 0.18 0.18 0.19 0.21 0.2 0.19 0.18 0.17 0.16 0.15
缄打
CO
03/09 0.14 0.14 0.14 0.15 0.15 0.17 0.16 0.17 0.19 0.2 0.21 0.23 0.25 0.23 0.27 0.28 0.27 0.23 0.23 0.33 0.36 0.34 0.39 0.42
缄打
CO
03/10 0.38 0.21 0.18 0.19 0.21 0.21 0.24 0.28 0.48 0.23 0.19 0.2 0.22 0.22 0.27 0.23 0.23 0.25 0.26 0.28 0.3 0.29 0.29 0.3
缄打
CO
03/11 0.29 0.32 0.32 0.32 0.3 0.3 0.31 0.39 0.45 0.39 0.35 0.32 0.35 0.3 0.3 0.3 0.3 0.32 0.31 0.32 0.33 0.34 0.34 0.34
缄打
CO
03/12 0.35 0.33 0.29 0.28 0.28 0.28 0.3 0.34 0.39 0.38 0.37 0.37 0.38 0.35 0.35 0.34 0.35 0.41 0.41 0.37 0.36 0.34 0.3 0.32
缄打
CO
03/13 0.33 0.29 0.23 0.24 0.28 0.29 0.33 0.37 0.38 0.33 0.33 0.32 0.33 0.3 0.3 0.34# 0.37 0.4 0.41 0.38 0.38 0.36 0.31 0.27
缄打
CO
03/14 0.27 0.31 0.3 0.3 0.29 0.3 0.3 0.34 0.34 0.33 0.33 0.39 0.35 0.32 0.29# 0.31# 0.33 0.34 0.31 0.27 0.26 0.25 0.25 0.25
缄打
CO
03/15 0.25 0.29 0.27 0.26 0.26 0.26 0.28 0.3 0.33 0.32 0.31 0.31 0.31 0.28 0.27 0.27 0.25 0.27 0.25 0.27 0.27 0.28 0.25 0.24
缄打
CO
03/16 0.24 0.18 0.18 0.17 0.18 0.18 0.19 0.19 0.2 0.21 0.22 0.23 0.24 0.22 0.21 0.22 0.24 0.25 0.26 0.27 0.26 0.26 0.24 0.22
缄打
CO
03/17 0.22 0.23 0.24 0.24 0.25 0.25 0.26 0.26 0.27 0.27 0.29 0.3 0.3 0.28 0.26 0.25 0.24 0.24 0.26 0.24 0.23 0.23 0.22 0.21
缄打
CO
03/18 0.21 0.21 0.21 0.22 0.22 0.23 0.26 0.31 0.34 0.31 0.3 0.3 0.35 0.29 0.24 0.25 0.28 0.36 0.36 0.34 0.47 0.44 0.48 0.43
缄打
CO
03/19 0.48 0.33 0.28 0.26 0.26 0.27 0.29 0.32 0.34 0.32 0.3 0.28 0.33 0.29 0.29 0.3 0.33 0.35 0.33 0.32 0.33 0.33 0.31 0.29
缄打
CO
03/20 0.29 0.26 0.26 0.27 0.27 0.28 0.35 0.31 0.31 0.29# 0.3 0.34 0.39 0.35 0.34 0.33 0.3 0.34 0.32 0.22 0.26 0.28 0.23 0.19
缄打
CO
03/21 0.15 0.17 0.16 0.16 0.16 0.15 0.23 0.23 0.26 0.23# 0.24 0.27 0.29 0.19 0.18 0.18 0.24 0.3 0.33 0.3 0.26 0.26 0.23 0.19
缄打
CO
03/22 0.19 0.18 0.17 0.17 0.18 0.21 0.31 0.35 0.38 0.32 0.3 0.28 0.3 0.3 0.3 0.31 0.3 0.31 0.3 0.27 0.26 0.24 0.22 0.22
缄打
CO
03/23 0.22 0.22 0.21 0.2 0.2 0.19 0.18 0.2 0.22 0.2 0.21 0.19 0.19 0.18 0.17 0.17 0.18 0.19 0.19 0.19 0.19 0.18 0.18 0.18
缄打
CO
03/24 0.19 0.22 0.22 0.22 0.22 0.22 0.23 0.24 0.25 0.24 0.25 0.24 0.27 0.26 0.27 0.27 0.27 0.28 0.29 0.28 0.3 0.31 0.31 0.31
缄打
CO
03/25 0.32 0.31 0.32 0.33 0.33 0.33 0.33 0.36 0.4 0.4 0.43 0.34 0.38 0.44 0.41 0.41 0.41 0.45 0.49 0.45 0.46 0.46 0.36 0.33
缄打
CO
03/26 0.31 0.28 0.28 0.28 0.28 0.29 0.29 0.32 0.35 0.34 0.33 0.34 0.35 0.33 0.31 0.33 0.34 0.35 0.33 0.32 0.31 0.31 0.31 0.28
缄打
CO
03/27 0.27 0.25 0.25 0.26 0.26 0.26 0.28 0.31 0.34 0.31 0.35 0.28# 0.29 0.26 0.26 0.25 0.29 0.32 0.3 0.27 0.28 0.37 0.35 0.33
缄打
CO
03/28 0.34 0.33 0.3 0.31 0.32 0.28 0.32 0.41 0.33 0.34 0.31 0.37# 0.37 0.36 0.26 0.25 0.3 0.3 0.28 0.3 0.3 0.25 0.27 0.24
缄打
CO
03/29 0.2 0.21 0.2 0.21 0.22 0.23 0.27 0.32 0.32 0.24 0.23 0.23 0.25 0.23 0.21 0.22 0.25 0.27 0.3 0.22 0.22 0.21 0.27 0.27
缄打
CO
03/30 0.25 0.24 0.26 0.28 0.27 0.21 0.22 0.24 0.25 0.25 0.25 0.25 0.22 0.21 0.21 0.22 0.23 0.23 0.25 0.24 0.25 0.26 0.26 0.26
缄打
CO
03/31 0.23 0.25# NA NA NA NA NA NA NA NA NA NA NA NA NA NA NA NA NA NA NA NA NA NA
缄打
CO
菏代~るG2019/04A 代浮G皑そA 代兜GCO]ppm^
缄打
CO
ら戳 00 01 02 03 04 05 06 07 08 09 10 11 12 13 14 15 16 17 18 19 20 21 22 23
缄打
CO
04/02 NA NA NA NA NA NA NA NA NA NA NA 0.27# 0.26# 0.26# 0.24 0.25 0.26 0.29 0.27 0.25 0.25 0.24 0.22 0.21
缄打
CO
04/03 0.2 0.21 0.2 0.21 0.22 0.22 0.22 0.26 0.28 0.24 0.23 0.23 0.24 0.23 0.22 0.22 0.23 0.24 0.23 0.21 0.2 0.19 0.19 0.19
缄打
CO
04/04 0.2 0.2 0.2 0.19 0.18 0.19 0.19 0.19 0.2 0.21 0.21 0.21 0.21 0.21 0.21 0.2 0.21 0.22 0.23 0.23 0.24 0.24 0.23 0.23
缄打
CO
04/05 0.22 0.25 0.25 0.25 0.25 0.26 0.27 0.27 0.29 0.28 0.3 0.31 0.31 0.31 0.3 0.31 0.32 0.36 0.37 0.36 0.38 0.41 0.38 0.35
缄打
CO
04/06 0.35 0.3 0.26 0.26 0.26 0.29 0.35 0.34 0.32 0.3 0.3 0.3 0.3 0.3 0.29 0.31 0.34 0.35 0.41 0.39 0.39 0.39 0.37 0.35
缄打
CO
04/07 0.33 0.35 0.34 0.34 0.34 0.36 0.38 0.37 0.39 0.39 0.38 0.37 0.38 0.42 0.44 0.43 0.44 0.46 0.47 0.51 0.54 0.5 0.43 0.39
缄打
CO
04/08 0.38 0.29 0.29 0.28 0.27 0.28 0.39 0.41 0.35 0.29 0.25 0.24 0.29 0.23 0.26 0.22 0.23 0.24 0.29 0.29 0.26 0.3 0.25 0.23
缄打
CO
04/09 0.22 0.24 0.25 0.25 0.26 0.28 0.35 0.38 0.39 0.34 0.33 0.32 0.3 0.24 0.24 0.29 0.31 0.33 0.35 0.35 0.32 0.31 0.28 0.29
缄打
CO
04/10 0.27 0.29 0.28 0.28 0.28 0.29 0.31 0.34 0.33 0.29 0.27 0.26 0.29 0.27 0.25 0.28 0.29 0.35 0.31 0.22 0.22 0.33 0.31 0.29
缄打
CO
04/11 0.27 0.3 0.32 0.31 0.28 0.27 0.26 0.41 0.47 0.3 0.26 0.26 0.24 0.22 0.24 0.29 0.31 0.3 0.31 0.31 0.29 0.28 0.23 0.24
缄打
CO
04/12 0.23 0.19 0.18 0.19 0.2 0.24 0.25 0.29 0.31 0.31 0.31 0.32 0.32 0.3 0.32 0.31 0.28 0.28 0.25 0.21 0.21 0.2 0.17 0.17
缄打
CO
04/13 0.17 0.23 0.22 0.19 0.19 0.2 0.21 0.26 0.29 0.29 0.31 0.3 0.23 0.23 0.24 0.25 0.26 0.33 0.28 0.25 0.24 0.25 0.24 0.23
缄打
CO
04/14 0.22 0.2 0.19 0.2 0.19 0.19 0.19 0.19 0.2 0.2 0.2 0.19 0.19 0.19 0.19 0.19 0.19 0.2 0.21 0.21 0.21 0.21 0.21 0.22
缄打
CO
04/15 0.24 0.26 0.22 0.2 0.19 0.19 0.23 0.28 0.3 0.28 0.28 0.26 0.26 0.24 0.23 0.22 0.23 0.25 0.23 0.21 0.21 0.19 0.18 0.17
缄打
CO
04/16 0.17 0.19 0.18 0.18 0.18 0.18 0.2 0.25 0.29 0.25 0.24 0.23 0.25 0.23 0.21 0.21 0.25 0.34 0.33 0.22 0.24 0.21 0.21 0.2
缄打
CO
04/17 0.2 0.18 0.17 0.17 0.18 0.17 0.21 0.29 0.31 0.34 0.3 0.26 0.28 0.23# 0.28 0.29 0.29 0.34 0.3 0.3 0.28 0.28 0.29 0.27
缄打
CO
04/18 0.26 0.28 0.28 0.28 0.29 0.29 0.31 0.36 0.34 0.31 0.32 0.35 0.35 0.32 0.31 0.3 0.32 0.49 0.45 0.56 0.81 0.9 0.44 0.37
缄打
CO
04/19 0.33 0.3 0.31 0.31 0.28 0.29 0.38 0.45 0.56 0.44 0.39 0.41 0.41 0.26 0.26 0.31 0.29 0.29 0.26 0.25 0.32 0.25 0.26 0.23
缄打
CO
04/20 0.22 0.24 0.23 0.22 0.21 0.25 0.87 0.75 0.42 0.41 0.33 0.27 0.26 0.27 0.25 0.22 0.27 0.32 0.54 0.53 0.4 0.4 0.45 0.37
缄打
CO
04/21 0.23 0.25 0.23 0.22 0.23 0.23 0.46 0.46 0.41 0.39 0.28 0.32 0.31 0.32 0.33 0.34 0.38 0.43 0.46 0.34 0.33 0.31 0.26 0.23
缄打
CO
04/22 0.23 0.32 0.31 0.27 0.25 0.3 0.33 0.35 0.32 0.22# 0.2 0.19 0.2 0.21 0.19 0.22 0.24 0.25 0.24 0.25 0.24 0.41 0.28 0.2
缄打
CO
04/23 0.18 0.11 0.11 0.11 0.13 0.15 0.23 0.24 0.24 0.21 0.24 0.2 0.18 0.16 0.16 0.16 0.24 0.31 0.27 0.27 0.26 0.23 0.18 0.14
缄打
CO
04/24 0.13 0.12 0.12 0.12 0.12 0.13 0.15 0.15 0.14 0.14 0.14 0.15 0.19 0.19 0.16 0.15 0.19 0.26 0.25 0.2 0.22 0.19 0.17 0.14
缄打
CO
04/25 0.13 0.13 0.12 0.12 0.12 0.13 0.15 0.2 0.22 0.2 0.2 0.2 0.22 0.19 0.18 0.2 0.23 0.25 0.28 0.26 0.27 0.33 0.22 0.18
缄打
CO
04/26 0.15 0.13 0.13 0.13 0.14 0.16 0.2 0.26 0.21 0.16 0.2 0.24 0.28 0.27 0.29 0.29 0.31 0.32 0.33 0.31 0.32 0.29 0.32 0.29
缄打
CO
04/27 0.27 0.28 0.36 0.36 0.32 0.33 0.37 0.37 0.36 0.36 0.34 0.32 0.31 0.3 0.31 0.29 0.27 0.25 0.25 0.25 0.25 0.25 0.23 0.23
缄打
CO
04/28 0.22 0.22 0.23 0.23 0.23 0.23* 0.24 0.25 0.25 0.28 0.27 0.27 0.25 0.25 0.25 0.27 0.25 0.26 0.3 0.29 0.28 0.32 0.32 0.32
缄打
CO
04/29 0.3 0.27 0.23 0.23 0.23 0.22 0.25 0.4 0.33 0.24 0.24 0.24 0.24 0.2 0.22 0.2 0.18 0.21 0.19 0.19 0.21 0.46 0.27 0.25
缄打
CO
04/30 0.21 0.17 0.17 0.15 0.14 0.13 0.16 0.15 0.15 0.16 0.16 0.17 0.17 0.16 0.17 0.23 0.25 0.3 0.29 0.29 0.24 0.22 0.19 0.15
缄打
CO
菏代~るG2019/05A 代浮G皑そA 代兜GCO]ppm^
缄打
CO
ら戳 00 01 02 03 04 05 06 07 08 09 10 11 12 13 14 15 16 17 18 19 20 21 22 23
缄打
CO
05/01 0.14 0.1 0.11 0.11 0.11 0.12 0.14 0.26 0.32 0.33 0.33 0.36 0.4 0.38 0.37 0.4 0.42 0.42 0.38 0.35 0.29 0.27 0.24 0.22
缄打
CO
05/02 0.18 0.19 0.2 0.26 0.3 0.33 0.37 0.38 0.39 0.37 0.35# 0.35 0.38 0.33 0.3 0.28 0.3 0.32 0.3 0.31 0.31 0.32 0.27 0.25
缄打
CO
05/03 0.25 0.25 0.24 0.24 0.23 0.21 0.21 0.23 0.24 0.21 0.2 0.18 0.18 0.16 0.16 0.18 0.19 0.18 0.18 0.17 0.16 0.17 0.15 0.14
缄打
CO
05/04 0.14 0.13 0.13 0.14 0.14 0.15 0.15 0.17 0.17 0.24 0.19 0.19 0.19 0.19 0.19 0.2 0.21 0.23 0.23 0.23 0.22 0.19 0.2 0.2
缄打
CO
05/05 0.19 0.23 0.24 0.23 0.24 0.25 0.26 0.28 0.27 0.27 0.28 0.3 0.31 0.28 0.29 0.26 0.26 0.26 0.26 0.26 0.24 0.24 0.23 0.24
缄打
CO
05/06 0.25 0.22 0.22 0.22 0.2 0.2 0.21 0.27 0.28 0.25 0.21 0.2 0.22 0.21 0.17 0.17 0.17 0.18 0.16 0.15 0.15 0.16 0.16 0.15
缄打
CO
05/07 0.16 0.14 0.14 0.14 0.13 0.12 0.13 0.14 0.15 0.14 0.12 0.12 0.14 0.12 0.12 0.11 0.13 0.14 0.14 0.12 0.12 0.12 0.12 0.11
缄打
CO
05/08 0.1 0.15 0.15 0.16 0.16 0.16 0.16 0.19 0.21 0.2 0.2 0.2 0.21 0.2 0.19 0.2 0.22 0.25 0.24 0.23 0.22 0.23 0.19 0.18
缄打
CO
05/09 0.18 0.15 0.15 0.14 0.15 0.16 0.17 0.24 0.25 0.21 0.22 0.2 0.21 0.2 0.18 0.18 0.19 0.2 0.2 0.18 0.19 0.2 0.17 0.16
缄打
CO
05/10 0.17 0.14 0.13 0.13 0.13 0.15 0.16 0.19 0.24 0.2 0.19 0.18 0.2 0.19 0.18 0.2 0.2 0.23 0.24 0.26 0.2 0.18 0.16 0.15
缄打
CO
05/11 0.14 0.15 0.15 0.15 0.14 0.15 0.15 0.17 0.17 0.17 0.17 0.2 0.18 0.18 0.17 0.15 0.15 0.17 0.17 0.18 0.18 0.17 0.16 0.16
缄打
CO
05/12 0.16 0.17 0.17 0.17 0.18 0.18 0.18 0.19 0.23 0.22 0.23 0.21 0.19 0.19 0.21 0.19 0.19 0.23 0.28 0.24 0.26 0.35 0.24 0.22
缄打
CO
05/13 0.19 0.12 0.12 0.13 0.13 0.15 0.15 0.18 0.18 0.17 0.17 0.18 0.18 0.17 0.17* 0.19 0.22 0.22 0.2 0.27 0.26 0.36 0.27 0.23
缄打
CO
05/14 0.19 0.21 0.21 0.2 0.22 0.22 0.27 0.23 0.24 0.22 0.23 0.2 0.21 0.21 0.22 0.2 0.21 0.2 0.21 0.23 0.28 0.27 0.24 0.2
缄打
CO
05/15 0.17 0.14 0.14 0.14 0.16 0.19 0.25 0.23 0.24 0.23 0.17# 0.25 0.27 0.16 0.15 0.19 0.24 0.28 0.26 0.25 0.25 0.19 0.12 0.11
缄打
CO
05/16 0.11 0.08 0.08 0.08 0.09 0.11 0.13 0.17 0.21 0.18 0.2 0.17 0.15 0.12 0.13 0.14 0.18 0.25 0.24 0.23 0.25 0.27 0.19 0.13
缄打
CO
05/17 0.1 0.09 0.09 0.08 0.09 0.1 0.11 0.17 0.19 0.17 0.17 0.18 0.18 0.16 0.15 0.18 0.19 0.24 0.26 0.24 0.19 0.18 0.14 0.1
缄打
CO
05/18 0.09 0.08 0.08 0.08 0.09 0.1 0.11 0.14 0.13 0.11 0.11 0.11 0.1 0.12 0.12 0.15 0.18 0.23 0.22 0.2 0.19 0.19 0.16 0.12
缄打
CO
05/19 0.11 0.09 0.09 0.09 0.09 0.11 0.15 0.17 0.17 0.17 0.17 0.15 0.16 0.12 0.16 0.17 0.23 0.2 0.19 0.22 0.2 0.18 0.14 0.11
缄打
CO
05/20 0.1 0.12 0.13 0.13 0.12 0.13 0.16 0.22 0.25 0.18 0.16 0.16 0.17 0.23 0.37 0.46 0.39 0.4 0.28 0.28 0.27 0.26 0.24 0.24
缄打
CO
05/21 0.24 0.24 0.24 0.23 0.21 0.22 0.22 0.24 0.26 0.24 0.24 0.23 0.24 0.24 0.25 0.25 0.27 0.31 0.32 0.27 0.27 0.29 0.26 0.22
缄打
CO
05/22 0.21 0.16 0.16 0.16 0.15 0.16 0.16 0.19 0.2 0.16 0.16 0.17 0.2 0.18 0.18 0.16 0.21 0.22 0.25 0.25 0.26 0.22 0.23 0.22
缄打
CO
05/23 0.2 0.21 0.21 0.2 0.23 0.23 0.19 0.26 0.32 0.32 0.32 0.31 0.33 0.28 0.28 0.29 0.3 0.35 0.32 0.34 0.37 0.46 0.42 0.36
缄打
CO
05/24 0.33 0.22 0.21 0.21 0.21 0.2 0.2 0.25 0.28 0.25 0.24 0.2 0.23 0.19 0.19 0.21 0.21 0.31 0.34 0.32 0.3 0.31 0.29 0.25
缄打
CO
05/25 0.2 0.21 0.21 0.2 0.2 0.21 0.23 0.21 0.21 0.21 0.2 0.21 0.21 0.2 0.19 0.2 0.2 0.26 0.27 0.29 0.29 0.32 0.32 0.29
缄打
CO
05/26 0.26 0.24 0.23 0.24 0.24 0.28 0.38 0.37 0.34 0.32 0.32 0.3 0.32 0.28 0.27 0.29 0.32 0.37 0.36 0.39 0.42 0.31 0.24 0.2
缄打
CO
05/27 0.17 0.13 0.12 0.12 0.13 0.14 0.14 0.21 0.25 0.22 0.25 0.25 0.2 0.16 0.16 0.2 0.24 0.25 0.25 0.28 0.28 0.29 0.18 0.15
缄打
CO
05/28 0.12 0.1 0.1 0.1 0.12 0.14 0.16 0.19 0.15 0.12 0.13 0.11 0.13 0.19 0.17 0.15 0.15 0.21 0.22 0.19 0.18 0.16 0.16 0.15
缄打
CO
05/29 0.15 0.18 0.18 0.17 0.16 0.16 0.17 0.2 0.2 0.2 0.2 0.18 0.18 0.18 0.17 0.17 0.19 0.22 0.21 0.2 0.21 0.19 0.18 0.16
缄打
CO
05/30 0.15 0.13 0.13 0.13 0.14 0.14 0.15 0.2 0.22 0.2 0.17 0.18 0.2 0.16 0.17 0.16 0.19 0.24 0.26 0.24 0.24 0.23 0.2 0.19