]
O3
01/01 28 27 28 29 30 29 29 25 28 30 31 31 33 34 33 32 30 28 26 25 25 26 28 29
]
O3
01/02 30 31 31 31 31 29 27 25 23 22 23 24 24 26 21 23 20 12 9.7 8.1 8.8 6.8 5.7 9.1
]
O3
01/03 12 17 18 18 23 22# 20 15 12 12 16 20 21 20 21 21 16 14 8.9 8.2 6.2 3.5 2.9 1.9
]
O3
01/04 0 -0.1 -0.1 -0.1 -0.1 0.2# 0 1.1 1.6 6.7 18 20 32 27 21 19 19 17 18 16 10 8 5.9 5
]
O3
01/05 2.3 3.7 3.7 3.1 1.9 0.6 0 1.1 2.3 2.4 3.9 6.7 11 20 18 16 10 4.9 4.6 2.7 1.3 1 0.8 1.5
]
O3
01/06 8 7.7 7.6 6.5 6.6 6.4 7.4 8.1 8.9 14 19 24 29 29 30 31 26 23 21 19 17 15 16 15
]
O3
01/07 7 9.3 6.8 4.5 4.3 0.2 0.5 1.2 4 12 17 22 33 42 45 42 32 27 25 25 26 25 24 22
]
O3
01/08 22 30 29 28 29 26 23 18 19 20 20 23 26 27 28 27 24 21 18 17 15 12 21 25
]
O3
01/09 27 29 30 31 30 28# 25 17 17 21 21 26 31 36# 295# 25x 26# 19 16 11 7.6 5.2 3.4 0
]
O3
01/10 -0.1 -0.2 0 0.5 0 0.1 -0.1 0.4 0.7 5.9 0# 18x 19# 23 24 23 19 12# 15 16 15 16 7.8 3.7
]
O3
01/11 5.9 4.7 4 4.7 2.3 0.5 0 0.8 2.5 9.7 14# 69# 12# 8.9 11 8.5 7.7 5.4 6.5 2.6 1.2 -0.2 -0.1 -0.1
]
O3
01/12 -0.2 0.1 -0.2 -0.1 0 1 0 0.9 1.8 3.8 NA 12 21 31 31 17 13 5.5 4.6 5.5 6.5 7.2 9.3 8.8
]
O3
01/13 6.5 7.3 11 14 19 21 21 17 18 19 20 22 24 26 25 22 21 19 18 19 16 18 19 19
]
O3
01/14 21 24 27 28 28 29 26 22 24 26 28 30 38 45 22# 35 32 23 19 12 13 10 7.5 17
]
O3
01/15 22 28 32 30 24 17 11 4 12 12 14 22 30 30 29 34 32 29 27 30 31 34 33 32
]
O3
01/16 34 35 35 36 39 39 37 31 28 27 28 31 29 29 27 27 26 24 19 19 18 20 24 24
]
O3
01/17 26 27 30 31 32 31 30 27 26 28 30 29 29 29 29 27 27 22 24 23 24 29 33 31
]
O3
01/18 32 35 35 34 29 7.2 1.2 1.7 11 13 19 30 37 43 48 48 40 21 14 6.8 15 18 13 14
]
O3
01/19 22 25 25 33 34 28 27 24 21 20 27 40 41 42 42 41 38 30 24 18 14 7.3 1.1 0
]
O3
01/20 3.5 11 20 23 25 18 12 6.9 7.2 13 22 26 35 34 28 26 23 22 21 23 29 33 38 39
]
O3
01/21 40 39 40 40 38 35 34 28 26 26 26 25 28 30 24# 28 24 20 20 23 23 28 30 29
]
O3
01/22 33 32 34 37 38 38# 35 29 32 34 33 32 33 35 34 33 33 30 27 28 32 36 39 40
]
O3
01/23 41 32 29 29 19 17 3.6 2.1 9.8 26 31 37# 47 56 49 47 36 31 27 27 22 19 4.6 1.4
]
O3
01/24 0.6 0.2 0.7 0.9 0.1 0.1 0 0.6 8.1 28 45 53 55 49 52 51 46 28 21 14 6 4.7 0.2 -0.1
]
O3
01/25 0 0.1 -0.2 0 0 0.2 0.1 1.4 5.1 18 26 37 54 61# 61 57 57 48 38 31 27 26 20 30
]
O3
01/26 40 41 43 44 47 44 38 38 39 37 41 40 41 43 44 42 39 35 35 36 36 35 34 33
]
O3
01/27 32 33 34 34 34 33 32 32 31 33 34 36 38 38 38 37 33 28 24 21 16 12 9 1.2
]
O3
01/28 2.7 2.5 1 -0.1 0.1 0.2 0.1 2.3 5.7 18 24 24 33 37 35 34 31 27 28 23 14 4.5 3.6 -0.1
]
O3
01/29 0 0.6 1.1 2.5 0.7 0.3 0.7 1.1 5.5 16 24 33 40 39 40 32 31 31 28 28 25 14 10 20
]
O3
01/30 4.9 0.8 6.9 18 22 13 22 20 20 20 25 30 39 42 39 37 24 12 6.4 1 3.6 5.5 8.5 8.2
]
O3
01/31 6.2 10 9.2 4.7 4.9 5.8 1.3 2.8 9.9 9.3 22 36 47 55 54 58 45 39 39 27 21 31 38 41
]
O3
菏代~るG2019/02A 代浮G]摺A 代兜GO3]ppb^
]
O3
ら戳 00 01 02 03 04 05 06 07 08 09 10 11 12 13 14 15 16 17 18 19 20 21 22 23
]
O3
02/01 39 37 38 37 37 35 33 31 27 28 28 29 30 30 30 28 27 23 19 13 13 11 11 6.2
]
O3
02/02 0.8 3.7 0.7 6.1 7.3 10 5.7 5.4 15 25 27 35 40 40 43 43 37 37 37 36 31 22 10 3.6
]
O3
02/03 0.2 0.7 1.8 5.1 1.3 7.4# 6.7 3.7 8.3 34 47 48 53 58 58 51 46 38 33 28 22 9.7 1.6 0.8
]
O3
02/04 2.6 7.8 2.9 1.4 1.2 13 12 12 19 21 17 28 31 33 31 23 24 23 22 23 23 23 24 25
]
O3
02/05 27 27 28 30 31 29 27 26 25 25 25 26 31 30 33 34 33 34 33 25 23 21 25 22
]
O3
02/06 19 16 10 5.5 7.3 8.3 1.9 4.5 9.6 23 28 31 41 45 45 42 38 37 37 34 28 17 12 11
]
O3
02/07 10 4.7 9.8 12 6 12 15 8.3 13 27 35 38 41 31# 37 47 43 36 29 22 26 32 29 26
]
O3
02/08 26 24 22 22 25 25 26 24 26 27 27 28 30 30 29 28 27 24 23 20 20 20 22 20
]
O3
02/09 19 17 14 13 14 11 9.5 11 14 14 12 14 16 20 21 19 19 19 21 21 20 20 22 23
]
O3
02/10 22 24 25 27 28 27 26 25 24 23 24 24 25 25 27 27 27 26 24 23 22 20 18 17
]
O3
02/11 19 20 21 24 25 28 26 22 21 21 24 25 25 26 25 24 22 19 18 15 16 13 13 12
]
O3
02/12 12 15 15 13 15 16 13 10 9.2 10 16 20 27 33 39 35 29 27 26 23 17 17 16 15
]
O3
02/13 12 7.9 6.4 6.2 8.6 15 13 12 13 15 16 20 21 25 32 26 21 18 22 21 17 19 21 20
]
O3
02/14 21 17 13 14 13 13 17 9.7 19 20 21 24 26 27 28 26 22 21 23 22 23 22 21 22
]
O3
02/15 19 18 18 17 16 11 4.5 2.5 9.4 20 27 36 45 44 43 41 40 40 35 34 31 24 20 18
]
O3
02/16 13 9 4.9 3.9 3.1 3 3.5 7.5 13 15 16 19 21 26 27 25 24 23 18 15 20 24 25 25
]
O3
02/17 24 25 27 31 30 26 24 25 29 29 30 31 34 32 32 30 29 25 23 21 19 18 18 18
]
O3
02/18 12 11 15 17 16 13 6.6 7.4 11 20 23 18 26 28 27 25 24 22 16 15 13 10 10 9.8
]
O3
02/19 16 29 24 22 15 12 5 1 2.3 4.8 15 14 17 22 27 25 24 23 18 15 6.6 0.9 2.8 0
]
O3
02/20 0.2 0 -0.1 -0.1 0.1 1 0.4 0.7 2.8 14 24 35 35# 38# 22 25 24 19 13 8.6 4.1 2.6 1.7 0.9
]
O3
02/21 0.8 0.1 0.2 0.4 0.1 2.7 6.6 6.7 8.7 10 17 20 24 37 39 32 25 19 23 27 22 17 12 14
]
O3
02/22 24 23 14 13 14 16 26 23 23 26 24 22 24 24 27 26 26 26 27 26 25 29 32 34
]
O3
02/23 36 37 35 33 33 32 31 30 31 34 36 33 31 29 29 29 29 28 30 25 27 28 28 26
]
O3
02/24 25 25 24 23 25 25 23 23 20 20 22 25 28 27 26 28 26 24 25 24 30 30 31 32
]
O3
02/25 32 33 33 33 33 26 25 21 24 28 29 30 36 42 46 44 32 27 24 27 28 29 31 28
]
O3
02/26 33 33 32 30 32 30 27 24 30 30 32 34 38 36 38 41 37 30 30 26 19 13 8.6 8.6
]
O3
02/27 4.7 4.9 6.5 2.8 22 20 19 1.7 6.2 7.4 16 28 43 46 50 44 42 38 39 24 18 16 10 1.1
]
O3
02/28 5.9 1.2 9 9.2 23 18 15 14 16 17 27 27 27 27 28 28 28 27 18 23 25 28 26 24
]
O3
菏代~るG2019/03A 代浮G]摺A 代兜GO3]ppb^
]
O3
ら戳 00 01 02 03 04 05 06 07 08 09 10 11 12 13 14 15 16 17 18 19 20 21 22 23
]
O3
03/01 22 24 24 24 24 22 20 18 21 24 26 30 38 47 42 41 38 31 29 22 21 18 16 16
]
O3
03/02 16 21 19 18 22 18 16 14 14 15 21 39 43 45 46 43 37 36 25 19 5.8 7.3 5.8 4.7
]
O3
03/03 6.5 2.7 2.3 10 7 2 0.9 2.4 4.8 11 34 30 29 36 36 32 22 23 7.6 8.3 21 20 16 14
]
O3
03/04 11 12 11 21 23 26 20 17 26 29 35 43 51# 49 50 46 44 35 31 25 21 19 19 16
]
O3
03/05 12 15 15 12 11 5.6 4.4 2.9 3.8 17 36 31 38 33 45 46 42 36 36 37 32 24 19 28
]
O3
03/06 27 21 17 18 27 16 18 9.4 14 19 23 24# 20 23 27 29 27 31 32 28 30 30 29 28
]
O3
03/07 36 42 41 40 38 41 43 41 39 40 40 40 42 43 44 48 45 42 46 46 47 45 46 47
]
O3
03/08 47 48 45 43 42 38 35 27 24 23 25 23 20 26 25 19 18 17 19 14 11 4.2 6.6 3.1
]
O3
03/09 3.7 8.9 11 12 14 8.5 7.2 8.9 8.8 7.9 12 14 17 15 13 10 15 18 15 23 31 16 8.6 4
]
O3
03/10 6 28 35 33 34 35 32 24 23 23 28 24 23 22 18 20 17 17 16 15 17 16 13 14
]
O3
03/11 11 14 21 38 42 40 34 28 23 21 23 26 32 34 33 31 29 24 20 16 15 14 14 16
]
O3
03/12 12 6.1 3.1 0.2 -0.1 1.9 0.6 2.6 6 19 22 53 71 72 59 63 60 53 42 27 20 21 21 28
]
O3
03/13 27 30 44 20 17 15 5 10 18 36 42 55 62 61 69 69 67 56 42 28 27 18 24 28
]
O3
03/14 28 22 15 14 18 13 7.1 5.7 11 34 38 41 48 50 50 51 48 46 42 40 39 40 38 36
]
O3
03/15 36 39 40 39 41 41 39 34 33 35 42 47 52 51 49 49 48 50 48 41 37 38 39 42
]
O3
03/16 43 39 30 24 25 19 16 7.7 8.2 7.8 10 20 35 34 34 25 29 24 22 14 5.7 3.6 3.9 0.7
]
O3
03/17 2.1 2.4 9.3 18 17 7.7 7.1 2.3 2.1 3.3 13 24 41 43 42 49 50 43 39 34 25 15 6.1 4.4
]
O3
03/18 8.8 7.2 9 12 12 12 23 31 29 31 32 30 37 41 45 41# 43 35 25 13 14 12 11 4.8
]
O3
03/19 0 0.4 2.6 0.5 0.9 0.1 0.2 1.1 9.3 24 38 42 52 55 53 44 37 30 18 9.6 2.1 11 18 21
]
O3
03/20 15 10 11 9.4 12 5.4 3.1 4.3 17 25 30 42 51 58 61 59 51 40 35 30 24 16 12 11
]
O3
03/21 10 8.6 6.9 5.6 6.3 4.6 6.3 10 19 28 32 45 48 45 40 38 29 21 12 8 6.6 4.7 10 5.8
]
O3
03/22 2.9 2 4.6 17 20 17 20 21 23 26 32 36 36 36 35 34 29 23 23 21 22 26 26 28
]
O3
03/23 32 29 29 30 31 35 32 30 31 32 30 31 33 32 33 32 31 31 34 37 36 39 42 42
]
O3
03/24 42 41 38 39 37 37 35 33 31 25 20 16 20 17 17 22 14 8.5 5.9 8.4 8.5 3.2 0.6 0.7
]
O3
03/25 0.5 0.5 0.4 0.5 4.6 11 8.2 8 4.7 25 20 21 41 37 35 29 19 15 15 19 15 14 15 14
]
O3
03/26 14 18 28 30 29 30 25 20 28 27 28 36 49 48 48 42 43 35 29 23 7.9 4.3 4.9 6.8
]
O3
03/27 9.3 9.3 3.1 9.5 9.5 4.2 2.2 15 32 32 41 50 53 56 49 46 43 41 41 36 35 30 27 32
]
O3
03/28 28 27 25 25 25 23 20 25 24 26 33 37 43 45 40 34 32 23 27 24 20 18 17 16
]
O3
03/29 15 16 18 20 16 16 16 14 17 20 27 31 34 37 37 38 37 36 36 33 32 36 37 41
]
O3
03/30 41 33 32 31 26 22 19 24 28 35 40 45 50 50 49 53 47 39 33 28 27 25 26 24
]
O3
03/31 23 25 30 39 41 40 42 44 44 44 39 53 58 57 53 49 45 43 40 39 39 37 38 38
]
O3
菏代~るG2019/04A 代浮G]摺A 代兜GO3]ppb^
]
O3
ら戳 00 01 02 03 04 05 06 07 08 09 10 11 12 13 14 15 16 17 18 19 20 21 22 23
]
O3
04/01 42 42 42 41 41 38 35 31 30 30 34 35 36# 36 35 37 34 30 31 31 30 27 24 25
]
O3
04/02 20 21 9.6 12 9.3 11 5.7 5.1 5.8 3.6 3.6 13 32 42 51 56 40 37 35 33 33 26 28 31
]
O3
04/03 38 35 34 29 29 33 27 27 27 30 29 29 30 28 32 32 39 33 25 18 10 4.4 3.3 2.9
]
O3
04/04 0.3 -0.1 0.1 2.3 2.9 4.3 5.5 7.6 23 34 36 41 44 43 41 41 42 40 36 36 35 31 27 28
]
O3
04/05 29 24 22 24 26 15 12 28 29 31 33 35 43 46 44 40 38 40 31 25 25 16 8.5 5
]
O3
04/06 5.8 0.4 1.7 0.8 2.3 7 3.4 10 27 35 39 50 46 45 51 56 57 49 38 30 18 15 34 39
]
O3
04/07 37 24 26 24 34 34 40 45 47 49 54 55 55 57 61 61 56 58 53 46 42 40 33 26
]
O3
04/08 26 24 10 12 16 15 4.4 16 19 34 44 53 55 56 53 51 47 37 38 33 26 20 14 14
]
O3
04/09 15 9.4 4.3 4.2 8.9 0.3 5.7 23 32 34 38 44 43 39 32 23 20 17 13 14 13 14 14 15
]
O3
04/10 13 12 10 9.2 10 14 17 14 14 18 23 28 30 30 25 25# 21 23 23 19 15 12 12 22
]
O3
04/11 23 24 23 21 21 23 23 17 16 21 26 30 39 40 39 35 32 29 26 27 28 26 22 24
]
O3
04/12 27 32 33 34 34 31# 31 32 33 39 44 45 46 46 46 43 37 31 29 28 25 25 26 24
]
O3
04/13 17 13 11 14 13 9.2 9.8 12 25 27 27 31 38 37 34 34 35 26 20 16 12 9 7.7 12
]
O3
04/14 13 13 11 9.1 7.4 7.2 7 9.4 16 27 40 45 45 44 42 44 38 33 35 32 33 33 31 45
]
O3
04/15 49 49 52 51 49 50 48 45 45 48 48 44 39 30# 32# 30# 30 28 28 26 24 24 25 23
]
O3
04/16 22 20 16 15 22 29 23 17 17 17 18 18 18 17 17 21 17 17 32 33 28 24 23 19
]
O3
04/17 13 19 19 20 30 32 28 29 33 40 46 55 56 54 56 56 51 45 37 31 23 8.7 17 20
]
O3
04/18 18 15 5.8 5.6 30 22 23 22 30 39 48 56 61 62 64 62 55 50 45 35 31 26 22 26
]
O3
04/19 19 19 17 17 18 20 33 37 NA NA 34# 38 40 43 41 49 45 40 30 28 20 12 15 7.5
]
O3
04/20 22 29 20 13 12 8.9 7.2 11 28 31 41 35 38 39 40 41 43 41 36 36 32 38 33 31
]
O3
04/21 29 25 28 43 43 35 32 27 24 23 24 24 25 27 23 21 24 22 21 20 18 23 24 22
]
O3
04/22 22 22 22 20 21 23 22 19 22 25 27 27 25 32 29 24 18 14 13 11 4 9.5 11 12
]
O3
04/23 22 24 13 9.2 8 7.3 8.3 11 17 28 37 41 47 48 34 28# 30# 19# 17# 15 12 10 13 16
]
O3
04/24 17 17 15 14 9.8 11 7.2 13 16 21 20 23 26 26 29 29 27 21 13 9.8 9.8 10 10 12
]
O3
04/25 4.7 7.7 3.2 3.6 8.5 11 13 16 21 28 35 41 42 31 34 35 32 28 19 18 19 11 9.4 9.1
]
O3
04/26 7.8 7.6 4.9 1.2 6 2.2# 4.1 9.4 20 30 44 53 57 62 62 47 41 35 35 30 27 21 16 15
]
O3
04/27 19 25 34 36 36 37 38 36 36 38 41 48 52 52 53 49 41 29 28 29 25 23 16 18
]
O3
04/28 16 13 14 18 13 6.1 6.5 17 31 31 33 33 37 41 47 42 40 38 29 21 16 14 10 6.8
]
O3
04/29 0.8 5.2 7.9 8.4 11 8.9 5.5 8 23 32 42 48 48# 32 34 38 32 34 33 25 20 16 14 15
]
O3
04/30 22 25 24 19 16 19 20 20 23 29 34 26 25 25 24 24 20 16 14 19 13 13 16 16
]
O3
菏代~るG2019/05A 代浮G]摺A 代兜GO3]ppb^
]
O3
ら戳 00 01 02 03 04 05 06 07 08 09 10 11 12 13 14 15 16 17 18 19 20 21 22 23
]
O3
05/01 15 17 15 17 16 26 32 30 31 31 30 30 30 31 31 28 24 23 27 29 29 32 29 32
]
O3
05/02 36 39 42 49 46 48 32 40 39 42 38 35 36 32 29 29 24 23 23 28 30 35 37 37
]
O3
05/03 36 36 34 36 44 48 46 41 41 45 50 57 60 58 53 54 54 47 42 38 33 29 24 9.9
]
O3
05/04 13 11 10 11 9.9 17 8.1 8.5 8.2 17 30 36 44 44 46 48 48 45 40 24 20 13 4.6 16
]
O3
05/05 23 10 8.3 9.7 9.2 15 16 22 25 33 39 48 54 58 60 58 52 42 34 30 28 22 17 14
]
O3
05/06 9 6.4 7.2 17 15 20 18 20 17 20 17 23 24 28 26 31 33 30 31 37 38 37 35 35
]
O3
05/07 35 36 37 40 40 42 39 38 40 40 41 40 42 42 42# 40 39 36 34 36 39 36 34 31
]
O3
05/08 23 21 19 19 22 15 12 9.5 10 17 18 21 22 26 34 32 29 28 26 24 20 20 19 20
]
O3
05/09 17 16 14 13 12 11# 9.1 9.9 13 16 24 26 28 30 30 26 18 16 16 16 14 12 14 12
]
O3
05/10 9.2 11 15 12 10 8.4# 14 17 20 20 23 26 28 42 45 49 44 45 41 30 21 18 19 20
]
O3
05/11 21 19 17 18 14 11 13 15 17 23 35 42 46 47 44 42 37 28 25 16 16 14 12 8.4
]
O3
05/12 9.1 7.6 3.3 3.8 5.3 1.2 3.1 15 26 33 40 42 46 45 47 44 37 30 27 20 15 14 6.6 8.3
]
O3
05/13 6.7 12 7.3 3.3 4.4 8.9 8.9 10 22 29 31 34# 41 48 47 44 41 32 26 17 18 8.7 9.1 4.6
]
O3
05/14 5.6 5 8.4 8.8 7.9 10# 9.8 13 15 20 31 41 44 39 31 27 26 18 15 12 16 14 13 14
]
O3
05/15 16 14 16 11 3.5 8.2 3.7 9.5 19 24 31 32 30 30 29 28 21 18 20 16 18 21 23 18
]
O3
05/16 12 11 15 16 18 19# 16 16 18 20 22 22 20 18 17 17 17 16 17 18 17 13 11 10
]
O3
05/17 9 10 11 12 13 14# 16 15 13 11 14 18 19 18 18 18 18 14 14 13 7.2 9.7 13 13
]
O3
05/18 13 13 13 12 12 14 14 12 9.3 11 16 17 21 22 27 20 15 13 14 12 8.9 17 22 21
]
O3
05/19 26 21 19 18 18 18# 18 17 19 20 23 27 24 23 26 23 22 20 19 18 17 17 12 12
]
O3
05/20 13 13 15 18 16 17 17 17 18 20 22# 44 38 41 31 33 30 29 29 30 41 40 44 45
]
O3
05/21 43 39 29 42 42 47 46 51 56 60 58 48 38 37 47 44 41 46 44 38 37 30 30 24
]
O3
05/22 16 20 18 11 8.1 5.9 5.9 6.3 14 26 35 40 50 60 70 63 61 52 44 39 35 39 34 38
]
O3
05/23 21 21 20 17 20 42# 48 42 38 40 40 46 47 46 47 51 69 72 48 40 37 27 22 22
]
O3
05/24 16 15 19 2.8 5.7 2.5# 4.4 9.9 27 36 53 69 71 73 70 63 61 59 51 45 49 45 41 46
]
O3
05/25 37 33 17 13 16 9 11 22 27 33 40 38 39 38 37 40 37 36 32 26 13 8.8 12 12
]
O3
05/26 9.6 11 9.5 3 7.2 7# 9.4 17 34 39 44 44 42 44 41 38 38 32 29 28 23 16 16 17
]
O3
05/27 19 21 21 17 14 20 19 11 17 24 26 26 21 22 29 40 30 21 19 8.4 4 1 1.2 5.8
]
O3
05/28 11 7.7 4.2 3.9 3.3 8.5 1.1 2.7 7.1 3.4 12 9.2 12 18 21 22 27 28 28 27 29 29 31 32
]
O3
05/29 32 36 35 35 36 35# 34 32 32 35 37 37 41 42# 38 44 43 39 39 39 38 35 31 33
]
O3
05/30 35 29 32 36 38 34 26 28 24 23 35 49 60 53 46 45 44 41 37 32 27 24 24 25