]
SO2
01/01 2.7 2.3 2.1 2 1.9 1.8 2 2.5 2 1.9 1.9 2.1 1.8 1.8 1.9 2 1.8 1.8 1.9 2.3 2.2 2.3 2.2 2.2
]
SO2
01/02 2.2 1.6 1.7 1.5 1.4 2 1.7 1.6 1.9 1.9 1.8 1.4 1.6 1.6 1.7 1.8 1.6 2 2.5 3 3 2.9 3 2.8
]
SO2
01/03 1.9 2.5 3.1 3 2.6 2.6 3 3 4.1 4.6 3.6 2.7 2.2 2.6 2.6 2.6 3 3.5 3.1 3.1 4.1 3.5 2.6 2.5
]
SO2
01/04 2.3 2.3 2.3 2.5 2.3 2.1 1.9 2.1 2.4 2.6 2.5 3.6 3.5 2.6 2.4 2.6 2.1 1.8 2 2.3 2.4 2.1 2 2.8
]
SO2
01/05 2.2 2.2 2.1 2 1.7 1.8 2 2.1 1.8 2.1 2.2 1.9 2.8 2.4 3.3 5.3 4.5 4.4 3.4 3.6 3.6 2.9 3.2 2.3
]
SO2
01/06 2 1.7 1.3 1.5 1.6 2.1 1.6 1.6 1.7 1.7 2 1.8 2 2.1 2 1.9 2.2 2.3 2.9 2.5 2.3 2.7 2.2 2.3
]
SO2
01/07 3.6 3.6 3.3 4.5 3 2.3 2.4 2.8 4.8 4.8 6.9 4.8 3.6 2.7 3.1 2.6 3.1 3.5 3.6 2.5 2.8 2.8 2.2 2.1
]
SO2
01/08 2.4 1.9 2.1 2.5 2 2.1 2.4 2.4 2.2 2.2 2.3 2.4 2.4 2.6 2.5 3 3 2.5 3 3.2 3.9 5.1 2.7 2.1
]
SO2
01/09 1.7 1.4 1.2 1.3 1.2 1.2 1.3 2 1.7 1.4 1.7 2.2 3.1 2.9 2.6 3.8# 5# 3.8 3 4.4 2.7 3.3 3.5 2.4
]
SO2
01/10 2.5 2.4 2.3 2.3 2.3 2.4 2.4 2.8 3.2 4.1# 3.9 2.6 3.2# 3.4 2.3 1.8 1.8 2.1 2 2.3 2 2.1 2.7 2.7
]
SO2
01/11 2.4 2.1 1.6 1.8 1.9 1.6 1.8 2.1 2.8 3.2 3.2# 46# 3.6# 4 2.3 3.2 2.9 3.6 2.5 2.4 2.1 2 1.9 1.9
]
SO2
01/12 2.4 2.1 2.5 1.9 2.5 2.7 2.9 3.7 3.3 2.9 NA 4.5 3.3 2.2 2 3.2 2.8 2.8 3.2 3.2 3.1 2.7 2.3 2.5
]
SO2
01/13 3 3.3 4.1 3.6 3.3 3.6 2.9 3.7 3.6 3.3 3 3.1 3.2 2.8 2.8 2.8 3.1 3 3 2.9 3.6 3 3.1 2.7
]
SO2
01/14 2.9 2.5 2.4 2.4 2.5 2.5 2.5 2.5 1.9 2.3 1.9 2.3 2.7 3.1 2.9 2.3 2.4 2.2 2.6 4.1 3.1 3.5 3.1 2.7
]
SO2
01/15 2.3 1.5 1.9 2.1 2.4 2.4 2.9 4.2 3 4.1 4.4 3.1 2.4 3.7 3.5 2 1.7 1.6 2.1 1.9 1.7 1.6 1.8 1.9
]
SO2
01/16 1.7 2.2 2.2 2.1 2 1.6 1.5 1.8 2 2.1 1.7 1.8 2 2 2.2 1.9 1.6 1.7 2 2.3 1.8 2.1 1.7 1.7
]
SO2
01/17 1.5 2.1 2 2 1.9 2.2 2.1 2.7 2.5 2.5 2.7 2.8 2.6 2.6 2.6 2.7 2.7 3.2 3.3 3.3 3.2 3.4 3.4 3.4
]
SO2
01/18 2.9 2.3 2 2 1.9 1.3 1.3 1.5 1.7 1.5 2.4 2.5 2.7 2.8 2.3 2.3 3.3 5.4 3.6 2.7 2 1.8 1.9 1.9
]
SO2
01/19 2.2 2.4 2.4 2.3 2.2 2.1 2.3 3 3.8 7.9 6.6 5.4 5.2 5.6 5.2 6.3 5.9 6.6 5 5.8 3.9 3.1 2.7 2.3
]
SO2
01/20 2 3.1 4.6 5.3 4.9 5.2 5.1 6 6.5 5.5 5.1 5.6 2.9 3.8 3.5 3 3 3.2 2.9 2.8 3 2.8 2.6 2.4
]
SO2
01/21 2.1 1.9 2.1 2 2 2.1 2.2 2.2 2.3 2.4 2.4 2.3 2.2 2.1# 2.1 1.8 1.9 2.2 2.6 2.5 2.9 2.2 2.3 2.4
]
SO2
01/22 1.8 2.4 2.2 2.1 2.3 2.8 3.1 3.3 2.9 3.1 3.2 3.6 3.2 3.5 3.8 3.2 3.3 3.9 4 4 3.4 3.9 4.7 4.6
]
SO2
01/23 5 5.9 5.9 5.3 3 2.7 2.2 2.4 5 7.4 4.6 5.3# 5 3.3 5.2 4.4 5 4.5 5.6 5.5 6.6 3.6 2.4 2.3
]
SO2
01/24 2.5 1.5 1.4 1.4 1.5 1.5 2.1 2.1 6.1 6.7 2.7 2.5 2.9 5 3.4 3.3 3.3 6.8 5.4 4.7 3.9 4.8 2.2 2.1
]
SO2
01/25 2 2.3 2.2 2.4 2.1 2.2 2.4 2.5 2.9 4.6 6.1 5 4# 3.1 2.9 4.1 3 2.6 3.7 4.1 4.3 4.9 4.9 4.2
]
SO2
01/26 4 4.5 4 3.7 3.5 3.5 3.4 3.1 2.6 2.5 2 2.6 2.6 2.5 2.6 2.6 2.1 2.2 2.3 2.3 2.4 2.5 2.6 2.5
]
SO2
01/27 2.6 2.3 2.2 2.3 2.3 2.5 2.5 2.7 2.8 2.5 2.3 2.2 1.9 1.7 2 1.9 2.1 2.9 3.3 4 2 5.9 3.9 2.3
]
SO2
01/28 1.9 1.3 1.2 1.2 1.1 1.2 1.4 1.3 1.5 2.5 3.4 5.9 4.7 3.6 4.1 4.3 3.5 2.5 2.2 2 3.1 1.8 2.1 2.4
]
SO2
01/29 2 1.5 1.3 1.2 1.2 1.2 1.2 1.5 4.8 3.9 2.9 3.6 4.3 3.9 3.1 5.8 4.4 2.1 2.9 2.4 1.7 1.6 1.6 1.9
]
SO2
01/30 1.3 2.2 2.3 2 3.1 2.5 2.4 2.7 3.6 4.5 4 3.1 2.8 2.5 4.7 7 9.1 9 7.7 5.4 3.6 2.6 2.3 2.1
]
SO2
01/31 2.6 1.1 1.1 1.2 1.9 2.1 2.1 2.5 4.1 4.2 3.9 4.1 3.2 3.1 3.2 3.3 4.6 3.8 3.1 4.1 3.6 2.5 1.9 1.3
]
SO2
菏代~るG2019/02A 代浮G]摺A 代兜GSO2]ppb^
]
SO2
ら戳 00 01 02 03 04 05 06 07 08 09 10 11 12 13 14 15 16 17 18 19 20 21 22 23
]
SO2
02/01 1.4 2.5 2.3 2.4 2.3 2.3 2.4 2.6 2.9 2.8 2.9 2.7 2.5 2.7 2.6 2.1 2 2.6 3.1 4.4 2.4 4.8 3.9 2.8
]
SO2
02/02 2.3 1.7 1.3 1.4 1.5 1.4 1.4 1.4 1.8 3.7 6.2 4.1 3.1 4.8 4.8 2.9 4.7 3.1 2.3 2.4 2 1.6 1.6 1.8
]
SO2
02/03 1.4 1.3 1.3 1.2 1.2 1.1 1.2 1.5 1.7 2 2.2 3.3 3.5 4.6 4 2.7 2.4 3.1 2.2 1.8 1.8 2.3 5.9 7.2
]
SO2
02/04 6.1 2.6 2.3 1.9 2.1 2.1 1.7 2.1 1.7 2.1 5 2.4 2.3 1.7 2.8 4.1 2.3 2 1.9 2.6 2.5 2.5 2.5 2.1
]
SO2
02/05 2 1.3 1.1 1 0.9 0.8 0.7 0.9 1.1 0.9 1.2 1.2 1 1 1.5 2.3 1.7 0.9 1.1 1 1.2 1 0.8 0.7
]
SO2
02/06 0.4 0.9 1 1 0.8 0.8 1.1 1.3 1.3 1.5 1.9 4.1 3.3 3.6 1.7 1.8 2.2 1.8 1.3 1.1 1.1 1.4 1.3 1.2
]
SO2
02/07 0.9 1.8 1.6 1.6 1.8 1.8 2 2.2 2.3 3 1.8 1.6 1.6 1.4# 1.7 2.5 2.9 2.7 2.5 2.5 3.7 2.6 2.6 2.8
]
SO2
02/08 2.6 1.2 1.5 1.5 1.4 1.4 1.3 1.1 1.2 1.1 1 1.1 1.2 1.3 1.5 1.3 1 1.6 1.5 1.7 1.9 1.5 1.1 1.2
]
SO2
02/09 0.9 1.1 2 1.7 1.4 1.1 1 1.2 1.1 1.4 1.3 1.5 1.7 1.8 1.2 1.1 1.4 1.6 1.8 1.9 1.8 2 1.4 1.7
]
SO2
02/10 1.9 1.7 1.8 1.7 1.7 1.7 1.5 1.1 1.2 1.6 2.6 1.6 1.5 1.7 1.5 1.5 1.5 1.3 1.4 1.1 1.5 1.5 1.3 1.3
]
SO2
02/11 1.5 2.1 2.1 1.9 1.7 1.6 1.6 1.7 1.8 1.7 1.9 2.1 2.2 2.1 1.9 2.2 2.5 2.1 1.9 1.9 2.1 2.7 2.9 3.1
]
SO2
02/12 2.1 2.2 2 2 2.1 1.9 2 2.3 3 3.4 3.1 3.2 3.3 3.4 3.3 2.5 2.6 2.6 2.3 2.4 3.3 2.7 2.5 2.8
]
SO2
02/13 2.8 1.5 1.2 1.3 1.9 1.9 2.2 1.8 1.4 1.4 2.1 1.9 1.8 1.5 1.5 2.1 2.6 2.4 1.5 1.9 3.3 3 2.9 3.1
]
SO2
02/14 2.8 3.7 2.2 1.4 1.3 1.3 1.4 1.8 1.8 1.9 2.1 2.6 2.4 2.3 1.9 1.9 2.4 2.1 1.9 2.5 2.7 2.6 2.3 2.7
]
SO2
02/15 3.5 3 2.1 1.8 1.5 1.5 1.5 2.1 3.5 3.1 3.8 3.6 3.4 2.7 2.2 2.3 2.6 2.1 2.6 2.2 2.4 2.5 2.1 2.5
]
SO2
02/16 2.4 3 2.2 2.3 2 2.7 2.2 2.3 1.9 1.5 2.9 3.5 2.8 2.2 2.1 2.1 1.6 1.5 3.1 4 3 1.6 5.2 1.7
]
SO2
02/17 1.9 1.8 2 1.8 1.9 2.2 2.2 1.8 0.9 0.9 0.9 0.8 1 2.8 2.9 2.1 1.8 1.8 1.8 1.8 1.9 2.1 2.5 1.8
]
SO2
02/18 2 3.8 2.7 2.1 1.9 1.9 2 2 2.2 2.2 2.2 3.7 2.4 2.2 2.5 2.1 2.4 2.2 2.4 2.6 3.1 2.8 3 2.4
]
SO2
02/19 2.4 1.9 1.9 1.8 1.8 1.9 2 4.8 6.1 6.1 4.1 5.7 5.3 6.1 5.7 6.5 6.7 5.6 4.6 3.9 3.7 3.4 6.6 3.9
]
SO2
02/20 5.8 4.7 2.5 2.1 2.2 2 2.5 2.7 4.7 4.9 4.8 3.7 2.5# 2.2 2.4 2.3 2 2 1.9 2 3.5 2.3 3.8 2.4
]
SO2
02/21 2 2.7 2.3 2.3 2.2 2.4 2.4 2.7 2.4 2.7 3 4 4.3 2.9 2.6 2.4 2.8 2.9 3 2.3 2 2.1 3 2.4
]
SO2
02/22 2.3 1.9 1.6 1.7 1.7 1.7 2.3 3.2 2.6 1.9 2 2.2 2.1 2.1 2.1 2.1 1.9 1.8 1.7 1.7 1.7 1.5 1.7 1.7
]
SO2
02/23 2 2.2 2.2 2.3 1.8 1.6 1.5 1.7 1.8 1.4 1.8 1.8 1.7 1.7 1.8 1.6 1.6 1.8 1.8 1.8 1.6 1.7 1.7 1.6
]
SO2
02/24 2.5 0.8 1.2 1.9 1.1 1 1 1.3 1 1 1.1 1.2 1.1 1.2 0.8 1.1 0.8 1.3 1 1.1 1.3 1.3 0.9 1
]
SO2
02/25 0.4 1.5 1.5 1.5 1.5 1.3 1.7 1.8 1.6 1.6 2.2 2.5 2.4 1.9 1.9 2.1 2.7 2.7 2.2 1.7 1.7 1.7 2 2.4
]
SO2
02/26 1.7 2.2 2.1 2.2 2.2 2.1 2.4 2.5 1.6 1.6 1.4 1.6 1.3 2.1 1.2 2.9 3.6 4.3 2 2.7 3.2 3.4 3 2.1
]
SO2
02/27 2.4 2.5 2.5 2.3 2.2 2.9 2.6 2.7 3.7 3.8 3.1 2.2 1.9 2.5 1.4 1.2 1.2 1.2 1.7 1.6 1.5 1.5 2 2.1
]
SO2
02/28 2.8 1.9 2.5 2.5 2.3 2.9 2.5 1.9 2 3.4 2.2 2.4 1.6 1.6 1.6 1.5 1.3 1.4 2.3 1.7 1.8 1.6 1.6 1.5
]
SO2
菏代~るG2019/03A 代浮G]摺A 代兜GSO2]ppb^
]
SO2
ら戳 00 01 02 03 04 05 06 07 08 09 10 11 12 13 14 15 16 17 18 19 20 21 22 23
]
SO2
03/01 2 2.6 2.8 2.3 2.2 2.1 2.8 2.3 2.2 1.9 2.2 2.4 2.5 3.1 3.5 2 2.1 3 2.4 2.9 4.4 8.1 4.6 8.4
]
SO2
03/02 5.3 2.5 4.2 3.6 3.6 1.9 1.2 1.1 1 1.7 2 1.4 1.2 0.8 0.7 2.2 3.4 1.5 1.4 1.4 1.4 2.4 3.8 3.8
]
SO2
03/03 3.6 5 4.1 4.3 4.6 4.1 3.7 3.4 4.3 4.4 2 1.9 1.6 1.6 1.5 1.5 1.5 1.6 1.9 2.5 2.9 2.1 1.7 2.7
]
SO2
03/04 2.9 2.4 3.8 3 4.9 2.4 3.1 3.3 3.2 2.9 2.5 2.5# 4.4# 3.4 3.9 5.1 3 3.1 3.3 3.5 3.5 5.6 4.8 2.4
]
SO2
03/05 1.7 3.4 2.4 3.7 4.3 4.7 3.8 3.1 2.3 2.2 2.2 3 2.9 3.5 3.8 2.3 3.3 1.9 2.1 1.2 1.1 1.1 1.2 1.1
]
SO2
03/06 1 1.7 1.6 1.5 1.4 1.5 2.3 2.9 2.4 2 2.6 2.9# 3.4 2.7 2 2.8 2.4 2.4 2.1 2.6 1.8 2.2 2.4 2.6
]
SO2
03/07 2.6 2.3 2 2 2.1 2.1 2.1 1.9 2 1.9 2 2.1 2.6 2.7 2.5 1.8 2.1 2.4 2.2 2.3 2.5 2.6 2.3 2.2
]
SO2
03/08 2.6 1.5 1.6 1.8 1.6 1.8 1.7 1.8 1.9 2.1 1.7 1.6 2 1.5 2.2 2.4 2.1 2.5 2.5 3.9 3.2 3.3 1.6 1.5
]
SO2
03/09 1.3 1.4 1.4 1.3 1.4 1.5 1.4 1.6 2.4 2 1.9 2 2.2 1.6 2 2.8 1.5 1.7 1.9 1.5 1.4 1.6 2 2
]
SO2
03/10 2 2.2 1.7 1.7 1.7 1.7 1.7 1.9 2.9 3.5 2.6 2.4 2.6 2.4 2.9 2.8 2.3 2.1 2.1 3 2.1 2 3.3 2.1
]
SO2
03/11 4.4 3.2 3.4 2.4 2.4 3.1 3.3 2.9 3.6 3.3 3 2.5 2.5 2.6 2.2 2.1 2.2 2.1 2.2 3.6 4 4.7 3.1 5.1
]
SO2
03/12 5.5 4.6 3.7 1.9 2.5 3.9 3.1 2.8 2.3 1.9 4.8 3.1 3.5 3.8 3.2 2.9 2.6 2.9 3.6 4.5 2.6 2.2 2.1 2
]
SO2
03/13 1.4 1.4 1.2 1.2 1.2 1.1 1.3 1.8 2.2 4.2 4.8 3 2.6 3.2 3.3 5.4 6.2 5.3 3.8 2.8 2.3 2.1 2.1 1.8
]
SO2
03/14 2 1.7 1.5 1.4 1.7 1.6 2 2.4 2.6 3.2 3 2.8 2.6 2.7 3.1 2.5 2.8 1.8 2.3 2.5 2.4 1.9 2.1 2.1
]
SO2
03/15 2.1 2.4 1.9 1.6 1.4 1.3 1.3 1.7 2.1 2.2 1.9 1.9 1.8 1.9 1.9 1.8 2 2.7 3.2 3.6 3.3 3 2.4 1.8
]
SO2
03/16 2.5 1.7 1.2 1.1 1.1 1.1 1.1 1.3 1.5 1.8 2.1 1.8 2.5 2.7 1.7 2.8 2.1 5 5.4 5.6 2.9 2.9 2.9 2.5
]
SO2
03/17 2.3 2.5 2.3 2.5 2.4 2.2 2.1 2.1 2.5 5.7 5.7 5.1 3.3 3.4 3.6 4.6 3.4 2.4 2.2 3 3.6 3.4 2.7 2.2
]
SO2
03/18 2.1 2.1 1.8 1.8 1.8 1.7 1.9 2 2.5 2.6 2.4 1.9 2 2.1 1.9# 2.1 3.1 2.2 2.1 2.4 4.9 2.2 2.2 2.1
]
SO2
03/19 2.1 1.8 1.7 1.7 1.9 1.8 2.2 2.5 3.3 3 3 3.8 3.9 4.6 4.8 4.8 6.6 5.6 4.4 4.6 3.3 2.4 1.9 2
]
SO2
03/20 2.8 3.1 2.7 2.3 2.3 2.2 2.3 2.5 3.1 2.8 2.6 2.6 3.3 3.2 2.2 2.1 2.8 3.1 2.7 3.2 3 2.6 2.5 1.9
]
SO2
03/21 1.9 2.5 3 3.6 3.6 3.3 3 3.3 3.5 3.1 2.9 3 3 3.5 4.1 4.3 3.8 4.6 5.2 4.2 3.7 3.9 3.3 2.7
]
SO2
03/22 4 4 3.3 2.3 2.9 2.5 3.6 3.7 3.1 4.5 4.2 4.8 4.1 3 2.7 2.8 3.1 3.2 3 3.7 3.3 2.8 2.8 2.7
]
SO2
03/23 2 2.1 2.2 2 1.9 1.6 1.3 1.6 1.3 1.5 2 1.5 1.5 1.8 1.6 1.4 1.4 1.5 1.1 1.1 1.4 1.3 1.4 1.4
]
SO2
03/24 1.6 2.5 2.8 2.4 1.9 2.4 2.6 2.6 3.9 2.6 2.6 2.6 2.7 2.5 2.5 2.3 2.7 2.4 2.3 2.1 2.2 2.2 2.2 1.8
]
SO2
03/25 1.9 2 2 2.2 2.2 2.1 2.2 2.5 2.7 2.3 2.4 2.2 2.2 2.2 2 2.1 2.4 3.1 3.2 2.4 2.4 2.4 2.2 2.9
]
SO2
03/26 2.5 2.4 2.9 2.6 2.3 2.7 3.5 3.4 1.9 2.1 2.6 3.2 2.3 3.8 4 5.1 4 4.8 4.9 3.4 3.1 2.4 1.9 1.9
]
SO2
03/27 1.5 2 2 2.1 2 1.8 2.3 2.7 2.6 2.4 3 2.9 3.2 4.1 2.3 2 1.6 1.7 1.7 1.8 1.7 7.7 4.1 2.9
]
SO2
03/28 3.4 3 2.7 2.7 2.5 2.4 2.1 1.9 2 1.9 1.7 1.8 2.4 2.5 3 3.4 4.1 4.6 3.3 2.7 2 1.9 1.8 1.7
]
SO2
03/29 1.1 1.9 1.8 1.7 1.8 1.9 2.1 2.3 2.1 3 2.3 2.5 2.5 2.5 2.3 2 1.9 2.1 2 2.9 3 2 3 1.9
]
SO2
03/30 1.6 1.7 2.4 2.9 3.7 4.2 3.1 2.2 2.4 2.5 2.3 3 4.8 4.2 3.9 2.7 2.9 2.9 3 2.5 2.1 3.7 3 5.6
]
SO2
03/31 3.5 3.5 3.3 2.8 1.9 2.1 2.6 2.6 2.1 1.7 1.9 2.9 2.8 2.5 2.2 2.2 2 2.1 2.4 2.5 2.7 2.6 2.6 3
]
SO2
菏代~るG2019/04A 代浮G]摺A 代兜GSO2]ppb^
]
SO2
ら戳 00 01 02 03 04 05 06 07 08 09 10 11 12 13 14 15 16 17 18 19 20 21 22 23
]
SO2
04/01 2 1.9 1.5 1.6 1.7 1.7 1.5 1.7 1.7 1.9 1.8 1.9 1.5# 1.6 1.9 1.7 1.8 1.9 2.1 2.6 1.7 2.4 1.4 5.3
]
SO2
04/02 1.5 3.3 2 2.3 1.6 2.9 2.7 3.2 3.2 2.5 2.2 3.6 3.2 3.7 3.8 2.8 2.3 2.5 2.4 1.7 1.9 2.6 2.1 1.8
]
SO2
04/03 2.3 2.3 1.9 1.7 2.1 1.7 1.9 1.3 2.6 2.6 2 1.3 1.3 2.4 1.6 2 1.8 1.9 1.5 1.7 1.9 3.6 2.8 3.5
]
SO2
04/04 3.4 3.2 2.8 2.6 2.3 2.4 2.3 2.3 2.3 2.4 2.6 2.8 2.7 2.5 2.5 2.3 2.2 2.4 2.4 2.1 2.1 2.3 2.2 2.1
]
SO2
04/05 2.5 1.3 1.3 1.3 1.2 1.3 1.2 1.6 2.1 2.1 1.9 1.6 1.5 1.9 3 1.6 2.4 1.9 2.2 2.3 1.9 1.7 1.5 1.5
]
SO2
04/06 1.2 1.1 1 1 1.1 1.6 1.4 1.2 1.2 3.2 3 2.9 2.7 2.2 2.5 2.5 2.1 2.1 2.3 2.2 1.9 1.9 1.7 1.5
]
SO2
04/07 1.8 2.3 2.5 2.5 2.4 2.5 2.3 2.4 2.8 2.4 2.2 3.1 2.9 2.4 3 4 4.3 2.9 2.8 3.1 2.9 3.3 2.8 2.2
]
SO2
04/08 1.5 2.1 1.7 1.7 1.8 1.7 1.7 2 2.3 2.2 2.2 2.9 3.9 3.7 4.4 4.3 3.6 2.6 2.8 2.6 2.7 2.5 2.6 2.1
]
SO2
04/09 1.6 1.7 1.8 1.8 1.9 1.8 1.8 2.1 2.4 2.6 2.1 2.5 3.2 5.1 3.5 4.4 4.4 3.6 4.9 2.2 2 1.8 1.8 1.6
]
SO2
04/10 2.2 1.3 1.4 1.4 1.2 1.2 1 1.4 1.6 2.5 2.5 2.7 2.5 2.5 2.5 2.1 2.9 2.1 2.4 2.7 2.1 2 3.1 2.9
]
SO2
04/11 1.5 0.7 1.4 1.1 0.3 0.2 0.4 0.7 1 1.3 1.8 1.5 2.1 1.6 0.6 0.5 0.4 0.5 0.1 0.2 0 0.6 2.1 0.5
]
SO2
04/12 1 2.3 2.1 2.1 2.2 2.3 2.3 2.3 2.3 2.4 2.3 2.2 1.9 2.3 2.2 2 2.3 2.3 2.2 2.7 2.7 2.2 1.7 1.6
]
SO2
04/13 1.3 2.9 3.6 2.4 2.2 2 1.9 1.9 4.2 3.7 4 3.5 3.7 2.3 2.6 2.4 1.9 2.6 1.7 2.7 2.6 2 1.7 2.6
]
SO2
04/14 2 2.1 3.3 2.8 1.8 1.6 2 1.7 2.2 3.2 3.5 3.6 3.4 2.6 2.3 2.1 3.4 3.4 2 1.9 1.9 1.8 1.9 2.3
]
SO2
04/15 2.2 1.7 1.3 1.5 1.5 1.9 1.8 1.8 1.8 1.6 1.4 1.7 1.7# 1.3 NA 1.3# 0.7 0.9 1.2 0.7 1.2 0.4 0.8 0.3
]
SO2
04/16 0.9 2.9 2.2 1.6 1.4 1.3 2.4 2.3 2.5 1.6 1.5 1.4 1.2 1.2 1.1 1.2 1.9 2.2 2 1.4 3.3 1.7 1.2 1.1
]
SO2
04/17 1.7 1.3 1.9 1.5 1.2 1.3 1.6 1.7 1.9 1.5 1.5 2.5 3.3 4.4 3.4 2.6 3.9 4.3 3.5 4.4 3.8 2.1 1.5 1.3
]
SO2
04/18 1.3 2 1.7 1.7 2.5 4.8 5.6 5.3 4.3 3.7 3.4 3.4 3.6 4.3 3.6 3.3 4 3.7 5 3.4 2.4 2.3 2.2 2.3
]
SO2
04/19 2.2 2.1 2.1 2.4 2.2 1.8 1.6 1.6 NA NA 3.1# 3.1 3.4 3.7 4.9 3.7 3 2.4 2.5 2.6 2 2.4 2.3 2
]
SO2
04/20 1.8 1.1 1.3 1.4 1.5 1.2 1.2 1.8 2.8 3.7 2.9 2.5 2.4 2.1 3.4 4.1 3.2 3.5 3.3 3.3 1.8 1.2 1.2 1.2
]
SO2
04/21 1.2 1.9 1.9 1.7 1.6 1.8 1.6 2 2 1.9 1.8 1.8 1.9 1.8 1.8 1.7 1.7 1.7 1.6 2 1.8 1.7 1.6 1.7
]
SO2
04/22 1.8 0.4 0.3 0.3 0.4 0.3 0.4 0.6 0.5 0.6 3.1 2.6 2.3 2.5 2.4 1.7 1.1 0.8 0.6 0.9 5.1 2.1 1.2 1
]
SO2
04/23 0.4 2.3 2.3 2.2 2.1 2.1 2.4 3 2.3 2 2.2 2.1 2 2.1 3 3.3 3.4# 3.7# 3.7 2.9 2.9 2.8 1.5 0.9
]
SO2
04/24 1.2 1.6 1.5 2 1.9 2.2 3 3.1 4.7 2.3 2.5 2.9 3.1 2.6 3 3.4 2.8 2.8 3 3.1 2.4 1.9 2 1.7
]
SO2
04/25 1.6 1.8 1.8 1.7 1.7 2 1.8 1.7 2 1.9 1.9 2 2.3 3.1 3.1 2.3 2 2.3 2 2.2 1.8 2.1 2.1 2.2
]
SO2
04/26 2.2 3.2 3.1 2.6 2.9 2.7 2.7 3.1 3.3 4.2 4.9 4.8 4.8 4.6 3.8 4.8 4.8 5.7 4.2 4.9 4.5 5.4 5 3.4
]
SO2
04/27 4.1 3.2 3.3 3.2 3.5 3.6 3.6 2.6 2.9 2.8 2.8 2.7 2.7 2.7 2.7 3.5 4.2 7.4 6 3.6 4.5 4.5 5.6 4.8
]
SO2
04/28 7 4.4 2.2 1.7 2.8 2 1.7 1.9 2.3 3.2 1.9 1.9 2 2.1 2 2.5 2.5 2.3 3.5 3.7 4.4 2.7 2 1.7
]
SO2
04/29 1.8 1.1 1.2 1 0.9 0.9 1.1 2.1 3.1 2.8 2.6 2.4 5.3# 2.9 2.4 2.2# 1.7 2.4 2 1.8 1.9 2 3.3 3.3
]
SO2
04/30 2.9 2.2 1.9 1.8 1.9 1.9 1.6 1.7 1.6 1.4 1.5 1.7 2.1 2.2 1.6 1.5 2 3.8 4.3 1.7 2.5 1.8 1.1 1.2
]
SO2
菏代~るG2019/05A 代浮G]摺A 代兜GSO2]ppb^
]
SO2
ら戳 00 01 02 03 04 05 06 07 08 09 10 11 12 13 14 15 16 17 18 19 20 21 22 23
]
SO2
05/01 0.8 0.8 0.9 1 0.7 1.3 1.4 1.2 1.3 1.4 1.2 1.4 0.8 1.4 1 1.4 1.5 1.3 1.3 1.2 1.2 0.9 1.2 1.7
]
SO2
05/02 2.4 2 1.4 1.6 1.6 1.8 1.5 1.9 1.8 1.7 2.3 2.1 1.9 1.8 1.9 2 2.2 2.1 2.4 2.3 2 2.1 1.6 2
]
SO2
05/03 2.1 2.1 2.5 1.3 1.4 1.4 1.2 1.7 2.4 2.1 2.1 2 1.7 1.6 1.5 1.4 1.7 1.6 1.9 2.1 2.3 3.3 1.6 1.4
]
SO2
05/04 1.6 1.5 1.6 1.8 2.4 1.7 1.7 2.8 3 3.3 3.3 4.6 3.8 3.8 3.1 2.8 2.5 2.6 2.6 2.3 2.1 2.1 1.9 2
]
SO2
05/05 1.4 1.2 1.2 1.2 1.2 1.3 1.3 1.4 1.7 3.9 3 1.8 1.7 2.3 3.1 1.8 1.7 1.4 1.5 1.6 1.4 1.4 1.3 1.5
]
SO2
05/06 1.8 1.5 1.1 1.1 1 1.2 1.4 1.3 1.3 1.6 1.9 1.4 1.2 1.1 1.1 0.9 1 1.2 1.1 0.9 0.8 0.8 1 0.6
]
SO2
05/07 0.6 1.4 1.3 1.4 2 1.6 2 1.7 1.2 1.6 1.5 1.5 1.5 1.4 1.7# 1.7 1.6 1.5 1.3 1.7 1.6 1.3 1.2 1.5
]
SO2
05/08 1.7 2.4 2.7 2.9 2.4 2.3 2.5 3.1 2.4 2.2 2.7 3.4 2.5 2.9 3.1 3.5 3.5 3.5 3.4 3.2 3.4 3.3 2.9 2.9
]
SO2
05/09 2.9 4.4 4.3 2.9 2.3 2.6 2.4 3 2.9 2.6 2.3 3.1 2.8 2.5 2.4 2.2 2 2.1 2.4 2.4 2.5 2.8 3.5 3
]
SO2
05/10 2.3 2.8 2.9 2.2 2.5 1.8 2.3 2.6 1.5 1.4 2.9 2.6 1.6 2 2.4 5 7.6 4.5 3.4 3.5 4 2.8 2.9 2.8
]
SO2
05/11 3.1 4.9 3.9 1.8 1.9 2.9 3.4 4 3.8 4.1 4.6 3.3 3.4 3.4 4.4 4.7 5.4 5.8 4.5 5 2.9 2.5 3 3.2
]
SO2
05/12 2.8 2.3 2.4 2.5 2.4 2.1 2.2 2.4 2.1 3.8 3.9 5.1 3.8 4.2 3 2.9 2.4 2.5 2.4 2.2 2 1.9 2 2.1
]
SO2
05/13 2.2 2.1 2.1 1.9 1.8 1.9 1.9 2.2 2.2 3.2 3.1 2.6# 2.6 3 4.4 3.9 3.1 2.9 3.1 4 2.8 3.6 3.3 2.8
]
SO2
05/14 3.2 1.5 2.6 3.2 2.3 2.4 2.7 3.9 4.5 4.7 3.1 3.1 3 2.4 2.1 2.3 2.4 1.6 2.5 3.3 3.1 4.1 3.6 3.1
]
SO2
05/15 2.5 3.9 4.1 4.2 4.5 3.9 3.1 3.1 3.3 3.7 3.1 2.8 2.8 3.1 2.4 2.2 2 2 2.2 2.7 2.5 2.9 2.9 2.7
]
SO2
05/16 3 1.6 1.2 1.5 1.2 1.1 1.2 1 1.3 1.3 1.1 1.1 0.8 0.8 0.8 0.8 0.8 0.9 0.8 0.8 0.8 1.1 1.1 1.2
]
SO2
05/17 1.3 1 1.1 0.9 1 0.9 0.8 1 1.1 1 1.1 1.1 1.1 1.1 0.9 1.1 0.9 1 1.1 1 1.3 1.1 1 1.2
]
SO2
05/18 1.6 1.7 1.7 1.7 1.7 1.8 1.7 1.9 1.6 1.9 1.8 1.8 1.7 1.9 1.9 1.8 1.8 3 1.9 2.3 4.2 1.8 1.8 1.6
]
SO2
05/19 1.6 1.3 1.4 1.3 1.3 1.4 1.4 1.4 1.3 1.5 1.5 1.7 1.7 1.4 1.4 1.4 1.3 1.5 1.4 1.5 1.5 1.8 2 1.9
]
SO2
05/20 1.7 2.2 2 2 2.2 2 1.9 2 2.1 2.2 2.3# 2.2 2.3 2.4 3.1 2.9 2.5 2.6 2.7 2.5 2.3 2.1 2.3 2.5
]
SO2
05/21 2.3 3 1.3 2.4 2.4 2.3 3 1.8 2 1.6 2.1 1.7 1.5 1.6 1.5 1.6 1.4 1.8 3 2.2 3.1 3.4 1.8 1.8
]
SO2
05/22 1.6 4 5 3 2.8 2.1 3.7 5 3.2 2.4 2.5 3 4.4 4 5.2 4.3 3.3 3.5 2.9 2.3 2.2 1.8 1.7 1.7
]
SO2
05/23 1.9 1.9 2.1 1.9 1.9 1.7 1.3 1.3 1.4 1.3 1.4 1.6 1.5 2.3 2.8 2.7 2.9 3.8 3.3 4 3.3 3.1 2.3 2
]
SO2
05/24 1.4 1.2 1.2 1.2 1.2 1.3 1.6 2.1 2.8 2.3 2.8 3.2 3.4 3.5 3.3 2.3 2.3 2.2 2 1.8 1.9 1.9 2.5 2.6
]
SO2
05/25 3 3.5 2.3 2 2.1 1.9 2 3.6 4.6 4.3 2.8 2.7 3.1 2.3 2.1 2.2 3.9 2.8 3 3.1 2.7 2.1 2 2
]
SO2
05/26 1.5 1.9 1.8 1.8 1.9 2 1.9 2.2 4 3.8 3.9 3.4 3.9 3.5 2.5 3.1 3.7 3.9 3.9 2.7 2.3 2.4 2.3 2
]
SO2
05/27 1.9 1.4 2 1.9 2 1.5 1.3 1.3 2.8 4.1 3.3 2.2 2 1.7 1.6 1.9 1.8 1.3 1.2 1.3 1.4 1.5 1.5 1.4
]
SO2
05/28 1.7 1.9 1.8 1.7 1.7 1.8 2 2.2 2.1 2.2 2.2 1.8 1.8 1.7 2 3.1 3.4 2.9 3.2 3.5 3.2 3.2 3.3 3.2
]
SO2
05/29 2.7 2.1 2.2 2.4 2.5 2.2 2.8 2.9 3.1 2.7 2.6 3.1 3 3# 2.3 2 2.3 2.4 1.9 2 2.3 3.1 2.4 2.1
]
SO2
05/30 1.9 2.2 2.1 2.2 2.2 2.2 2.2 2.4 2.7 2.3 3.8 3.7 3.8 4.4 4.2 3.6 3.2 3.7 3.3 3.2 3.1 3.2 3.3 3.3
]