花蓮
PM10
01/01 16 9 9 8 9 8 10 13 11 11 9 9 14 13 15 11 21 18 10 7 11 13 9 10
花蓮
PM10
01/02 8 7 16 11 7 11 11 8 12 16 23 15 17 16 14 8 10 14 19 21 12 19 14 10
花蓮
PM10
01/03 14 10 5 8 9 10 7 11 13 16 18 8 10 9 12 1000# 11 15 15 33 27 20 19 17
花蓮
PM10
01/04 25 13 8 11 17 21 16 12 16 23 19 20 14 18 17 38 23 31 32 33 24 19 18 22
花蓮
PM10
01/05 20 18 25 15 15 16 21 10 24 15 27 42 33 57 42 38 32 24 29 27 26 21 16 12
花蓮
PM10
01/06 12 21 20 24 21 26 20 13 19 17 13 13 20 10 14 14 17 14 18 17 15 15 21 19
花蓮
PM10
01/07 20 21 21 17 10 21 17 25 23 27 17 17 15 11 17 20 16 28 24 29 30 27 30 29
花蓮
PM10
01/08 19 22 16 9 17 13 21 21 18 24 1000# 19 11 15 18 18 12 13 9 8 13 14 11 11
花蓮
PM10
01/09 11 12 10 15 14 12 11 14 17 12 12 8 9 9 9 11 12 20 21 28 29 20 25 22
花蓮
PM10
01/10 15 12 19 NA 15 11 14 17 8 18 18 17 14 15 17 18 14 16 27 23 24 27 22 18
花蓮
PM10
01/11 16 17 11 11 12 19 13 16 19 19 25 21 15 18 24 61x 44 38 24 31 29 26 19 21
花蓮
PM10
01/12 21 17 10 19 15 18 11 20 21 20 35 32 29 28 29 22 22 14 11 13 14 15 13 9
花蓮
PM10
01/13 18 15 14 11 10 15 20 20 17 19 16 14 21 18 22 23 16 13 13 11 9 18 14 13
花蓮
PM10
01/14 12 12 11 10 13 16 19 17 19 22 14 21 28 22 21 27 32 55 38 37 37 23 21 16
花蓮
PM10
01/15 17 18 14 15 16 21 16 1000* 1000* 1000* 1000# 10 16 17 21 20 23 20 36 30 19 20 10 11
花蓮
PM10
01/16 9 10 12 10 6 7 14 11 11 9 11 13 13 8 12 10 8 14 13 14 9 17 7 11
花蓮
PM10
01/17 11 7 5 10 11 13 10 11 7 11 13 15 21 22 25 22 28 27 21 25 30 32 37 37
花蓮
PM10
01/18 40 44 40 42 39 47 47 54 54 53 49 42 39 38 40 42 48 54 56 43 43 39 43 21
花蓮
PM10
01/19 22 22 19 21 15 18 19 18 20 29 27 26 29 32 38 35 35 36 63 49 44 33 32 25
花蓮
PM10
01/20 20 22 18 25 16 17 19 16 18 24 18 19 22 19 32 32 33 40 41 29 27 20 15 18
花蓮
PM10
01/21 10 8 8 11 9 12 11 10 15 13 13 20 14 13 1000# 18 14 24 23 13 18 16 18 12
花蓮
PM10
01/22 10 14 15 10 8 11 13 14 21 24 22 22 22 23 23 27 35 35 46 46 44 41 44 39
花蓮
PM10
01/23 38 33 32 39 34 38 38 40 55 55 53 52 52 52 50 57 56 67 64 62 63 54 53 44
花蓮
PM10
01/24 38 41 46 39 32 34 31 31 27 36 51 53 53 55 48 60 62 50 63 59 54 60 57 40
花蓮
PM10
01/25 39 27 16 22 19 21 20 25 22 27 27 26 35 24 17 23 22 19 30 26 45 44 41 40
花蓮
PM10
01/26 37 44 43 44 43 37 35 35 32 34 35 32 35 40 38 40 48 43 36 35 36 32 26 25
花蓮
PM10
01/27 28 29 20 24 20 20 27 26 21 13 19 21 13 11 15 9 19 27 19 26 25 23 18 19
花蓮
PM10
01/28 20 12 13 11 17 15 14 13 15 17 16 18 1000# 1000# 19 23 29 22 14 21 10 19 12 19
花蓮
PM10
01/29 18 17 18 22 15 10 13 11 23 10 11 21 19 25 25 22 27 33 25 23 17 17 19 19
花蓮
PM10
01/30 17 21 14 15 12 18 19 21 13 11 17 24 27 22 22 31 28 31 31 35 29 22 22 23
花蓮
PM10
01/31 21 20 19 23 13 16 20 14 19 1000# 16 30 20 17 24 20 17 25 29 61 44 37 26 24
花蓮
PM10
監測年月：2019/02， 測站：花蓮， 測項：PM10（μg/m3）
花蓮
PM10
日期 00 01 02 03 04 05 06 07 08 09 10 11 12 13 14 15 16 17 18 19 20 21 22 23
花蓮
PM10
02/01 19 20 24 18 13 16 13 18 20 18 16 16 16 16 22 19 21 21 17 20 18 16 21 15
花蓮
PM10
02/02 17 18 14 14 14 14 14 15 13 13 15 13 11 15 14 28 30 27 33 32 17 14 11 12
花蓮
PM10
02/03 12 11 13 11 8 10 13 14 11 17 11 23 25 19 32 39 31 21 28 19 28 17 12 17
花蓮
PM10
02/04 12 20 10 14 11 8 10 13 10 1000# 7 7 10 13 17 13 15 15 17 26 43 34 31 37
花蓮
PM10
02/05 60 53 81 30 31 19 26 24 23 8 10 12 9 13 18 22 25 20 18 25 21 21 24 24
花蓮
PM10
02/06 19 29 28 18 8 16 20 21 15 18 29 15 18 24 24 34 39 46 40 39 48 44 34 28
花蓮
PM10
02/07 19 18 16 20 22 15 22 21 19 10 27 24 29 28 31 31 38 34 40 49 46 52 53 41
花蓮
PM10
02/08 40 32 28 24 23 25 16 19 22 24 30 24 20 23 20 15 17 19 26 24 28 31 27 23
花蓮
PM10
02/09 15 19 14 11 14 20 17 24 20 19 19 19 19 20 19 20 16 20 13 11 15 17 12 10
花蓮
PM10
02/10 11 17 15 10 15 8 16 13 9 14 20 9 6 6 9 7 9 15 15 19 25 10 24 13
花蓮
PM10
02/11 20 15 13 10 13 17 19 28 13 14 15 14 16 10 12 12 15 12 14 10 13 8 10 25
花蓮
PM10
02/12 17 14 12 10 17 12 13 16 22 10 9 10 8 7 1000# 10 7 12 10 20 17 9 14 12
花蓮
PM10
02/13 15 7 16 12 10 9 12 9 14 32 30 24 22 21 23 18 20 17 16 8 19 18 14 11
花蓮
PM10
02/14 18 11 18 9 14 16 10 16 16 17 22 12 15 18 24 27 27 27 32 25 29 30 25 26
花蓮
PM10
02/15 22 19 17 14 16 14 22 13 14 10 20 21 18 14 18 14 16 18 21 25 19 17 22 22
花蓮
PM10
02/16 19 14 18 13 14 16 27 28 19 24 19 20 22 27 24 18 16 21 16 11 12 15 12 10
花蓮
PM10
02/17 14 14 11 11 10 12 14 10 17 10 13 10 13 11 14 15 7 11 16 12 14 20 16 16
花蓮
PM10
02/18 11 14 15 12 12 13 11 13 19 14 9 8 12 11 10 17 18 24 27 31 34 25 27 15
花蓮
PM10
02/19 13 11 11 13 18 17 15 23 30 26 31 28 1000# 36 28 37 40 31 32 28 30 25 38 45
花蓮
PM10
02/20 45 29 38 27 15 21 21 22 29 23 22 26 28 23 34 26 26 27 26 26 32 25 21 30
花蓮
PM10
02/21 25 32 31 29 30 31 39 43 37 37 32 23 26 23 27 25 33 38 33 35 34 30 31 26
花蓮
PM10
02/22 25 16 17 16 27 30 21 25 29 29 26 27 23 21 25 24 23 22 20 24 16 15 11 14
花蓮
PM10
02/23 13 15 14 18 16 19 17 20 19 26 25 26 28 29 33 32 36 31 27 22 26 22 27 27
花蓮
PM10
02/24 30 24 21 19 16 24 21 20 17 13 17 13 11 8 5 8 9 9 17 15 18 11 9 7
花蓮
PM10
02/25 8 8 9 14 14 15 15 12 12 13 16 14 16 24 24 1000# 18 18 15 20 27 29 24 24
花蓮
PM10
02/26 18 22 22 22 23 17 17 29 32 29 29 23 31 28 35 35 37 32 42 39 40 33 35 34
花蓮
PM10
02/27 29 22 18 19 22 14 17 21 16 14 20 25 23 25 27 28 28 42 41 32 35 46 29 19
花蓮
PM10
02/28 20 21 21 17 19 34 41 52 53 46 41 32 29 35 31 25 21 21 24 17 20 21 21 17
花蓮
PM10
監測年月：2019/03， 測站：花蓮， 測項：PM10（μg/m3）
花蓮
PM10
日期 00 01 02 03 04 05 06 07 08 09 10 11 12 13 14 15 16 17 18 19 20 21 22 23
花蓮
PM10
03/01 18 15 23 23 25 30 25 26 21 29 21 24 23 20 24 26 26 35 30 29 41 32 27 25
花蓮
PM10
03/02 27 20 19 19 19 15 21 16 18 18 30 25 27 28 24 26 32 31 38 42 36 28 20 20
花蓮
PM10
03/03 20 14 15 16 21 22 19 18 21 15 27 22 19 32 33 25 24 21 13 14 18 21 16 20
花蓮
PM10
03/04 17 18 19 17 24 19 21 24 25 27 27 32 27 30 33 35 39 36 33 36 34 37 36 41
花蓮
PM10
03/05 28 23 22 24 16 16 11 11 10 8 10 12 1000# 20 22 24 32 41 38 23 23 13 15 19
花蓮
PM10
03/06 15 15 14 15 21 14 17 20 25 19 30 34 27 26 19 18 21 20 19 15 18 17 22 17
花蓮
PM10
03/07 13 8 12 9 11 7 7 9 15 15 11 6 9 9 14 23 46 40 38 33 22 24 17 19
花蓮
PM10
03/08 15 11 15 16 14 9 12 12 8 11 11 11 8 11 7 7 6 8 29 25 23 16 10 16
花蓮
PM10
03/09 10 9 11 6 2 4 3 6 6 5 2 8 7 7 15 26 25 22 19 27 35 23 18 23
花蓮
PM10
03/10 16 17 17 5 10 12 10 14 18 14 13 15 11 20 16 18 19 16 19 24 30 34 33 36
花蓮
PM10
03/11 35 41 32 41 34 35 33 34 38 31 32 31 38 31 39 37 34 40 53 41 39 36 28 24
花蓮
PM10
03/12 23 23 28 26 27 25 31 26 34 31 40 39 46 45 46 47 52 50 60 53 64 47 46 46
花蓮
PM10
03/13 42 47 38 41 37 36 39 33 35 38 42 35 37 37 33 31 29 30 33 35 31 32 30 24
花蓮
PM10
03/14 27 21 14 20 18 22 19 21 25 32 37 43 1000# 39 45 50 51 69 67 53 46 57 47 44
花蓮
PM10
03/15 38 35 34 31 29 19 24 21 18 24 23 28 31 29 30 33 37 35 39 39 30 28 23 22
花蓮
PM10
03/16 22 18 16 19 19 15 15 16 24 43 40 39 42 43 50 48 46 45 33 33 35 33 24 18
花蓮
PM10
03/17 22 21 22 23 23 25 26 27 28 33 42 44 36 40 38 37 29 33 43 52 44 46 47 23
花蓮
PM10
03/18 22 27 25 31 24 25 26 31 29 33 28 43 30 31 32 34 30 38 43 49 45 39 37 35
花蓮
PM10
03/19 37 28 30 33 50 51 53 45 48 44 48 41 40 32 28 32 26 27 42 39 30 41 40 38
花蓮
PM10
03/20 34 31 34 23 21 13 10 22 15 20 20 23 22 16 26 30 39 38 37 34 45 43 38 35
花蓮
PM10
03/21 33 31 33 37 37 36 38 34 36 43 1000# 27 22 26 25 26 23 30 36 37 31 39 32 35
花蓮
PM10
03/22 44 42 43 43 48 55 53 55 44 46 45 35 33 31 35 36 25 19 13 11 10 10 9 12
花蓮
PM10
03/23 15 14 14 13 15 16 11 11 9 16 17 21 20 16 21 19 28 21 23 19 19 14 11 10
花蓮
PM10
03/24 8 10 12 8 10 14 10 14 20 14 17 24 22 25 29 30 25 33 40 45 31 28 21 19
花蓮
PM10
03/25 13 21 15 16 11 15 14 16 10 14 14 21 13 15 21 27 24 33 41 34 27 27 26 26
花蓮
PM10
03/26 17 19 21 16 21 22 21 21 30 1000# 31 31 33 35 30 35 34 39 41 40 42 37 30 26
花蓮
PM10
03/27 25 20 22 10 23 18 19 17 16 1000* 1000# 1000# 1000# 1000# 30 23 34 35 36 32 18 24 22 21
花蓮
PM10
03/28 22 21 20 21 19 25 27 26 26 30 34 29 23 35 38 35 38 31 37 37 33 36 36 32
花蓮
PM10
03/29 28 30 38 32 30 35 36 39 40 47 1000# 42 42 55 56 52 51 41 47 51 52 46 42 39
花蓮
PM10
03/30 37 19 23 18 19 15 21 18 18 16 25 20 14 18 24 23 28 29 35 39 36 36 40 33
花蓮
PM10
03/31 30 25 21 22 20 11 26 32 38 41 48 50 52 48 40 39 24 12 17 19 15 16 15 16
花蓮
PM10
監測年月：2019/04， 測站：花蓮， 測項：PM10（μg/m3）
花蓮
PM10
日期 00 01 02 03 04 05 06 07 08 09 10 11 12 13 14 15 16 17 18 19 20 21 22 23
花蓮
PM10
04/01 13 12 11 10 13 10 11 7 13 14 16 10 11 9 12 10 18 18 19 17 16 19 19 11
花蓮
PM10
04/02 13 13 15 14 13 15 15 21 21 21 1000# 13 15 13 10 14 1000* 26A 31 29 28 28 23 20
花蓮
PM10
04/03 13 15 17 17 12 19 11 16 16 16 21 18 20 23 21 25 22 20 18 23 20 21 28 23
花蓮
PM10
04/04 24 20 26 25 17 21 17 16 18 21 31 19 21 14 21 21 20 22 25 18 28 32 26 20
花蓮
PM10
04/05 19 22 21 16 20 18 21 24 32 27 25 31 34 30 24 20 26 24 21 28 28 25 28 27
花蓮
PM10
04/06 26 19 24 23 20 15 22 15 13 16 16 17 19 19 19 16 19 16 24 30 30 28 22 17
花蓮
PM10
04/07 20 19 21 21 20 18 18 21 19 19 16 19 23 26 26 25 30 27 28 31 43 36 29 26
花蓮
PM10
04/08 30 29 28 31 28 28 32 31 35 31 47 37 34 39 34 28 27 25 32 32 34 41 36 25
花蓮
PM10
04/09 23 27 28 31 27 32 32 32 37 36 42 44 35 49 1000# 31 31 26 28 34 38 46 33 31
花蓮
PM10
04/10 28 32 29 32 33 36 35 40 46 41 49 52 36 34 53 54 49 33 28 25 21 20 15 8
花蓮
PM10
04/11 7 7 4 4 7 7 7 8 15 21 23 22 11 6 8 13 12 11 20 23 24 19 15 21
花蓮
PM10
04/12 18 13 11 15 11 16 16 22 18 25 28 24 19 27 24 19 21 25 18 27 24 32 31 24
花蓮
PM10
04/13 29 25 25 22 25 23 22 21 16 12 12 15 11 8 13 18 19 17 14 22 26 19 18 21
花蓮
PM10
04/14 21 20 15 21 16 20 18 19 27 19 19 20 19 18 22 24 21 21 24 23 21 19 14 15
花蓮
PM10
04/15 22 27 31 31 35 42 45 48 51 58 55 47 30 30 29 26 30 37 43 38 40 33 32 30
花蓮
PM10
04/16 24 23 20 25 25 23 20 30 29 31 27 15 34 19 18 25 26 38 37 34 29 24 26 27
花蓮
PM10
04/17 13 11 17 16 17 17 22 20 23 29 22 27 28 28 27 31 36 38 39 38 37 30 30 31
花蓮
PM10
04/18 27 27 17 11 11 12 16 15 18 27 46 40 30 1000# 43 41 54 29 31 41 37 32 29 27
花蓮
PM10
04/19 26 22 27 23 20 22 21 20 27 21 24 28 19 30 26 28 32 35 30 33 31 28 26 23
花蓮
PM10
04/20 25 20 15 18 20 22 19 23 25 29 29 26 30 27 24 30 29 32 37 36 33 26 28 23
花蓮
PM10
04/21 19 23 27 24 25 22 23 29 23 25 21 27 24 17 23 22 18 29 24 32 31 29 31 34
花蓮
PM10
04/22 30 25 23 23 30 25 22 31 23 24 26 29 27 22 27 23 26 20 25 24 31 30 34 28
花蓮
PM10
04/23 28 29 28 27 29 29 26 25 28 31 21 22 20 22 21 28 27 35 33 40 37 28 33 31
花蓮
PM10
04/24 23 28 31 32 30 31 29 28 24 39 1000# 24 28 24 31 32 34 30 28 31 29 23 24 33
花蓮
PM10
04/25 24 27 30 25 30 28 32 29 30 36 29 26 33 35 30 32 35 41 46 41 43 42 40 45
花蓮
PM10
04/26 44 37 34 33 32 25 30 37 25 31 22 25 16 14 20 18 16 16 16 22 28 26 32 22
花蓮
PM10
04/27 26 25 10 20 9 7 11 13 20 20 16 14 9 7 6 5 7 8 6 5 11 7 4 6
花蓮
PM10
04/28 5 4 8 16 9 14 16 17 21 17 15 22 16 20 15 11 13 11 15 26 22 18 20 12
花蓮
PM10
04/29 8 15 14 19 15 17 14 17 19 13 10 10 15 13 15 11 18 21 19 22 22 17 14 18
花蓮
PM10
04/30 14 14 19 18 14 20 21 20 21 1000# 16 29 20 1000# 19 31 27 30 30 31 35 32 34 36
花蓮
PM10
監測年月：2019/05， 測站：花蓮， 測項：PM10（μg/m3）
花蓮
PM10
日期 00 01 02 03 04 05 06 07 08 09 10 11 12 13 14 15 16 17 18 19 20 21 22 23
花蓮
PM10
05/01 33 34 37 32 31 28 27 26 26 21 22 18 16 17 22 21 18 18 18 21 22 25 17 16
花蓮
PM10
05/02 16 20 24 20 21 22 23 22 31 42 84 123 90 87 77 61 58 41 43 43 43 37 33 20
花蓮
PM10
05/03 23 20 18 15 12 16 26 19 20 31 30 37 51 57 47 49 46 43 44 43 35 37 36 34
花蓮
PM10
05/04 24 26 27 29 24 23 21 30 26 29 14 14 15 14 35 37 46 46 43 38 32 31 30 24
花蓮
PM10
05/05 25 23 23 20 20 24 25 26 23 26 28 34 28 28 33 30 35 36 29 27 30 32 22 21
花蓮
PM10
05/06 20 15 25 19 14 11 15 11 19 20 18 17 16 12 20 14 24 18 20 20 19 13 17 9
花蓮
PM10
05/07 12 11 14 12 7 4 10 8 9 18 1000# 16 17 18 16 16 33 42 30 22 21 23 16 17
花蓮
PM10
05/08 13 17 17 16 19 17 15 13 20 17 33 22 25 19 26 22 25 25 35 36 42 40 40 27
花蓮
PM10
05/09 22 28 23 24 23 24 27 32 34 24 30 19 14 13 11 12 14 14 10 16 11 12 9 9
花蓮
PM10
05/10 7 7 7 6 10 11 13 16 10 9 11 9 8 15 19 25 23 19 18 26 22 22 25 20
花蓮
PM10
05/11 13 16 20 13 15 17 11 15 17 27 17 18 11 10 15 20 20 19 17 18 18 21 17 17
花蓮
PM10
05/12 21 24 20 14 20 18 19 21 12 12 7 4 3 3 4 9 13 11 11 13 17 18 15 19
花蓮
PM10
05/13 20 11 13 16 16 18 16 22 18 12 14 15 12 10 7 5 13 14 17 12 20 19 19 21
花蓮
PM10
05/14 14 19 24 20 19 26 25 23 28 40 21 16 18 21 1000# 39 38 38 36 38 38 40 42 46
花蓮
PM10
05/15 44 42 46 40 36 31 30 29 51 39 39 33 40 30 29 28 31 27 16 23 16 13 21 21
花蓮
PM10
05/16 17 16 20 22 21 22 22 20 20 26 34 31 32 31 39 31 29 33 26 35 31 26 27 20
花蓮
PM10
05/17 19 22 23 23 28 26 22 22 21 23 31 28 19 14 17 25 15 17 26 34 31 31 26 27
花蓮
PM10
05/18 26 25 24 22 22 21 25 20 24 17 17 21 16 10 9 17 15 8 9 9 11 16 19 13
花蓮
PM10
05/19 16 21 21 15 20 25 17 23 19 13 34 16 18 20 26 29 32 26 28 42 40 38 33 27
花蓮
PM10
05/20 25 18 27 22 23 21 23 25 23 28 28 35 32 26 37 43 36 35 36 28 28 28 28 28
花蓮
PM10
05/21 23 27 32 25 23 60 74 55 62 78 81 81 79 71 73 70 61 57 52 60 58 57 50 51
花蓮
PM10
05/22 47 47 47 51 50 48 45 49 50 59 73 1000# 51 53 59 49 53 54 50 55 49 34 36 33
花蓮
PM10
05/23 37 30 35 32 28 32 32 32 30 24 24 18 16 21 23 22 14 16 19 24 23 25 26 24
花蓮
PM10
05/24 25 23 7 6 8 16 15 15 16 15 16 21 11 21 31 22 21 21 22 12 11 12 16 21
花蓮
PM10
05/25 22 16 16 12 14 11 16 19 24 21 28 34 31 20 21 21 23 34 27 27 28 28 32 32
花蓮
PM10
05/26 21 19 23 22 28 27 25 28 21 29 43 44 44 44 39 34 32 34 31 30 28 29 27 31
花蓮
PM10
05/27 26 27 26 30 31 27 32 30 32 30 17 21 12 10 14 11 13 17 15 17 19 31 34 31
花蓮
PM10
05/28 24 27 26 33 20 24 25 23 21 19 12 12 18 24 1000# 21 28 26 27 28 26 24 29 25
花蓮
PM10
05/29 17 24 27 29 29 31 32 34 45 35 37 36 41 40 37 36 38 31 27 22 20 26 25 31
花蓮
PM10
05/30 34 34 30 31 33 34 32 29 21 12 11 21 33 28 32 20 18 11 15 16 16 17 14 18