花蓮
O3
01/01 39 39 39 39 37 40 41 37 39 40 41 42 41 42 42 42 42 41 41 41 41 42 42 38
花蓮
O3
01/02 35 32 32 24 22 21 21 21 19 19 20 21 23 26 30 30 31 14 10 9.9 13 13 12 15
花蓮
O3
01/03 19 15 14 11 9.9 11 8.7 5.7 4.3 13 31 35 41 40 38 38 34 36 34 20 8.3 14 9.5 8.3
花蓮
O3
01/04 8.7 14 14 11 8.7 8.9 11 9.3 12 15 19 37 41 40 39 36 29 20 14 8.7 9.9 9.4 9.1 8.5
花蓮
O3
01/05 7.4 5.2 5.6 6.2 5.7 5.2 5.4 7.2 8.8 12 19 27 44 46 45 49 44 29 25 23 21 21 20 22
花蓮
O3
01/06 18 15 15 13 12 11 11 10 17 34 36 38 43 45 44 44 43 42 37 36 35 27 22 24
花蓮
O3
01/07 22 16 13 14 11 7.3 7.2 10 12 15 35 41 40 45 44 43 37 30 24 14 8.1 11 6 7.1
花蓮
O3
01/08 9.6 10 8.3 7.9 8.4 8.9 6.2 4.5 8.3 11 16# 40 41 43 43 43 41 40 39 35 33 27 28 39
花蓮
O3
01/09 42 45 44 45 44 43 41 38 38 34 38 40 42 43 42 43 42 34 25 17 6.4 6.3 6.9 11
花蓮
O3
01/10 11 11 11 NA 11 9.7 8.2 7.9 15 21 30 38 47 49 48 46 45 42 27 12 11 10 8.8 13
花蓮
O3
01/11 15 15 11 11 10 15 12 11 11 14 30 38 43 47 48 46 39 36 35 27 19 16 13 10
花蓮
O3
01/12 7.8 10 11 7.9 10 13 11 10 10 10 18 33 37 37 38 34 32 26 24 24 23 24 23 19
花蓮
O3
01/13 21 20 17 21 21 12 10 8.3 10 12 20 26 36 37 37 37 36 37 34 35 38 36 34 38
花蓮
O3
01/14 39 36 36 42 45 45 40 36 40 43 38 38 38 41 37 29 27 15 9.3 11 11 14 16 17
花蓮
O3
01/15 15 17 19 18 20 19 14 8.7 10 13 16 30 42 49 48 46 39 36 18 15 17 37 48 48
花蓮
O3
01/16 48 49 50 51 51 53 53 51 50 53 54 53 52 51 51 53 53 46 45 38 34 32 25 34
花蓮
O3
01/17 34 38 39 40 41 43 42 39 39 42 44 45 47 48 48 46 44 42 41 41 43 44 45 49
花蓮
O3
01/18 52 51 51 50 47 50 44 34 35 36 46 53 52 51 51 51 46 28 26 28 25 28 32 29
花蓮
O3
01/19 29 28 27 28 28 27 26 23 21 20 23 28 35 43 43 44 41 35 17 14 16 19 22 19
花蓮
O3
01/20 19 18 17 16 16 15 14 11 14 15 20 29 40 43 47 51 49 48 47 46 45 45 48 47
花蓮
O3
01/21 49 52 42 45 41 47 38 30 21 25 35 39 40 40 39# 38 32 24 26 26 22 24 25 30
花蓮
O3
01/22 24 21 21 20 22 20 17 14 12 23 41 43 45 43 41 40 41 42 43 38 37 35 38 45
花蓮
O3
01/23 46 39 44 42 42 44 34 19 20 39 52 59 62 63 59 53 45 42 41 37 25 28 22 23
花蓮
O3
01/24 23 27 23 23 23 21 19 16 17 22 53 63 68 67 65 62 59 56 42 38 35 32 27 27
花蓮
O3
01/25 24 21 20 22 24 23 23 18 20 30 54 59 59 62 59 52 45 40 46 52 42 59 60 58
花蓮
O3
01/26 59 61 60 60 59 58 55 52 49 48 46 47 48 48 50 49 50 49 47 38 33 32 27 30
花蓮
O3
01/27 28 25 33 29 30 27 27 20 25 30 31 35 43 42 34 34 29 21 16 18 18 17 14 17
花蓮
O3
01/28 19 21 19 17 16 15 15 14 16 18 29 34 45 47 51 45 40 33 41 33 35 27 22 5.9
花蓮
O3
01/29 9.9 13 18 16 27 46 33 32 23 36 43 44 45 46 43 37 37 26 30 26 30 31 32 29
花蓮
O3
01/30 28 28 27 29 30 27 24 20 22 26 31 45 51 52 50 50 38 28 25 20 23 33 31 30
花蓮
O3
01/31 28 30 27 25 25 21 18 18 19 24# 33 39 46 45 42 41 43 40 30 49 47 52 55 56
花蓮
O3
監測年月：2019/02， 測站：花蓮， 測項：O3（ppb）
花蓮
O3
日期 00 01 02 03 04 05 06 07 08 09 10 11 12 13 14 15 16 17 18 19 20 21 22 23
花蓮
O3
02/01 53 51 50 49 48 48 47 39 35 37 40 41 43 45 43 42 41 40 36 34 33 36 30 30
花蓮
O3
02/02 30 29 32 28 28 23 20 19 19 21 27 47 48 48 47 46 43 33 28 16 19 25 23 22
花蓮
O3
02/03 19 21 19 18 18 19 17 18 17 22 26 37 41 43 41 39 37 37 37 21 18 35 28 32
花蓮
O3
02/04 25 22 22 7.4 8.5 12 19 34 33 33# 32 33 40 41 41 44 43 44 45 33 25 27 29 17
花蓮
O3
02/05 11 10 10 20 18 14 13 14 16 27 39 49 54 56 50 47 45 40 36 37 39 36 34 27
花蓮
O3
02/06 22 26 18 15 14 18 11 12 20 27 38 48 50 54 50 56 58 52 46 41 36 36 27 23
花蓮
O3
02/07 21 18 21 21 21 21 20 19 18 23 29 42 48 53 53 50 51 44 39 24 19 44 51 47
花蓮
O3
02/08 46 42 42 39 35 31 38 33 38 36 39 40 42 42 41 38 36 31 29 29 22 17 20 21
花蓮
O3
02/09 17 18 16 15 16 17 14 6.9 11 21 38 41 41 41 42 42 42 39 40 38 36 39 39 40
花蓮
O3
02/10 39 35 34 35 35 30 25 27 31 31 32 40 38 43 44 42 43 41 34 28 23 19 16 12
花蓮
O3
02/11 12 13 12 8.5 8.2 7.8 3.7 4.5 32 38 41 43 43 42 41 39 36 33 29 28 28 27 27 23
花蓮
O3
02/12 22 23 24 24 17 11 6.7 4.7 8.3 24 35 41 41 42 42 37 40 35 33 31 31 20 13 11
花蓮
O3
02/13 13 13 15 15 13 12 10 9.9 13 26 32 34 36 40 40 38 39 39 35 33 27 29 27 23
花蓮
O3
02/14 21 22 20 18 21 21 14 9.9 11 15 24 40 43 47 47 48 46 42 37 28 23 19 23 27
花蓮
O3
02/15 26 24 20 16 18 17 15 13 18 24 32 44 49 51 48 44 37 34 34 33 28 21 17 18
花蓮
O3
02/16 12 13 12 9.9 10 7.9 9.2 24 30 31 39 44 45 44 44 43 39 34 38 41 41 43 44 35
花蓮
O3
02/17 31 33 34 32 31 26 28 36 36 38 40 39 38 37 37 36 31 28 25 25 17 14 19 18
花蓮
O3
02/18 15 16 16 14 14 16 15 13 11 17 25 29 33 35 40 40 26 17 8.7 5 2.4 4.2 3.2 8.7
花蓮
O3
02/19 14 14 14 12 9.5 9.8 7.6 7.3 15 31 33 40 43# 42 49 53 46 46 44 43 43 44 40 22
花蓮
O3
02/20 16 15 16 11 9.6 9.4 11 12 15 20 32 31 41 46 48 45 41 30 27 21 13 9.9 13 18
花蓮
O3
02/21 14 10 10 9.1 8.1 5.3 5.3 7.1 14 24 36 43 44 44 44 36 24 18 13 16 18 16 23 23
花蓮
O3
02/22 19 14 9.6 9.5 15 23 9.9 8.2 13 35 39 46 50 52 54 54 52 50 49 49 49 49 48 48
花蓮
O3
02/23 47 44 50 49 48 46 44 39 34 36 37 40 39 38 38 37 34 31 31 34 28 28 26 23
花蓮
O3
02/24 23 25 22 18 16 18 17 10 10 11 13 15 30 43 45 45 42 40 25 14 15 30 23 20
花蓮
O3
02/25 26 44 38 36 31 27 25 17 23 33 37 42 46 45 43 40 31 34 31 32 29 30 31 32
花蓮
O3
02/26 31 28 24 20 22 33 21 16 21 43 50 54 55 57 52 51 48 45 36 33 29 32 38 33
花蓮
O3
02/27 33 36 31 24 21 16 11 13 17 22 35 45 47 46 44 44 41 36 29 17 14 15 17 18
花蓮
O3
02/28 14 17 19 17 15 36 41 19 25 33 38 41 40 41 44 44 40 39 36 37 42 43 36 34
花蓮
O3
監測年月：2019/03， 測站：花蓮， 測項：O3（ppb）
花蓮
O3
日期 00 01 02 03 04 05 06 07 08 09 10 11 12 13 14 15 16 17 18 19 20 21 22 23
花蓮
O3
03/01 37 40 37 36 30 26 21 16 26 25 34 46 48 59 60 55 50 41 33 30 11 16 20 17
花蓮
O3
03/02 15 16 17 16 19 16 14 17 20 30 41 50 53 54 53 50 46 35 23 18 15 12 16 15
花蓮
O3
03/03 14 13 15 13 15 16 14 16 21 24 35 37 37 42 49 49 48 49 43 40 37 37 32 39
花蓮
O3
03/04 34 39 39 40 46 45 43 43 43 44 47 46 50 50 51 47 46 47 42 50 49 49 49 49
花蓮
O3
03/05 46 43 42 26 32 31 33 27 34 42 46 48 60# 57 55 54 47 37 22 30 28 21 12 17
花蓮
O3
03/06 15 16 14 15 14 13 11 12 18 19 15 24 41 51 49 46 52 54 54 57 57 56 53 48
花蓮
O3
03/07 49 49 45 44 48 51 51 45 42 40 41 43 47 49 50 56 64 54 51 48 66 56 52 56
花蓮
O3
03/08 57 55 52 50 46 49 44 34 38 40 41 45 48 56 57 56 53 40 22 13 14 13 22 21
花蓮
O3
03/09 20 22 22 24 27 25 29 23 19 20 23 18 18 21 22 18 19 19 24 9.2 3.1 5.2 7.8 17
花蓮
O3
03/10 16 16 16 15 20 21 22 21 21 23 30 40 43 43 44 42 37 36 38 38 47 53 53 48
花蓮
O3
03/11 40 44 45 41 39 32 34 21 18 27 35 39 46 44 40 43 35 29 19 28 32 36 41 40
花蓮
O3
03/12 44 41 38 36 37 33 30 28 35 47 65 74 79 79 75 76 73 74 46 44 42 39 43 43
花蓮
O3
03/13 43 37 37 32 33 31 33 28 29 38 42 63 67 61 53 50 48 53 46 40 37 37 31 38
花蓮
O3
03/14 61 52 47 47 44 43 39 33 35 41 53 44# 52# 60 61# 59 47 34 23 21 24 18 22 28
花蓮
O3
03/15 52 49 53 51 51 51 48 50 51 48 45# 44 51 58# 53 45 48 54 43 39 45 46 44 43
花蓮
O3
03/16 41 40 37 37 37 37 35 32 29 34 45 50 61 66 65 56 48 44 47 39 37 39 38 38
花蓮
O3
03/17 37 37 31 31 29 27 27 23 25 40 50 62 64 67 67 65 62 59 44 29 33 27 25 27
花蓮
O3
03/18 30 29 32 29 26 21 19 17 18 18 32 40 49 49 48 45 45 42 40 31 22 19 20 22
花蓮
O3
03/19 18 15 16 16 33 27 28 39 43 48 48 50 48 45 42 38 35 37 26 34 41 20 21 26
花蓮
O3
03/20 25 25 31 23 25 22 20 19 21 26 35 48 48 47 45 43 35 29 26 21 11 9.4 9.2 11
花蓮
O3
03/21 14 21 25 20 16 26 23 20 24 25 29 25# 33 29 28 29 25 28 29 28 18 14 18 2.4
花蓮
O3
03/22 10 24 28 23 32 37 34 24 29 45 51 52 53 50 50 48 48 51 48 45 43 39 44 46
花蓮
O3
03/23 44 45 48 49 49 48 48 47 47 47 49 49 49 50 50 48 47 47 49 50 51 52 55 56
花蓮
O3
03/24 56 45 50 42 41 38 34 33 32 32 38 41 37 35 45 53 51 41 31 20 20 22 23 21
花蓮
O3
03/25 24 22 26 23 20 18 15 13 17 20 21 21 32 45 48 37 40 27 14 8.1 9.4 11 9.3 7.1
花蓮
O3
03/26 13 23 43 28 26 25 33 21 16 30# 28 39 49 50 46 42 42 40 37 38 43 39 34 30
花蓮
O3
03/27 37 34 38 27 28 25 21 19 23 17# 42x 44x 48A 54 52 50 46 36 29 21 25 22 21 24
花蓮
O3
03/28 26 24 26 26 25 22 20 19 22 27 33 33 33 33 28 28 26 22 23 23 21 15 20 15
花蓮
O3
03/29 16 28 31 24 27 30 24 23 21 36 38 46 50 51 53 53 54 52 52 51 48 46 51 55
花蓮
O3
03/30 54 56 54 52 58 48 42 38 41 49 51 59 60 61 63 62 60 55 50 47 44 37 32 41
花蓮
O3
03/31 58 55 53 54 58 61 65 63 59 63 64 65 68 68 67 62 58 61 61 56 60 60 60 60
花蓮
O3
監測年月：2019/04， 測站：花蓮， 測項：O3（ppb）
花蓮
O3
日期 00 01 02 03 04 05 06 07 08 09 10 11 12 13 14 15 16 17 18 19 20 21 22 23
花蓮
O3
04/01 56 55 50 46 50 43 40 44 37 42 50 52 52 55 51 53 55 56 55 54 45 38 33 32
花蓮
O3
04/02 30 26 23 23 20 19 15 16 21 26 32# 48 56 66 63 58 56 48 34 42 32 28 22 18
花蓮
O3
04/03 14 19 22 20 19 19 19 19 19 29 37 42 50 57 56 55 56 49 44 38 31 29 30 30
花蓮
O3
04/04 25 28 28 28 27 15 12 19 22 30 40 51 53 55 62 55 49 45 36 31 21 20 21 17
花蓮
O3
04/05 13 14 16 15 12 11 12 11 27 44 49 52 53 52 52 53 56 55 53 47 47 46 44 47
花蓮
O3
04/06 44 40 43 42 41 39 36 32 39 49 55 55 56 55 54 53 50 51 38 29 22 19 18 21
花蓮
O3
04/07 25 29 30 28 29 29 23 24 27 35 45 46 51 50 51 58 47 57 56 41 29 26 24 24
花蓮
O3
04/08 27 24 24 28 30 32 30 29 31 40 43 52 54 51 42 29 24 24 19 15 18 14 9.5 18
花蓮
O3
04/09 19 23 25 26 29 33 25 29 28 37 40 31 28 29 27 23 22 21 20 11 9 5.4 9.6 12
花蓮
O3
04/10 16 15 16 10 16 17 13 12 24 42 51 53 45 36 43 42 43 39 41 42 45 46 48 48
花蓮
O3
04/11 45 49 49 48 48 47 44 41 42 41 42 54 63 60 56 55 55 54 52 52 55 53 53 48
花蓮
O3
04/12 48 53 55 56 55 53 52 51 51 52 55 57 58 57 55 51 53 50 48 38 31 43 38 37
花蓮
O3
04/13 38 40 32 33 33 32 31 28 35 47 49 56 56 57 56 54 54 53 50 37 29 26 20 22
花蓮
O3
04/14 26 24 19 18 17 13 14 17 28 40 53 56 57 59 60 61 58 56 53 51 54 56 54 58
花蓮
O3
04/15 70 73 69 69 67 71 70 67 64 64 65 65 64 62 51 53 50 48 45 49 44 30 28 32
花蓮
O3
04/16 27 34 32 36 37 31 26 23 16 18 17 34 41 49 32 46 29 13 6.1 13 16 16 17 15
花蓮
O3
04/17 12 11 12 11 10 32 37 21 24 31 40 45 48 56 56 54 51 46 40 41 46 50 46 44
花蓮
O3
04/18 51 50 32 24 23 26 27 27 29 49 66 64 53 60 58 56 49# 46 34 27 27 22 19 24
花蓮
O3
04/19 27 22 21 17 16 16 15 17 18 25 33 45 51 56 54 52 37 31 20 19 17 18 17 18
花蓮
O3
04/20 17 15 18 14 11 12 10 13 22 34 54 63 64 61 63 60 43 46 41 31 29 32 30 25
花蓮
O3
04/21 22 23 24 18 15 13 12 10 18 33 50 55 56 54 54 50 50 48 46 22 17 16 12 11
花蓮
O3
04/22 12 13 11 12 14 13 15 19 29 25 36 40 39 38 35 34 32 32 31 28 17 9.8 9.2 8.6
花蓮
O3
04/23 9.1 12 12 17 16 11 13 15 25 31 32 32 31 31 30 32 29 32 31 25 16 16 11 7.7
花蓮
O3
04/24 14 14 15 17 17 14 16 17 24 30 33 34# 39# 40 34 39 43 33 28 27 25 27 21 21
花蓮
O3
04/25 25 19 26 30 28 27 27 22 29 36 37 38 39 37 37 39 39 46 44 52 52 46 41 39
花蓮
O3
04/26 31 25 22 21 34 38 28 30 46 47 53 59 61 62 61 59 58 57 55 48 36 28 26 25
花蓮
O3
04/27 32 46 55 49 54 52 57 48 34 53 56 55 60 59 59 55 50 46 39 38 47 42 40 29
花蓮
O3
04/28 25 24 25 26 20 16 17 22 28 36 40 45 48 54 50 42 39 38 34 32 34 32 23 22
花蓮
O3
04/29 23 21 16 13 13 12 13 12 18 27 27 25 24 24 23 21 19 18 14 7.2 7.2 7.7 7.6 9.5
花蓮
O3
04/30 14 11 14 16 11 14 12 13 18 27# 30 32 33 33# 28 31 31 31 30 26 26 33 35 31
花蓮
O3
監測年月：2019/05， 測站：花蓮， 測項：O3（ppb）
花蓮
O3
日期 00 01 02 03 04 05 06 07 08 09 10 11 12 13 14 15 16 17 18 19 20 21 22 23
花蓮
O3
05/01 31 33 35 35 34 32 27 20 21 38 45 48 48 50 50 47 45 41 45 47 50 51 45 42
花蓮
O3
05/02 39 34 32 32 29 26 24 23 18 39 63 76# 74 67 60 58 52 46 44 50 57 52 46 50
花蓮
O3
05/03 50 49 45 42 51 53 56 40 37 38 35 43 58 65 65 66 65 58 44 39 36 36 34 33
花蓮
O3
05/04 36 35 33 35 34 28 30 51 50 47 57 56 54 50 50 50 42 26 27 28 32 35 32 27
花蓮
O3
05/05 27 27 26 26 24 18 16 24 42 54 57 61 59 59 61 57 57 51 49 47 34 31 29 32
花蓮
O3
05/06 31 30 37 34 32 36 38 33 30 30 32 46 45 45 49 48 36 35 28 36 30 29 34 38
花蓮
O3
05/07 36 36 34 33 53 34 24 25 58 59 59 57 60 59 59 57 54 51 48 52 39 32 30 30
花蓮
O3
05/08 27 31 30 29 29 30 28 26 22 25 32 48 55 57 56 56 55 51 45 35 33 18 15 16
花蓮
O3
05/09 19 20 16 11 10 7.1 7.2 16 20 34 34 51 54 55 51 52 52 53 53 42 36 34 34 27
花蓮
O3
05/10 18 14 18 47 52 51 48 44 52 52 53 57 54 53 53 48 49 41 36 36 28 25 24 22
花蓮
O3
05/11 26 23 23 24 17 12 14 20 26 27 43 48 50 46 46 48 48 44 41 39 37 31 25 19
花蓮
O3
05/12 18 12 9.5 8.2 7.3 9 9.6 14 28 34 33 30 29 28 28 30 32 32 30 29 18 17 15 15
花蓮
O3
05/13 15 17 13 12 11 8.1 8.9 15 17 25 30 33 37 33 31 29 23 22 19 18 17 14 13 15
花蓮
O3
05/14 16 18 15 19 20 12 16 20 30 28 31 32 37 38 43# 55 55 54 56 52 51 49 45 51
花蓮
O3
05/15 50 47 43 34 22 21 18 25 28 37 47 48 48 43 40 36 32 23 32 19 27 25 15 16
花蓮
O3
05/16 18 16 12 10 12 9.9 10 14 21 23 32 33 35 30 31 26 27 28 22 12 8.5 8.6 8.3 10
花蓮
O3
05/17 11 8.5 9 9.8 9.2 9.2 6.1 2.5 4.4 3.8 2.6 4 13 31 33 30 20 23 7.1 3.7 3.8 3.7 4.8 3.9
花蓮
O3
05/18 3.8 4.1 3.3 5.1 5.4 6.5 7.5 5.4 4.7 6.7 5.6 7.6 15 14 17 17 20 22 22 27 23 11 7.6 12
花蓮
O3
05/19 12 11 9.8 11 8.5 7.3 8.4 13 17 27 34 37 39 36 37 33 36 36 31 22 15 9.4 5.9 10
花蓮
O3
05/20 14 15 15 15 15 12 12 15 20 25 28 26 47 51 58 62 56 48 45 48 50 55 60 53
花蓮
O3
05/21 49 46 44 45 39 60 63 60 51 63 75 79 80 79 79 79 75 73 69 58 38 39 35 41
花蓮
O3
05/22 39 38 39 37 38 33 33 39 44 47 51 66 72 76 76 74 68 70 66 60 46 44 42 34
花蓮
O3
05/23 37 28 30 31 26 29 22 19 16 35 35 44 46 39 50 45 49 47 42 38 35 30 26 25
花蓮
O3
05/24 26 34 43 49 50 37 32 29 38 41 48 45 45 47 48 44 40 35 37 41 41 37 36 40
花蓮
O3
05/25 41 37 39 37 35 36 37 32 29 25 25 19 25 43 45 44 39 36 35 35 29 28 21 24
花蓮
O3
05/26 26 24 23 21 21 19 16 17 22 31 41 41 39 38 34 32 30 27 24 25 22 23 20 17
花蓮
O3
05/27 15 16 13 13 13 11 9.5 12 18 26 29 32 37 36 32 27 26 33 34 29 20 20 19 6
花蓮
O3
05/28 3.2 6.5 11 11 5.2 5.1 9 13 16 20 32 41 45 50 48# 47# 51 52 54 55 52 52 53 55
花蓮
O3
05/29 52 51 47 42 38 35 36 36 41 48 53 53 53 55 56 56 52 46 54 58 56 48 45 44
花蓮
O3
05/30 37 34 35 37 33 31 27 24 31 40 51 57 50 48 44 41 39 37 25 22 25 28 32 32