xn
O3
01/01 14 13 15 16 13 12 13 17 18 19 21 31 39 43 47 43 40 36 30 27 23 23 22 19
xn
O3
01/02 20 19 18 14 12 16 13 10 9.2 14 18 20 27 32 32 31 27 18 15 20 22 17 16 18
xn
O3
01/03 20 19 12 11 10 7.2 6.4 8 12 19 24 27 28 29 35 39 30 27 23 23 18 17 20 21
xn
O3
01/04 19 16 12 8.1 2.2 0.8 0.9 2.8 6.9 16 37 48 54 57 54 48 45 39 35 31 25 20 12 8.5
xn
O3
01/05 5.3 2.4 0.8 0.4 0.6 0.7 0.8 2.7 7.9 23 42 57 68 75 72 61 43 32 25 16 14 16 15 9.7
xn
O3
01/06 7.1 6.6 6.4 2 1.6 3.3 3.3 5.8 7 8.1 13 23 44 46 52 56 51 46 40 36 30 21 18 16
xn
O3
01/07 15 15 12 9.9 8.3 7.9 10 6.5 10 13 23 41 52 57 59 57# 45# 40 34 35 33 26 28 23
xn
O3
01/08 21 21 19 19 19 21 18 16 15 17 24# 33 43 46 50 50 41 37 36 28 21 17 16 17
xn
O3
01/09 15 17 19 18 16 16 13 11 14 22 33 43 57 62 65 66 58 47 43 40 31 23 20 18
xn
O3
01/10 23 25 27 23 19 9.5 8.5 6.2 11 18 33 57 53 58 62 56 44 33 23 19 12 4.4 2.5 6.3
xn
O3
01/11 7.1 3.3 1.6 6.1 3 3.4 1.4 3.2 11 21 45 69 74 77 77 56 38 34 25 15 9.4 1.9 0.9 0.8
xn
O3
01/12 0.9 5.8 12 14 11 1 0.8 2.2 8 18 30 45 49 65 61 59 48 38 33 30 20 5.2 2.5 1
xn
O3
01/13 0.5 0.7 1.3 6.7 8 3.6 6.5 11 12 18 29 43 52 57 59 57 52 43 31 24 17 13 12 12
xn
O3
01/14 12 13 16 14 13 15 15 14 15 19 32 51 61 60 71 63 58 49 44 37 32 23 20 21
xn
O3
01/15 26 25 26 23 18 15 12 9.5 11 20 37 55 60 67 70 57 44 39 38 27 23 21 21 23
xn
O3
01/16 26 25 24 27 29 30 27 27 24 26 28 31 36 36 36 36 32 25 22 19 17 21 19 22
xn
O3
01/17 25 22 24 22 24 25 20 17 21 24 30 34 37 41 50 51 46 33 26 24 23 22 23 24
xn
O3
01/18 24 23 24 25 23 21 18 11 13 28 38 52 60 66 68 70 70 55 51 46 38 38 44 40
xn
O3
01/19 32 27 29 34 36 30 21 15 17 28 37 45 50 55 50 45 43 36 28 20 26 11 27 39
xn
O3
01/20 29 40 41 21 22 13 4.9 7.2 12 20 26 37 44 57 57 58 51 43 34 27 21 17 16 18
xn
O3
01/21 21 25 32 35 32 38 37 33 32 30 25 25# 28# 31 37 37 38 34 28 25 22 21 24 24
xn
O3
01/22 25 30 30 27 32 32 36 33 29 30 35 37 42 46 51 53 45 39 34 31 26 17 22 25
xn
O3
01/23 28 31 28 23 27 26 22 21 19 25 39 50 56 69 76 74 68 62 58 55 50 51 48 39
xn
O3
01/24 35 31 28 23 12 5.3 2.5 5.3 9.7 21 38 54 70 77 79 78 74 63 54 50 45 40 39 37
xn
O3
01/25 38 41 27 22 19 10 4.2 5.9 10 26 48 62 69 73 81 80 77 70 68 61 53 41 33 31
xn
O3
01/26 27 28 26 25 26 33 30 26 30 36 39 46 51 54 58 58 56 49 43 35 29 27 29 30
xn
O3
01/27 31 31 32 31 30 28 25 25 24 27 30 33 41 52 56 56 51 46 39 35 31 20 16 13
xn
O3
01/28 10 10 9.6 5.6 4.1 1.2 1.2 4 9 17 42 60 66 71 68 68 63 53 39 26 25 18 12 6.6
xn
O3
01/29 2.1 1.6 1.2 0.7 0.9# 1# 1 2.6 8.1 19 39 63 74 71 73 73 67 54 43 39 42 34 27 23
xn
O3
01/30 20 13 7.2 6.2 8.5 8.8 9.4 8.5 10 18 32 47 60 64 71 69 61 49 37 23 18 2.9 1.5 19
xn
O3
01/31 37 31 29 36 38 34 27 21 25 40 56 63 70 77 79 72 62 61 51 45 41 44 41 38
xn
O3
菏代~るG2019/02A 代浮GOnA 代兜GO3]ppb^
xn
O3
ら戳 00 01 02 03 04 05 06 07 08 09 10 11 12 13 14 15 16 17 18 19 20 21 22 23
xn
O3
02/01 34 27 26 28 30 28 27 29 30 32 34 36 39 45 53 59 59 43 32 28 28 15 12 11
xn
O3
02/02 7.4 5.4 3.4 2.9 4.1 3.4 1.3 5.5 13 24 45 66 81 82 77 70 71 67 58 55 35 28 19 23
xn
O3
02/03 17 17 15 20 26 28 22 28 31 44 50 58 45 37 39 32 33 33 26 21 14 11 8.2 11
xn
O3
02/04 14 11 12 12 7.1 8 6.9 10 19 31 40 42 56 59 56 52 52 48 45 40 35 31 29 23
xn
O3
02/05 20 16 16 16 16 17 20 25 25 28 34 39 47 54 56 58 58 53 47 43 41 35 34 34
xn
O3
02/06 34 32 26 21 16 17 16 16 20 33 41 52 61 60 60 60 52 48 44 44 41 35 24 19
xn
O3
02/07 23 22 25 29 26 21 14 21 33 42 49 50 49 48 53 56 60 52 47 41 39 35 28 28
xn
O3
02/08 32 28 20 23 23 21 25 22 23 30 38 47 53 57 60 56 50 45 42 39 33 31 25 26
xn
O3
02/09 26 26 26 25 21 19 10 9.5 17 29 40 52 56 58 55# 54 47 42 36 31 24 20 21 19
xn
O3
02/10 16 16 14 19 16 15 17 17 18 23 31 43 53 51 51 56 53 45 38 38 34 27 21 20
xn
O3
02/11 17 12 11 12 16 25 25 23 24 24 32 40 45 53 59 55 52 46 37 30 20 13 14 11
xn
O3
02/12 7.9 2.7 3.3 6.5 17 16 8.5 8.7 14 21 36 48 58 56 53 50 47 41 35 32 30 34 29 22
xn
O3
02/13 16 13 15 12 16 16 15 12 17 28 35 40 52 60 59 53 46 41 37 41 35 29 23 19
xn
O3
02/14 10 7.6 10 9.9 8.5 13 15 11 20 31 42 52 57 61 57 53 49 42 35 40 43 42 32 19
xn
O3
02/15 13 9 8.4 9.6 13 20 11 13 22 30 42 60 65 72 60 52 49 42 39 37 27 12 13 21
xn
O3
02/16 16 23 29 15 5.3 8.6 7.8 11 20 33 43 53 63 65 61 59 55 47 39 34 29 24 23 21
xn
O3
02/17 21 22 20 14 16 22 21 18 20 31 38 52 60 60 59 63 58 48 41 37 38 35 33 30
xn
O3
02/18 28 27 25 25 23 14 11 11 14 28 39 57 66 70 74 57 51 46 34 18 18 18 14 22
xn
O3
02/19 33 29 30 27 22 12 11 8.8 11 24 37 49 52 46 37 35 29 29 27 23 23 18 15 13
xn
O3
02/20 13 8 13 6.5 5.6 8.3 5.9 3.8 8.5 24 42 62 52 39 35 34 30 27 25 32 31 27 31 24
xn
O3
02/21 17 14 4.9 1.2 1.6 2.7 1.5 3.3 6.1 13 27 47 50 50 48 47 45 41 39 39 29 23 24 14
xn
O3
02/22 8.8 5.6 6.5 14 21 18 14 10 15 30 42 47 53 57# 52# 47 42 39 39 35 31 27 21 14
xn
O3
02/23 15 18 31 37 35 33 26 16 16 24 44 54 65 75 69 65 58 49 42 24 22 18 16 18
xn
O3
02/24 13 13 13 16 16 14 10 10 16 13 15 16 20 30 32 32 31 35 30 25 23 25 21 22
xn
O3
02/25 24 30 32 35 30 30 25 26 37 41 44 47 55 61 68# 72 66 56 52 54 49 42 35 31
xn
O3
02/26 27 17 16 18 15 13 5.5 7.4 13 25 42 63 68 76 74 71 64 61 65 61 51 47 44 42
xn
O3
02/27 42 40 40 34 30 26 29 23 26 31 45 67 77 81 76 72 67 62 58 56 51 42 28 17
xn
O3
02/28 20 30 31 25 34 23 12 14 23 35 45 57 64 65 67 65 59 51 44 38 40 37 34 32
xn
O3
菏代~るG2019/03A 代浮GOnA 代兜GO3]ppb^
xn
O3
ら戳 00 01 02 03 04 05 06 07 08 09 10 11 12 13 14 15 16 17 18 19 20 21 22 23
xn
O3
03/01 25 19 13 9.1 8 15 16 19 23 31 43 60 67 67 60 56 52 48 42 40 38 35 38 33
xn
O3
03/02 33 36 34 35 30 30 30 30 27 27 48 61 58 59 59 63 61 61 60 53 48 34 25 28
xn
O3
03/03 26 23 24 24 21 23 20 24 26 33 38 38 41 41 44 43 37 29 24 21 11 4.6 30 25
xn
O3
03/04 14 16 24 31 27 28 25 20 24 28 38 50 66 72 69 65 63 64 63 63 58 45 37 35
xn
O3
03/05 42 39 24 24 28 19 11 11 23 31 52 69 89 85 80 74 46 32 39 54 49 40 41 40
xn
O3
03/06 31 29 37 35 38 29 27 23 26 35 46 55# 55 54 70 67 59 54 50 46 36 35 33 25
xn
O3
03/07 21 21 20 24 31 33 27 24 21 25 30 34 28 26 26 27 20 22 22 25 22 26 34 37
xn
O3
03/08 35 31 32 34 33 39 30 19 7.4 15 24 25 28 39 46 49 48 39 27 29 28 23 15 14
xn
O3
03/09 12 9.7 7.5 4.3 7.1 2.9 1.5 2 2.1 8.6 23 41 39 32 28 26 23 15 3.1 7.8 14 6 2.2 0.7
xn
O3
03/10 0.6 0.5 7.3 39 40 43 38 30 18 17 42 47 51 57 49 40 35 31 18 20 23 22 15 9.6
xn
O3
03/11 11 14 17 12 17 12 8.1 7.6 3.2 NA 10 36 49 45 38 28 20 17 16 26 19 16 14 9.8
xn
O3
03/12 11 11 9.8 13 11 1.6 1.9 4.1 13 34 53 66 67 72 76 84 80 75 70 69 59 52 44 26
xn
O3
03/13 8.9 2.8 19 43 48 40 33 48 45 48 54 74 82 74 76 86 84 74 68 63 59 50 39 32
xn
O3
03/14 28 27 43 51 52 49 39 33 34 51 68 72 78 80 78 77 75 71 62 59 57 49 48 44
xn
O3
03/15 42 45 46 40 36 43 36 26 28 41 46 44 53 64 61 54 53 47 44 40 36 30 25 16
xn
O3
03/16 13 19 15 7.5 2.6 12 17 16 26 44 62 68 70 71 71 69 65 62 64 63 64 60 52 54
xn
O3
03/17 57 56 51 54 47 36 24 35 49 54 64 70 76 81 79 80 76 64 57 54 53 52 48 42
xn
O3
03/18 37 34 32 25 28 23 27 20 19 34 44 53 69 70 63 57 54 61 55 48 39 35 34 36
xn
O3
03/19 38 20 25 22 21 10 3.6 13 20 40 54 68 79 82# 90# 91# 80 57 51 46 45 46 38 35
xn
O3
03/20 39 42 41 37 26 11 8.1 15 39 59 64# 61# 64 62 57 32 21# 17 18 11 1.5 0.5 0.5 0.6
xn
O3
03/21 1.3 3.2 1.3 1.9 4.3 4.5 3.1 7.8 16 26 27 36 32 33 29 32 34 28 18 22 22 18 15 6.3
xn
O3
03/22 6.7 4 2.5 0.9 0.5 0.9 3 8.1 12 26 33 39 38 48 51 49 48 46 46 42 39 38 36 31
xn
O3
03/23 24 16 13 17 16 14 18 19 18 17 23 22 23 24 30 37 39 31 27 26 27 28 27 30
xn
O3
03/24 33 30 31 32 26 22 20 17 15 12 12 16 15 10 7 7.8 7.9 13 20 22 17 8.4 2.4 7
xn
O3
03/25 10 8.5 2.2 1.2 1 7.7 11 6.3 18 37 45 55 63 59 53 51 43 28 23 20 12 5.8 2.8 14
xn
O3
03/26 21 22 24 24 34 32 22 26 31 36 43 54 66 69 69 65 63 64 65 59 52 53 51 48
xn
O3
03/27 48 48 41 34 30 32 25 18 25 47 69 85 84 85 82 83 81 86 84 78 69 63 49 35
xn
O3
03/28 35 32 27 29 27 26 18 18 26 35 36 35 49 61 58 66 42 29 27 28 24 20 22 25
xn
O3
03/29 23 23 15 8.8 5.1 6.2 5.5 15 27 35 35 34 34 33 36 36 36 33 31 33 33 30 31 40
xn
O3
03/30 46 43 40 33 24 33 31 29 31 40 51 58 55 61 62 67 68 69 63 58 55 57 55 52
xn
O3
03/31 46 42 53 49 41 28 20 21 29 46 61 65 70 70 80 75 74 69 66 60 53 49 47 47
xn
O3
菏代~るG2019/04A 代浮GOnA 代兜GO3]ppb^
xn
O3
ら戳 00 01 02 03 04 05 06 07 08 09 10 11 12 13 14 15 16 17 18 19 20 21 22 23
xn
O3
04/01 44 38 36 38 35 32 26 25 30 34 39 43# 43 47 48 43 35 37 35 35 28 21 25 23
xn
O3
04/02 24 17 8.5 14 18 18 14 14 28 51 63 66 67 69 69 69 64 62 58 54 49 42 34 26
xn
O3
04/03 20 23 24 27 25 26 25 23 33 37 43 58 60 60 58 56 50 44 42 38 41 40 43 42
xn
O3
04/04 39 36 31 24 23 14 16 21 29 39 56 64 66 69 68 68 67 69 65 56 45 45 42 36
xn
O3
04/05 30 28 22 20 20 22 27 31 37 43 51 54 63 66 70 73 68 65 61 53 53 47 42 39
xn
O3
04/06 37 32 36 33 33 36 31 34 42 60 68 70 73 71 63 66 64 64 53 51 49 54 56 50
xn
O3
04/07 31 22 28 23 16 9.6 16 41 56 66 69 68 67 73 72 73 74 72 71 67 69 68 71 76
xn
O3
04/08 67 62 59 48 39 53 41 39 58 69 67 69 73 69 61 53 52 51 45 44 43 38 37 34
xn
O3
04/09 38 29 23 24 20 22 27 31 35 35 48 41 26 26 26 26 26 20 21 20 15 13 14 14
xn
O3
04/10 15 16 14 13 13 13 4.8 11 16 28 32 31 28 28 26 22 21 24 20 19 19 17 18 18
xn
O3
04/11 16 20 11 5.2 6.6 9.7 9.1 9 16 29 39 41 49 42 39 39 34 30 35 34 32 23 24 21
xn
O3
04/12 21 26 34 35 31 23 20 18 25 37 53 56 61 68 69 80 76 65 57 56 53 48 44 39
xn
O3
04/13 31 30 31 28 23 19 23 30 36 48 62 71 74 74 73 68 62 56 49 42 33 31 32 32
xn
O3
04/14 26 23 22 22 26 30 24 26 32 41 50 59 69 60 50 46 41 55 53 47 43 37 38 35
xn
O3
04/15 31 30 31 30 28 28 29 32 30 27 29 35 54 65 72 71 66 61 54 45 36 39 34 22
xn
O3
04/16 18 17 25 24 19 29 28 23 19 13 15# 399# -0.2# 50 47 40 34 29 29 26 16 16 23 20
xn
O3
04/17 21 22 33 42 40 41 40 29 35 46 62 74 77 80 80 83 75 73 70 63 59 51 45 53
xn
O3
04/18 39 31 31 27 34 33 38 49 63 74 81 83 87 100 73# 71 72 65 65 59 61 56 56 44
xn
O3
04/19 34 39 37 37 51 48 44 34 38 41 53 57 74 56 52 61 53 42 30 38 44 44 43 32
xn
O3
04/20 40 36 23 18 14 15 14 18 28 41 53 65 73 61 37 38 35 36 43 51 46 37 38 42
xn
O3
04/21 18 24 29 35 36 22 22 16 16 17 21 29 34 41 48 45 44 46 45 39 36 26 24 14
xn
O3
04/22 16 12 7.5 4.7 9.4 9.7 7.6 14 26 30 34 38 27 27 26 24 24 25 23 23 24 21 18 18
xn
O3
04/23 14 12 12 8.3 12 9.1 6.3 13 22 24 26 25 25 29 0# 22# 22 21 22 21 19 18 15 11
xn
O3
04/24 10 11 10 4.5 5.4 4.6 6.1 18 24 27 25 26 22 24 23 19 18 17 16 16 13 14 14 15
xn
O3
04/25 14 9.1 4.1 7.3 2.8 4.4 10 12 20 28 28 30 31# 26 27 24 23 22 21 20 12 13 12 16
xn
O3
04/26 17 19 7.9 9.5 10 3.3 13 17 25 37 49 53 76 47 42 29 24 25 32 46 41 42 37 37
xn
O3
04/27 30 26 30 23 19 27 23 22 36 45 52 79 77 83 79 81 77 72 66 61 54 48 42 42
xn
O3
04/28 39 30 27 28 25 25 22 23 31 47 55 50 65 64 57 60 55 47 50 51 43 40 35 23
xn
O3
04/29 27 20 21 26 25 24 23 28 34 36 47 58 78 66 51 32 26 21 21 21 22 15 19 12
xn
O3
04/30 9.3 11 9.3 11 11 7.9 12 25 31 35 37 38 39# 30 29 32 36 31 27 26 22 20 15 13
xn
O3
菏代~るG2019/05A 代浮GOnA 代兜GO3]ppb^
xn
O3
ら戳 00 01 02 03 04 05 06 07 08 09 10 11 12 13 14 15 16 17 18 19 20 21 22 23
xn
O3
05/01 13 13 16 15 15 17 16 14 17 24 46 49 49 59 60 57 56 52 45 39 32 27 25 23
xn
O3
05/02 22 21 23 17 11 7.8 11 16 25 29 40 45 53 62 66 63 51 47 45 47 45 33 24 26
xn
O3
05/03 37 41 39 29 19 21 17 16 16 22 33 46 40 34 32 26 37 37 27 21 18 31 34 37
xn
O3
05/04 30 45 42 46 47 42 44 42 40 56 60 64 63 60 60 64 61 56 51 28 21 29 36 38
xn
O3
05/05 49 21 29 17 17 20 21 50 63 64 77 70 66 65 69 66 64 63 60 50 46 47 39 37
xn
O3
05/06 45 37 33 46 50 39 31 30 22 23 34 38 40 46 44 42 39 33 26 22 23 21 22 19
xn
O3
05/07 21 24 22 17 14 17 12 9.6 15 19 26 32 41 40 34 39 43 45 40 34 29 28 28 25
xn
O3
05/08 23 22 23 29 26 10 11 13 13 21 35 46 59 57 61# 62 59 57 54 50 41 35 32 27
xn
O3
05/09 25 20 17 14 10 8.1 5.2 8.7 21 35 55 80 94 67 59 61 62 57 49 43 31 22 20 22
xn
O3
05/10 25 24 28 35 34 33 28 28 26 33 46 54 57 60 59 55 56 56 49 45 69 63 58 50
xn
O3
05/11 43 36 31 24 19 26 25 27 44 63 73 76 79 73 70 76 78 68 57 49 44 39 35 38
xn
O3
05/12 29 28 24 15 27 17 18 23 40 57 71 72 77 67 77 73 75 67 61 55 50 44 37 31
xn
O3
05/13 28 32 31 27 19 24 27 33 50 62 58 48 49 44 47# 47 44 39 36 29 24 26 22 11
xn
O3
05/14 9.7 12 6.2 4.5 5.3 12 20 33 41 47 44 44 42 35 32 34 36 27 24 22 22 20 19 15
xn
O3
05/15 6.5 11 6 12 13 9.2 8.9 18 30 55 54 50 49 52 46 41 26 26 22 21 17 16 20 18
xn
O3
05/16 14 18 12 10 4.7 5.7 12 19 22 26 26 23 23 22 21 21 19 17 15 19 18 17 17 16
xn
O3
05/17 17 4.5 4.9 9.3 8.2 7.4 11 11 23 24 21 21 21 21 19 20 22 20 18 16 15 14 16 14
xn
O3
05/18 14 11 15 16 17 18 17 18 18 20 22 18 17 20 19 20 17 14 15 20 15 11 12 10
xn
O3
05/19 8.4 10 13 12 11 8.5 13 18 22 24 27 24 26 25 24 21 21 22 21 17 18 17 18 17
xn
O3
05/20 17 9.5 8.7 7.8 8.8 9.8 11 15 24 26 29 28 27 25 23 42 47 46 45 42 36 29 34 30
xn
O3
05/21 21 23 16 14 12 9.9 10 19 28 28 45 60 73 74 85 87 92 91 90 83 81 84 69 40
xn
O3
05/22 33 37 41 40 40 39 43 49 70 79 85 90 97 96 107 91 91 78 79 70 60 55 60 71
xn
O3
05/23 57 37 37 61 60 29 25 48 46 48 68 74 75 82 81 78 69 64 69 69 56 56 54 55
xn
O3
05/24 56 45 35 28 23 19 22 39 53 69 76 74 64 65 73 62 59 56 55 50 46 42 39 37
xn
O3
05/25 30 34 37 34 29 12 26 37 51 56 58 60 59 62 58 54 51 46 43 41 36 26 28 29
xn
O3
05/26 15 19 20 19 19 24 27 31 36 44 59 74 89 94 106 101 85 65 44 35 31 30 32 50
xn
O3
05/27 42 33 28 27 36 37 27 28 28 27 24 31 29 25 33 37 30 28 25 23 16 19 14 15
xn
O3
05/28 12 3.7 3.8 4 7.6 10 12 16 24 26 28 27# 27 26 25 25 28 26 19 15 16 20 33 28
xn
O3
05/29 21 15 9.8 9.9 11 11 9.9 9.9 17 24 45 70 74 67 66 66 65 66 63 52 50 43 38 29
xn
O3
05/30 22 18 20 18 9.8 13 15 27 41 63 93 101 83 73 66 58 51 48 42 40 37 33 28 30