nщ
O3
01/01 2.1 1.4 1.4 1.3 1.5 1.7 1.3 1.9 5.7 13 19 26 35 42 41 32 27 22 17 15 16 14 14 14
nщ
O3
01/02 12 13 14 16 16 17 11 4.6 6 9.6 7.4 11 16 19 22 24 16 5.3 4.2 3 2.1 3.1 2 1.7
nщ
O3
01/03 2.8 3 1.8 2.7 2.5 4.3 5.4 5.2 7.7 10 11 12 15 27 24 22 13 4.7 1.6 2.5 1.5 1.6 1.3 3.2
nщ
O3
01/04 3.1 4 5.3 5.6 3.3 2.5 1.5 1.9 3.1 7.9 27 39 48 59 53 48 31 15 8.1 6.9 4.1 3.9 4.7 4.4
nщ
O3
01/05 4.4 1.4 1.5 1.2 1.1 1.7 1.4 1.9 7 18 29 41 46 52 46 46 33 20 6 3.9 3.5 1.7 1.3 1.3
nщ
O3
01/06 1.4 1.1 1.2 3.2 4.7 4 2.9 3.8 5.2 6.5 11 17 28 35 40 36 29 22 18 14 12 10 7.5 9
nщ
O3
01/07 7.5 8.3 5 3 1.6 2.7 1.9 3.4 6.6 12 14# 23 41 49 44 45 40 23 15 13 15 19 19 15
nщ
O3
01/08 14 12 10 11 14 16 15 11 11 14 19 29 33 37 38 36 26 17 12 9.3 8.9 8.7 9.7 10
nщ
O3
01/09 4.6 5.1 5.7 6.2 6.4 6.6 7.9 7.7 8.1 9.5 12 23 35 43 53 55 45 28 19 15 11 9.3 5.6 3.8
nщ
O3
01/10 2.6 1.8 1.6 2.9 4.2 2 1.5 3.1 6.5 17 28 37 42 48 44 40 28 14 9 6.7 3.6 4.9 3.6 3.7
nщ
O3
01/11 3 1.9 3.1 3 2.3 2.3 1.9 2.7 6.3 16 28 46 62 61 44 29 21 13 4.7 2.1 1.4 1.4 1.4 1.3
nщ
O3
01/12 1.3 2.6 2.5 1.6 4.8 3.9 2.4 2.2 6 11 24 29 34 37 32 29 28 21 11 2.4 1.3 1.2 1.4 1.5
nщ
O3
01/13 1.3 1.3 1.3 3.9 5.9 6 5.5 7 8 12 18 27 37 44 43 40 27 18 12 10 8.2 8.6 7.6 9.8
nщ
O3
01/14 8.9 11 13 14 15 12 5.7 3.2 6.5 9.2 14 20 23 33 43 46 37 25 21 17 13 11 8.3 6.8
nщ
O3
01/15 2.9 3 6.4 15 17 17 11 9.2 9.6 13 21 31 44 41# 35 31 24 19 17 18 17 15 17 18
nщ
O3
01/16 19 22 23 23 21 23 23 18 16 16 15 17 19 21 20 16 14 11 8.9 6.1 3.3 4.6 12 16
nщ
O3
01/17 14 16 17 19 17 20 17 14 14 16 19 21 28 31 30 30 22 14 9.6 11 13 13 15 16
nщ
O3
01/18 15 18 19 19 17 9.8 7.5 5.6 7.4 11 22 35 42 47 50 51 49 29 16 17 11 11 10 11
nщ
O3
01/19 8.2 11 4.9 4.4 9.9 8.9 6.5 5.7 7.3 15 26 34 41 39 40 38 39 32 29 23 17# NA NA NA
nщ
O3
01/20 NA NA NA NA NA NA NA NA NA NA NA NA NA NA NA NA NA NA NA NA NA NA 1# 1x
nщ
O3
01/21 1x 1x 1x 1x 1x 1x 1x 1x 1x 1x 1# NA 21# 25# 32 27 21 16 14 13 9.6 7.2 11 15
nщ
O3
01/22 16 18 17 19 24 29 26 19 15 19 22 25 26 32# 29 27 26 17 12 13 11 10 9.9 3.6
nщ
O3
01/23 2.7 1.3 1.6 5.9 8.3 16 9.9 11 14 16 19 27 34 54 62 63 51 39 25 24 21 6.6 6 5.9
nщ
O3
01/24 7.5 3.1 2.5 3.3 4.5 1.4 0.9 2.1 4.3 17 26 40 54 59 63 62 55 40 18 10 8.7 5.5 7.5 6.8
nщ
O3
01/25 1.8 5.4 4.9 4.3 7.9 2.9 4.1 3.4 8.1 21 35 39 58 59# 50 58 50 42 32 25 12 8.8 5.2 1.6
nщ
O3
01/26 4 2.3 4 2.5 4.1 2.3 0.8 2.3 8.8 25 34 40 44 45 43 39 35 29 25 25 24 24 28 28
nщ
O3
01/27 30 29 29 27 25 24 17 21 20 21 26 31 39 47 52 53 45 32 25 17 14 7.5 5.6 3.4
nщ
O3
01/28 3.1 2.4 4.1 1.9 1.6 1.2 0.8 2.4 7.9 14# 39# 44 62 66 58 48 34 23 20 15 9.3 3.4 1.7 5.8
nщ
O3
01/29 6.1 9.9 5.7 8.1 6.1 9 5.3 5.8 14 27 40 49 58 57 54 52 47 31 18 11 3.4 4.5 5.3 11
nщ
O3
01/30 3.4 3.5 1.8 2.6 1.7 1.6 1.4 2.9 8.9 20 32 45 56 48 44 37 34 25 18 7.5 10 12 11 7.6
nщ
O3
01/31 12 16 20 18 18 11 8.5 7.8 18 21 28 39 41 46 46 40 35 28 24 28 24 19 21 17
nщ
O3
菏代~るG2019/02A 代浮GnщA 代兜GO3]ppb^
nщ
O3
ら戳 00 01 02 03 04 05 06 07 08 09 10 11 12 13 14 15 16 17 18 19 20 21 22 23
nщ
O3
02/01 21 25 28 29 27 26 24 20 19 20 21 28 34 35 28 25 19 13 9.3 5.8 1.3 1.6 3 3.1
nщ
O3
02/02 3.6 4.3 3.5 1.7 1.2 1.2 1.1 3 6.1 14 33 50 67 70 65 52 42 32 30 25 18 14 8.3 4.2
nщ
O3
02/03 3.3 2 3.9 3.2 1.8 5 4.7 11 18 32 40 41 49 52 63 56 45 40 31 22 13 8.4 5 6.2
nщ
O3
02/04 5.3 1.9 2.3 1.4 2.2 2.7 1.2 2 6.1 12 16 25 39 42 43 41 38 29 21 16 12 12 12 9.2
nщ
O3
02/05 10 11 11 12 14 15 17 17 15 14 18 28 36 39 42 44 42 25 26 24 23 20 20 18
nщ
O3
02/06 20 19 18 13 8.3 6.8 5.4 5.4 11 22 28# 35 44 45 48 44 42 41 33 24 19 8.6 8.2 9.7
nщ
O3
02/07 5.9 4.7 7.8 5.9 6.7 3.7 2.4 6.5 13 23 33 38 41 42 42 44 44 41 38 28 14 9.8 12 11
nщ
O3
02/08 7.2 11 18 19 19 16 14 13 15 20 29 35 41 44 43 43 37 29 23 19 17 15 13 11
nщ
O3
02/09 13 13 13 9.3 9 7.5 3.1 5.5 12 20 19 21 29 31 31 31 24 21 16 13 11 12 13 12
nщ
O3
02/10 8.9 11 12 15 16 15 11 11 11 9.5 14 21 29 37 43 41 33 26 21 17 14 12 12 9.3
nщ
O3
02/11 7.5 9.6 12 12 12 12 12 12 15 20 24 27 36 39 36 33 26 18 13 9 6.5 3.1 2.5 6.3
nщ
O3
02/12 7.3 6.4 6.2 3.7 3.3 1.9 1.6 2.9 7.2 15 24 34 41 47 50 51 41 32 23 18 17 16 13 8.5
nщ
O3
02/13 5.3 4.2 4.7 2.7 3 2.2 2.1 3.2 8.9 22 26 31 34 35 34 31 28 27 18 8.1 7.8 8.7 13 12
nщ
O3
02/14 10 9.6 10 8.5 8.6 5.8 4.6 4.6 8.5 18 29 43 48 43 44 38 29 21 15 10 8.2 6.2 7.3 7
nщ
O3
02/15 7.6 9.1 8.9 7.1 4.7 2.1 1.9 3.4 8.1 21 31 38 50 52 46 38 32 27 21 8.2 5.9 3.9 7.6 8.5
nщ
O3
02/16 8.5 8 5.2 3.8 4.5 4.9 2.8 4.1 7.5 21 33 40 43 48 50 43 28 22 16 12 7 6.2 7.3 10
nщ
O3
02/17 13 13 14 17 18 14 14 11 16 19 25 36 44 47 48 47 42 32 22 18 15 13 12 14
nщ
O3
02/18 13 12 8.8 5.9 6.1 2.9 2.4 4.6 12 16 22# 30 39 56 56 54 35 25 19 14 10 4.2 2.5 2.5
nщ
O3
02/19 3.1 9.2 20 18 15 12 4.5 3.5 4.6 6.6 10 15 20 41 50 39 36 32 30 15 6.4 2.6 2.3 2.5
nщ
O3
02/20 3.1 4.8 4.2 4.1 3.7 4.1 2.6 3.8 11 28 35 48 46 50 53 44 39 40 29 25 20 11 6.6 6.8
nщ
O3
02/21 5.2 2 2 1.8 1.8 2.3 3.2 5.6 9.8 18 24 30 31 40 43 43 36 26 16 14 17 15 15 12
nщ
O3
02/22 10 8.1 12 21 18 13 7.9 6.5 11 12 24 40 46 49 42 40 30 20 14 12 13 12 11 10
nщ
O3
02/23 11 17 25 30 30 26 21 17 19 21 23 32 38 39 37 29 20 13 12 14 14 11 10 9.9
nщ
O3
02/24 8.2 7.9 7 10 8.4 9.7 9 5.9 9.1 10 11 12 13 12 15 17 16 11 9 4.4 4.3 7.3 9.2 13
nщ
O3
02/25 15 15 13 14 13 16 14 7.7 13 24 31 37 55 58 63 58 47 38 27 19 14 12 13 13
nщ
O3
02/26 9 6.7 13 19 18 11 6.5 9.8 15 17 25 35 44 53 58 67 64 49 28 27 21 18 22 19
nщ
O3
02/27 17 17 15 14 9.8 9.7 19 17 19 26 39 49 61 63 61 57 55 41 33 26 18 11 14 12
nщ
O3
02/28 9 10 9.3 9 6.5 4.2 3.2 5.6 16 27 37 42 48 53 50 44 40 30 20 22 19 14 9.5 7.9
nщ
O3
菏代~るG2019/03A 代浮GnщA 代兜GO3]ppb^
nщ
O3
ら戳 00 01 02 03 04 05 06 07 08 09 10 11 12 13 14 15 16 17 18 19 20 21 22 23
nщ
O3
03/01 6.8 6.6 7.1 13 13 14 11 7.8 12 16 21 33 46 54 52 49 37 30 23 15 13 12 11 11
nщ
O3
03/02 7.3 3.1 5.2 7.9 5.5 4.6 3.6 6.4 12 24 34 49 57 53 54 52 47 29 29 26 20 14 12 14
nщ
O3
03/03 14 14 15 13 11 11 8.1 9 16 26 30 27 30 29 27 26 22 17 11 10 2.3 2.8 6.6 12
nщ
O3
03/04 11 8.8 10 9.2 12 14 9.6 6.5 9.9 13 29# 38 50 57 62 63 62 49 38 28 23 19 19 13
nщ
O3
03/05 7.9 7.4 10 14 12 6.8 7.6 7.9 9.9 15 27 43 59 64 63 57 51 43 33 34 31 27 25 22
nщ
O3
03/06 20 18 18 16 15 14 11 7.9 13 21 26 30 34 35 32 30 33 28 23 21 25 20 18 13
nщ
O3
03/07 13 13 19 21 29 27 26 24 17 20 20 20 15 17 16 15 15 18 25 26 21 20 27 28
nщ
O3
03/08 34 33 33 33 32 29 19 11 12 14 11 14 16 20 27 24 22 19 13 10 11 8.5 7.5 5.8
nщ
O3
03/09 3.9 4.4 2.4 2.3 2.7 3.8 2.5 2.6 2.8 4.7 11 17 17 23 22 14 11 15 14 10 11 8.4 6.2 6.6
nщ
O3
03/10 7.2 20 33 32 33 35 33 20 16 25 31 34 35 31 26 21 19 13 12 8.8 5.8 3.9 2.8 2.6
nщ
O3
03/11 4.5 2.6 3 2.1 2.2 2.4 2.2 5 4.2 3.6 3.6 4.2 6.5 6.5 13 18 15 11 8.5 8.4 4.9 2.6 2.4 2.1
nщ
O3
03/12 2.2 2.2 2 3.3 2.4 2.1 2.5 4.2 9.4 18 35 42 49 54 70 72 63 52 44 31 19 21 23 24
nщ
O3
03/13 18 17 14 14 12 15 3.9 5.9 18 43 53# 55# 56 61 65# 64 59 53 38 28 23 19 16 20
nщ
O3
03/14 17 13 13 11 11 10 8.4 8.9 12 29 43 52 60 60 63 51 44 38 35 34 32 28 31 31
nщ
O3
03/15 28 28 29 29 31 28 25 22 18 17 20 30 38 41 36 31 25 21 20 19 21 17 11 9.8
nщ
O3
03/16 5.1 5.4 3.6 3.5 3.5 2.3 2.8 3.7 13 22 28 44 44 46 47 47 42 43 37 30 23 20 20 14
nщ
O3
03/17 15 14 13 14 13 9.9 5.9 9.1 11 19 33 44 43 44 44 45 44 35 37 36 31 26 21 16
nщ
O3
03/18 11 12 11 12 8.7 5.9 4 3.2 4.8 12 18 27 39 46 51 54 48 32 23 17 12 14 11 9
nщ
O3
03/19 9.1 6.4 8.8 7.2 8.1 3.9 3.3 4 11 21# 35 49 57 67 71 62 52 44 32 27 22 25 26 18
nщ
O3
03/20 14 12 8.8 6 5.9 8.1 6.3 8.2 13 22 39 46 52 56 57 59 56 49 35 29 19 13 8 4
nщ
O3
03/21 2.9 4 1.9 2.7 3.7 4.6 6.8 6.6 15 24 28 33 37 41 43 41 31 19 16 14 8.5 11 7.7 4.9
nщ
O3
03/22 5.7 3.1 2.3 4 4 2.7 2.7 4.9 13 25 35 37 37 47 52 50 44 32 23 15 12 12 12 14
nщ
O3
03/23 14 11 15 18 20 22 20 18 18 14 16 19 21 20 24 23 20 20 19 19 24 27 26 23
nщ
O3
03/24 20 18 23 22 21 18 20 21 18 10 8.8 6.3 7.9 7.9 17 23 22 15 13 12 10 5.7 2.5 2.4
nщ
O3
03/25 4.9 7.5 3.7 4.8 8.1 4.5 4.2 3.8 4.5 7.7 6.1 6.6 5 7.8 6.6 6.7 7.2 6.5 2.9 2.2 1.9 1.9 2.2 2.3
nщ
O3
03/26 2 3.8 2.4 3.9 5.8 7.7 4.3 5.9 12 19 26 35 48 60 66 60 59 49 37 28 25 8.3 5 4.9
nщ
O3
03/27 5.1 3.2 4.1 6.8 5.4 6.9 3.4 4.7 16 34 45 52 57 64 64 62 55 48 33 31 31 24 20 16
nщ
O3
03/28 13 13 11 9.9 12 8.1 5.6 6.5 20 30 32 29 35 39 41 41 37 31 27 19 16 15 11 12
nщ
O3
03/29 15 13 12 9 6.4 7.7 9.1 12 22 25 29 34 35 35 34 31 28 27 25 23 23 22 28 34
nщ
O3
03/30 35 31 27 23 19 20 18 19 19 23 23 28 41 54 54 55 50 47 42 37 28 22 18 15
nщ
O3
03/31 14 13 13 8 8.3 7 6.7 6.9 14 27 38 47 51 57 60 61 55 46 35 29 23 21 22 23
nщ
O3
菏代~るG2019/04A 代浮GnщA 代兜GO3]ppb^
nщ
O3
ら戳 00 01 02 03 04 05 06 07 08 09 10 11 12 13 14 15 16 17 18 19 20 21 22 23
nщ
O3
04/01 30 29 28 26 29 30 28 19 15 10 12 12 15 13 16 17 16 12 6.7 8.8 8.2 5.3 5.9 5.4
nщ
O3
04/02 4.3 3.9 3.2 2.8 2.8 2.3 2.9 4.1 7.4 11 18 36 42 58# 54 51 49 34 29 26 21 12 6 7.5
nщ
O3
04/03 10 13 9.9 21 24 20 16 19 17 23 24 33 41 39 37 39 31 31 27 24 22 15 11 5.8
nщ
O3
04/04 3.9 2.8 2.2 2.3 2.7 2.8 2.9 4.7 9.3 20 34 44 47 52 55 50 41 34 32 30 27 24 23 21
nщ
O3
04/05 19 15 12 12 9.9 7.7 5.8 9.6 13 20 30 36 45 46 50 50 48 44 37 29 17 8.8 12 9.5
nщ
O3
04/06 4.6 4.3 3.6 4.5 2.3 3.1 3.6 6.1 24 40 46 50 53 60 63 63 60 54 47 44 30 28 17 14
nщ
O3
04/07 11 12 14 9.5 9.5 12 10 14 32 46 50 51 50 50 53 55 55 49 43 29 22 18 15 16
nщ
O3
04/08 13 15 14 10 11 9.2 8.2 9.6 21 34 40 49 48 50 48 46 42 35 27 21 20 17 12 8.3
nщ
O3
04/09 4.6 7.4 4.8 7.4 11 9 4.6 13 23 32 38 43 44 47 35 26 21 18 15 13 13 12 10 9.3
nщ
O3
04/10 7.8 4.4 4.1 2.4 2.6 3.8 8.4 14 22 25 25 31 34 36 36 32 26 21 17 16 11 12 13 11
nщ
O3
04/11 12 8.6 8.1 4.2 5.9 5 4.5 5.8 13 22 30 34 43 42 31 27 24 24 21 19 16 17 15 13
nщ
O3
04/12 17 22 22 18 17 18 16 14 17 21 27 39 49 55 59 50 36 29 26 23 18 15 14 13
nщ
O3
04/13 12 11 12 9 9.5 14 18 17 21 27 40 49 53 55 42 31 26 20 20 16 9 10 7 6.8
nщ
O3
04/14 7.1 6.8 14 17 16 12 7.5 12 13 23 36 40 40 40 40 39 35 33 32 29 24 21 22 22
nщ
O3
04/15 22 21 24 30 35 33 30 27 22 22 25 28 28 29 37 39 38 22 15 8.6 7.7 6.8 11 11
nщ
O3
04/16 11 13 8.7 8.1 21 22 23 17 13 14 15 16 16# 6.6# 14 19 12 9.7 9.8 2.2 1.4 2.4 4.1 4.2
nщ
O3
04/17 3.4 3.2 6.4 16 26 24 21 18 20 31 40 50 61 63 66 68 62 49 41 29 18 14 17 15
nщ
O3
04/18 13 12 12 19 20 20 15 22 26 41 46 51 56# 60 35 47 45 40 34 26 16 13 12 9.6
nщ
O3
04/19 8.4 7.3 7.2 5.9 5.4 17 14 23 22 26 30# 35x 36# 48# 47# 39x 36x 35# 21# 15 17 18 22 22
nщ
O3
04/20 21 19 19 20 17 14 7.6 8.2 23 34 35 30 36 35 32 34 38 32 21 14 12 22 22 18
nщ
O3
04/21 16 13 20 32 30 22 18 17 12 9.7 14 15 22 25 22 15 14 12 5.8 3.9 6.5 7.1 5.8 4.1
nщ
O3
04/22 7.3 6.4 4.6 5.2 5.3 6.2 3.5 5.7 13 23 28 31 32 33 33 28 22 16 11 11 12 11 11 10
nщ
O3
04/23 11 20 13 11 7.8 8.1 4.9 7.4 15 21 28 33 40 42 36 30 26 19 16 16 15 12 13 12
nщ
O3
04/24 9.4 4.7 3.2 3.7 3.4 3 7.3 11 17 22 27 35 36 34 32 27 23 20 15 12 10 10 8.9 7.8
nщ
O3
04/25 5.8 5.2 8 4.1 5.3 5.6 6.9 10 21 24 30 34 38 34 340# 30# 24 20 16 10 11 9.6 8.7 6.2
nщ
O3
04/26 5.8 6.3 5.1 3.4 2.6 2.2 3.7 8.3 16 26 38 49 50 49 61 65 50 46 42 38 37 33 29 35
nщ
O3
04/27 26 19 18 14 14 16 12 13 21 29 40 52 61 64 62 62 58 48 39 31 26 20 19 18
nщ
O3
04/28 14 11 3.9 3.3 7.7 6.4 6.6 15 25 33 40 49 49 46 46 44 43 43 37 28 15 18 15 11
nщ
O3
04/29 7 6.8 6.2 9.8 8.5 8.1 5.8 11 21 31 38 42 47 47 44 46 45 34 27 27 24 17 17 11
nщ
O3
04/30 13 11 6.2 5.2 2.8 4.3 5.3 15 22 28 34 38 35 31 28 24 20 19 18 17 14 13 12 11
nщ
O3
菏代~るG2019/05A 代浮GnщA 代兜GO3]ppb^
nщ
O3
ら戳 00 01 02 03 04 05 06 07 08 09 10 11 12 13 14 15 16 17 18 19 20 21 22 23
nщ
O3
05/01 8.4 12 13 9.9 11 9.6 6.4 11 11 17 23 23 22 24 23 23 21 19 19 14 12 11 13 14
nщ
O3
05/02 15 12 11 6.7 4.5 6.4 4.8 2.7 2.7 3.7# 4.9 4.1 3.7 8.5 7.9 14 12 11 21 11 9.5 9.6 18 9.1
nщ
O3
05/03 2.3 2.5 3.7 2 5.8 5.2 5.4 8.6 10 11 11 17 18 36 45 53 53 40 33 27 26 19 14 9.6
nщ
O3
05/04 9.1 7.7 8.6 11 14 9.1 13 22 37 39 42 46 51 48 49 46 45 43 43 35 27 20 12 15
nщ
O3
05/05 15 14 12 12 10 7.4 6.1 11 16 25 33 41 45 47 52 55 49 41 37 32 31 31 26 25
nщ
O3
05/06 25 26 21 17 24 25 21 13 13 12 13 18 26 24 24 24 16 8 10 14 17 14 13 17
nщ
O3
05/07 17 19 17 14 16 18 18 21 23 22 23 27 25 26 31 26 24 22 19 13 9 11 10 7.4
nщ
O3
05/08 5.3 5.7 3.2 3.1 4.3 5.2 4.3 2.9 5 11 25 26 30 52# 39 22 19 20 17 12 8.2 6.4 6.3 4.5
nщ
O3
05/09 4.6 5.4 4 2.9 2.3 3 2.6 4.2 11 22 28 24 28 32 32 31 22 13 10 11 12 18 18 18
nщ
O3
05/10 17 15 12 10 8.7 6.2 9.2 13 22 25 32 26 26 30 38 44 42 38 21 19 30 26 24 20
nщ
O3
05/11 16 17 16 11 9 9.1 7 11 18 29 46 57 57 56 54 55 49 44 40 36 31 27 16 17
nщ
O3
05/12 14 10 8.6 6.5 4.5 6.4 6.7 14 25 36 41 47 50 57 58 56 41 36 30 25 19 15 19 14
nщ
O3
05/13 12 11 7.8 5.9 8.9 9.5 7.8 15 20 32 40 43 42 47 47 41 34 28 25 18 12 7.3 9.5 7.1
nщ
O3
05/14 10 7.7 5.1 8.1 6.6 4.6 6 8.4 19 28 30 33 36 37 39 38 31 26 24 14 8.2 6.8 4.7 7.1
nщ
O3
05/15 4.5 1.8 2.7 2 2.8 3.4 3.7 9.5 17 24# 33 41 44 37 20 23 26 26 21 16 13 10 11 9.3
nщ
O3
05/16 8 9.8 6.8 4.5 5.3 3.1 3.1 6.1 12 16 14 15 15 16# 15 16 11 12 8.5 9.7 6.8 7.1 5.3 5
nщ
O3
05/17 4.1 4.6 4.3 2.6 5.6 4.4 3 2.2 4 13 16 14 17 15 9.9 13 15 12 4.3 3.9 5.4 2.5 1.9 2.4
nщ
O3
05/18 2.3 3.3 2.2 9.9 10 8.1 7.1 6.1 12 12 16 17 17 17 17 17 16 15 11 12 7.2 7.8 7 8.7
nщ
O3
05/19 9.8 9.7 8.5 7.6 7.3 5.7 4.6 5.9 12 19 23 18 18 16 18 18 18 13 12 8.5 5.4 3.2 3.7 4.6
nщ
O3
05/20 5.6 4.6 3.6 3.9 3.7 4.2 4.3 5.6 11 18 10 18 25 36 33 34 22 14 13 9.3 7.1 10 14 16
nщ
O3
05/21 12 9.8 7.8 8.6 8.8 7.5 7 12 14 10 8.9 6.1 11 12 16 21 14 17 17 11 6.5 4.9 4.2 4.7
nщ
O3
05/22 3.8 3.8 4.2 6.7 8.7 3.3 5.3 19 38 40 49 52 52 58 59 59 48 50 40 33 20 18 23 17
nщ
O3
05/23 14 12 10 12 9.3 25 18 18 20 23 20 23 32 37 42 47 51 40 38 32 31 17 14 14
nщ
O3
05/24 11 12 13 10 8.5 7.2 5.2 11 24 24 38 44 52 51 46 45 41 37 36 30 21 21 18 16
nщ
O3
05/25 16 16 15 11 9.7 8.3 9 13 22 33 39 46 45 44 39 34 35 31 28 24 17 10 6.3 7.9
nщ
O3
05/26 7.1 6.2 8.7 4.2 3 6 5.5 12 21 29 36 43 47 51 55 55 53 47 40 30 24 19 18 17
nщ
O3
05/27 13 11 9.4 7.9 9.8 7.2 8.2 14 28 33 28 23 23 27 26 30 28 26 20 13 11 8.5 8.5 7.4
nщ
O3
05/28 7.4 4.6 4.1 5.1 4.9 2.8 3 4.9 6.3 15 19 9.4 9.5 6.7 17 21 20 20 14 9.5 12 15 14 14
nщ
O3
05/29 13 12 13 13 11 13 11 10 11 9.8 15 25 44 56# 51# 45 34 28 21 18 16 14 15 14
nщ
O3
05/30 13 11 12 13 11 6.1 5.9 9.3 20 42 58 49 52 65 55 44 40 38 31 21 16 19 17 13