nщ
PM10
01/01 28 26 21 25 23 25 24 31 28 24 28 35 27 28 27 25 37 31 28 22 19 15 18 22
nщ
PM10
01/02 19 19 14 11 12 9 14 21 19 25 1000# 44 42 39 39 49 50 48 37 36 34 36 28 27
nщ
PM10
01/03 32 32 27 28 24 23 17 20 22 23 28 37 47 54 58 54 48 46 47 40 39 35 39 60
nщ
PM10
01/04 63 52 46 61 42 39 39 41 34 41 56 52 55 73 109 115 116 97 84 89 87 97 110 117
nщ
PM10
01/05 133 79 74 85 81 59 60 70 83 96 84 75 52 59 38 40 42 66 93 71 63 60 57 64
nщ
PM10
01/06 63 58 53 11 11 11 9 8 23 24 25 24 24 29 34 31 25 29 23 30 28 26 27 32
nщ
PM10
01/07 31 31 30 34 26 37 35 40 54 44 1000# 35 48 53 61 52 60 67 63 59 65 57 52 71
nщ
PM10
01/08 75 72 80 72 38 38 36 35 38 37 39 43 48 43 46 49 43 39 38 27 32 27 26 27
nщ
PM10
01/09 27 26 24 24 36 49 26 22 23 31 42 58 65 56 61 59 62 59 61 48 50 49 50 42
nщ
PM10
01/10 44 49 43 45 44 40 43 52 52 59 63 69 60 66 62 56 88 95 91 91 95 94 101 92
nщ
PM10
01/11 88 104 84 81 60 49 53 60 75 61 51 61 59 73 87 56 41 48 50 58 61 62 48 48
nщ
PM10
01/12 51 47 47 46 39 36 36 41 44 55 49 41 39 36 29 32 44 53 60 67 61 54 44 45
nщ
PM10
01/13 43 43 32 24 27 34 34 31 33 37 41 38 33 43 46 52 51 54 48 44 41 32 27 30
nщ
PM10
01/14 21 20 27 23 19 21 29 33 32 35 41 1000# 44 58 66 60 63 68 60 57 59 53 52 55
nщ
PM10
01/15 56 53 57 60 65 68 64 72 75 77 74 68 62 76 1000# 69 87 97 94 74 73 70 53 48
nщ
PM10
01/16 38 22 24 24 28 26 27 29 23 21 24 30 25 26 26 35 33 25 30 35 26 30 25 24
nщ
PM10
01/17 27 19 14 10 15 13 17 22 19 30 30 43 45 39 37 36 38 41 45 44 47 50 50 47
nщ
PM10
01/18 46 50 48 48 45 46 48 47 47 30 26 39 49 48 50 57 71 88 80 83 88 84 91 87
nщ
PM10
01/19 87 93 72 88 108 113 101 89 95 92 93 72 54 38 58 55 37 39 38 37 NA NA NA NA
nщ
PM10
01/20 NA NA NA NA NA NA NA NA NA NA NA NA NA NA NA NA NA NA NA NA NA NA 47 39
nщ
PM10
01/21 32 26 21 22 28 24 26 28 27 31 29 1000# 36 31 32 47 51 51 47 44 39 39 34 37
nщ
PM10
01/22 36 39 31 32 37 45 47 46 46 42 46 58 51 51 60 57 57 63 58 55 57 53 52 49
nщ
PM10
01/23 51 47 50 46 40 48 48 48 53 40 44 44 50 52 68 69 76 96 89 86 97 84 83 81
nщ
PM10
01/24 75 75 68 59 58 55 60 60 72 89 89 63 57 55 63 63 68 74 78 81 84 99 71 76
nщ
PM10
01/25 68 57 57 47 43 45 45 52 54 45 33 50 46 55 59 1000# 88 98 102 107 105 102 97 89
nщ
PM10
01/26 83 78 71 66 68 53 53 54 58 53 44 42 55 54 70 75 86 74 57 50 40 35 35 29
nщ
PM10
01/27 31 26 26 24 27 27 25 28 35 32 39 44 42 51 53 54 54 57 55 47 48 56 48 46
nщ
PM10
01/28 40 40 44 45 42 34 41 41 52 53 58 62# 70 64 76 68 55 56 59 60 55 63 63 55
nщ
PM10
01/29 47 45 46 43 44 41 42 49 55 60 56 53 50 63 56 57 64 83 83 91 84 85 99 79
nщ
PM10
01/30 84 72 81 58 71 69 67 77 84 76 71 73 65 41 37 34 34 38 46 54 44 43 40 43
nщ
PM10
01/31 32 30 28 30 24 30 36 49 50 50 53 28 12 21 32 31 50 69 57 66 60 51 49 63
nщ
PM10
菏代~るG2019/02A 代浮GnщA 代兜GPM10]gg/m3^
nщ
PM10
ら戳 00 01 02 03 04 05 06 07 08 09 10 11 12 13 14 15 16 17 18 19 20 21 22 23
nщ
PM10
02/01 46 33 26 18 16 23 19 22 28 31 34 37 49 62 65 63 66 63 57 60 61 57 46 46
nщ
PM10
02/02 42 42 42 45 41 42 44 42 59 76 93 77 83 79 90 98 101 111 108 111 116 114 118 129
nщ
PM10
02/03 117 123 100 105 87 67 54 50 50 25 26 28 44 68 82 87 100 95 94 78 92 75 79 68
nщ
PM10
02/04 62 63 64 59 56 61 54 56 54 70 77 63 52 44 43 41 57 66 61 66 63 67 57 64
nщ
PM10
02/05 68 66 79 82 82 82 83 87 91 96 111 107 73 69 73 63 76 110 117 142 152 126 135 127
nщ
PM10
02/06 116 109 91 75 72 53 57 64 67 64 58 1000# 46 45 62 61 66 65 73 97 80 82 78 69
nщ
PM10
02/07 68 64 66 59 56 50 52 50 49 34 34 26 19 20 18 22 41 52 65 62 66 65 60 54
nщ
PM10
02/08 52 66 74 66 65 55 48 47 45 40 38 44 36 39 36 34 35 31 35 36 36 39 41 42
nщ
PM10
02/09 36 33 37 36 33 43 38 42 42 42 45 46 36 33 38 39 37 36 33 32 30 29 28 31
nщ
PM10
02/10 29 27 21 20 20 24 25 25 32 35 37 42 42 37 41 42 38 40 47 35 45 40 44 42
nщ
PM10
02/11 43 37 34 34 32 32 35 33 29 29 33 1000# 21 35 43 38 57 42 47 50 40 38 35 27
nщ
PM10
02/12 26 19 24 24 27 28 27 34 35 43 48 31 41 40 47 53 54 48 51 52 48 53 53 68
nщ
PM10
02/13 69 62 47 55 57 50 46 54 64 55 37 28 35 33 29 32 40 53 53 44 39 32 29 29
nщ
PM10
02/14 33 32 38 36 34 34 36 42 45 47 52 49 41 44 41 54 56 78 68 67 71 67 64 61
nщ
PM10
02/15 58 61 59 60 59 57 59 70 77 63 62 40 40 37 48 40 32 36 44 45 39 47 35 34
nщ
PM10
02/16 28 24 39 36 40 37 37 40 54 40 23 31 70 74 61 72 63 54 43 53 60 42 38 31
nщ
PM10
02/17 27 28 23 20 21 22 29 28 31 29 36 42 41 41 40 42 49 48 46 40 41 39 37 36
nщ
PM10
02/18 31 34 36 37 39 42 42 50 54 63 67 1000# 54 58 56 51 51 57 64 66 67 71 68 87
nщ
PM10
02/19 83 77 19 20 25 29 45 59 66 68 77 57 50 62 95 77 78 86 106 105 115 115 116 90
nщ
PM10
02/20 89 90 86 84 77 72 67 67 59 69 56 80 61 90 98 106 106 102 99 86 97 112 132 133
nщ
PM10
02/21 111 120 107 101 88 85 96 89 89 72 93 96 92 74 63 67 75 82 67 56 35 32 43 47
nщ
PM10
02/22 50 32 36 49 56 58 72 82 65 71 69 62 61 55 43 55 46 49 39 38 29 24 26 27
nщ
PM10
02/23 21 19 20 24 30 28 41 32 37 38 45 52 60 53 58 57 60 52 54 34 31 29 28 29
nщ
PM10
02/24 30 34 32 28 32 30 21 30 24 27 23 28 28 30 21 18 15 20 17 22 27 30 34 27
nщ
PM10
02/25 35 34 37 30 28 31 24 34 31 28 27 34 35 27 37 49 58 56 54 58 52 57 51 44
nщ
PM10
02/26 48 55 39 36 38 49 53 49 54 65 59 71 68 67 66 64 71 91 95 74 68 66 66 68
nщ
PM10
02/27 69 74 93 124 75 82 96 93 97 94 80 84 67# 1000# 60 55 62 61 46 42 44 50 42 46
nщ
PM10
02/28 43 50 43 45 55 51 52 57 63 62 49 75 77 62 60 58 55 49 45 39 37 42 40 41
nщ
PM10
菏代~るG2019/03A 代浮GnщA 代兜GPM10]gg/m3^
nщ
PM10
ら戳 00 01 02 03 04 05 06 07 08 09 10 11 12 13 14 15 16 17 18 19 20 21 22 23
nщ
PM10
03/01 42 38 41 36 35 34 37 42 51 47 46 54 56 49 47 76 83 72 85 81 86 84 86 82
nщ
PM10
03/02 81 82 99 115 101 100 115 107 90 74 94 107 111 85 90 89 111 129 168 149 139 142 142 135
nщ
PM10
03/03 119 108 98 97 89 80 79 71 69 54 35 36 17 9 11 10 16 19 24 23 26 26 32 44
nщ
PM10
03/04 41 44 45 40 33 34 33 41 28 29 45 1000# 32 40 46 48 53 62 69 71 88 69 66 61
nщ
PM10
03/05 75 71 61 62 63 56 52 62 56 61 64 61 71 93 88 88 92 88 101 47 24 27 23 25
nщ
PM10
03/06 31 31 32 29 31 28 27 28 28 28 29 19 33 32 36 41 37 33 33 30 30 33 32 39
nщ
PM10
03/07 36 27 22 15 11 10 7 17 24 18 24 23 24 14 20 26 42 41 42 41 40 37 38 36
nщ
PM10
03/08 31 28 27 27 27 19 20 23 22 29 38 33 26 17 18 20 32 24 30 36 28 35 36 40
nщ
PM10
03/09 39 23 15 11 15 10 11 17 21 20 16 19 21 22 26 31 36 16 21 22 20 24 21 25
nщ
PM10
03/10 25 21 15 17 12 12 10 12 15 19 12 32 27 28 29 37 36 39 40 33 30 30 32 26
nщ
PM10
03/11 41 36 32 31 35 30 32 31 33 39 45 64 56 69 72 59 58 63 66 65 48 48 56 51
nщ
PM10
03/12 48 52 54 41 51 57 50 57 70 51 42 31 34 44 64 69 68 64 68 74 67 69 63 61
nщ
PM10
03/13 61 60 59 58 64 62 59 64 63 57 54 52 48 55 1000# 79 88 80 83 81 84 86 78 73
nщ
PM10
03/14 63 61 53 52 48 42 41 46 47 77 94 92 75 63 81 87 88 80 80 82 84 77 65 60
nщ
PM10
03/15 60 45 40 43 35 32 23 17 21 22 28 30 28 34 44 41 47 40 38 36 34 29 41 36
nщ
PM10
03/16 36 29 40 40 41 46 51 57 71 72 79 70 61 60 72 55 38 37 50 55 62 59 54 62
nщ
PM10
03/17 58 58 58 53 51 52 55 73 72 73 77 69 62 64 68 48 46 59 60 65 70 61 64 64
nщ
PM10
03/18 64 69 75 67 65 63 70 64 76 74 75 65 58 52 56 67 94 76 75 87 84 77 78 76
nщ
PM10
03/19 75 75 73 72 66 64 62 68 75 63 1000# 38 46 53 69 65 52 59 68 71 82 95 106 85
nщ
PM10
03/20 88 69 69 63 62 52 57 66 69 77 92 75 79 84 84 90 94 95 64 62 47 42 44 47
nщ
PM10
03/21 42 45 44 42 50 54 59 74 73 53 30 34 47 43 42 37 34 47 56 56 48 46 51 43
nщ
PM10
03/22 45 45 42 35 32 31 37 42 49 54 60 55 96 76 67 71 77 85 78 69 58 59 46 40
nщ
PM10
03/23 35 37 36 36 29 27 22 21 23 28 24 28 29 41 33 33 31 26 21 22 19 23 30 32
nщ
PM10
03/24 32 31 21 17 19 24 17 21 21 28 27 23 26 23 16 25 18 24 27 34 39 40 46 47
nщ
PM10
03/25 34 31 31 25 37 27 34 39 42 40 46 47 46 48 52 53 57 55 67 63 65 49 54 47
nщ
PM10
03/26 45 48 41 28 28 22 29 28 32 35 39 45 47 49 51 37 59 84 81 66 67 84 70 72
nщ
PM10
03/27 70 70 83 80 76 67 76 81 69 52 41 40 44 65 1000# 65 65 74 57 53 56 58 60 63
nщ
PM10
03/28 66 68 63 65 63 64 61 64 60 50 40 18 28 34 35 45 47 45 46 37 35 46 43 44
nщ
PM10
03/29 36 40 32 35 40 42 45 51 50 35 30 30 49 46 48 50 61 64 68 64 65 62 36 14
nщ
PM10
03/30 11 10 15 17 17 22 19 19 23 24 37 32 36 36 32 49 51 60 63 56 62 61 62 63
nщ
PM10
03/31 62 72 71 64 67 67 81 79 57 67 58 52 63 70 74 89 83 81 54 46 41 44 42 36
nщ
PM10
菏代~るG2019/04A 代浮GnщA 代兜GPM10]gg/m3^
nщ
PM10
ら戳 00 01 02 03 04 05 06 07 08 09 10 11 12 13 14 15 16 17 18 19 20 21 22 23
nщ
PM10
04/01 27 25 28 23 22 25 27 22 26 22 20 21 27 33 23 31 26 29 32 26 31 36 38 42
nщ
PM10
04/02 44 42 43 42 40 35 40 39 56 57 62 68 75 69 1000# 73 71 74 77 82 91 91 77 79
nщ
PM10
04/03 81 73 78 65 60 59 54 48 40 50 50 44 42 39 43 40 56 51 44 47 44 44 46 48
nщ
PM10
04/04 47 47 43 46 48 46 44 48 52 46 58 59 76 81 77 82 80 77 65 70 69 59 53 62
nщ
PM10
04/05 62 72 63 60 65 66 62 65 60 61 58 64 64 60 54 51 46 57 61 45 61 62 60 58
nщ
PM10
04/06 59 61 60 54 50 47 50 58 69 72 65 70 63 72 66 58 62 63 69 68 77 76 70 78
nщ
PM10
04/07 66 71 73 62 55 50 50 52 44 49 50 55 63 46 56 52 54 70 76 88 82 80 74 72
nщ
PM10
04/08 70 61 60 59 56 52 60 59 50 53 51 41 42 45 59 1000# 46 56 56 45 54 45 48 54
nщ
PM10
04/09 48 48 50 49 46 53 46 53 55 51 48 45 51 56 44 40 36 35 30 34 39 37 40 39
nщ
PM10
04/10 38 42 34 34 32 32 40 47 53 51 41 43 42 37 38 36 37 36 36 38 35 47 46 49
nщ
PM10
04/11 42 43 36 38 48 60 60 63 51 42 39 44 46 40 65 52 65 56 31 31 29 23 30 24
nщ
PM10
04/12 19 13 14 22 22 24 20 25 33 35 35 41 36 43 54 61 52 57 55 53 44 47 45 44
nщ
PM10
04/13 43 58 68 68 67 68 58 63 60 55 51 46 48 54 68 59 43 31 33 52 51 53 46 52
nщ
PM10
04/14 46 44 41 45 44 50 53 42 41 36 38 27 22 23 22 23 27 30 37 42 37 27 34 33
nщ
PM10
04/15 28 28 27 26 37 40 32 39 42 46 57 56 56 55 58 68 68 78 62 52 45 46 66 71
nщ
PM10
04/16 65 68 60 67 40 33 35 43 33 21 23 NA 1000* 1000# 33 40 39 39 33 40 50 48 53 53
nщ
PM10
04/17 53 59 59 49 45 50 47 49 44 27 29 36 32 33 40 32 43 44 38 50 60 64 69 75
nщ
PM10
04/18 64 67 66 59 65 65 68 50 31 36 38 52 54 65 1000# 64 57 58 49 57 63 55 54 61
nщ
PM10
04/19 61 58 60 62 57 54 49 32 37 35 32 24 29 51 64 30 6 16 15 21 15 14 13 11
nщ
PM10
04/20 13 17 12 20 19 22 23 27 23 22 16 17 15 19 18 24 21 29 40 35 45 78 63 64
nщ
PM10
04/21 65 63 37 13 10 14 19 22 19 18 22 18 18 18 26 27 33 28 36 33 30 30 33 34
nщ
PM10
04/22 25 32 32 32 38 36 39 38 36 37 1000# 25 27 32 30 30 28 36 39 30 34 28 25 27
nщ
PM10
04/23 25 23 27 29 28 37 37 32 26 22 32 29 30 30 25 22 31 27 26 23 29 31 26 26
nщ
PM10
04/24 27 30 28 30 34 33 38 41 32 25 23 33 34 35 30 27 33 28 28 27 26 28 25 25
nщ
PM10
04/25 31 29 28 32 32 33 38 34 30 28 34 34 36 25 35 1000# 32 24 26 30 27 27 25 31
nщ
PM10
04/26 28 29 26 30 23 29 25 29 27 25 35 39 45 40 51 59 54 51 42 32 34 34 28 45
nщ
PM10
04/27 45 53 52 46 50 42 44 38 32 26 34 51 64 55 54 56 63 56 54 54 55 50 57 45
nщ
PM10
04/28 42 47 52 56 48 41 47 61 59 57 67 67 63 52 57 53 46 52 59 63 74 74 64 57
nщ
PM10
04/29 55 58 57 46 47 58 54 44 36 35 40 38 42 46 45 49 46 41 48 44 47 44 48 60
nщ
PM10
04/30 44 48 45 44 43 47 47 35 35 32 34 49 43 35 42 33 37 36 38 32 28 26 28 26
nщ
PM10
菏代~るG2019/05A 代浮GnщA 代兜GPM10]gg/m3^
nщ
PM10
ら戳 00 01 02 03 04 05 06 07 08 09 10 11 12 13 14 15 16 17 18 19 20 21 22 23
nщ
PM10
05/01 25 26 27 26 28 31 30 15 9 11 10 10 13 14 15 16 15 17 16 21 23 31 19 22
nщ
PM10
05/02 19 25 31 34 33 35 30 27 36 42 1000# 49 47 55 38 30 22 21 22 23 17 18 19 30
nщ
PM10
05/03 26 24 18 30 18 21 30 30 31 29 26 36 45 50 41 48 58 53 47 52 53 55 54 58
nщ
PM10
05/04 52 54 53 49 59 52 48 42 19 20 18 15 25 22 29 32 38 39 38 50 46 49 46 37
nщ
PM10
05/05 35 29 32 32 30 33 33 31 33 34 32 40 33 38 39 60 60 63 62 52 43 35 37 38
nщ
PM10
05/06 30 41 46 37 49 49 44 33 30 20 24 23 9 9 14 1000# 21 34 21 18 13 17 17 19
nщ
PM10
05/07 17 21 14 13 8 12 10 11 13 20 27 25 24 24 29 29 33 40 55 54 76 54 50 57
nщ
PM10
05/08 58 57 54 46 49 61 62 60 69 72 47 42 48 58 64 30 37 43 56 58 69 64 64 71
nщ
PM10
05/09 70 58 57 52 51 53 59 68 51 42 41 34 29 37 37 17 33 33 28 23 20 21 18 20
nщ
PM10
05/10 21 21 25 24 19 20 16 11 11 20 17 28 23 27 26 26 24 23 33 44 54 52 53 58
nщ
PM10
05/11 60 79 86 82 75 59 62 53 45 52 65 56 38 38 34 36 38 37 40 49 48 49 53 51
nщ
PM10
05/12 47 45 34 54 63 58 54 55 38 36 30 42 50 64 64 64 66 62 54 49 55 62 60 56
nщ
PM10
05/13 63 49 51 58 72 70 63 62 54 45 40 42 34 62 66 42 29 30 32 42 42 41 39 37
nщ
PM10
05/14 37 34 37 38 36 40 42 47 28 24 21 24 30 35 36 35 37 30 36 32 27 35 37 32
nщ
PM10
05/15 29 30 27 31 33 32 36 37 29 28 1000# 36 40 38 28 23 24 18 21 22 27 28 25 27
nщ
PM10
05/16 1000* 1000* 1000* 1000* 1000* 1000* 1000* 1000* 1000* 1000* 1000* 1000* 1000# 19x 1000# 16 24 10 22 23 21 21 26 20
nщ
PM10
05/17 29 25 24 27 29 23 30 30 28 29 29 29 24 23 21 15 19 16 23 27 23 28 31 29
nщ
PM10
05/18 26 28 26 15 11 13 12 19 28 18 19 28 30 28 20 23 33 24 31 28 26 25 25 24
nщ
PM10
05/19 20 21 21 20 26 25 30 33 23 19 22 24 13 18 16 18 20 22 21 23 23 26 26 29
nщ
PM10
05/20 23 33 22 25 29 33 32 32 24 27 1000# 4 11 6 3 5 14 23 41 44 44 37 24 29
nщ
PM10
05/21 30 40 34 30 34 32 42 31 36 40 40 45 41 46 59 68 62 71 84 84 64 62 65 67
nщ
PM10
05/22 65 79 88 81 82 68 81 77 63 70 67 74 80 84 78 95 99 82 87 68 86 75 82 86
nщ
PM10
05/23 94 98 82 78 73 80 88 84 38 19 19 16 20 24 24 26 32 48 35 41 41 49 46 46
nщ
PM10
05/24 56 47 49 59 57 56 47 48 35 36 35 31 39 48 34 31 27 31 24 30 33 33 35 35
nщ
PM10
05/25 30 29 22 32 31 28 28 31 21 15 19 32 35 35 31 33 35 29 25 26 27 33 36 34
nщ
PM10
05/26 32 29 26 30 32 32 28 31 25 29 30 36 36 41 43 42 48 42 47 49 46 55 52 73
nщ
PM10
05/27 56 51 54 51 49 46 48 48 43 47 57 47 40 28 14 9 9 9 16 16 20 18 19 23
nщ
PM10
05/28 21 25 21 23 25 28 26 20 20 18 18 28 10 10 6 2 6 22 28 21 36 36 38 39
nщ
PM10
05/29 34 38 35 29 30 25 35 35 31 33 40 46 44 46 49 1000# 47 42 44 42 38 42 34 37
nщ
PM10
05/30 36 36 34 32 29 38 42 42 59 60 58 44 40 55 35 23 25 49 63 61 62 66 65 40