彰化
PM10
01/01 42 12 19* 11 13 12 10 10 13 11 11 28 33 37 35 43 38 29 25 23 18 11 10 12
彰化
PM10
01/02 7 4 3 3 13 10 10 17 14 15 16 27 29 31 34 27 38 32 34 30 24 25 21 16
彰化
PM10
01/03 20 21 10 21 18 17 12 13 23 19 18 26 24 23 31 26 1000# 29 30 29 27 33 27 29
彰化
PM10
01/04 34 50 46 62 66 72 60 52 49 50 58 58 74 85 85 58 51 43 43 47 42 42 41 46
彰化
PM10
01/05 40 47 48 55 55 53 57 56 56 61 68 58 68 47* 52 76 71 53 47 43 47 45 43 30
彰化
PM10
01/06 19 9 5 1 1 0* 13 12 10 9 7 19 17 13 13 20 26 26 21 23 25 24 26 24
彰化
PM10
01/07 24 18 27A 24x 23x 21A 18x 17x 19x 19A 22A 28x 34A 35x 34x 52A 45A 47A 44A 45x 1000* 1000* 40A 1000*
彰化
PM10
01/08 68A 50A 41A 42A 1000* 1000* 1000* 1000* 1000* 1000* 1000# 32 30 24 28 33 36 32 25 26 22 21 18 23
彰化
PM10
01/09 23 8 13 12 10 11 13 15 23 25 25 30 42 37 51 47 41 37 33 33 34 31 29 34
彰化
PM10
01/10 34 32 48 44 39 48 53 72 77 63 51 63 62 65 73 83 67 65 65 58 66 50 39 51
彰化
PM10
01/11 51 53 55 50 45 42 46 53 46 50 55 52 51 53 44 50 54 62 64 57 59 58 60 62
彰化
PM10
01/12 62 64 58 45 46 50 20 22 28 38 39 52 51 45 42 51 53 47 53 43 41 33 33 27
彰化
PM10
01/13 16 17 23 29 25 15 19 24 23 24 26 49 53 56 58 64 81 52 31* 31 29 20 15 13
彰化
PM10
01/14 18 15 16 20 18 12 21 15 21 24 34 47 54 48 51 54 44 43 45 44 46 42 45 50
彰化
PM10
01/15 51 59 64 61 78 73 75 85 79 88 1000# 84# 70 58 64 85 79 75 68 66 56 49 37 17
彰化
PM10
01/16 31 29 29 26 27 25 21 10 14 14 15 21 24 19 23 25 24 21 15 12 15 17 16 12
彰化
PM10
01/17 8 7 3 6 7 7 8 18 19 31 27 32 31 28 21 22 29 35 41 49 44 44 44 43
彰化
PM10
01/18 37 42 40 35 34 34 37 36 35 39 53 51 51 51 53 71 59 72 70 68 66 69 72 70
彰化
PM10
01/19 75 82 84 80 79 88 88 84 90 84 88 74 74 77 57 66 74 91 112 102 100 89 95 102
彰化
PM10
01/20 104 94 90 78 87 89 94 80 82 85 84 82 68 63 72 83 107 100 80 85 72 61 49 33
彰化
PM10
01/21 21 15 20 29 28 26 20 26 28 23 22 23 27 40 45 43 38 40 29 28 34 41 33 37
彰化
PM10
01/22 26 28 33 40 40 32 34 32 35 43 46 1000# 38 52 47 48 43 38 45 53 49 46 39 37
彰化
PM10
01/23 35 38 38 37 38 40 43 48 52 45 58 61 59 68 67 73 76 77 75 72 70 70 63 69
彰化
PM10
01/24 64 62 60 58 53 59 58 60 62 57 60 59 67 69 68 60 62 62 65 73 72 75 68 72
彰化
PM10
01/25 72 63 69 65 71 63 59 53 53 57 56 69 59 70 74 85 87 84 87 81 76 71 70 58
彰化
PM10
01/26 70 48 56 47 43 42 40 39 40 36 54 64 90 72 72 70 64 48 36 42 31 36 41 32
彰化
PM10
01/27 31 26 24 17 21 23 18 24 26 22 31 30 54 44 44 42 37 39 39 41 39 36 27 26
彰化
PM10
01/28 32 32 25 25 28 31 36 33 34 49 39 45 52 57 62 51 1000# 46 52 38 42 45 40 40
彰化
PM10
01/29 44 41 47 48 43 42 41 45 49 52 49 57 51 46 55 58 61 58 57 65 63 63 57 55
彰化
PM10
01/30 72 58 57 47 53 71 84 85 85 82 73 87 81 75 71 64 63 87 101 99 93 80 78 81
彰化
PM10
01/31 59 38 45 37 31 33 32 37 53 62 65 81 68 55 42 41 51 49 48 42 38 58 50 36
彰化
PM10
監測年月：2019/02， 測站：彰化， 測項：PM10（μg/m3）
彰化
PM10
日期 00 01 02 03 04 05 06 07 08 09 10 11 12 13 14 15 16 17 18 19 20 21 22 23
彰化
PM10
02/01 21 11 16 18 15 12 20 17 22 33 41 44 56 44 43 36 44 42 36 32 32 32 40 31
彰化
PM10
02/02 33 32 34 32 34 38 38 38 44 48 62 74 87 80 83 90 87 78 86 86 84 78 77 89
彰化
PM10
02/03 84 88 89 93 91 75 59 50 37 46 36 32 50 55 64 68 73 80 79 72 67 52 41 51
彰化
PM10
02/04 55 62 52 77 58 51 54 71 59 32 25 33 33 41 51 59 58 68 57 60 60 57 60 62
彰化
PM10
02/05 72 75 73 67 74 61 43 43 45 49 53 51 49 1000# 57* 88 109 110 116 99 92 100 98 100
彰化
PM10
02/06 90 77 74 58 52 65 86 74 69 62 59 48 54 50 44 42 54 49 40 47 49 90 62 69
彰化
PM10
02/07 72 59 59 52 48 54 48 49 49 42 33 21 21 14 16 39 47 40 39 35 35 38 39 58
彰化
PM10
02/08 56 47 39 42 38 28 34 30 27 21 26 32 41 44 34 33 26 32 26 26 25 21 19 23
彰化
PM10
02/09 27 29 32 27 27 21 25 21 23 26 28 23 23 28 22 30 24 23 22 22 15 19 16 9
彰化
PM10
02/10 16 12 13 13 10 11 12 10 16 19 19 20 21 22 25 31 40 37 31 31 32 35 27 22
彰化
PM10
02/11 22 25 25 25 23 19 12 10 20 13 19 24 35 33 38 33 28 23 17 20 21 16 18 12
彰化
PM10
02/12 11 17 18 18 14 11 13 15 17 15 17 25 31 37 31 25 23 30 31 26 22 32 29 43
彰化
PM10
02/13 61 44 39 37 42 31 38 43 48 41 37 41 37 32 36 37 42 37 28 28 25 24 30 23
彰化
PM10
02/14 26 23 24 20 24 19 28 26 49 34 27 29 40 1000# 108x 41 48 54 55 57 48 50 49 43
彰化
PM10
02/15 46 44 42 28 36 32 29 35 40 29 31 37 50 46 1000# 49 56 59 69 65 68 73 62 62
彰化
PM10
02/16 73 74 65 70 60 63 70 59 54 64 60 77 49 44 46 44 43 31 26 26 28 30 26 20
彰化
PM10
02/17 9 14 16 15 11 18 14 12 16 17 21 34 31 36 52 43 44 44 32 28 22 25 16 17
彰化
PM10
02/18 19 21 26 29 25 14 23 21 39 42 20 33 31 28 32 33 46 37 37 44 44 41 47 48
彰化
PM10
02/19 58 21 12* 9 12 23 28 40 65 89 89 69 56 53 48 54 60 70 75 82 79 67 74 69
彰化
PM10
02/20 65 55 60 61 67 78 63 59 66 76 97 102 101 80 71 74 76 86 99 131 119 72 56 53
彰化
PM10
02/21 62 74 77 71 67 39 40 44 55 58 71 58 46 61 58 48 41 39 43 23 20 11 21 20
彰化
PM10
02/22 25 50 43 36 33 35 43 42 39 36 1000# 31# 32 29 30 37 37 18 16 12 8 12 12 11
彰化
PM10
02/23 9 13 16 16 16 20 16 16 15 20 27 50 46 39 32 34 25* 25 18 20 17 17 13 11
彰化
PM10
02/24 10 17 18 14 8 7 5 7 15 14 13 13 17 14 8 12 8 16 9 19 21 16 20 21
彰化
PM10
02/25 14* 12 19 17 13 7 9 12 16 18 24 24 29 37 37 39 41 41 38 42 38 41 32 27
彰化
PM10
02/26 22 32 34 38 30 39 36 39 37 36 1000# 45 47 57 60 65 73 60 47 38 44 48 52 60
彰化
PM10
02/27 54 58 67 84 106 107 81 67 57 53 50 58 42 33 37 35 35 35 26 37 41 38 34 25
彰化
PM10
02/28 28 34 65 84 135 139 120 113 86 80 68 64 60 54 53 42 36 36 28 38 37 41 26 26
彰化
PM10
監測年月：2019/03， 測站：彰化， 測項：PM10（μg/m3）
彰化
PM10
日期 00 01 02 03 04 05 06 07 08 09 10 11 12 13 14 15 16 17 18 19 20 21 22 23
彰化
PM10
03/01 28 27 23 22 23 27 23 26 24 28 32 31 40 45 51 77 74 67 68 66 64 74 52 49
彰化
PM10
03/02 51 69 67 69 80 71 66 59 64 76 92 106 91 84 77 74 78 98 100 109 104 90 99 97
彰化
PM10
03/03 99 149 136 137 134 124 114 71 54 36 38 8 8 5 2 4 9 17 12 19 20 23 22 24
彰化
PM10
03/04 29 19 16 21 23 24 31 31 27 24 30 33 41 46 55 51 54 54 53 54 58 54 53 47
彰化
PM10
03/05 46 43 47 47 40 42 40 51 60 45 72 63 73 87 1000# 52 62 85 47 18 11 8 10 12
彰化
PM10
03/06 14 15 9 5 6 12 13 10 20 19 16 29 25 27 28 20 19 22 21 30 20 14 13 15
彰化
PM10
03/07 9 12 13 8 7 11 7 14 15 15 1000# 12 18 19 43 44 37 40 42 32 35 31 29 31
彰化
PM10
03/08 29 21 26 21 16 16 21 28 26 28 34 29 14 29 34 22 23 28 28 32 29 23 29 27
彰化
PM10
03/09 31 24 10 5 7 5 11 12 12 10 10 10 9 8 13 21 15 13 9 5 9 13 12 17
彰化
PM10
03/10 25 9 10 10 7 9 13 8 9 10 17 21 26 20 20 29 24 16 18 21 20 18 21 13
彰化
PM10
03/11 21 21 18 17 16 16 28 36 34 54 56 50 48 37 46 49 47 42 37 37 35 37 35 35
彰化
PM10
03/12 32 29 32 29 28 24 25 36 44 53 46 43 60 64 65 61 56 57 56 52 56 58 58 61
彰化
PM10
03/13 60 61 56 59 58 56 65 68 59 63 59 58 65 61 1000# 59 57 51 63 65 71 75 80 95
彰化
PM10
03/14 104 105 88 73 61 60 57 72 88 81 78 86 69 77 87 71 78 74 70 56 63 57 50 40
彰化
PM10
03/15 36 41 35 25 14* 11 7 8 11 17 17 22 28 25 25 32 28 27 23 26 21 21 31 22
彰化
PM10
03/16 18 28 28 24 25 34 36 46 55 56 70 71 76 68 53 57 63 58 76 76 73 81 81 75
彰化
PM10
03/17 72 66 68 75 80 78 72 66 60 49 48 51 55 44 47 43 38 46 42 45 40 39 40 50
彰化
PM10
03/18 47 48 58 64 67 64 69 67 70 68 61 71 81 74 81 69 75 82 77 76 78 101 90 94
彰化
PM10
03/19 92 89 82 79 74 74 74 68 55 47 51 46 67 62 64 72 75 57 62 60 61 70 75 74
彰化
PM10
03/20 80 91 96 98 100 106 114 120 88 74 66 1000# 81# 82 69 48 53 44 58 44 33 29 30 30
彰化
PM10
03/21 30 28 26 33 41 42 43 38 36 27 34 30 30 1000* 1000* NA 1000# 30 38 32 37 40 38 35
彰化
PM10
03/22 36 32 31 29 48 69 71 68 66 54 74 74 61 52 56 70 73 59 56 44 38 41 28 28
彰化
PM10
03/23 22 26 24 20 21 18 14 12 11 21 19 28 21 27 31 22 22 17 18 16 17 18 21 11
彰化
PM10
03/24 16 13 15 15 13 15 22 20 20 26 27 18 35 24 25 25 32 39 40 44 37 43 55 53
彰化
PM10
03/25 45 34 34 40 44 40 26 34 47 59 53 44 50 30 27 30 36 41 25 25 32 32 43 43
彰化
PM10
03/26 22 15 19 18 27 25 33 32 26 27 35 32 34 42 43 65# 49 58 53 44 46 57 54 52
彰化
PM10
03/27 55 52 51 57 64 68 66 74 68 67 47 44 65 42 42 46 41 37 40 54 52 52 59 66
彰化
PM10
03/28 69 73 69 58 56 61 55 61 49 36 32 35 29 34 34 38 45 38 29 31 27 33 26 18
彰化
PM10
03/29 23 24 25 27 32 26 31 40 30 30 33 30 27 34 37 38 51 49 56 56 57 58 19 10
彰化
PM10
03/30 5 6 10 12 14 14 24 17 25 26 14 19 22 41 42 51 49 51 54 54 73 109 48 45
彰化
PM10
03/31 45 36 36 30 34 35 40 35 35 46 50 50 75 67 121 80 69 61 36 37 30 31 29 18
彰化
PM10
監測年月：2019/04， 測站：彰化， 測項：PM10（μg/m3）
彰化
PM10
日期 00 01 02 03 04 05 06 07 08 09 10 11 12 13 14 15 16 17 18 19 20 21 22 23
彰化
PM10
04/01 18 21 20 15 14 13 12 15 12 13 19 1000# 15 22 17 19 30 18* 22 17 27 25 19 17
彰化
PM10
04/02 32 37 37 37 37 43 43 48 54 60 63 56 53 58 47 61 64 57 59 63 63 66 72 57
彰化
PM10
04/03 57 64 60 55 42 43 44 34 30 36 31 31 37 44 46 44 48 46 43 35 32 30 37 42
彰化
PM10
04/04 44 43 42 45 40 43 42 47 40 49 47 63 57 60 47 80 59 43 46 35 38 34 35 36
彰化
PM10
04/05 40 32 50 47 56 51 51 72 63 60 50 47 43 34 36 37 25 24 26 26 37 41 42 46
彰化
PM10
04/06 40 40 43 51 55 50 71 79 81 83 60 70 49 37* 44 32* 41 48 46 50 50 62 62 75
彰化
PM10
04/07 72 71 76 74 70 59 52 51 48 45 46 47 46 42 39 41 50 51 50 65 79 89 84 93
彰化
PM10
04/08 91 81 80 66 56 55 55 51 41 33 42 43 57 52 42 41* 41 34 23* 34 38 49 49 48
彰化
PM10
04/09 45 42 48 49 41 55 64 61 58 42 42 43 51 45 43 40 1000# 34 35 30 42 36 31 22
彰化
PM10
04/10 26 27 25 27 30 33 40 38 37 39 39 36 40 35 33 26 34 34 24 44 48 48 50 51
彰化
PM10
04/11 50 55 47 29 32 34 36 42 41 38 42 46 46 42 39 55 38 30 21 17 16 15 19 17
彰化
PM10
04/12 14 12 16 14 13 16 24 30 25 26 26 41 42 51 54 56 46 42 36 39 41 32 34 32
彰化
PM10
04/13 34 51 50 57 39 43 36 30 23 26 26 35 28 57 50 28 25 20 18 32 27 24 26 31
彰化
PM10
04/14 37 38 47 42 42 45 44 40 37 30 34 37 26 15 15 32 37 34 28 23 28 30 29 49
彰化
PM10
04/15 15* 26 35 32 28 37 36 38 49 48 45 50 48 50 42 34 33 38 35 40 38 45 41 46
彰化
PM10
04/16 42 50 53 38 33 22 14 20 17 22 26 27 19 22 1000# 36 41 40 39 37 44 59 57 60
彰化
PM10
04/17 47 48 43 44 48 45 34 32 28 25 18 25 29 33 32 33 42 38 41 47 49 55 61 67
彰化
PM10
04/18 73 80 83 79 81 80 76 81 66 63 61 60 52 45 32 30 30 25 45 53 52 55 45 40
彰化
PM10
04/19 54 56 48 35 35 33 35 34 31 27 32 29 53 48 74 27* 12* 10 20 29 20 13 18 12
彰化
PM10
04/20 9 8 8 11 18 27 21 23 11 25 30 24 27 21 30 38 62 73 86 83 67 32 19* 31
彰化
PM10
04/21 31 42 14 16 19 10 10 13 10 19 22 20 21 13 22 16 26 24 33 36 25 32 26 27
彰化
PM10
04/22 20 21 31 25 30 22 27 19 24 26 26 33 36 30 31 27 29 32 24 28 37 25 31 32
彰化
PM10
04/23 13 16 17 26 24 26 28 24 21 19 32 27 22 20 20 1000# 19 23 25 26 25 29 28 9
彰化
PM10
04/24 21 17 15 17 19 23 29 29 27 34 24 31 26 24 20 26 16 29 19 20 18 19 17 17
彰化
PM10
04/25 11 22 16 11 19 21 21 27 23 29 25 22 22 18 19 21 19 20 22 25 31 31 27 30
彰化
PM10
04/26 25 21 25 22 23 28 24 32 30 32 50 52 64 66 55 47 40 32 37 37 38 41 25 43
彰化
PM10
04/27 47 62 59 54 66 58 49 46 64 51 54 52 51 49 56 62 52 52 41 34 33 28 28 27
彰化
PM10
04/28 33 29 35 36 37 41 40 38 65 61 69 68 64 71 61 51 49 41 45 46 40 42 44 46
彰化
PM10
04/29 53 76 67 73 77 71 75 75 71 60 64 40* 38 34 30 25 22 25 26 30 37 42 50 56
彰化
PM10
04/30 56 45 46 41 35 24 35 27 30 28 23 1000# 28# 33 26 32 25 25 24 28 27 26 25 24
彰化
PM10
監測年月：2019/05， 測站：彰化， 測項：PM10（μg/m3）
彰化
PM10
日期 00 01 02 03 04 05 06 07 08 09 10 11 12 13 14 15 16 17 18 19 20 21 22 23
彰化
PM10
05/01 20 18 16 14 19 20 5 9 6 10 13 10 4 1 5 8 6 11 11 8 13 19 15 15
彰化
PM10
05/02 16 14 16 19 27 18 29 27 32 31 43 38 46 38 41 33 28 20 13 29 40 32 39 40
彰化
PM10
05/03 23 42 21 20 12 15 17 17 22 36 41 41 50 45 63 66 67 79 74 56 53 54 54 54
彰化
PM10
05/04 53 54 63 56 59 56 54 52 40 44 33 32 43 45 44 52 69 69 78 80 87 75 65 68
彰化
PM10
05/05 69 62 58 49 29 48 48 42 45 32 43 53 47 52 46 42 40 44 33 36 38 39 45 52
彰化
PM10
05/06 39 37 33 26 19* 25 20 21 20 17 1000# 9 8 23 18 19 23 19 20 8 6 8 20 14
彰化
PM10
05/07 11 12 12 10 17 4 22 8 16 15 14 15 10 18 18 15 24 35 36 26 20 20 18 31
彰化
PM10
05/08 23 28 36 35 45 55 42 59 55 63 67 66 47 26* 30 31 46 46 42 42 52 45 47 51
彰化
PM10
05/09 42 38 35 26 26 35 37 33 38 36 31 32 29 24 23 17 20 28 18 18 14 11 12 16
彰化
PM10
05/10 15 15 21 19 15 15 17 25 27 24 35 27 25 28 29 49 40 45 45 36 37 31 37 41
彰化
PM10
05/11 37 41 38 43 34 36 40 55 50 29 25 30 27 32 30 37 43 46 37 42 45 51 49 51
彰化
PM10
05/12 42 45 43 34 35 38 38 58 48 47 51 57 68 55 52 53 50 33 46 34 41 42 42 56
彰化
PM10
05/13 55 64 69 64 66 73 84 72 59 58 70 75 62 55 40 28 35 30 45 49 57 57 55 65
彰化
PM10
05/14 58 63 64 61 53 58 45 36 26 25 30 46 34 27 25 27 21 22 15 19 26 20 21 28
彰化
PM10
05/15 34 37 38 38 41 33 33 45 32 27 28 30 1000# 15* 12 17 23 34 34 27 29 30 23 23
彰化
PM10
05/16 28 6 28 29 22 19 14 15 11 16 19 21 32 16 17 15 16 21 28 40 34 34 31 34
彰化
PM10
05/17 27 30 30 22 25 23 31 27 25 23 30 29 23 13 1000* 13A 25 29 26 22 23 24 27 29
彰化
PM10
05/18 25 23 22 17 6 10 14 17 24 26 23 26 23 29 27 26 26 28 23 19 23 22 21 22
彰化
PM10
05/19 16 16 17* 21 20 20 19 19 21 22 20 10 18 18 20 15 23 23 22 30 30 30 28 24
彰化
PM10
05/20 23 28 22 18 24 24 24 29 30 24 23 14* 11 6 5 10 30 30 33 29 30 24 18 24
彰化
PM10
05/21 17 21 16 17 21 28 30 42 42 64 61 58 48 53 48 56 61 68 52 51 50 53 53 46
彰化
PM10
05/22 56 50 54 58 57 47 68 78 82 76 79 86 86 77 81 53 55 56 52 44 52 53 53 64
彰化
PM10
05/23 63 75 71 84 77 68 28* 21 28 16 10 12 17 18 31 40 39 27 41 67 88 75 84 81
彰化
PM10
05/24 75 75 76 77 72 75 73 71 60 49 38 44 48 44 1000# 19* 14* 17 34 40 48 56 66 51
彰化
PM10
05/25 57 58 57 56 53 60 59 54 51 44 30 28 29 24 25 28 28 29 23 35 32 39 44 50
彰化
PM10
05/26 51 54 55 58 53 65 64 50 32 32 36 36 39 45 38 43 39 39 34 37 42 49 60 69
彰化
PM10
05/27 82 87 88 78 71 61 61 60 53 51 37 32 26 31 29 2 7 13 19 28 33 34 22 16
彰化
PM10
05/28 10 15 25 24 22 26 32 33 32 18 35 5 0* 10 8 8 15 12 29 35 35 38 33 31
彰化
PM10
05/29 19 20 28 18 25 32 26 28 30 35 39 36 40 50 44 51 46 36 38 39 34 34 26 26
彰化
PM10
05/30 26 22 27 26 25 27 29 37 43 52 1000# 46 46 42 41 43 59 62 58 58 48 45 53 59