©yÄõ
PM10
01/01 10 9 8 7 7 9 7 9 10 9 10 12 15 10 9 10 12 8 10 13 9 8 6 9
©yÄõ
PM10
01/02 7 11 7 8 7 5 8 7 9 6 7 6 6 12 10 11 15 13 8 8 7 6 9 8
©yÄõ
PM10
01/03 5 7 8 6 4 10 8 5 5 15 8 13 12 13 11 9 11 9 11 10 6 8 11 9
©yÄõ
PM10
01/04 6 4 9 9 10 11 9 10 15 11 13 26 25 28 35 26 39 40 38 34 37 30 32 28
©yÄõ
PM10
01/05 20 23 23 20 20 17 26 25 25 24 41 48 29 24 29 31 34 34 35 29 36 24 29 32
©yÄõ
PM10
01/06 34 30 24 31 40 18 10 12 12 10 11 7 13 13 11 20 23 26 21 20 16 17 11 12
©yÄõ
PM10
01/07 11 15 10 9 10 9 9 10 9 11 8 9 12 16 20 20 21 29 34 37 24 23 19 19
©yÄõ
PM10
01/08 17 15 12 13 18 12 18 21 26 9 18 17 13 15 11 16 15 13 12 14 17 8 13 11
©yÄõ
PM10
01/09 9 11 13 12 13 13 14 12 12 10 11 8 7 7 14 1000# 1000# 26 16 7 4 5 5 3
©yÄõ
PM10
01/10 3 4 4 4 6 5 9 8 7 9 1000* 1000* 1000* 1000* 1000* 1000* 10A 12 29 28 33 16 22 19
©yÄõ
PM10
01/11 10 10 11 10 9 6 11 22 20 12 10 11 12 8 21 13 14 22 15 32 27 22 22 21
©yÄõ
PM10
01/12 13 15 17 19 16 17 13 22 23 31 22 25 25 20 13 11 10 11 11 15 19 23 10 8
©yÄõ
PM10
01/13 11 9 10 7 9 12 8 11 10 8 11 14 20 22 17 14 12 13 17 12 14 17 11 13
©yÄõ
PM10
01/14 12 15 16 16 14 16 16 22 12 15 14 18 26 23 31 26 31 28 34 37 27 31 23 34
©yÄõ
PM10
01/15 21 21 21 20 14 18 24 22 22 22# 1000# 17 18 25 27 26 25 21 24 14 11 12 11 12
©yÄõ
PM10
01/16 9 16 12 9 14 14 11 9 12 12 11 13 16 13 12 13 9 8 7 5 4 4 6 4
©yÄõ
PM10
01/17 0* 0* 1 3 4 5 4 10 11 11 12 14 17 18 34 20 25 22 21 31 23 30 33 42
©yÄõ
PM10
01/18 35 40 43 47 46 41 43 44 43 43 46 49 37 39 40 44 45 35 42 44 45 38 29 28
©yÄõ
PM10
01/19 25 26 24 21 23 25 20 24 19 25 24 37 30 32 29 35 34 31 32 31 29 25 21 17
©yÄõ
PM10
01/20 17 15 16 15 16 20 21 22 21 21 16 29 42 38 44 43 45 43 37 36 32 31 27 19
©yÄõ
PM10
01/21 16 14 12 13 13 11 11 10 8 8 10 12 16 8 21 20 19 22 17 13 15 13 8 11
©yÄõ
PM10
01/22 10 10 7 11 11 8 9 14 14# 14# 1000# 18 24 30 39 42 45 55 56 54 48 44 38 39
©yÄõ
PM10
01/23 35 34 37 37 41 42 44 46 54 54 57 57 71 68 70 70 67 70 78 64 80 82 66 69
©yÄõ
PM10
01/24 59 51 49 48 49 45 59 58 62 56 62 57 59 59 64 66 65 67 85 64 68 72 68 56
©yÄõ
PM10
01/25 44 40 36 26 23 24 24 25 32 31 41 46 41 42 43 44 53 49 49 42 40 39 44 36
©yÄõ
PM10
01/26 33 37 38 39 30 26 29 25 31 35 40 41 43 52 56 52 42 44 46 35 30 41 31 29
©yÄõ
PM10
01/27 29 23 25 21 21 23 22 21 23 25 25 24 22 18 22 23 29 28 23 19 23 17 14 16
©yÄõ
PM10
01/28 13 9 11 8 11 10 7 10 15 16 24 24 22 24 21 22 24 28 32 39 29 24 17 15
©yÄõ
PM10
01/29 9 15 13 18 11 9 10 15 15 13 14 15 17 21 23 29 33 31 30 40 28 19 19 21
©yÄõ
PM10
01/30 24 14 20 20 16 14 17 21 27 32 31 29 29# 1000# 29 27 30 34 56 42 28 34 28 24
©yÄõ
PM10
01/31 21 21 20 17 17 20 21 22 25 22 22 29 20 25 24 28 44 80 52 40 30 25 22 22
©yÄõ
PM10
ºÊ´ú¦~¤ë¡G2019/02¡A ´ú¯¸¡G©yÄõ¡A ´ú¶µ¡GPM10¡]£gg/m3¡^
©yÄõ
PM10
¤é´Á 00 01 02 03 04 05 06 07 08 09 10 11 12 13 14 15 16 17 18 19 20 21 22 23
©yÄõ
PM10
02/01 16 13 12 12 18 14 17 16 19 18 20 19 25 24 26 27 32 31 36 39 36 33 23 20
©yÄõ
PM10
02/02 11 22 15 21 19 16 13 18 14 18 15 32 27 23 37 34 31 28 21 36 21 27 16 20
©yÄõ
PM10
02/03 13 13 15 15 17 12 13 15 18 25 28 35 35 31 31 31 33 41 62 57 65 60 59 46
©yÄõ
PM10
02/04 39 38 31 24 41 13 11 8 8 6 10 1000# 12 12 17 18 17 23 18 21 44 54 46 32
©yÄõ
PM10
02/05 22 40 25 14 21 12 14 12 18 15 2x 15 15 15 20 24 23 27 25 23 32 83 60 26
©yÄõ
PM10
02/06 21 19 19 14 14 17 17 17 18 18 23 53 52 50 46 41 46 48 60 60 109 70 42 42
©yÄõ
PM10
02/07 34 30 29 29 29 23 28 32 32 22 31 36 33 34 35 34 41 48 52 60 60 67 38 39
©yÄõ
PM10
02/08 31 27 25 23 17 19 16 24 20 20 19 21 19 9 14 19 22 23 25 29 20 26 37 22
©yÄõ
PM10
02/09 19 11 15 10 16 17 19 16 22 13 14 21 15 19 19 15 9 12 11 15 15 16 12 13
©yÄõ
PM10
02/10 9 9 12 11 11 10 8 8* 11* 9 8 10 14 17 22 26 25 30 25 26 34 38 32 26
©yÄõ
PM10
02/11 13 16 16 18 16 17 11 12 11 19 21 23 20 21 11 18 16 17 20 24 27 20 21 18
©yÄõ
PM10
02/12 16 13 9 8 6 9 8 10 7 10 9 11 10 16 14 16 11 14 15 19 16 21 14 13
©yÄõ
PM10
02/13 19 22 23 19 17 22 24 28 30 31 27 22 22 17 15 19 20 21 20 14 16 21 18 15
©yÄõ
PM10
02/14 14 12 11 8 10 16 13 17 21 15 14 22 1000# 22 28 18 27 30 25 26 26 26 32 30
©yÄõ
PM10
02/15 29 25 14 16 15 15 15 16 18 10 18 21 22 27 26 27 36 39 41 47 49 49 49 46
©yÄõ
PM10
02/16 45 33 27 20 16 18 22 17 18 17 16 14 15 15 17 19 12 17 21 16 18 19 17 15
©yÄõ
PM10
02/17 11 11 7 9 10 10 11 12 14 12 15 14 15 18 16 14 9 9 6 9 11 8 6 6
©yÄõ
PM10
02/18 6 6 5 8 9 7 6 11 12 8 9 11 13 16 23 15 20 20 26 28 23 24 29 23
©yÄõ
PM10
02/19 22 22 19 18 13 16 24 36 34 23 21 1000# 20# 36 32 29 30 37 32 34 30 34 29 31
©yÄõ
PM10
02/20 43 46 43 36 28 21 21 26 31 29 26 25 22 23 24 34 28 35 25 23 33 33 36 36
©yÄõ
PM10
02/21 32 33 41 39 37 24 14 27 33 31 25 25 29 33 27 17 21 26 32 29 29 25 24 20
©yÄõ
PM10
02/22 21 22 17 12 17 19 32 30 1000# 1000# 21 17 20 23 26 25 47 39 30 22 13 20 22 16
©yÄõ
PM10
02/23 17 16 24 20 24 24 22 28 33 40 42 36 38 37 31 30 30 26 31 19 19 17 13 12
©yÄõ
PM10
02/24 9 8 11 9 7 4 9 6 6 7 5 4 4 5 6 3 2 4 5 7 11 11 9 10
©yÄõ
PM10
02/25 14 11 11 10 11 9 9 10 10 12 13 24 19 28 25 29 33 31 31 23 25 23 23 29
©yÄõ
PM10
02/26 25 25 29 23 16 18 19 21 21 29 34 37 35 44 39 39 46 43 47 47 52 35 32 35
©yÄõ
PM10
02/27 34 33 26 26 24 25 28 40 36 45 54 48 44 41 53 74 71 77 86 95 73 77 73 77
©yÄõ
PM10
02/28 57 46 42 42 42 36 34 38 48 48 37 35 30 25 25 24 26 30 34 33 30 26 32 28
©yÄõ
PM10
ºÊ´ú¦~¤ë¡G2019/03¡A ´ú¯¸¡G©yÄõ¡A ´ú¶µ¡GPM10¡]£gg/m3¡^
©yÄõ
PM10
¤é´Á 00 01 02 03 04 05 06 07 08 09 10 11 12 13 14 15 16 17 18 19 20 21 22 23
©yÄõ
PM10
03/01 27 27 28 21 18 18 15 24 24 14 23 30 24 28 34 34 41 53 53 52 49 53 48 41
©yÄõ
PM10
03/02 37 34 26 24 29 24 27 30 33 42 38 37 40 39 46 47 45 61 64 77 70 57 59 92
©yÄõ
PM10
03/03 90 92 110 88 68 96 49 75 69 57 56 57 43 15 10 9 13 11 21 19 21 19 15 15
©yÄõ
PM10
03/04 17 18 20 15 19 22 22 29 31 27 29 31 39 39 37 36 36 38 41 42 40 50 53 49
©yÄõ
PM10
03/05 36 40 49 47 46 31 31 23 23 28 34 38 43 30 32 35 34 40 32 34 15 9 11 12
©yÄõ
PM10
03/06 15 15 11 15 8 17 16 21 21 21 23 47 28 18 17 17 25 27 18 20 25 23 20 17
©yÄõ
PM10
03/07 17 17 13 19 14 14 16 23 23 19 19 19# 1000# 50 52 55 73 74 66 69 51 48 42 36
©yÄõ
PM10
03/08 33 26 17 14 13 13 9 12 11 12 11 11 11 11 7 7 10 16 15 15 16 12 10 13
©yÄõ
PM10
03/09 14 11 10 10 9 13 11 15 14 11 12 11 9 10 13 14 13 18 21 28 20 18 15 13
©yÄõ
PM10
03/10 11 8 8 15 17 8 15 21 19 13 16 10 8 8 22 23 25 28 21 27 26 26 31 35
©yÄõ
PM10
03/11 31 31 27 43 42 37 58 47 45 49 46 42 41 37 43 46 47 47 40 44 39 31 32 33
©yÄõ
PM10
03/12 32 30 32 30 27 31 33 44 42 46 49 54 52 53 49 53 50 53 59 54 50 51 44 47
©yÄõ
PM10
03/13 40 39 33 38 42 42 43 43 52 57 48 48 50 55 62 49 43 41 38 35 40 36 35 31
©yÄõ
PM10
03/14 29 31 41 32 41 33 39 39 41 54 47 46 47 53 54 58 68 64 60 45 24 25 24 23
©yÄõ
PM10
03/15 26 25 24 15 11 12 12 16 9 16 23 24 32 33 22 28 32 39 39 37 30 20 23 18
©yÄõ
PM10
03/16 16 20 12 19 27 23 23 30 34 44 44 52 49 49 52 52 51 54 58 53 51 41 39 43
©yÄõ
PM10
03/17 34 34 33 34 37 30 33 31 32 42 51 45 37 32 22 24 20 18 19 21 23 18 27 23
©yÄõ
PM10
03/18 22 22 25 23 19 20 19 18 20 39 25 23 25 28 32 30 42 46 45 38 42 35 31 38
©yÄõ
PM10
03/19 35 30 31 36 34 28 35 31 44 42 37 36 33 37 37 40 43 32 30 45 29 29 23 18
©yÄõ
PM10
03/20 21 14 12 14 11 12 18 21 18 19 22 28 22 23 26 30 36 39 34 33 32 33 29 31
©yÄõ
PM10
03/21 29 27 34 28 30 26 35 37 51 54 66 42 43 44 43 41 40 33 36 39 37 41 36 48
©yÄõ
PM10
03/22 43 41 46 45 51 56 48 37 47 51 42 47 46 46# 1000# 22 20 22 14 12 14 14 19 14
©yÄõ
PM10
03/23 12 16 15 17 12 10 15 15 21 23 23 19 16 18 19 20 15 21 19 20 17 20 24 21
©yÄõ
PM10
03/24 17 20 24 25 16 13 12 13 10 15 17 25 27 27 25 24 24 26 22 25 28 21 16 18
©yÄõ
PM10
03/25 14 16 17 14 16 13 13 24 28 33 36 30 24 1000# 25 29 20 27 20 27 25 33 35 23
©yÄõ
PM10
03/26 24 20 20 15 13 18 27 21 19 28 36 33 28 27 31 33 38 49 47 43 47 39 39 39
©yÄõ
PM10
03/27 44 32 27 31 26 26 23 28 28 27 21 32 33 31 29 32 35 32 32 44 38 34 32 30
©yÄõ
PM10
03/28 29 28 27 25 29 25 32 33 34 32 44 38 40 39 38 30 35 37 44 46 44 47 38 38
©yÄõ
PM10
03/29 30 34 38 32 36 37 40 41 47 46 48 62 1000# 51 54 56 60 64 62 59 66 62 57 21
©yÄõ
PM10
03/30 6 14 18 17 17 19 14 13 9 13 20 21 29 33 43 40 38 42 41 40 39 34 38 34
©yÄõ
PM10
03/31 33 36 33 40 37 34 38 40 42 43 47 59 81 52 42 41 44 46 41 23 23 22 27 26
©yÄõ
PM10
ºÊ´ú¦~¤ë¡G2019/04¡A ´ú¯¸¡G©yÄõ¡A ´ú¶µ¡GPM10¡]£gg/m3¡^
©yÄõ
PM10
¤é´Á 00 01 02 03 04 05 06 07 08 09 10 11 12 13 14 15 16 17 18 19 20 21 22 23
©yÄõ
PM10
04/01 27 23 20 16 21 17 20 17 13 12 10 15 14 19 22 28 28 24 23 27 22 21 21 18
©yÄõ
PM10
04/02 14 17 14 25 25 22 26 29 34 32 33 26 25 30 NA 26 23 14 27 36 24 24 23 18
©yÄõ
PM10
04/03 21 23 18 13 15 19 22 14 22 21 20 21 20 18 23 25 21 22 18 29 29 30 31 29
©yÄõ
PM10
04/04 20 22 18 16 19 21 17 20 22 22 25 31 36 29 10 16 21 26 25 23 17 27 32 26
©yÄõ
PM10
04/05 20 18 18 15 16 17 18 24 23 25 33 17 18 21 29 64 50 37 30 19 22 22 21 17
©yÄõ
PM10
04/06 18 22 19 20 11 17 18 16 18 12 15 23 23 23 17 24 23 25 30 33 32 79 26* 26
©yÄõ
PM10
04/07 26 23 27 22 23 25 24 23 28 30 31 35 29 35 34 30 31 29 31 47 47 48 44 48
©yÄõ
PM10
04/08 36 27 28 28 32 28 30 38 32 31 36 38 37 35 37 32 32 28 33 35 29 28 30 25
©yÄõ
PM10
04/09 16 21 21 31 19 24 27 31 28 34 38 1000# 37 43 50 43 47 55 47 45 53 44 41 43
©yÄõ
PM10
04/10 36 48 42 41 38 42 34 41 48 58 42 49 57 63 65 71 46 36 35 22 20 18 12 12
©yÄõ
PM10
04/11 6 3 8 7 4 1 1 1 2 3 7 7 12 9 8 9 10 12 12 8 13 12 14 10
©yÄõ
PM10
04/12 8 10 6 10 7 12 16 15 16 20 17 28 29 29 32 32 35 38 38 35 35 31 29 27
©yÄõ
PM10
04/13 14 15 8 12 13 12 12 17 14 12 19 22 18 18 19 15 18 19 23 24 19 20 24 20
©yÄõ
PM10
04/14 16 22 19 19 12 15 20 15 17 19 23 22 27 24 25 26 22 23 27 15 15 17 13 14
©yÄõ
PM10
04/15 31 35 30 30 30 29 36 47 45 44 44 39 39 46 29 33 30 28 29 33 33 37 39 29
©yÄõ
PM10
04/16 30 28 21 25 24 21 18 15 18 12 1000# 8 15 11 17 17 11 16 19 21 19 26 14 18
©yÄõ
PM10
04/17 16 18 12 16 16 13 11 14 18 14 24 25 32 30 31 42 37 40 43 42 36 38 34 38
©yÄõ
PM10
04/18 40 42 34 28 31 29 25 23 30 28 35 33 35 40 39 35 39 44 44 49 36 44 40 36
©yÄõ
PM10
04/19 32 37 27 28 28 29 23 26 24 29 29 32 33 25 27 23 16 28 23 17 25 23 23 24
©yÄõ
PM10
04/20 19 20 20 18 16 22 26 25 31 30 31 27 27 26 25 29 31 28 29 29 25 23 39 32
©yÄõ
PM10
04/21 29 30 26 25 15 16 20 17 18 18 15 19 16 19 18 19 25 33 34 36 35 32 30 29
©yÄõ
PM10
04/22 21 25 22 28 28 23 24 24 22 18 24 21 19 17 18 22 24 27 29 32 28 26 26 27
©yÄõ
PM10
04/23 22 24 26 21 28 31 23 27 28 25 25 27 25 33 33 41 32 30 28 27 27 32 34 37
©yÄõ
PM10
04/24 29 36 29 29 37 31 37 34 33 40 38 42 41 49 39 40 41 43 51 45 41 45 43 49
©yÄõ
PM10
04/25 45 41 42 39 39 32 32 31 34 41 35 32 34 39 38 44 43 38 45 47 46 49 50 41
©yÄõ
PM10
04/26 40 37 30 29 28 25 28 21 34 25 15 11 13 13 17 13 14 19 18 20 21 21 38 35
©yÄõ
PM10
04/27 33 30 31 31 26 34 33 36 42 30 34 36 47 35 25 19 13 15 18 14 11 7 13 10
©yÄõ
PM10
04/28 8 8 6 10 6 12 15 7 11 14 12 12 18 20 17 16 19 22 32 32 36 27 28 21
©yÄõ
PM10
04/29 22 22 23 21 19 25 21 28 27 27 28 1000# 15 18 18 19 19 17 26 23 25 27 23 23
©yÄõ
PM10
04/30 25 19 23 30 25 29 26 27 23 32 25 26 28 21 26 30 32 21 27 31 24 30 32 27
©yÄõ
PM10
ºÊ´ú¦~¤ë¡G2019/05¡A ´ú¯¸¡G©yÄõ¡A ´ú¶µ¡GPM10¡]£gg/m3¡^
©yÄõ
PM10
¤é´Á 00 01 02 03 04 05 06 07 08 09 10 11 12 13 14 15 16 17 18 19 20 21 22 23
©yÄõ
PM10
05/01 30 33 31 34 36 26 20 6 6 7 3 2 5 7 5 2 2 13 11 22 20 23 14 17
©yÄõ
PM10
05/02 16 21 22 26 26 33 34 46 72 74 63 59 51 42 38 25 36 37 35 27 17 30 28 27
©yÄõ
PM10
05/03 25 27 24 20 22 28 30 34 31 1000# 55 62 44 41 38 46 48 44 44 39 35 35 39 36
©yÄõ
PM10
05/04 35 29 29 33 33 30 24 20 15 22 24 20 23 26 30 23 25 24 29 24 21 22 23 18
©yÄõ
PM10
05/05 17 20 21 17 24 26 26 21 20 26 35 27 33 35 30 32 34 31 31 29 26 24 18 23
©yÄõ
PM10
05/06 20 26 22 28 19 19 20 22 24 15 15 21 1000# 12 18 13 17 13 14 14 21 18 10 12
©yÄõ
PM10
05/07 11 11 6 0* 1 8 6 6 8 11 22 19 23 22 20 20 30 32 25 21 26 25 22 27
©yÄõ
PM10
05/08 18 19 18 17 20 21 17 25 32 36 39 NA NA 0# 1000* 1A 2x NA NA NA NA NA NA NA
©yÄõ
PM10
05/14 NA NA NA NA NA NA NA NA NA NA NA NA NA NA NA NA NA 0* NA NA NA NA NA NA
©yÄõ
PM10
05/15 NA NA NA NA NA NA NA NA NA 1000* 0# NA 25# NA NA NA 28 27 36 33 39 33 35 31
©yÄõ
PM10
05/16 25 28 26 27 27 28 31 24 22 21 18 21 27 26 NA NA 30 33 38 42 35 34 31 23
©yÄõ
PM10
05/17 21 33 27 26 23 28 24 24 20 24 19 18 13 11 11 1000# 9 10 19 18 21 22 24 26
©yÄõ
PM10
05/18 18 28 26 20 28 31 23 19 23 20 17 14 22 21 14 17 18 10 20 19 24 29 38 28
©yÄõ
PM10
05/19 29 31 28 31 29 28 27 31 49 23 21 20 19 18 21 16 23 24 27 35 34 38 35 28
©yÄõ
PM10
05/20 29 28 30 28 28 30 27 32 23 31 16 22 21 24 25 29 30 27 23 27 28 30 27 27
©yÄõ
PM10
05/21 26 32 33 34 35 38 47 53 71 77 79 82 77 72 67 58 56 55 52 51 54 51 45 41
©yÄõ
PM10
05/22 35 38 38 37 38 39 39 46 51 49 49 48 43 46 46 48 50 51 53 53 41 40 44 42
©yÄõ
PM10
05/23 40 40 34 35 40 39 35 36 38 30 23 27 25 25 15 18 19 26 18 27 25 29 27 20
©yÄõ
PM10
05/24 15 16 21 23 24 22 25 21 26 19 25 29 31 29 32 34 39 32 29 37 38 32 33 32
©yÄõ
PM10
05/25 30 33 28 31 27 30 39 35 36 60 36 32 35 40 47 50 46 34 39 44 51 50 45 46
©yÄõ
PM10
05/26 44 44 42 45 42 40 41 33 41 60 80 42 42 48 43 44 46 46 43 44 39 39 41 40
©yÄõ
PM10
05/27 34 37 36 37 36 36 34 34 36 41 39 41 34 32 29 28* 26* 27 33 39 40 37 33 36
©yÄõ
PM10
05/28 32 34 36 36 40 37 30 27 23 24 15 20 17 18 21 20 23 29 28 30 28 31 28 28
©yÄõ
PM10
05/29 25 22 21 22 23 25 25 30 32 38 35 40 1000# 34 36 1000# 33 29 28 26 26 32 27 25
©yÄõ
PM10
05/30 19 25 24 24 25 21 20 24 27 23 24 21 21 27 28 25 29 25 29 27 29 25 26 18