嘉義
CO
01/01 0.39 0.47 0.44 0.45 0.49 0.46 0.42 0.46 0.4 0.37 0.38 0.38 0.36 0.36 0.39 0.46 0.52 0.5 0.53 0.54 0.55 0.54 0.43 0.42
嘉義
CO
01/02 0.39 0.34 0.35 0.34 0.32 0.29 0.35 0.52 0.45 0.48 0.56 0.45 0.49 0.48 0.45 0.48 0.51 0.75 0.71 0.64 0.56 0.59 0.51 0.44
嘉義
CO
01/03 0.39 0.42 0.41 0.41 0.41 0.41 0.44 0.57 0.51 0.45 0.47 0.44 0.45 0.42 0.45 0.51 0.5 0.68 0.95 0.82 0.82 0.81 0.72 0.61
嘉義
CO
01/04 0.65 0.63 0.59 0.58 0.52 0.49 0.55 0.81 0.68 0.74 0.52 0.43 0.37 0.36 0.32 0.31 0.41 0.5 0.51 0.48 0.48 0.64 0.66 0.64
嘉義
CO
01/05 0.58 0.51 0.5 0.5 0.51 0.57 0.62 0.77 0.84 0.77 0.67 0.75 0.55 0.51 0.57 0.57 0.58 0.68 0.67 0.77 0.66 0.73 0.88 0.9
嘉義
CO
01/06 0.87 0.73 0.69 0.65 0.54 0.5 0.52 0.56 0.56 0.61 0.61 0.56 0.51 0.5 0.54 0.57 0.63 0.82 0.84 0.73 0.71 0.66 0.61 0.56
嘉義
CO
01/07 0.57 0.56 0.55 0.58 0.58 0.5 0.55 0.68 0.87 0.73 0.69 0.61 0.53 0.47 0.44 0.46 0.55 0.74 0.74 0.68 0.6 0.52 0.43 0.48
嘉義
CO
01/08 0.51 0.5 0.48 0.38 0.42 0.41 0.38 0.44 0.47 0.43 0.47 0.42 0.42 0.46 0.42 0.45 0.58 0.7 0.56 0.55 0.53 0.52 0.43 0.4
嘉義
CO
01/09 0.41 0.38 0.4 0.42 0.41 0.39 0.4 0.54 0.51 0.53 0.54 0.53 0.51 0.53 0.59 0.57 0.65 0.8 0.83 0.81 0.68 0.69 0.68 0.56
嘉義
CO
01/10 0.55 0.58 0.61 0.69 0.64 0.72 0.69 0.82 0.96 0.87 0.74 0.72# 0.58# 0.57 0.55 0.61 0.53 0.65 0.65 0.63 0.66 0.65 0.56 0.52
嘉義
CO
01/11 0.52 0.48 0.51 0.53 0.51 0.52 0.59 0.72 0.78 0.79 0.76 0.67 0.64 0.62 0.46 0.4 0.51 0.66 0.59 0.72 0.77 0.8 0.95 0.75
嘉義
CO
01/12 0.44 0.32 0.41 0.63 0.68 0.55 0.81 0.69 0.77 0.81 0.71 0.58 0.56 0.36 0.31 0.31 0.39 0.54 0.59 0.71 0.87 0.74 0.68 0.66
嘉義
CO
01/13 0.7 0.63 0.76 0.86 0.71 0.65 0.63 0.69 0.73 0.72 0.7 0.61 0.63 0.71 0.69 0.69 0.75 0.79 0.76 0.71 0.72 0.68 0.62 0.58
嘉義
CO
01/14 0.6 0.54 0.52 0.52 0.53 0.52 0.52 0.64 0.63 0.66 0.63 0.59 0.57 0.6 0.51 0.5 0.62 0.75 0.74 0.73 0.72 0.65 0.63 0.6
嘉義
CO
01/15 0.51 0.55 0.51 0.52 0.49 0.48 0.52 0.59 0.77 0.73 0.75 0.69 0.68 0.57 0.53 0.52 0.57 0.73 0.62 0.55 0.51 0.49 0.49 0.46
嘉義
CO
01/16 0.43 0.36 0.33 0.34 0.3 0.33 0.41 0.57 0.64 0.66 0.68 0.7 0.68 0.62 0.57 0.59 0.58 0.63 0.62 0.68 0.68 0.73 0.61 0.5
嘉義
CO
01/17 0.44 0.37 0.32 0.33 0.34 0.34 0.37 0.48 0.48 0.48 0.49 0.47 0.45 0.43 0.45# 0.47 0.51 0.52 0.57 0.53 0.53 0.51 0.53 0.5
嘉義
CO
01/18 0.49 0.54 0.49 0.47 0.49 0.53 0.55 0.69 0.6 0.52 0.52 0.5 0.47 0.45 0.47 0.48 0.56 0.55 0.55 0.52 0.53 0.55 0.49 0.49
嘉義
CO
01/19 0.48 0.44 0.46 0.42 0.43 0.42 0.43 0.64 0.71 0.74 0.64 0.62 0.65 0.5 0.41 0.36 0.45 0.64 0.79 0.84 0.83 0.83 0.7 0.65
嘉義
CO
01/20 0.63 0.6 0.62 0.63 0.62 0.68 0.74 0.82 1.04 0.84 0.85 0.76 0.63 0.62 0.55 0.66 0.68 0.84 1.01 0.93 0.85 0.83 0.83 0.73
嘉義
CO
01/21 0.65 0.57 0.61 0.55 0.53 0.51 0.5 0.59 0.58 0.53 0.57 0.57 0.56 0.54 0.53 0.49 0.37 0.38 0.41 0.37 0.38 0.39 0.35 0.31
嘉義
CO
01/22 0.31 0.25 0.26 0.26 0.24 0.25 0.3 0.37 0.42 0.46 0.49 0.44 0.44 0.42 0.45 0.46 0.5 0.56 0.64 0.62 0.55 0.53 0.51 0.5
嘉義
CO
01/23 0.52 0.5 0.5 0.5 0.51 0.52 0.59 0.76 0.84 0.72 0.66 0.55 0.48 0.46 0.46 0.45 0.52 0.65 0.79 0.88 0.72 0.81 0.66 0.61
嘉義
CO
01/24 0.57 0.58 0.59 0.61 0.64 0.63 0.67 0.82 0.97 0.79# 0.72 0.6 0.57 0.45 0.48 0.48 0.53 0.65 0.69 0.92 1.02 0.89 0.79 0.71
嘉義
CO
01/25 0.72 0.68 0.63 0.61 0.75 0.85 0.77 0.94 0.99 0.83 0.73 0.66 0.56 0.51 0.43 0.48 0.59 0.73 0.93 0.87 0.85 0.77 0.71 0.67
嘉義
CO
01/26 0.59 0.58 0.53 0.62 0.63 0.52 0.56 0.61 0.56 0.5 0.45 0.42 0.38 0.44 0.5 0.49 0.54 0.6 0.59 0.57 0.44 0.36 0.32 0.28
嘉義
CO
01/27 0.27 0.26 0.24 0.2 0.19 0.2 0.22 0.3 0.33 0.33 0.41 0.38 0.36 0.33 0.34 0.35 0.37 0.43 0.49 0.57 0.58 0.57 0.62 0.56
嘉義
CO
01/28 0.45 0.45 0.49 0.47 0.46 0.45 0.55 0.63 0.72 0.77 0.71 0.62 0.45 0.45 0.41 0.4 0.44 0.53 0.54 0.54 0.62 0.74 0.87 0.66
嘉義
CO
01/29 0.54 0.51 0.53 0.46 0.48 0.52 0.68 0.66 0.69 0.84 0.72 0.6 0.42 0.39 0.3 0.33 0.35 0.44 0.55 0.56 0.57 0.62 0.67 0.65
嘉義
CO
01/30 0.61 0.61 0.59 0.5 0.58 0.54 0.55 0.69 0.73 0.82 0.82 0.74 0.51 0.47 0.38 0.39 0.41 0.64 0.9 0.95 0.94 0.5 0.47 0.46
嘉義
CO
01/31 0.43 0.37 0.34 0.3 0.27 0.24 0.33 0.87 0.83 0.61 0.48 0.51 0.43 0.4 0.3 0.33 0.42 0.52 0.66 0.7 0.63 0.59 0.51 0.62
嘉義
CO
監測年月：2019/02， 測站：嘉義， 測項：CO（ppm）
嘉義
CO
日期 00 01 02 03 04 05 06 07 08 09 10 11 12 13 14 15 16 17 18 19 20 21 22 23
嘉義
CO
02/01 0.67 0.5 0.49 0.52 0.52 0.49 0.45 0.51 0.5 0.49 0.52 0.54 0.59 0.57 0.58 0.63 0.72 0.79 0.81 0.84 1.01 1 0.88 0.74
嘉義
CO
02/02 0.68 0.66 0.66 0.68 0.78 0.76 0.75 0.8 0.93 0.91 0.89 0.65 0.56 0.56 0.51 0.52 0.63 0.69 0.61 0.65 0.66 0.71 0.68 0.61
嘉義
CO
02/03 0.64 0.74 0.8 0.74 0.67 0.5 0.51 1.35 1.51 0.63 0.39 0.22 0.2 0.22 0.28 0.24 0.29 0.35 0.38 0.75 0.77 0.82 0.78 0.59
嘉義
CO
02/04 0.35 0.38 0.3 0.5 0.45 0.49 0.46 0.73 0.73 0.56# 0.96 0.98 0.86 0.82 0.76 0.86 0.85 0.95 1.08 1.15 1.06 1.03 1.03 1.06
嘉義
CO
02/05 1.06 0.87 0.85 0.83 0.84 0.79 0.77 0.77 0.83 0.9 0.87 0.69 0.58 0.53 0.48 0.43 0.44 0.42 0.44 0.44 0.43 0.36 0.4 0.43
嘉義
CO
02/06 0.4 0.43 0.45 0.49 0.49 0.53 0.51 0.59 0.56 0.65 0.61 0.61 0.49 0.39 0.36 0.37 0.42 0.46 0.5 0.48 0.54 0.61 0.68 0.64
嘉義
CO
02/07 0.51 0.44 0.41 0.36 0.38 0.34 0.41 0.55 0.54 0.42 0.32 0.26 0.22 0.22 0.22 0.26 0.29 0.4 0.51 0.58 0.58 0.56 0.57 0.44
嘉義
CO
02/08 0.56 0.57 0.65 0.49 0.47 0.44 0.44 0.49 0.49 0.54 0.51 0.47 0.42 0.41 0.38 0.34 0.36 0.41 0.45 0.56 0.42 0.35 0.4 0.4
嘉義
CO
02/09 0.42 0.37 0.38 0.43 0.48 0.41 0.44 0.45 0.48 0.48 0.48 0.41 0.4 0.43 0.59 0.62 0.61 0.54 0.61 0.43 0.47 0.44 0.37 0.36
嘉義
CO
02/10 0.36 0.3 0.28 0.29 0.26 0.25 0.26 0.29 0.41 0.41 0.4 0.39 0.42 0.36 0.39 0.41 0.49 0.48 0.52 0.63 0.48 0.45 0.45 0.43
嘉義
CO
02/11 0.4 0.38 0.38 0.34 0.36 0.35 0.35 0.45 0.45 0.43 0.45 0.4 0.39 0.42 0.44 0.45 0.51 0.47 0.47 0.46 0.47 0.46 0.43 0.39
嘉義
CO
02/12 0.37 0.36 0.44 0.56 0.35 0.38 0.46 0.57 0.6 0.47 0.39 0.37 0.39 0.37 0.32 0.3 0.37 0.38 0.45 0.57 0.52 0.48 0.44 0.38
嘉義
CO
02/13 0.46 0.57 0.63 0.56 0.62 0.63 0.64 0.76 0.71 0.56 0.49 0.42 0.4 0.32 0.33 0.38 0.48 0.6 0.6 0.71 0.64 0.56 0.46 0.41
嘉義
CO
02/14 0.39 0.37 0.37 0.38 0.35 0.37 0.45 0.58 0.54 0.42 0.41 0.39 0.35 0.32 0.27 0.29 0.36 0.46 0.62 0.72 0.62 0.62 0.57 0.53
嘉義
CO
02/15 0.5 0.53 0.58 0.61 0.61 0.54 0.61 0.74 0.71 0.61 0.55 0.43 0.39 0.31 0.38 0.38 0.43 0.51 0.55 0.67 0.65 0.61 0.53 0.43
嘉義
CO
02/16 0.36 0.41 0.43 0.52 0.6 0.65 0.66 0.67 0.69 0.61 0.53 0.47 0.33 0.37 0.36 0.39 0.45 0.62 0.52 0.54 0.67 0.6 0.66 0.66
嘉義
CO
02/17 0.57 0.47 0.47 0.45 0.44 0.45 0.47 0.5 0.51 0.55 0.57 0.46 0.46 0.45 0.41 0.42 0.46 0.5 0.55 0.63 0.52 0.44 0.4 0.38
嘉義
CO
02/18 0.37 0.38 0.39 0.41 0.38 0.4 0.43 0.59 0.64 0.6 0.62 0.55 0.46 0.46 0.44 0.43 0.4 0.46 0.47 0.39 0.5 0.73 0.64 0.65
嘉義
CO
02/19 0.55 0.35 0.2 0.24 0.31 0.38 0.51 1.01 0.84 0.63 0.52 0.48 0.42 0.33# 0.47 0.4 0.4 0.44 0.39 0.4 0.41 0.41 0.62 0.69
嘉義
CO
02/20 0.65 0.44 0.49 0.26 0.28 0.55 0.62 0.73 0.67 0.55 0.4 0.36 0.32 0.31 0.42 0.43 0.51 0.53 0.58 0.57 0.58 0.53 0.68 0.83
嘉義
CO
02/21 0.82 0.77 0.79 0.75 0.59 0.58 0.58 0.56 0.63 0.59 0.66 0.58 0.47 0.43 0.35 0.37 0.39 0.51 0.67 0.53 0.47 0.55 0.53 0.44
嘉義
CO
02/22 0.44 0.39 0.41 0.42 0.44 0.44 0.44 0.59 0.62 0.55 0.58 0.55 0.44 0.33 0.32 0.33 0.36 0.49 0.52 0.54 0.52 0.55 0.51 0.48
嘉義
CO
02/23 0.44 0.41 0.37 0.39 0.42 0.39 0.44 0.6 0.63 0.55 0.52 0.56 0.58 0.64 0.62 0.61 0.72 0.73 0.75 0.64 0.64 0.65 0.61 0.55
嘉義
CO
02/24 0.57 0.55 0.51 0.45 0.48 0.47 0.47 0.56 0.62 0.62 0.56 0.55 0.63 0.51 0.45 0.43 0.5 0.55 0.59 0.62 0.6 0.58 0.53 0.53
嘉義
CO
02/25 0.52 0.54 0.51 0.47 0.47 0.47 0.53 0.67 0.57 0.51 0.53 0.51 0.49 0.48 0.48 0.48 0.53 0.64 0.6 0.62 0.54 0.6 0.52 0.46
嘉義
CO
02/26 0.46 0.45 0.33 0.34 0.4 0.46 0.44 0.6 0.59 0.51 0.52 0.46 0.45 0.46 0.44 0.45 0.49 0.51 0.5 0.48 0.42 0.46 0.52 0.36
嘉義
CO
02/27 0.32 0.38 0.38 0.45 0.52 0.43 0.54 0.59 0.6 0.57 0.56 0.56 0.57 0.53 0.47 0.42 0.44 0.56 0.68 0.6 0.59 0.6 0.51 0.44
嘉義
CO
02/28 0.46 0.41 0.44 0.47 0.45 0.56 0.55 0.59 0.66 0.54 0.5 0.44 0.36 0.37 0.38 0.42 0.39 0.44 0.5 0.58 0.55 0.64 0.68 0.71
嘉義
CO
監測年月：2019/03， 測站：嘉義， 測項：CO（ppm）
嘉義
CO
日期 00 01 02 03 04 05 06 07 08 09 10 11 12 13 14 15 16 17 18 19 20 21 22 23
嘉義
CO
03/01 0.61 0.5 0.47 0.52 0.43 0.4 0.43 0.51 0.52 0.54 0.54 0.53 0.42 0.38 0.36 0.35 0.39 0.44 0.46 0.62 0.65 0.72 0.68 0.64
嘉義
CO
03/02 0.56 0.54 0.5 0.46 0.46 0.51 0.52 0.61 0.54 0.55 0.56 0.58 0.53 0.5 0.47 0.49 0.45 0.41 0.54 0.58 0.69 0.62 0.66 0.7
嘉義
CO
03/03 0.64 0.42 0.34 0.28 0.24 0.27 0.36 0.36 0.34 0.2 0.19 0.19 0.44 0.51 0.42 0.44 0.39 0.5 0.56 0.38 0.74 0.64 0.54 0.56
嘉義
CO
03/04 0.58 0.44 0.41 0.38 0.37 0.36 0.43 0.58 0.54 0.49 0.43 0.39 0.47 0.5 0.46 0.46 0.52 0.61 0.75 0.8 0.78 1.02 0.92 0.8
嘉義
CO
03/05 0.85 0.72 0.75 0.89 0.84 0.94 0.96 0.94 0.91 0.55 0.47 0.41 0.43 0.57 0.56 0.58 0.73 0.79 0.6 0.62 0.55 0.54 0.51 0.49
嘉義
CO
03/06 0.55 0.44 0.42 0.46 0.51 0.44 0.45 0.67 0.65 0.48 0.41 0.34 0.32 0.38 0.49 0.54 0.53 0.65 0.52 0.48 0.44 0.49 0.47 0.46
嘉義
CO
03/07 0.46 0.48 0.46 0.4 0.4 0.43 0.46 0.57 0.59 0.58 0.56 0.56 0.59 0.47 0.43 0.48 0.53 0.71 0.56 0.57 0.66 0.71 0.67 0.61
嘉義
CO
03/08 0.57 0.56 0.54 0.57 0.51 0.52 0.61 0.77 0.78 0.71 0.71 0.72# 0.68# 0.59 0.58 0.6 0.65 0.69 0.86 0.72 0.63 0.63 0.57 0.63
嘉義
CO
03/09 0.64 0.51 0.49 0.5 0.5 0.6 0.67 0.89 0.93 1.19 0.77 0.6 0.51 0.5 0.59 0.55 0.58 0.59 0.62 0.72 0.67 0.82 0.67 0.52
嘉義
CO
03/10 0.54 0.43 0.31 0.21 0.21 0.22 0.25 0.48 0.55 0.51 0.39 0.35 0.4 0.39 0.44 0.51 0.53 0.72 0.75 0.66 0.73 0.61 0.62 0.51
嘉義
CO
03/11 0.5 0.47 0.46 0.52 0.51 0.54 0.54 0.67 0.84 0.74 0.7 0.71 0.57 0.59 0.63 0.57 0.68 1 1 0.91 0.83 0.74 0.75 0.71
嘉義
CO
03/12 0.6 0.72 0.72 0.63 0.76 0.71 0.86 1.04 1.07 0.89 0.59 0.43 0.39 0.39 0.45 0.43 0.48 0.6 0.71 0.79 0.79 0.77 0.76 0.59
嘉義
CO
03/13 0.52 0.46 0.38 0.34 0.35 0.4 0.47 0.88 0.71 0.46 0.38 0.38 0.37 0.39 0.39 0.39 0.39 0.55 0.61 0.63 0.6 0.72 0.73 0.45
嘉義
CO
03/14 0.6 0.48 0.44 0.42 0.39 0.34 0.44 0.58 0.52 0.48 0.38 0.38 0.37 0.32 0.32 0.33# 0.4# 0.48 0.66 0.77 0.55 0.48 0.33 0.31
嘉義
CO
03/15 0.3 0.29 0.29 0.25 0.26 0.28 0.29 0.41 0.38 0.35 0.4 0.43 0.37 0.36 0.37 0.39 0.45 0.5 0.53 0.53 0.61 0.66 0.63 0.58
嘉義
CO
03/16 0.36 0.42 0.46 0.46 0.46 0.49 0.56 0.59 0.59 0.53 0.48 0.47 0.48 0.41 0.35 0.38 0.41 0.58 0.6 0.52 0.64 0.77 0.74 0.52
嘉義
CO
03/17 0.49 0.41 0.4 0.38 0.52 0.57 0.59 0.53 0.48 0.45 0.41 0.42 0.39 0.39 0.39 0.43 0.46 0.58 0.63 0.57 0.56 0.51 0.41 0.43
嘉義
CO
03/18 0.39 0.42 0.42 0.41 0.41 0.42 0.47 0.63 0.66 0.59 0.65 0.62 0.55 0.47 0.45 0.45 0.49 0.59 0.51 0.53 0.55 0.92 0.76 0.59
嘉義
CO
03/19 0.56 0.5 0.52 0.47 0.38 0.49 0.66 0.8 0.8 0.67 0.62 0.54 0.52 0.53 0.48 0.4 0.46 0.58 0.59 0.62 0.69 0.86 0.73 0.59
嘉義
CO
03/20 0.45 0.44 0.5 0.51 0.48 0.45 0.57 0.82 0.77 0.63 0.5 0.46 0.49 0.42 0.37# 0.35# 0.39 0.39 0.44 0.43 0.51 0.44 0.54 0.42
嘉義
CO
03/21 0.42 0.39 0.39 0.36 0.33 0.32 0.39 0.56 0.44 0.28 0.25 0.29 0.29 0.26 0.24 0.25 0.28 0.36 0.32 0.35 0.33 0.43 0.41 0.31
嘉義
CO
03/22 0.3 0.24 0.19 0.21 0.19 0.27 0.34 0.47 0.36 0.39 0.32 0.3 0.34 0.31 0.31 0.3 0.35 0.48 0.59 0.75 0.82 0.68 0.49 0.46
嘉義
CO
03/23 0.4 0.39 0.33 0.34 0.32 0.31 0.31 0.32 0.37 0.42 0.43 0.51 0.41 0.44 0.4 0.46 0.38 0.47 0.43 0.44 0.36 0.33 0.29 0.28
嘉義
CO
03/24 0.25 0.23 0.21 0.25 0.23 0.26 0.26 0.31 0.41 0.4 0.44 0.49 0.45 0.53 0.48 0.47 0.47 0.54 0.66 0.51 0.75 0.69 0.64 0.5
嘉義
CO
03/25 0.44 0.39 0.36 0.44 0.51 0.46 0.49 1.28 0.87 0.91 0.6 0.7 0.71 0.5 0.65 0.72 0.63# 0.74 0.93 0.95 1.09 1.03 0.86 0.71
嘉義
CO
03/26 0.58 0.5 0.47 0.51 0.46 0.51 0.54 0.56 0.61 0.5 0.44 0.38 0.53 0.46 0.44 0.35 0.47 0.54 0.6 0.55 0.61 0.58 0.64 0.5
嘉義
CO
03/27 0.51 0.47 0.44 0.45 0.63 0.49 0.54 0.66 0.64 0.56 0.42 0.37 0.36 0.34 0.39 0.51 0.45 0.38 0.42 0.41 0.42 0.57 0.58 0.49
嘉義
CO
03/28 0.46 0.34 0.38 0.39 0.42 0.38 0.36 0.51 0.44 0.42 0.33 0.33 0.34 0.29 0.25 0.25 0.27 0.32 0.31 0.29 0.31 0.33 0.3 0.3
嘉義
CO
03/29 0.27 0.3 0.25 0.25 0.27 0.29 0.35 0.47 0.34 0.25 0.24 0.24 0.24 0.22 0.22 0.23 0.24 0.31 0.33 0.27 0.3 0.34 0.25 0.25
嘉義
CO
03/30 0.26 0.25 0.28 0.28 0.31 0.35 0.36 0.43 0.41 0.44 0.44 0.42 0.43 0.43 0.33 0.34 0.37 0.38 0.45 0.5 0.52 0.63 0.48 0.4
嘉義
CO
03/31 0.39 0.42 0.46 0.52 0.67 0.45 0.67 0.72 0.68 0.61 0.58 0.48 0.4 0.44 0.39 0.42 0.49 0.55 0.6 0.6 0.64 0.64 0.61 0.59
嘉義
CO
監測年月：2019/04， 測站：嘉義， 測項：CO（ppm）
嘉義
CO
日期 00 01 02 03 04 05 06 07 08 09 10 11 12 13 14 15 16 17 18 19 20 21 22 23
嘉義
CO
04/01 0.4 0.35 0.32 0.32 0.29 0.28 0.29 0.36 0.44 0.47 0.47 0.47 0.44 0.41# 0.45 0.46 0.46 0.55 0.51 0.52 0.5 0.56 0.49 0.43
嘉義
CO
04/02 0.39 0.4 0.43 0.47 0.47 0.49 0.48 0.69 0.66 0.51 0.47 0.44 0.38# 0.36 0.39 0.44 0.44 0.45 0.54 0.61 0.62 0.66 0.61 0.55
嘉義
CO
04/03 0.44 0.4 0.46 0.37 0.38 0.41 0.38 0.4 0.38 0.41 0.43 0.38 0.42 0.37 0.32 0.34 0.44 0.45 0.42 0.39 0.44 0.49 0.46 0.39
嘉義
CO
04/04 0.41 0.46 0.49 0.61 0.56 0.52 0.55 0.66 0.64 0.54 0.5 0.4 0.34 0.33 0.35 0.34 0.39 0.42 0.41 0.39 0.48 0.51 0.39 0.41
嘉義
CO
04/05 0.4 0.4 0.34 0.36 0.42 0.39 0.52 0.5 0.58 0.64 0.54 0.47 0.47 0.47 0.4 0.34 0.37 0.43 0.51 0.53 0.55 0.69 0.63 0.65
嘉義
CO
04/06 0.52 0.47 0.43 0.39 0.43 0.46 0.46 0.53 0.56 0.54 0.59 0.57 0.48 0.41 0.37 0.36 0.36 0.38 0.45 0.43 0.5 0.58 0.55 0.65
嘉義
CO
04/07 0.56 0.44 0.4 0.37 0.34 0.34 0.36 0.46 0.38 0.41 0.41 0.38 0.36 0.37 0.4 0.4 0.45 0.51 0.52 0.56 0.57 0.56 0.53 0.5
嘉義
CO
04/08 0.45 0.39 0.37 0.36 0.35 0.37 0.42 0.56 0.53 0.41 0.38 0.35 0.34 0.34 0.35 0.36 0.37 0.44 0.41 0.4 0.42 0.45 0.43 0.4
嘉義
CO
04/09 0.39 0.29 0.29 0.29 0.32 0.32 0.48 0.68 0.46 0.33 0.29 0.32 0.35 0.27 0.19 0.18 0.21 0.27 0.3 0.29 0.31 0.34 0.29 0.31
嘉義
CO
04/10 0.29 0.26 0.24 0.22 0.19 0.22 0.32 0.38 0.27 0.28 0.29 0.23 0.24 0.22 0.2 0.2 0.21 0.26 0.3 0.35 0.3 0.32 0.25 0.23
嘉義
CO
04/11 0.24 0.23 0.27 0.25 0.24 0.45 0.31 0.32 0.34 0.29 0.29 0.28 0.31 0.23 0.18 0.19 0.3 0.37 0.44 0.47 0.49 0.4 0.37 0.42
嘉義
CO
04/12 0.41 0.35 0.27 0.27 0.32 0.36 0.34 0.46 0.41 0.44 0.4 0.38 0.44 0.52 0.47 0.46 0.5 0.64 0.68 0.68 0.58 0.56 0.53 0.64
嘉義
CO
04/13 0.53 0.41 0.42 0.43 0.4 0.46 0.48 0.58 0.59 0.57 0.49 0.42 0.43 0.37 0.32 0.29 0.38 0.47 0.53 0.57 0.53 0.48 0.47 0.49
嘉義
CO
04/14 0.52 0.53 0.49 0.42 0.31 0.35 0.39 0.41 0.49 0.45 0.41 0.36 0.36 0.27 0.26 0.25 0.28 0.36 0.46 0.57 0.42 0.41 0.36 0.35
嘉義
CO
04/15 0.33 0.3 0.25 0.25 0.28 0.3 0.35 0.46 0.44 0.45 0.36 0.36 0.37 0.4 0.43 0.46 0.55 0.62 0.6 0.6 0.69 0.73 0.82 0.81
嘉義
CO
04/16 0.79 0.61 0.51 0.48 0.4 0.38 0.39 0.49 0.5 0.52 0.55 0.5 0.5 0.53 0.46 0.51 0.53 0.61 0.8 0.89 0.77 0.71 0.69 0.66
嘉義
CO
04/17 0.61 0.57 0.51 0.37 0.35 0.35 0.33 0.44 0.38 0.43 0.44 0.44 0.39# 0.37 0.37 0.41 0.43 0.5 0.51 0.44 0.52 0.52 0.53 0.42
嘉義
CO
04/18 0.39 0.38 0.38 0.41 0.39 0.43 0.51 0.54 0.54 0.47 0.4 0.39 0.37 0.33 0.39 0.44 0.4 0.45 0.54 0.51 0.62 0.66 0.53 0.54
嘉義
CO
04/19 0.54 0.41 0.4 0.46 0.44 0.25 0.32 0.58 0.68 0.7 0.42 0.3 0.32 0.38 0.34 0.22 0.23 0.39 0.53 0.49 0.55 0.44 0.48 0.29
嘉義
CO
04/20 0.34 0.28 0.27 0.32 0.42 0.42 0.48 0.44 0.59 0.55 0.45 0.45 0.56 0.39 0.34 0.35 0.4 0.54 0.61 0.65 0.56 0.59 0.7 0.55
嘉義
CO
04/21 0.38 0.3 0.32 0.33 0.4 0.34 0.36 0.47 0.4 0.35 0.31 0.25 0.21 0.19 0.21 0.26 0.29 0.37 0.35 0.33 0.48 0.39 0.43 0.38
嘉義
CO
04/22 0.34 0.22 0.23 0.22 0.23 0.26 0.38 0.44 0.28 0.2 0.19 0.2 0.21 0.2 0.17 0.16 0.19 0.28 0.26 0.24 0.22 0.23 0.19 0.17
嘉義
CO
04/23 0.15 0.14 0.14 0.15 0.16 0.2 0.27 0.28 0.17 0.18 0.17 0.18 0.15 0.14 0.14 0.14 0.15 0.18 0.2 0.21 0.19 0.17 0.17 0.16
嘉義
CO
04/24 0.15 0.14 0.13 0.15 0.17 0.21 0.33 0.33 0.19 0.17 0.18 0.14 0.14 0.13 0.13 0.14 0.16 0.18 0.25 0.27 0.24 0.31 0.21 0.2
嘉義
CO
04/25 0.2 0.25 0.24 0.22 0.21 0.23 0.33 0.36 0.24 0.21 0.23 0.22 0.19 0.18 0.17 NA 0.19 0.25 0.3 0.37 0.37 0.45 0.38 0.29
嘉義
CO
04/26 0.22 0.14 0.13 0.13 0.13 0.15 0.22 0.29 0.2 0.2 0.18 0.19 0.22 0.2 0.2 0.25 0.31 0.36 0.44 0.4 0.4 0.51 0.4 0.38
嘉義
CO
04/27 0.36 0.33 0.39 0.41 0.28 0.27 0.28 0.53 0.47 0.33 0.42 0.5 0.5 0.49 0.42 0.44 0.43 0.49 0.51 0.52 0.55 0.55 0.5 0.44
嘉義
CO
04/28 0.44 0.45 0.45 0.46 0.47 0.51 0.55 0.52 0.46 0.53 0.49 0.45 0.42 0.4 0.39 0.34 0.34 0.38 0.4 0.42 0.42 0.51 0.48 0.43
嘉義
CO
04/29 0.39 0.36 0.3 0.27 0.27 0.28 0.34 0.36 0.35 0.31# 0.23 0.22 0.23 0.2 0.19 0.21 0.24 0.35 0.29 0.31 0.37 0.37 0.29 0.27
嘉義
CO
04/30 0.24 0.21 0.21 0.2 0.19 0.21 0.22 0.24 0.23 0.22 0.22 0.22 0.18 0.15 0.15 0.15 0.18 0.2 0.23 0.24 0.26 0.2 0.21 0.19
嘉義
CO
監測年月：2019/05， 測站：嘉義， 測項：CO（ppm）
嘉義
CO
日期 00 01 02 03 04 05 06 07 08 09 10 11 12 13 14 15 16 17 18 19 20 21 22 23
嘉義
CO
05/01 0.17 0.14 0.13 0.14 0.15 0.16 0.21 0.31 0.41 0.31 0.29 0.32 0.44 0.47 0.41 0.47 0.48 0.64 0.64 0.6 0.66 0.64 0.57 0.56
嘉義
CO
05/02 0.55 0.49 0.51 0.49 0.48 0.43 0.52 0.58 0.75 0.67 0.6 0.57 0.58 0.66 0.65 0.61 0.53 0.61 0.73 0.65 0.65 0.71 0.63 0.65
嘉義
CO
05/03 0.57 0.47 0.44 0.42 0.47 0.52 0.6 0.59 0.6 0.56 0.55 0.67 0.66 0.67 0.59 0.53 0.42 0.48 0.52 0.56 0.57 0.61 0.52 0.45
嘉義
CO
05/04 0.49 0.53 0.47 0.46 0.37 0.34 0.31 0.36 0.34 0.35 0.35 0.34 0.38 0.33 0.26 0.24 0.27 0.28 0.34 0.41 0.46 0.5 0.36 0.32
嘉義
CO
05/05 0.32 0.32 0.29 0.38 0.31 0.27 0.34 0.45 0.46 0.41 0.33 0.38 0.4 0.36 0.36 0.38 0.38 0.4 0.47 0.45 0.37 0.35 0.31 0.37
嘉義
CO
05/06 0.33 0.32 0.31 0.36 0.4 0.43 0.46 0.55 0.62 0.57 0.56 0.55 0.5 0.5 0.42 0.44 0.47 0.62 0.62 0.49 0.42 0.41 0.42 0.35
嘉義
CO
05/07 0.3 0.25 0.25 0.25 0.27 0.29 0.32 0.41 0.38 0.38 0.42 0.37 0.37 0.33 0.38 0.41 0.48 0.5 0.44 0.47 0.44 0.41 0.36 0.39
嘉義
CO
05/08 0.38 0.4 0.38 0.38 0.4 0.44 0.51 0.57 0.6 0.49 0.39 0.34 0.49 0.51 0.54# 0.42 0.53 0.7 0.68 0.66 0.69 0.79 0.62 0.5
嘉義
CO
05/09 0.48 0.43 0.45 0.45 0.48 0.43 0.47 0.64 0.76 0.85 0.6 0.59 0.42 0.34 0.44 0.51 0.55 0.51 0.63 0.59 0.52 0.64 0.43 0.43
嘉義
CO
05/10 0.44 0.39 0.33 0.24 0.26 0.25 0.38 0.5 0.67 0.45 0.38 0.39 0.42 0.38 0.43 0.57 0.68 0.67 0.88 0.64 0.57 0.66 0.59 0.42
嘉義
CO
05/11 0.36 0.42 0.4 0.41 0.4 0.42 0.48 0.52 0.59 0.58 0.47 0.4 0.39 0.36 0.31 0.34 0.32 0.37 0.44 0.49 0.75 0.67 0.65 0.67
嘉義
CO
05/12 0.6 0.61 0.55 0.43 0.5 0.53 0.54 0.53 0.52 0.49 0.39 0.34 0.31 0.42 0.38 0.35 0.33 0.33 0.35 0.36 0.37 0.41 0.38 0.33
嘉義
CO
05/13 0.32 0.3 0.21 0.24 0.26 0.32 0.36 0.35 0.36 0.3 0.25 0.22 0.24 0.29 0.27 0.28 0.28 0.35 0.32 0.38 0.5 0.42 0.4 0.33
嘉義
CO
05/14 0.28 0.23 0.23 0.22 0.2 0.23 0.32 0.42 0.29 0.23 0.21 0.21 0.21 0.19 0.2 0.17 0.23 0.25 0.29 0.23 0.24 0.24 0.27 0.26
嘉義
CO
05/15 0.24 0.22 0.25 0.24 0.24 0.23 0.23 0.24 0.33 0.27 0.31 0.25 0.22 0.2 0.23 0.21 0.2 0.29 0.4 0.5 0.4 0.46 0.33 0.29
嘉義
CO
05/16 0.27 0.15 0.14 0.11 0.12 0.14 0.21 0.2 0.16 0.22 0.17 0.13 0.12 0.12 0.13 0.11 0.14 0.22 0.22 0.25 0.22 0.25 0.19 0.14
嘉義
CO
05/17 0.15 0.16 0.15 0.14 0.16 0.16 0.26 0.49 0.38 0.21 0.2 0.18 0.14# 0.14 0.15 0.17 0.18 0.26 0.33 0.32 0.32 0.21 0.19 0.17
嘉義
CO
05/18 0.15 0.15 0.14 0.13 0.14 0.16 0.21 0.23 0.24 0.19 0.15 0.15 0.15 0.15 0.15 0.15 0.18 0.21 0.25 0.28 0.22 0.24 0.2 0.22
嘉義
CO
05/19 0.22 0.18 0.17 0.17 0.2 0.25 0.29 0.32 0.2 0.18 0.17 0.19 0.17 0.16 0.14 0.13 0.16 0.21 0.25 0.28 0.36 0.28 0.23 0.26
嘉義
CO
05/20 0.19 0.13 0.11 0.12 0.13 0.16 0.21 0.28 0.18 0.16 0.19 0.19 0.17 0.15 0.17 0.16 0.26 0.58 0.5 0.48 0.55 0.67 0.66 0.45
嘉義
CO
05/21 0.41 0.44 0.44 0.44 0.44 0.4 0.43 0.59 0.64 0.62 0.55 0.52 0.55 0.5 0.49 0.49 0.56 0.59 0.74 0.66 0.71 0.68 0.66 0.59
嘉義
CO
05/22 0.62 0.59 0.64 0.63 0.54 0.66 0.55 0.48 0.44 0.44 0.4 0.45 0.47 0.43 0.44 0.52 0.44 0.48 0.55 0.46 0.56 0.68 0.69 0.67
嘉義
CO
05/23 0.64 0.51 0.51 0.46 0.5 0.56 0.46 0.51 0.44 0.51 0.51 0.49 0.5 0.54 0.51 0.53 0.61 0.67 0.59 0.51 0.52 0.6 0.58 0.62
嘉義
CO
05/24 0.57 0.53 0.46 0.43 0.44 0.46 0.65 0.65 0.61 0.49 0.46 0.42 0.38 0.35 0.33 0.37 0.39 0.43 0.45 0.39 0.36 0.46 0.43 0.37
嘉義
CO
05/25 0.35 0.23 0.23 0.23 0.22 0.41 0.48 0.52 0.38 0.29 0.29 0.29 0.31 0.24 0.22 0.23 0.28 0.32 0.37 0.39 0.37 0.39 0.4 0.4
嘉義
CO
05/26 0.35 0.3 0.29 0.28 0.27 0.28 0.29 0.34 0.38 0.37 0.32 0.31 0.31 0.28 0.27 0.28 0.32 0.38 0.41 0.43 0.58 0.54 0.47 0.41
嘉義
CO
05/27 0.43 0.4 0.32 0.28 0.31 0.35 0.39 0.38 0.42 0.38 0.42 0.34 0.2# 0.2 0.17# 0.19 0.22 0.31 0.34 0.49 0.51 0.52 0.33 0.32
嘉義
CO
05/28 0.24 0.22 0.16 0.13 0.13 0.15 0.2 0.39 0.27 0.16 0.16 0.2 0.28 0.18 0.2 0.2 0.32 0.34 0.47 0.5 0.42 0.56 0.49 0.37
嘉義
CO
05/29 0.34 0.35 0.34 0.34 0.31 0.33 0.37 0.49 0.47 0.55 0.54 0.47 0.39 0.39 0.32 0.45 0.54 0.68 0.57 0.51 0.47 0.45 0.44 0.42
嘉義
CO
05/30 0.34 0.32 0.33 0.33 0.38 0.38 0.46 0.57 0.61 0.43 0.36 0.34 0.36 0.31 0.26 0.24 0.24 0.34 0.36 0.43 0.49 0.39 0.45 0.37