©yÄõ
O3
01/01 37 37 38 38 38 39 39 37 34 36 38 39 39 39 37 36 38 38 38 35 37 37 37 38
©yÄõ
O3
01/02 43 41 44 44 43 41 39 33 29 28 31 33 35 33 34 31 29 28 30 29 27 30 29 35
©yÄõ
O3
01/03 40 40 40 40 32 33 32 27 25 26 29 33 35 36 37 34 27 22 26 29 28 24 25 30
©yÄõ
O3
01/04 26 23 21 21 17 18 14 7.6 7.4 18 29 29 36 39 34 36 27 16 3.5 4.2 1.5 4.5 1.9 4.8
©yÄõ
O3
01/05 3.6 2.1 2.9 3.9 3.7 2.7 2.6 3.6 7.8 12 27 36 46 52 54 36 20 19 19 21 22 22 19 18
©yÄõ
O3
01/06 18 17 15 14 17 13 16 18 15 18 25 32 43 43 43 43 42 39 37 37 36 36 35 39
©yÄõ
O3
01/07 41 40 37 38 39 35 31 25 19 29 33 35 35 38 36 30 31 23 11 1.9 7.9 5.7 7.1 10
©yÄõ
O3
01/08 9.8 10 11 9.3 12 9.3 3.8 3.3 3.9 35 36 39 41 41 42 40 38 34 33 31 34 39 42 42
©yÄõ
O3
01/09 42 42 42 41 39 38 35 30 28 30 31 33 36 35 38 38 28# 29 31 35 31 27 34 32
©yÄõ
O3
01/10 25 24 23 20 19 17 15 14 13 11 26 43 50 50 49 46 43 33 18 12 7.5 9.8 7 11
©yÄõ
O3
01/11 16 14 15 17 16 14 11 8.6 12 20 37 43 45 47 47 44 41 36 33 16 18 12 17 14
©yÄõ
O3
01/12 15 13 16 13 17 13 12 9.9 9.5 15 27 34 34 28 24 24 20 19 15 14 17 19 21 21
©yÄõ
O3
01/13 18 21 20 19 21 18 27 22 25 28 30 29 28 31 30 31 29 31 30 31 31 31 35 36
©yÄõ
O3
01/14 36 39 41 40 41 41 40 36 35 33 39 45 49 48 45 45 35 24 16 15 24 21 29 28
©yÄõ
O3
01/15 25 23 21 19 19 21 17 13 14 25 38 47 51 53 54 53 47 43 35 37 46 47 47 47
©yÄõ
O3
01/16 48 48 47 49 50 50 46 48 46 48 47 47 48 49 51 49 49 45 45 47 46 45 43 42
©yÄõ
O3
01/17 40 39 39 38 38 36 34 25 24 30 37 37 42 41 39 39 36 32 28 30 31 33 38 39
©yÄõ
O3
01/18 37 41 45 48 46 36 34 30 28 37 48 50 50 51 51 50 47 41 35 29 24 23 25 29
©yÄõ
O3
01/19 32 33 31 31 32 30 29 27 23 21 41 45 51 50 52 48 47 44 34 29 29 31 33 31
©yÄõ
O3
01/20 30 30 27 30 27 25 23 20 22 23 28 41 46 44 39 36 40 41 41 41 41 42 43 45
©yÄõ
O3
01/21 47 48 48 48 49 48 46 43 42 41 40 39 39 36 36 37 37 35 35 34 33 36 36 32
©yÄõ
O3
01/22 26 21 25 33 29 24 20 18 14 37# 37 35 36 37 37 38 41 42 30 28 31 32 34 36
©yÄõ
O3
01/23 36 34 39 43 46 44 43 37 35 36 40 55 57 58 59 59 57 51 36 39 42 45 43 45
©yÄõ
O3
01/24 44 43 37 39 40 33 32 35 38 30 37 39 50 54 54 49 42 31 25 32 39 41 40 40
©yÄõ
O3
01/25 37 35 33 29 28 28 27 23 25 29 54 409# 67# 66 65 62 61 57 55 56 53 52 44 40
©yÄõ
O3
01/26 42 44 54 58 58 53 48 48 43 42 44 44 46 48 50 48 45 42 40 36 35 34 31 31
©yÄõ
O3
01/27 40 42 39 40 40 39 36 32 35 33 35 38 38 38 41 37 32 30 29 31 29 29 27 26
©yÄõ
O3
01/28 23 21 21 22 22 23 22 21 21 33 45 49 50 51 50 49 47 44 33 24 29 31 36 33
©yÄõ
O3
01/29 32 35 43 38 40 44 41 39 36 32 38 35 32 35 36 32 28 20 17 7.8 17 24 20 17
©yÄõ
O3
01/30 21 28 30 29 28 25 22 16 18 22 31 44 42 44# 48 49 43 38 23 16 25 19 24 27
©yÄõ
O3
01/31 24 30 32 30 30 28 26 22 26 28 44 51 53 54 56 64 74 69 46 46 51 55 53 51
©yÄõ
O3
ºÊ´ú¦~¤ë¡G2019/02¡A ´ú¯¸¡G©yÄõ¡A ´ú¶µ¡GO3¡]ppb¡^
©yÄõ
O3
¤é´Á 00 01 02 03 04 05 06 07 08 09 10 11 12 13 14 15 16 17 18 19 20 21 22 23
©yÄõ
O3
02/01 48 48 47 47 46 45 45 41 41 43 40 40 40 41 40 39 36 36 33 38 38 31 28 27
©yÄõ
O3
02/02 27 25 26 26 24 25 22 19 21 35 45 51 56 50 46 44 42 38 34 27 25 16 24 18
©yÄõ
O3
02/03 22 20 23 19 22 22 18 17 22 28 40 54 58 53 53 47 42 45 61 51 47 39 27 29
©yÄõ
O3
02/04 27 29 24 22 38 29 30 32 33 34 34 33# 34 40 40 39 37 35 35 34 21 21 19 19
©yÄõ
O3
02/05 22 19 20 20 18 20 19 21 25 29 37 47 49 49 49 48 45 43 42 44 41 32 21 20
©yÄõ
O3
02/06 20 20 18 19 21 20 22 17 21 28 34 43 49 50 50 49 47 44 33 26 14 19 23 20
©yÄõ
O3
02/07 22 23 21 23 25 18 22 23 27 33 46 53 53 50 50 49 51 50 48 54 50 47 45 43
©yÄõ
O3
02/08 41 39 38 35 35 35 34 33 32 35 35 39 41 42 40 40 37 37 36 37 40 39 35 35
©yÄõ
O3
02/09 28 24 18 17 16 15 16 15 17 23 30 31 33 30 29 38 39 38 37 37 38 39 38 38
©yÄõ
O3
02/10 38 37 39 39 39 35 33 27 33 36 40 43 44 45 46 44 42 41 38 36 34 30 33 32
©yÄõ
O3
02/11 22 19 22 27 18 16 30 26 30 33 37 34 38 36 36 34 35 34 33 34 35 35 34 32
©yÄõ
O3
02/12 28 29 29 28 29 27 26 23 25 31 39 40 42 42 43 43 40 37 37 26 15 14 15 12
©yÄõ
O3
02/13 12 13 12 11 8.8 6 6.4 7.6 14 23 30 29 29 33 38 40 40 37 36 37 34 33 35 32
©yÄõ
O3
02/14 29 24 25 23 18 15 17 8.1 17 32 37 41 43 44 42 43 40 41 37 37 38 37 32 28
©yÄõ
O3
02/15 26 25 23 25 23 19 18 13 17 30 38 47 47 49 50 50 50 50 46 44 44 45 45 46
©yÄõ
O3
02/16 47 44 44 39 38 37 36 32 33 35 37 39 38 40 38 37 38 35 36 36 35 37 38 39
©yÄõ
O3
02/17 39 38 37 35 36 39 40 35 38 40 37 39 43 43 44 43 41 38 40 40 38 38 35 34
©yÄõ
O3
02/18 32 32 33 32 30 28 20 17 13 19 25 26 33 38 44 43 40 33 17 9.1 9 6.6 11 11
©yÄõ
O3
02/19 7.5 7.4 17 14 16 11 6 4.4 5 8.2# 15# 404# 36# 31# 47 45 44 37 35 37 38 38 41 39
©yÄõ
O3
02/20 37 33 27 21 14 11 9.9 7.9 11 17 36 42 42 42 41 42 36 30 31 27 23 23 26 28
©yÄõ
O3
02/21 28 29 30 30 31 34 33 29 26 28 32 32 40 44 45 43 39 34 30 35 31 33 32 32
©yÄõ
O3
02/22 34 37 37 40 39 37 31 30 33 30 41 46 57 62 61 48 41 42 41 41 46 47 50 50
©yÄõ
O3
02/23 49 48 47 46 43 42 40 38 41 44 44 44 44 42 42 43 42 39 38 43 42 41 37 34
©yÄõ
O3
02/24 32 34 42 42 41 37 37 30 32 36 37 34 34 37 39 43 47 39 32 31 34 33 35 37
©yÄõ
O3
02/25 36 38 30 23 22 24 21 17 29 39 37 42 47 46 45 44 43 43 38 38 38 44 45 47
©yÄõ
O3
02/26 48 47 48 51 52 49 45 39 36 47 46 46 47 48 50 50 47 46 41 39 35 29 26 20
©yÄõ
O3
02/27 24 24 22 15 19 18 19 9.7 29 39 38 30 42 47 48 49 50 46 36 39 50 37 33 29
©yÄõ
O3
02/28 14 15 9.5 12 9.6 8.2 6.4 8.2 17 30 38 38 39 42 43 44 42 39 36 35 37 38 39 41
©yÄõ
O3
ºÊ´ú¦~¤ë¡G2019/03¡A ´ú¯¸¡G©yÄõ¡A ´ú¶µ¡GO3¡]ppb¡^
©yÄõ
O3
¤é´Á 00 01 02 03 04 05 06 07 08 09 10 11 12 13 14 15 16 17 18 19 20 21 22 23
©yÄõ
O3
03/01 41 38 36 35 29 28 25 21 20 31 40 39 44 42 48 49 45 41 42 40 36 30 12 7.8
©yÄõ
O3
03/02 9.5 12 12 9.5 7.4 4.6 7.6 9.5 23 32 42 46 42 54 63 58 53 47 37 36 29 18 27 45
©yÄõ
O3
03/03 47 43 42 33 24 43 21 21 27 33 39 46 44 45 45 47 48 39 31 29 22 27 31 33
©yÄõ
O3
03/04 41 41 44 46 45 43 34 27 35 41 41 45 50 55 56 55 54 53 52 53 53 54 55 45
©yÄõ
O3
03/05 44 57 58 54 49 53 43 35 38 36 43 39 52 63 65 68 62 48 26 41 46 50 43 42
©yÄõ
O3
03/06 32 31 35 37 45 53 50 40 41 43 42 49 54 44 47 50 52 49 51 55 53 51 51 49
©yÄõ
O3
03/07 51 51 54 51 52 53 53 49 49 49 51 208# 67# 55 59# 63# 66# 65 64 63 64 61 63 63
©yÄõ
O3
03/08 63 63 60 60 59 52 50 41 43 38 41 46# 43 46 47 46 41 35 35 21 18 19 19 16
©yÄõ
O3
03/09 21 31 31 27 24 27 27 21 18 25 34 31 39 44 42 42 41 35 19 11 15 17 20 26
©yÄõ
O3
03/10 21 28 40 52 52 52 51 42 44 47 42 42 38 35 40 36 35 32 32 36 43 48 51 50
©yÄõ
O3
03/11 50 46 49 51 47 44 35 33 49 45 47 53 56 56 56 55 53 43 40 34 32 33 36 41
©yÄõ
O3
03/12 46 45 46 46 46 47 41 41 49 67 75 81 80 76 78 75 71 65 54 49 48 44 44 42
©yÄõ
O3
03/13 51 51 49 49 47 45 38 33 26 35 67 71 70 67 66 66 63 63 61 63 61 55 53 49
©yÄõ
O3
03/14 44 42 42 43 41 42 38 35 39 49 66 70 73 76 77 63 57 55 53 50 55 56 55 54
©yÄõ
O3
03/15 50 53 54 54 56 56 52 50 49 49 55 57 60 62 63 62 59 55 43 36 38 41 44 47
©yÄõ
O3
03/16 42 41 44 43 45 42 42 39 36 43 48 64 67 68 66 64 61 57 41 38 35 39 55 48
©yÄõ
O3
03/17 42 38 36 31 28 28 27 29 27 28 28 45 54 56 59 57 59 56 56 59 55 49 36 33
©yÄõ
O3
03/18 36 34 29 19 18 20 16 14 11 17 26 44 57 57 60 62 65 58 39 24 18 24 27 29
©yÄõ
O3
03/19 25 23 20 18 21 22 17 15 27 36 40 49 50 54 56 54 54 53 50 42 40 35 33 29
©yÄõ
O3
03/20 27 20 18 18 19 18 17 19 29 38 43 50 57 57 56 56 48 42 37 31 33 28 24 30
©yÄõ
O3
03/21 26 22 21 27 28 26 19 27 31 46 50 44 47 56 52 44 33 29 28 28 24 26 34 32
©yÄõ
O3
03/22 29 23 19 19 32 42 41 44 50 51 49 46 46 50# 54 52 42 41 42 42 43 44 46 49
©yÄõ
O3
03/23 50 49 49 48 48 49 48 47 46 46 44 45 44 45 45 44 43 39 40 47 45 49 51 49
©yÄõ
O3
03/24 53 55 52 49 49 48 54 43 39 38 36 40 52 51 50 44 40 35 33 25 24 26 24 25
©yÄõ
O3
03/25 28 27 24 24 21 22 20 11 9.8 5.9 5 8 14 21# 12 15 28 20 35 19 13 3.4 3.8 9.9
©yÄõ
O3
03/26 8.1 9 20 43 42 36 40 38 33 37 45 47 50# 54 52 50 45 36 29 33 36 35 36 37
©yÄõ
O3
03/27 29 25 25 21 15 21 20 22 30 47 53 57 57 62 61 58 55 52 46 41 28 27 23 24
©yÄõ
O3
03/28 27 24 22 20 18 23 18 23 27 43 53 58 58 59 57 50 39 33 26 22 20 17 23 22
©yÄõ
O3
03/29 24 24 24 26 30 21 23 23 26 40 50 46 55 51 58 58 55 48 44 46 44 44 42 51
©yÄõ
O3
03/30 56 56 54 50 47 44 41 38 45 50 55 57 56 58 55 53 51 48 47 48 49 52 48 49
©yÄõ
O3
03/31 52 48 55 58 60 59 58 50 51 51 56 58 62 59 58 60 59 58 58 57 56 55 55 55
©yÄõ
O3
ºÊ´ú¦~¤ë¡G2019/04¡A ´ú¯¸¡G©yÄõ¡A ´ú¶µ¡GO3¡]ppb¡^
©yÄõ
O3
¤é´Á 00 01 02 03 04 05 06 07 08 09 10 11 12 13 14 15 16 17 18 19 20 21 22 23
©yÄõ
O3
04/01 56 56 56 54 55 53 51 48 47 45 48 50 49 52 53 53 50 50 49 52 56 58 58 53
©yÄõ
O3
04/02 51 48 46 45 42 39 36 32 31 30 34 52 55 55 54# 50# 43 41 27 18 13 15 16 15
©yÄõ
O3
04/03 18 18 22 21 18 11 11 9.4 20 33 45 49 51 50 50 48 43 31 31 30 34 34 29 24
©yÄõ
O3
04/04 22 21 31 46 37 42 35 22 34 45 50 49 48 49 45 42 39 38 38 37 36 28 23 26
©yÄõ
O3
04/05 24 24 22 18 16 17 13 16 23 33 41 54 54 54 53 55 51 50 50 57 59 53 52 51
©yÄõ
O3
04/06 49 45 39 42 44 38 34 29 38 52 53 58 58 54 53 54 51 47 42 39 32 29 24 28
©yÄõ
O3
04/07 27 22 22 20 24 27 26 28 39 47 52 55 64 63 61 55 54 49 48 55 54 50 47 46
©yÄõ
O3
04/08 32 27 22 23 23 22 20 26 36 50 53 58 59 53 44 33 25 20 17 16 13 13 15 13
©yÄõ
O3
04/09 11 12 13 12 16 11 14 17 26 35 38 41 49 53 52 39 32 22 18 18 20 20 24 20
©yÄõ
O3
04/10 20 26 23 22 21 17 17 20 32 38 34 46 52 53 53 35 37 40 45 49 51 49 52 55
©yÄõ
O3
04/11 56 57 56 54 53 51 50 44 45 47 48 52 55 55 54 49 49 48 46 48 49 48 46 44
©yÄõ
O3
04/12 47 48 53 50 49 49 46 39 42 44 48 53 55 51 50 49 47 41 41 44 42 40 37 37
©yÄõ
O3
04/13 46 49 44 42 36 30 28 35 42 54 58 59 62 59 56 52 47 43 42 37 30 26 18 23
©yÄõ
O3
04/14 19 18 18 17 16 12 12 18 30 38 49 53 51 53 53 50 47 43 40 46 47 49 55 49
©yÄõ
O3
04/15 59 64 63 59 55 56 47 40 37 38 52 55 50 47 54 56 56 43 38 38 40 29 35 37
©yÄõ
O3
04/16 36 37 39 39 37 36 34 33 40 37 35# 35# 30 27 28 26 26 24 19 14 17 11 14 11
©yÄõ
O3
04/17 8.7 7.6 35* 12 8.9 33 49 44 47 53 59 65 65 64 68 67 68 67 63 62 58 50 45 47
©yÄõ
O3
04/18 48 46 42 40 35 28 25 34 52 52 64 67 67 65 65 63 61 56 50 41 40 38 36 38
©yÄõ
O3
04/19 32 28 29 26 24 19 24 39 34 34 38 41 50 56 50 51 49 43 31 25 22 24 24 19
©yÄõ
O3
04/20 19 19 21 21 19 18 15 20 35 45 58 63 66 67 67 66 65 65 61 60 60 55 46 39
©yÄõ
O3
04/21 34 29 29 27 26 33 28 31 26 29 46 49 53 53 53 48 46 41 37 22 21 22 23 22
©yÄõ
O3
04/22 21 21 20 17 14 15 15 26 42 49 50 43 42 38 33 32 29 29 27 18 19 17 15 13
©yÄõ
O3
04/23 9 13 13 14 13 12 11 17 21 30 34 37 39 48 52 51 45 37 33 31 26 25 18 12
©yÄõ
O3
04/24 18 15 16 12 13 16 10 19 24 26# NA 43 50 51 45 43 42 41 38 37 34 37 35 23
©yÄõ
O3
04/25 21 22 19 20 16 18 17 25 34 38 37 40 39 41 45 47 48 47 43 41 41 39 33 32
©yÄõ
O3
04/26 27 32 27 28 36 24 24 28 37 47 59 62 61 62 61 61 58 54 55 53 44 49 63 58
©yÄõ
O3
04/27 64 64 63 62 62 59 59 54 57 58 58 60 60 58 55 52 50 48 47 49 44 48 46 45
©yÄõ
O3
04/28 35 37 43 41 32 27 19 28 33 38 45 46 48 42 40 42 38 35 29 17 12 13 14 13
©yÄõ
O3
04/29 14 16 16 16 14 16 15 14 27 34 35# 38 37 29 27 27 25 23 19 18 16 8.6 8.7 10
©yÄõ
O3
04/30 11 11 8.4 12 16 14 17 22 29 34 37 43 45 45 51 41 31 36 34 30 26 23 23 17
©yÄõ
O3
ºÊ´ú¦~¤ë¡G2019/05¡A ´ú¯¸¡G©yÄõ¡A ´ú¶µ¡GO3¡]ppb¡^
©yÄõ
O3
¤é´Á 00 01 02 03 04 05 06 07 08 09 10 11 12 13 14 15 16 17 18 19 20 21 22 23
©yÄõ
O3
05/01 25 29 29 26 24 22 20 30 39 39 43 48 51 50 49 46 45 46 47 43 39 36 36 31
©yÄõ
O3
05/02 27 31 38 41 43 44 39 39 66 60 61 63 64 63 62 60 59 57 61 56 55 58 58 61
©yÄõ
O3
05/03 64 61 52 50 59 64 53 41 41 49# 47 48 50 57 58 61 59 56 44 38 38 38 43 46
©yÄõ
O3
05/04 46 44 39 36 40 34 39 48 53 52 55 57 55 56 46 46 43 40 38 38 39 40 41 39
©yÄõ
O3
05/05 36 34 35 31 35 41 37 29 32 56 61 60 57 54 53 48 43 39 29 28 35 37 31 37
©yÄõ
O3
05/06 40 38 38 44 50 49 40 32 42 45 43 37 44 48 46 47 47 44 47 45 46 48 52 53
©yÄõ
O3
05/07 53 50 49 48 51 59 55 48 49 52 57 54 47 53 52 52 47 47 51 48 32 35 40 47
©yÄõ
O3
05/08 44 36 35 33 35 39 30 27 27 38 40 NA NA NA NA NA NA NA NA NA NA NA NA NA
©yÄõ
O3
05/14 NA NA NA NA NA NA NA NA NA NA NA NA NA NA NA NA NA 0# 31x 21x 17x 18x 19x 20x
©yÄõ
O3
05/15 21x 20x 21x 20x 17x 17x 15x 13x 18x 31x 33# NA 27# 23# NA NA NA NA 31x 31x 21x 12x 15x 18x
©yÄõ
O3
05/16 18x 14x 14A 15x 13x 11x 10x 13x 28x 38x 42# 38# 38# 38# 30# 31 31 30 26 15 11 9.9 14 14
©yÄõ
O3
05/17 11 9.5 8.3 16 14 10 6.1 3.1 2.6 1.5 1.8 3.3 4.7 11 18 34# 31 27 23 17 10 6 4.7 1.2
©yÄõ
O3
05/18 2.8 5.2 7.4 5.6 4.1 7.9 11 16 27 22 30 34 31 27 28 26 29 26 18 11 12 12 4.2 7.3
©yÄõ
O3
05/19 6.9 7.2 8.7 7.9 8.5 12 12 15 24 30 41 46 44 44 44 37 32 31 26 20 9.7 7.9 9.7 12
©yÄõ
O3
05/20 16 9 9.6 14 14 12 15 17 24 13 29 38 58 59 52 49 39 41 40 36 37 37 43 40
©yÄõ
O3
05/21 32 28 36 33 34 29 30 36 62 66 69 72 71 72 72 70 64 61 57 48 42 36 33 36
©yÄõ
O3
05/22 43 47 42 33 33 41 41 42 41 59 64 67 66 66 59 54 43 35 28 27 36 33 32 32
©yÄõ
O3
05/23 28 27 28 29 28 31 28 21 16 46 64 59 55 59 58 58 50 54 50 38 31 31 39 46
©yÄõ
O3
05/24 43 44 38 36 35 37 24 29 36 46 51 51 53 53 51 51 49 38 35 31 30 30 31 30
©yÄõ
O3
05/25 30 29 24 25 25 24 21 33 32 37 50 45 49 51 48 45 41 38 33 31 31 28 27 26
©yÄõ
O3
05/26 23 19 16 18 16 17 17 24 33 42 48 54 53 43 46 40 36 31 30 28 26 21 18 17
©yÄõ
O3
05/27 17 16 16 12 10 13 12 14 18 27 37 47 40 30 33 34 45 44 33 26 17 15 17 19
©yÄõ
O3
05/28 14 12 11 9.1 9.6 12 13 19 22 22 38 38 42 45 49 50 52 52 50 49 47 42 42 43
©yÄõ
O3
05/29 43 42 43 44 41 38 38 40 45 45 45 46 50 50# 43 49 51 49 50 48 43 35 47 36
©yÄõ
O3
05/30 32 34 34 31 32 26 26 23 35 47 62 61 57 55 57 59 56 51 41 34 34 17 14 20