缄打
PM10
01/01 18 19 17 19 15 16 22 14 16 21 21 17 18 22 17 24 23 23 18 21 13 26 16 20
缄打
PM10
01/02 16 16 20 20 18 16 14 20 17 18 24 1000# 22 25 20 23 23 28 34 28 22 23 25 16
缄打
PM10
01/03 16 14 15 19 21 10 14 18 25 25 28 21 25 24 24 21 13 14 19 14 19 14 24 24
缄打
PM10
01/04 20 26 25 28 22 24 26 23 28 34 37 36 27 31 35 28 27 26 29 34 33 33 34 33
缄打
PM10
01/05 28 26 24 23 26 26 23 21 16 23 18 24 19 30 38 30 24 19 21 14 14 19 19 21
缄打
PM10
01/06 12 20 24 15 9 12 17 16 7 8 11 13 15 12 23 22 26 29 32 27 29 32 29 31
缄打
PM10
01/07 23 25 16 17 20 21 31 35 39 37 33 34 46 47 44 36 42 41 43 31 30 26 16 28
缄打
PM10
01/08 27 26 24 25 18 22 25 18 22 25 12 15 5 15 16 16 16 22 21 21 21 18 18 15
缄打
PM10
01/09 13 12 20 16 16 19 12 14 15 17 1000# 21 36 37 31 35 38 43 47 41 40 34 39 42
缄打
PM10
01/10 35 42 30 30 28 32 35 19 25 24 22 35 32 38 34 33 32 29 23 18 20 21 15 15
缄打
PM10
01/11 15 18 11 16 18 20 16 16 15 14 12 13 19 16 19 23 21 17 25 20 15* 18 18* 13*
缄打
PM10
01/12 16* 18* 19 13 12 21 12 17 12 11 14 14 17 18 19 29 28 31 33 33 32 33 28 27
缄打
PM10
01/13 23 37 33 34 34 35 29 29 24 32 32 39 33 36 39 40 34 33 29 31 33 32 33 44
缄打
PM10
01/14 35 43 33 36 33 32 32 36 36 36 40 49 57 63 67 58 64 63 60 58 52 65 61 70
缄打
PM10
01/15 63 67 65 64 63 60 54 54 59 61 54 53 50 55 59 53 48 47 34 35 26 30 27 33
缄打
PM10
01/16 26 27 26 32 16 29 22 24 22 19 28 19 1000# 17 16 8 5 4 11 7 7 11 9 12
缄打
PM10
01/17 12 8 10 8 19 20 26 35 39 36 54 42 39 41 33 29 32 39 44 58 58 50 45 54
缄打
PM10
01/18 49 53 49 55 51 54 47 54 54 59 45 44 56 67 73 83 88 77 74 73 73 73 71 73
缄打
PM10
01/19 65 65 62 60 60 57 59 47 53 55 55 51 65 59 55 51 49 50 49 56 51 45 49 45
缄打
PM10
01/20 40 45 32 32 28 32 31 33 31 36 45 45 30 34 61 65 78 96 92 101 96 97 79 69
缄打
PM10
01/21 66 61 68 63 56 59 58 57 51 46 39 37 39 35 40 38 38 34 36 31 34 36 31 35
缄打
PM10
01/22 30 31 26 26 27 23 32 26 38 36 40 46 50 54 52 48 53 46 49 40 39 38 38 40
缄打
PM10
01/23 31 36 33 42 40 46 44 49 57 57 1000# 78 74 73 74 68 74 79 87 75 78 74 66 68
缄打
PM10
01/24 64 68 59 59 55 61 58 52 53 49 60 55 61 57 48 54 54 55 54 51 56 55 53 54
缄打
PM10
01/25 47 53 49 53 53 65 66 65 62 68 63 60 56 69 62 74 74 69 68 63 62 55 56 52
缄打
PM10
01/26 50 54 53 53 44 53 49 43 46 38 47 56 53 65 65 64 65 53 42 41 44 43 35 35
缄打
PM10
01/27 32 31 37 29 27 32 34 32 30 30 37 27 33 35 35 34 35 29 33 29 24 26 27 21
缄打
PM10
01/28 17 24 24 28 31 25 29 33 29 29 31 32 32 33 29 32 35 31 32 21 29 31 27 25
缄打
PM10
01/29 22 17 26 32 27 30 34 27 28 34 34 1000# 39 44 44 45 45 42 50 42 43 42 51 48
缄打
PM10
01/30 43 43 49 40 43 41 38 41 37 42 1000# 29 37 35 37 38 39 34 39 36 26 31 40 35
缄打
PM10
01/31 31 34 38 38 38 32 33 45 38 27 34 21 21 19 17 18 21 22 22 26 23 43 44 40
缄打
PM10
菏代~るG2019/02A 代浮G皑そA 代兜GPM10]gg/m3^
缄打
PM10
ら戳 00 01 02 03 04 05 06 07 08 09 10 11 12 13 14 15 16 17 18 19 20 21 22 23
缄打
PM10
02/01 36 31 31 30 38 31 30 29 29 30 27 24 34 29 35 32 35 38 44 40 48 42 47 50
缄打
PM10
02/02 46 51 54 57 54 54 49 53 55 55 52 59 52 53 47 53 49 55 58 49 51 52 50 51
缄打
PM10
02/03 48 54 62 58 64 65 71 85 78 80 53 31 19 27 26 37 29 31 30 34 35 33 31 43
缄打
PM10
02/04 74 49 36 20 27 23 24 58 38 36 34 27 43 39 43 45 60 78 90 88 80 63 86 84
缄打
PM10
02/05 91 93 99 88 73 67 62 54 41 44 43 45 40 45 55 53 63 75 73 76 74 76 74 67
缄打
PM10
02/06 59 64 54 53 45 44 37 38 31 31 33 31 38 29 36 37 42 42 51 53 53 47 57 62
缄打
PM10
02/07 47 58 40 45 46 31 35 34 37 32 1000# 35 33 39 40 32 25 23 31 19 27 22 26 26
缄打
PM10
02/08 25 47 36 37 24 29 22 20 19 21 32 24 22 21 21 26 21 22 17 19 21 15 18 18
缄打
PM10
02/09 14 28 21 27 27 26 28 20 25 20 22 16 23 26 23 16 21 13 10 11 9 15 14 12
缄打
PM10
02/10 12 15 19 15 10 20 13 10 16 17 14 16 9 21 23 20 18 19 14 20 18 20 17 13
缄打
PM10
02/11 13 18 18 17 14 16 10 15 9 12 12 12 15 20 18 13 9 14 22 19 11 17 18 20
缄打
PM10
02/12 15 16 14 15 8 8 8 13 10 9 9 12 11 19 23 18 19 17 13 19 13 11 12 24
缄打
PM10
02/13 19 12* 19 9 11 8 17 12 15 16 21 1000# 12 16 14 9 18 26 24 14 18 20 20 18
缄打
PM10
02/14 12 23 23 25 28 27 18 23 17 21 29 33 27 25 28 29 28 27 18 15 16 15 27 25
缄打
PM10
02/15 20 28 20 24 14 18 18 21 14 14 14 14 15 19 19 20 19 13 19 19 20 17 26 20
缄打
PM10
02/16 21 23 32 22 24 31 22 21 23 19 30 24 21 21 12 16 14 16 15 18 18 17 12 16
缄打
PM10
02/17 15 13 12 11 8 14 13 13 12 13 18 17 19 17 18 25 14 15 14 10 11 11 9 11
缄打
PM10
02/18 17 18 14 9 9 5 4 4 3 11 14 17 15 18 21 17 24 28 25 29 27 22 30 31
缄打
PM10
02/19 3 10 6 2 1 15 14 43 26 29 39 39 37 33 38 41 29 27 39 20 19 21 21 18
缄打
PM10
02/20 17 27 27 24 22 24 21 27 25 22 26 24 35 30 61 35 34 34 36 54 51 38 27 21
缄打
PM10
02/21 25 26 27 19 13 17 12 17 13 15 20 1000# 10* 29 14 25 11 16 23 15 11 13 11 21
缄打
PM10
02/22 18 32 33 31 16 20 19 19 23 14 15 17 19 17 11 16 17 15 5 7 5 6 16 11
缄打
PM10
02/23 23 22 22 26 27 32 24 22 21 29 27 39 38 42 40 44 37 39 38 36 43 27 24 18
缄打
PM10
02/24 16 24 19 18 13 16 12 9 8 10 19 18 18 10 9 10 26 24 23 40 47 52 45 45
缄打
PM10
02/25 37 36 37 30 39 32 29 42 42 45 53 45 45 52 53 63 68 59 57 59 69 62 62 52
缄打
PM10
02/26 37 58 46 58 50 56 46 46 47 1000# 56 56 64 63 59 47 54 60 55 54 56 53 44 45
缄打
PM10
02/27 45 52 50 49 53 57 56 59 53 59 65 58 51 40 40 35 27 30 34 29 25 30 30 23
缄打
PM10
02/28 16 27 22 22 37 36 37 28 33 33 35 30 22 22 22 19 22 28 29 26 33 20 35 27
缄打
PM10
菏代~るG2019/03A 代浮G皑そA 代兜GPM10]gg/m3^
缄打
PM10
ら戳 00 01 02 03 04 05 06 07 08 09 10 11 12 13 14 15 16 17 18 19 20 21 22 23
缄打
PM10
03/01 26 31 29 31 26 32 33 26 28 24 26 32 32 35 38 35 43 43 34 33 35 40 43 32
缄打
PM10
03/02 29 32 33 20 27 32 43 37 31 30 32 41 51 49 47 46 51 48 50 51 55 46 43 39
缄打
PM10
03/03 31 38 42 35 46 42 37 21 45 38 29 11 7 9 14 10 15 16 20 7 10 6 21 18
缄打
PM10
03/04 7 10 12 15 14 14 12 11 13 19 14 20 21 24 22 28 28 32 37 35 37 36 35 30
缄打
PM10
03/05 24 38 38 48 36 43 48 45 40 37 45 38 39 39 49 37 42 44 36 19 8 6 6 3
缄打
PM10
03/06 7 6 10 11 10 10 9 8 17 15 1000# 10 10 28 20 16 9 9 19 11 18 18 23 12
缄打
PM10
03/07 10 17 10 8 14 11 20 16 25 24 22 27 41 55 51 54 55 49 45 42 35 32 22 23
缄打
PM10
03/08 24 26 20 20 17 16 10 11 13 12 10 14 8 16 13 21 20 18 19 25 18 21 18 12
缄打
PM10
03/09 11 16 9 8 5 11 16 9 8 11 11 10 13 17 12 14 18 7 9 8 9 7 21 27
缄打
PM10
03/10 24 15 12 7 5 10 11 9 11 7 5 13 11 19 16 16 9 10 13 9 9 10 19 13
缄打
PM10
03/11 12 17 20 21 18 32 40 47 48 36 43 35 45 41 37 34 42 35 33 32 25 33 23 21
缄打
PM10
03/12 26 35 32 36 42 41 43 47 52 58 53 51 50 61 58 55 47 53 48 47 48 53 52 47
缄打
PM10
03/13 44 48 49 54 59 66 63 63 65 60 67 65 63 76 75 77 73 84 86 83 82 70 74 74
缄打
PM10
03/14 69 70 66 63 64 67 74 62 61 58 1000# 57 54 65 68 68 59 56 49 45 33 34 37 35
缄打
PM10
03/15 34 30 26 18 10 10 11 11 12 18 22 24 18 19 21 32 32 32 28 33 36 38 29 31
缄打
PM10
03/16 36 34 47 41 40 39 39 42 45 48 46 45 42 46 58 48 49 43 53 37 38 44 45 44
缄打
PM10
03/17 35 45 50 54 49 50 51 45 40 40 45 49 41 51 40 32 31 32 29 24 27 28 30 32
缄打
PM10
03/18 24 32 32 29 32 25 30 31 34 36 36 33 25 35 33 28 28 31 30 31 29 19 27 29
缄打
PM10
03/19 32 35 27 26 24 24 31 28 34 31 32 25 31 35 48 39 27 32 36 30 34 42 43 39
缄打
PM10
03/20 37 46 46 40 40 44 42 42 42 42 1000# 34 37 43 39 48 26 24 16 24 32 23 26 30
缄打
PM10
03/21 18 18 20 20 15 25 30 32 33 1000# 23 22 19 6 11 28 14 22 28 24 18 13 23 10
缄打
PM10
03/22 9 21 15 23 17 29 75 63 62 53 55 73 48 45 37 39 42 34 35 27 26 26 30 31
缄打
PM10
03/23 23 23 29 29 20 21 14 21 20 18 27 26 22 26 21 34 23 26 24 32 25 29 32 34
缄打
PM10
03/24 30 35 30 33 31 22 18 25 23 25 15 22 26 39 47 44 42 34 23 18 25 42 42 43
缄打
PM10
03/25 44 51 61 60 55 50 47 56 59 52 50 42 30 32 25 27 24 21 24 17 20 13 21 11
缄打
PM10
03/26 16 22 19 19 22 14 23 20 23 29 31 32 30 32 40 32 43 31 34 26 25 32 36 34
缄打
PM10
03/27 36 40 46 48 39 49 49 44 40 44 40 1000# 32 43 36 40 40 40 41 38 35 37 44 42
缄打
PM10
03/28 47 37 42 48 53 38 41 45 37 48 38 37 50 55 40 22 16 29 24 30 32 20 28 23
缄打
PM10
03/29 25 23 32 23 30 37 31 32 31 31 37 27 30 50 40 41 24 28 36 36 33 18 16 5
缄打
PM10
03/30 8 12 15 15 14 46 29 32 37 30 22 20 22 30 35 40 39 33 34 21 35 41 41 38
缄打
PM10
03/31 36 42 50 52 59 63 60 75 66 62 64 68 91 90 85 85 70 66 61 53 48 40 42 45
缄打
PM10
菏代~るG2019/04A 代浮G皑そA 代兜GPM10]gg/m3^
缄打
PM10
ら戳 00 01 02 03 04 05 06 07 08 09 10 11 12 13 14 15 16 17 18 19 20 21 22 23
缄打
PM10
04/01 53 49 41 38 38 36 20 20 20 14 16 28 32 28 30 33 28 28 27 31 39 38 43 46
缄打
PM10
04/02 47 51 51 49 44 53 53 54 66 59 58 53 52 1000# 41 52 44 43 38 42 43 32 36 36
缄打
PM10
04/03 30 35 29 31 27 29 20 26 19 21 19 16 23 24 25 25 24 25 22 20 24 23 26 24
缄打
PM10
04/04 27 28 31 22 22 22 28 25 33 32 36 36 30 33 34 39 42 37 25 20 24 18 23 25
缄打
PM10
04/05 27 21 32 30 28 28 18 20 23 29 27 29 30 36 37 40 38 39 31 23 14 9 16 10
缄打
PM10
04/06 6 7 15 19 18 25 26 22 22 13 23 19 11 32 26 32 35 32 34 32 25 29 34 39
缄打
PM10
04/07 40 33 36 31 33 35 32 44 35 44 42 38 39 54 51 61 58 48 54 63 54 55 51 47
缄打
PM10
04/08 46 34 40 41 36 34 38 35 30 33 27 20 23 26 24 29 19 14 21 23 14 21 30 29
缄打
PM10
04/09 25 17 23 23 19 29 30 39 38 38 38 43 35 38 36 34 35 25 32 33 29 29 38 36
缄打
PM10
04/10 26 34 29 26 29 30 28 30 31 31 1000# 6 16 23 10 23 22 6 16 15 19 39 53 36
缄打
PM10
04/11 21 26 39 42 35 23 27 32 32 33 37 32 33 32 43 50 37 33 30 22 11 13 16 6
缄打
PM10
04/12 6 11 26 23 22 24 21 26 15 26 24 28 24 38 41 46 54 52 53 38 46 47 41 30
缄打
PM10
04/13 33 32 32 33 35 36 44 46 44 40 45 43 37 55 43 39 28 33 30 32 24 21 34 32
缄打
PM10
04/14 22 29 26 22 29 23 25 37 32 25 22 19 21 35 29 30 20 23 24 27 19 23 30 24
缄打
PM10
04/15 33 53 54 53 50 55 63 57 64 59 59 53 47 55 54 55 46 50 55 52 42 50 45 49
缄打
PM10
04/16 35 44 34 35 32 23 27 19 19 14 21 10 17 20 21 20 21 23 22 23 26 25 19 21
缄打
PM10
04/17 16 11 20 20 13 26 26 23 22 24 32 32# 0* 17 20 16* 23 23 25 28 31 41 46 39
缄打
PM10
04/18 44 33 43 48 45 38 38 40 43 47 44 30 36 31 30 29 26 36 41 38 41 36 38 35
缄打
PM10
04/19 24 27 38 35 20 27 25 19 24 19 15 25 7 33 30 22 21 13 11 8 6 7 10 10
缄打
PM10
04/20 10 10 13 15 10 19 25 23 13 18 15 17 5 13 18 2 15 16 31 42 28 16 31 36
缄打
PM10
04/21 49 22 25 28 22 20 22 28 22 25 26 26 30 27 27 33 28 33 30 26 31 24 20 23
缄打
PM10
04/22 13 23 32 22 30 20 20 25 35 1000# 10 18 26 14 18 23 22 20 27 23 26 21 27 15
缄打
PM10
04/23 10 17 17 19 19 22 26 28 24 19 26 19 22 18 18 21 28 24 20 25 24 24 14 20
缄打
PM10
04/24 9 13 18 18 17 24 21 18 21 11 1000# 25 22 17 17 20 21 17 16 24 21 25 32 23
缄打
PM10
04/25 9 9 13 17 15 21 19 25 22 22 23 18 30 12 17 21 23 21 19 25 31 21 27 22
缄打
PM10
04/26 21 16 18 26 26 20 28 26 35 27 27 42 37 29 35 30 36 26 37 40 48 39 39 47
缄打
PM10
04/27 46 42 53 55 45 36 63 64 65 59 53 59 56 59 53 61 52 50 42 40 46 41 39 40
缄打
PM10
04/28 39 43 39 44 45 49 52 52 52 42 41 39 42 39 39 34 39 38 37 40 40 45 39 42
缄打
PM10
04/29 38 35 32 35 34 35 30 24 32 26 35 24 26 26 34 23 19 23 20 27 22 29 25 33
缄打
PM10
04/30 26 24 25 24 19 23 18 20 31 32 17 18 26 23 30 32 27 29 24 26 33 21 28 24
缄打
PM10
菏代~るG2019/05A 代浮G皑そA 代兜GPM10]gg/m3^
缄打
PM10
ら戳 00 01 02 03 04 05 06 07 08 09 10 11 12 13 14 15 16 17 18 19 20 21 22 23
缄打
PM10
05/01 18 20 21 19 23 28 31 39 40 30 27 20 7 8 19 14 19 19 18 28 27 35 33 33
缄打
PM10
05/02 34 37 46 62 75 80 91 101 118 132 122 1000# 87 70 57 47 42 38 45 54 58 45 33 38
缄打
PM10
05/03 35 41 51 60 56 56 45 46 55 63 64 63 47 40 54 62 58 61 64 69 64 49 42 42
缄打
PM10
05/04 36 35 39 48 61 57 64 68 62 64 73 69 68 61 61 60 61 63 56 67 58 64 63 61
缄打
PM10
05/05 50 54 47 54 53 47 54 56 49 60 65 79 83 52 59 63 51 50 55 40 44 32 39 27
缄打
PM10
05/06 17 15 8 17 16 19 22 17 19 15 17 13 22 20 19 33 31 30 24 30 31 23 36 42
缄打
PM10
05/07 43 50 46 40 34 35 25 27 34 24 26 23 33 32 37 44 46 49 41 38 38 42 38 44
缄打
PM10
05/08 43 32 40 30 26 22 38 52 53 45 1000# 16 32 32 36 43 42 34 33 29 21 19 21 24
缄打
PM10
05/09 23 18 12 8 4 9 15 22 18 23 30 22 19 13 16 11 12 12 11 12 16 13 19 14
缄打
PM10
05/10 13 20 19 24 23 13 11 22 18 23 22 23 28 24 24 19 26 23 33 41 42 36 33 36
缄打
PM10
05/11 35 30 33 28 29 27 33 32 34 34 36 41 47 35 34 38 40 34 40 34 38 37 42 41
缄打
PM10
05/12 31 36 28 42 42 45 42 41 44 41 44 43 46 42 44 47 43 43 46 43 48 38 40 39
缄打
PM10
05/13 30 30 29 35 33 48 53 48 43 42 45 40 47 41 38 36 33 39 41 37 48 44 39 30
缄打
PM10
05/14 21 32 31 33 26 31 30 25 34 29 34 32 24 15 26 23 25 26 24 32 22 24 21 18
缄打
PM10
05/15 14 15 18 13 18 20 25 26 22 15 15# 1000# 10 16 1x 7 14 17 10 7 3 9 11 10
缄打
PM10
05/16 5 4 5 6 4 10 17 14 15 20 19 23 28 19 29 28 24 28 18 32 32 31 24 20
缄打
PM10
05/17 15 24 19 22 21 28 36 26 24 40 31 30 36 18 30 27 28 29 36 22 34 23 25 23
缄打
PM10
05/18 14 18 23 28 30 25 34 34 37 24 27 22 30 22 25 27 25 32 35 36 26 33 32 27
缄打
PM10
05/19 16 28 32 27 27 26 24 35 36 25 25 28 31 28 25 35 35 31 30 30 28 24 12 19
缄打
PM10
05/20 17 30 23 27 25 31 27 43 27 24 25 22 34 28 27 41 31 37 50 51 62 51 46 41
缄打
PM10
05/21 42 33 44 62 62 75 71 79 83 90 85 83 76 80 76 76 81 72 71 60 55 60 56 53
缄打
PM10
05/22 58 55 51 49 48 52 55 52 50 58 58# 1000# 42 46 44 49 47 48 40 46 44 36 39 36
缄打
PM10
05/23 39 35 41 43 45 45 39 44 33 27 28 32 30 26 26 34 29 28 31 28 38 39 37 43
缄打
PM10
05/24 34 27 26 30 26 33 35 37 39 37 40 35 46 46 43 43 41 53 42 44 49 44 49 51
缄打
PM10
05/25 47 49 51 48 47 42 51 53 46 45 45 44 42 30 33 30 32 40 36 40 34 35 33 30
缄打
PM10
05/26 25 29 27 27 27 24 24 26 25 29 36 32 32 22 22 31 29 32 28 33 36 40 37 37
缄打
PM10
05/27 18 23 27 20 18 14 24 17 17 21 15 12 9 6 6 19 11 9 6 15 14 16 13 13
缄打
PM10
05/28 13 7 7 9 9 17 13 18 11 16 6 7 19 17 13 11 10 9 28 40 42 47 42 27
缄打
PM10
05/29 37 31 30 37 38 41 42 47 47 37 37 38 42 32 32 32 34 30 26 27 27 25 25 30
缄打
PM10
05/30 23 24 23 30 16 22 25 26 27 27 31 39 44 40 38 44 47 41 43 42 42 45 40 42