NO2
01/01 1.9 0.8 0.9 0.8 0.7 0.6 0.7 1.3 1.4 1.8 1.7 1.6 1 0.9 1.3 1.4 1.4 1.2 1.5 1.2 1.3 1.1 0.9 0.9
缄打
NO2
01/02 1 1.3 1.1 1.1 1.2 1.1 1.6 2.5 2.7 2.3 2 2.5 2.7 4 7 6.7 6.5 8 7.6 6.1 5.9 6.9 6.1 5.4
缄打
NO2
01/03 5.2 6 6.7 6.5 6 5.4 5 4.8 5.9 6.4 5.6 4 4.6 6 5.6 5 5.5 5.8 5.6 4.3 3.7 4.6 4.1 3.6
缄打
NO2
01/04 3.8 6.2 7.3 8.3 8.3 8.2 7.8 7.5 7.4 7.6 7.8 7.2 8.1 8 8.4 9.5 11 12 9.6 8.2 7.6 10 7.9 6.1
缄打
NO2
01/05 5.7 6.9 7 7.5 8.9 8.1 7.1 5.6 6 8 7.4 5.5 9.5 8.6 9.6 13 11 11 12 12 10 9.2 8.3 9.7
缄打
NO2
01/06 10 11 11 10 9.4 9.7 9.5 7.4 6.9 6.9 6.9 7.3 7.7 8 8.7 9.6 9.3 9.2 8.7 7.3 6.4 6.5 5 4.5
缄打
NO2
01/07 5 6.1 5.6 5.9 5.4 6.4 7.4 6.9 7.3 7.4 7 7.1 8.6 9.6 8.9 8.5 8.4 11 10 7.5 6.9 8 6.7 6.3
缄打
NO2
01/08 6.1 7 7 6.7 6.6 7.2 6.8 6.2 6.3 6.5 5.7 5.4 5.3 5.7 5.6 5.9 6 6.5 5.7 4.5 4.5 4.8 4.3 3.3
缄打
NO2
01/09 3.5 4.3 3.7 4.1 3.9 4 4.1 4.1 4.3 3.7 2.6# 2.4 3.3 2.7 2.2 6.5 7.5 8.3 7.5 6 5.5 6 5 5
缄打
NO2
01/10 5 7.5 6.5 6.4 7 6.5 7 6 6.4 6.5 7 7.5 7.5 8.4 8.3 8.6 8.8 8.8 8 6.1 5.6 7.2 5.9 5.7
缄打
NO2
01/11 6 8.3 8.2 8.8 8.3 9.6 9.4 9.7 13 13 12 12 11 10 10 10 11 11 12 11 10 14 12 11
缄打
NO2
01/12 9 10 9.5 8.4 8.8 11 10 8.2 11 12 9.4 8.2 7.6 7.7 7.5 8.2 8.4 11 12 12 11 12 12 11
缄打
NO2
01/13 9.8 9.7 8.8 8.2 7.7 8.2 7.2 6.6 7.8 7.5 7.7 7.8 7.3 8.4 8.9 8.9 8.1 7.7 8 6.8 6.5 7.7 7 5.6
缄打
NO2
01/14 5.5 6.5 6.4 5.6 5.5 5.2 5.6 5.3 5.6 5.7 6.1 6.8 7.3 7.9 7.7 8.6 9.3 9.6 8.7 7.9 7.3 7.9 6.7 7.1
缄打
NO2
01/15 7.2 9.1 9 9.4 8.9 8.5 7.9 8.3 9 8.4 8.3 8.3 9 9 9.1 9.2 9.5 9.2 8.4 6.7 5.6 6.6 5.2 4.7
缄打
NO2
01/16 4.2 5.2 4.9 5.3 5 5.6 6.1 6.1 6.5 6.1 6.5 5.1 4.6 3.8 6.8 8.4 9.2 7.6 6.3 6.2 5.6 5.1 5.1 4.9
缄打
NO2
01/17 4.7 4.9 5 4.8 5.3 5.7 5.5 6.3 6.2 6.8 7.3 7.3 7.2 7.5 7.2 7.4 7.1 7.4 8.1 7.6 7.6 7.3 6.6 6.5
缄打
NO2
01/18 6.3 6.7 6.1 5.7 5.6 5.9 6.2 6.3 6.1 5.6 6 6.5 7.2 8 8.7 9.8 11 11 10 9.2 8.5 9.3 8.6 8
缄打
NO2
01/19 8.1 10 9.8 9.7 9.6 9.6 9.3 7.6 7.6 8.2 7.9 7.7 9.2 10 9.9 10 12 12 13 11 15 17 18 14
缄打
NO2
01/20 9.2 10 9.9 9.4 10 12 11 9.1 10 9.1 10 10 7.2 8.8 9.2 8.9 11 13 12 11 11 11 7.6 6.5
缄打
NO2
01/21 6 5.6 4.6 4.7 4.4 4.4 4.8 4.5 5.2 4.6 4.2 4.2 4.5 4.9 5.2 5.1 5 5.5 5.9 4.8 4.4 5.1 4.4 4.2
缄打
NO2
01/22 4.5 5.7 5.5 5.9 6 5.6 6.1 5.6 6.6 6.3 6.9 7.5 7.6 7.5 7.1 6.4 6.9 7.7 8.3 6.8 6.8 6.8 5.9 5.8
缄打
NO2
01/23 5.6 6.2 5.5 5.4 6.2 6.1 6 6.6 7.1 6.5 4.3# 4.6 4.8 6.4 7.8 8.3 8.3 9.7 9.2 8.9 9 9.3 8.4 8.2
缄打
NO2
01/24 7.2 8.1 7.9 7.8 7.7 7.4 8.2 8.2 8.6 6.6 8.3 7.3 7.8 7 7.3 7.8 7.9 9.1 9.2 8 8.3 9.3 8.5 7.8
缄打
NO2
01/25 8 8.2 8.3 8.5 7.8 7.9 8.3 7.6 8.6 9 8.4 7.9 8.6 9.2 9 8.6 8.4 9.9 9.8 8.8 8.9 8.9 8.3 7.5
缄打
NO2
01/26 6.3 7 6.5 6.1 6 5.7 5.8 5.8 6.1 5.4 5.7 5.9 4.8 5.2 5.2 5.2 5.8 5.6 5.2 4.3 4.6 4.2 4 4
缄打
NO2
01/27 3.9 3.5 3.3 3.1 3.4 3.5 3.9 4.1 4.3 5 4.5 4.4 4.3 4.5 4.8 4.8 4.8 5.1 6.2 5.6 5.5 5.6 4.9 4.6
缄打
NO2
01/28 4.6 5.1 5.2 5.3 5.8 5.8 5.9 6 7.2 6.9 6.9 7.4 6.8 7.7 7.3 7.9 7.6 8.5 8.7 7.4 8.2 10 7.2 7.4
缄打
NO2
01/29 8.1 7.1 7.4 7.5 7.1 6.7 6.8 5.8 8.1 6.7 6.2 6.6# 6.5 6.9 6.1 7.8 8.1 8.2 8 6.4 6.5 7.3 6.8 7.4
缄打
NO2
01/30 6.9 9 9.1 9 8.5 8.5 7.7 6.5 7.6 7.5# 3.7# 3.8# 4.8 4 6.5 8.4 8.6 9.5 10 8.3 8.4 10 11 14
缄打
NO2
01/31 12 11 11 10 11 8.6 9.9 11 9.9 8 7.6 3.3 2.6 2.5 2 1.9 8.2 8.2 10 7.5 7.6 8 5.9 6
缄打
NO2
菏代~るG2019/02A 代浮G皑そA 代兜GNO2]ppb^
缄打
NO2
ら戳 00 01 02 03 04 05 06 07 08 09 10 11 12 13 14 15 16 17 18 19 20 21 22 23
缄打
NO2
02/01 5.4 5.9 5.7 5 4.7 4.2 4.8 4.8 5.2 4.9 5.2 5.7 5.5 6.8 6.7 7.1 7.3 6.6 7 6.6 6.4 6.4 5.4 5.5
缄打
NO2
02/02 5.2 5.7 5.8 5.8 6.3 6.6 6.5 5.8 5.9 5.8 5.9 6 6.7 6.7 2.8 3.9 10 9 9.2 7.8 8.4 8.9 7.4 7.6
缄打
NO2
02/03 8.3 12 12 12 14 13 16 17 16 18 13 14 21 17 9.9 6.7 10 11 12 16 29 25 20 14
缄打
NO2
02/04 14 10 8.9 8.3 7.6 7.1 7.7 6.3 6.3 6.6 6.6 6.4 6.4 6.7 6.5 6.4 6.7 7.2 7.4 6.2 5.9 5.9 5.4 5.8
缄打
NO2
02/05 5.7 6.4 6.5 6.6 6.6 6.4 6.5 5.9 6 6.2 6.4 5.8 6.6 3.4 4.3 8.2 6.9 8 7.1 5.7 6.9 8.8 9.2 11
缄打
NO2
02/06 8.8 9.3 8.8 8.9 7 7 5.4 5.3 5.3 5.5 5 5 3.3 3.1 3.2 4.3 10 8.8 9.6 8.7 11 15 18 16
缄打
NO2
02/07 18 21 14 8.9 8 6.2 6 6.5 8.8 6.6# 6.8# 8 7.8 5.6 3.2 2.8 11 8.8 7.5 5.8 7.5 8.4 12 9.8
缄打
NO2
02/08 5.9 7.6 6.6 6 5.6 5.7 5.3 4.6 4.6 4.9 5.1 4.6 5.2 5.2 4.7 5.3 4.8 5.1 5.5 5.4 5.5 6 5.2 4.7
缄打
NO2
02/09 4.6 6.6 7.7 7.3 6.9 6.7 6.4 4.9 5 5.3 5.8 5.4 5.4 5.9 5.8 5.6 5.7 5.9 5.3 4.6 5 5.2 4 4.4
缄打
NO2
02/10 4.3 4.2 4.1 4.1 4.1 3.7 4 3.8 4.7 4.9 5.1 4.6 4.2 4.4 4.5 5 5.4 5.8 5.4 4.8 5.4 4.9 4.2 4.4
缄打
NO2
02/11 4.5 4.9 4.7 4.8 4.5 4.8 4.9 4.8 5.2 4.7 4.7 4.8 4.7 4.6 4.5 5 4.6 4.9 5.5 4.8 4.8 4.4 4.2 4.6
缄打
NO2
02/12 4.3 4 4.2 4 4.4 4.3 4.6 5.3 5.7 6 5.5 6.1 5.5 5.9 6.6 6.5 7.9 7.8 6.9 6.2 5.7 6.1 6.1 6.1
缄打
NO2
02/13 6.5 7.8 6.7 6 5.7 5.5 5.9 5.9 6.1 4.3 2.5# 2.4 2.5 4.7 4.8 4.8 4.9 5.7 6.4 4.8 5.4 5.1 4.7 4.9
缄打
NO2
02/14 4.9 6.2 6.3 6.3 6.1 6.1 6.1 6 6.8 7.9 6.6 6.1 6.4 6.9 6.2 6.3 6.6 6.9 7.1 5.8 5.8 5.8 5.5 5.7
缄打
NO2
02/15 5.5 6.4 6.3 6.4 6.7 6.5 7 6.8 8.1 7.5 6.9 6.5 6.7 2.6 7.3 7.4 9.1 9.3 12 11 12 16 15 13
缄打
NO2
02/16 12 9.9 8.3 6.9 6.5 6.8 6.7 5.4 7.3 5.8 6.1 6.1 6 6 5.7 5.8 6.2 6.3 6.5 5.7 5.6 5.1 5 5.4
缄打
NO2
02/17 5.3 5.6 5.7 5.1 5.2 5.5 5.7 5 5.6 5.1 5 5.7 5.2 5.3 5.3 6 5.9 5.4 7 6.5 5.8 5.2 5.3 5.2
缄打
NO2
02/18 5.2 5.2 4.5 5.4 6.4 5.7 6.6 5.7 6.3 6.4 6.7 6.5 6.6 6.7 6.7 7.1 7.6 8.1 9.8 7.1 9.5 11 12 10
缄打
NO2
02/19 5.1 6.2 6.5 7 7.9 9.3 10 19 24 14 11 8.4 6.4 3.9 4.2 5.1 12 13 13 8.3 9.5 9.5 7.1 7.6
缄打
NO2
02/20 7.8 9.1 8.4 7.7 8.4 9.6 7.4 7.4 8.8 9.6 4.6# 7 6.6 9.7 9.3 9.2 9.2 8.7 7.9 7.2 7.9 7.6 7.5 6.1
缄打
NO2
02/21 5.5 5.9 6.5 6.1 6.5 6 5.9 6.3 7.7 6.7 3.2 3.8 3.5 3 6.8 5.7 8 7.5 6.3 5.4 5.6 5.6 5.1 5.3
缄打
NO2
02/22 4.8 5.8 6.1 5.9 5.7 5.8 5.6 5.5 6.9 6.7 6.5 6.2 6.3 5.3 5.8 6.4 6.8 6.4 5.8 5 5.7 5.2 4.3 4.6
缄打
NO2
02/23 4.6 3.9 4.3 4.4 4.6 4.5 5.1 5.5 6.2 5.6 5.8 5.5 5.2 6.1 5.4 5.6 5.4 5.8 5.6 4.6 5.3 4.9 4.6 5.1
缄打
NO2
02/24 5.1 5 4.9 5 5.1 5.7 6.2 5.3 5.3 5.2 6.2 7 7.1 7.2 7.7 8.2 8.4 9.1 8.9 7.3 6.7 6.7 5.9 5.6
缄打
NO2
02/25 5.7 6.1 6 6.1 6.7 6.1 6.6 6.5 7.3 7.3 7.3 7.5 6.5 6.7 6.8 7.1 7.1 7.7 7 5.2 6.5 6.6 5.8 6
缄打
NO2
02/26 5.6 5.6 5.5 6.2 5.9 5.9 6.3 6.3 7.5 6.5# 5.2 4.4 6.1 7.3 6.8 6.4 6.9 8.4 8.3 6.6 6.3 6.4 5.7 5.6
缄打
NO2
02/27 5.9 6.5 6.5 7 6.9 6.9 7.2 7.2 9.5 9.2 8.4 8 7.3 3.4 3.4 3.3 10 9.6 11 7.1 9.4 18 20 11
缄打
NO2
02/28 11 8.3 7.2 6.2 6.5 6.7 6.9 5.6 6.4 6.2 6 6.3 6 5.9 5.8 6.3 6.5 6.2 5.7 5.2 5.5 4.9 4.2 5
缄打
NO2
菏代~るG2019/03A 代浮G皑そA 代兜GNO2]ppb^
缄打
NO2
ら戳 00 01 02 03 04 05 06 07 08 09 10 11 12 13 14 15 16 17 18 19 20 21 22 23
缄打
NO2
03/01 5.1 5.9 5.7 6 5.9 5.9 6.4 5.6 9.2 8 6.8 6.7 6.8 7.6 7.8 7.6 7.3 7.3 7.7 6.4 6.9 6.8 5.7 6.1
缄打
NO2
03/02 6 5.2 6.3 5.9 5.5 5.6 6.4 6.4 8.1 6.9 6.3 5.9 5.9 5.2 2.5 8.4 8.1 8.7 10 11 13 10 7.7 7.1
缄打
NO2
03/03 6.3 8.4 8.7 7.8 8.9 16 15 8.6 7.6 7.1 7.3 5.7 5.8 5.7 6.4 8.2 10 14 18 18 8.9 6.8 6.6 6.4
缄打
NO2
03/04 6.3 7 6.4 5.4 5.4 5.3 4.9 4.9 5.6 5.1 5.6 6 6.2 6.1 6 6.5 6.7 7 7.8 6.6 7.8 7.8 7.2 6.4
缄打
NO2
03/05 6.3 6.3 6.4 5.8 6.2 6.1 7.4 11 15 10 8.6 8.7 6.6 12 6.9 8.5 9.2 9.3 7.6 6.7 5.4 6.9 6 6.1
缄打
NO2
03/06 5.9 7.3 6.9 6.7 7.2 7.5 8.9 11 11 8 6.8 8.1# 3 5.2 8.4 6.9 7 7 7 5 5 5.5 5.1 6
缄打
NO2
03/07 5.3 5.3 5.3 4.8 4.5 4.6 5 4.8 4.7 4.6 6 6.6 7.3 6.7 6.1 6.5 7.1 6.5 7.1 6.1 6 5.7 4.9 4.6
缄打
NO2
03/08 4.5 6.4 6.3 6.5 6.1 6.2 5.9 6 6.8 6 6 6 6.5 7 6.8 6.5 7.3 7.5 7.2 5.9 5.7 5.8 5.4 5.7
缄打
NO2
03/09 5.8 5.5 5.5 5.4 6 6 6.1 5.1 5.5 6.2 7.2 6.8 7.5 8.4 12 -64.5* 11 9.9 9.1 11 13 14 15 14
缄打
NO2
03/10 13 5.8 6 6.9 7.6 8.8 8.4 7.6 20 9.5 5 5.9 5.3 6.5 8.7 6.4 6.8 6.1 6.2 5.4 4.9 5.1 4.3 4.4
缄打
NO2
03/11 5.7 6.6 5.9 5.6 6.2 6.2 6.5 5.9 7.7 6.3 6.2 6.4 6.5 5.8 5.5 5.8 6.4 6.7 6.6 5.5 6.3 7 5.4 5.6
缄打
NO2
03/12 6.8 7.9 6.7 5.9 5.9 5.6 6.7 6.6 7.6 7.6 7 6.6 6.4 5.1 4.3 3.5 9 7.7 8.4 7.9 7.9 7.9 6.8 8.4
缄打
NO2
03/13 8.4 9.2 7.1 6.5 7 6.4 7.6 8.8 8 7.4 5.2# -53# -36.9# 3* 3.7* 3.7# -17.9# -15.1# -17.6# 7.7# 8.5* 7.8* 6.5* 6.9*
缄打
NO2
03/14 6.5* 6.3* 6.8* 6.9* 7.7* 8.2* 8.3* 8.9* 8* 12# 5.7# 1.1# -0.2# -0.4# 324# 407# 6.5 7.4 6.7 5.8 5.9 5.2 5.2 5.4
缄打
NO2
03/15 5.6 5 4.8 4.6 4.6 4.7 5.5 5.4 6 292# 2.7# 3.8 5 4.7 4.8 5.1 5.3 5.7 4.8 4.9 6.5 7 6.3 5.5
缄打
NO2
03/16 4.9 4.6 4.7 4.4 5.4 5.4 5.5 5.3 6 6.4 6.2 5.8 6.4 7.2 6.7 7.4 8.8 9.3 8.9 7.5 7.9 7.9 7 6.1
缄打
NO2
03/17 6 7.2 7.1 7.9 7.2 7.5 7.8 6.5 7 6.9 6.9 6.9 7.4 7.6 7.3 6.8 6.2 6.2 6.8 6.4 6.3 6.1 5.8 5.9
缄打
NO2
03/18 5.5 5.9 5.8 5.6 6 6.2 6.9 8.4 7.8 7 6.6 6 6.9 5.9 1.4 3.2 9.5 10 9.9 7.7 12 12 14 13
缄打
NO2
03/19 14 11 9 8.1 8 8.6 9.9 8 7.6 7 6.4 5.8 6.7 2.5 2.2 4.8 8.6 7 7.1 6.4 7.2 7.4 7.2 6.5
缄打
NO2
03/20 6.3 8.2 7.7 7.5 8 8.5 11 10 8.3 6.7# 3.1 5.9 8.6 8.1 6.1 5.3 8.1 12 12 9.4 9.2 12 9.3 9.4
缄打
NO2
03/21 8.4 9.3 6.8 9.5 9.5 8.8 13 11 9.3 8.4# 6.9# 7.1 6.9 2.2 6.2 4.8 11 10 11 8.7 7.2 7.1 7.7 5.5
缄打
NO2
03/22 6.2 7 7.4 7.2 7.7 8.8 6.9 7.1 7.7 7.5 9.4 7.6 7 7.4 7.4 7.4 7.7 7.4 6.8 6.5 6.9 6.4 5.9 5.7
缄打
NO2
03/23 5.7 5.8 5.1 4.8 4.8 5.4 4.9 5.4 5.5 5.5 5.8 5.9 6.1 5 4.5 4.8 4.9 5.3 5.2 5 4.7 4.5 5.1 4.9
缄打
NO2
03/24 4.9 5.4 5.2 5.5 5.8 5.9 6.2 6.4 7.5 7.5 7.1 7.1 7.8 8.6 7.5 8.8 8.5 9 8.4 7.3 7.3 7.7 7.4 7.4
缄打
NO2
03/25 7.4 8.7 7.9 8.3 8.5 8.6 9 9.3 10 10 12 8.2 9.3 12 11 10 11 13 15 13 13 13 9.1 8
缄打
NO2
03/26 7.1 7.5 6.5 6.5 6.4 6.4 6.4 6.2 7.2 7.5 7 6.5 6.8 7.2 6.3 8.7 8.2 8.1 7.9 7.3 7.5 7 6.9 7.3
缄打
NO2
03/27 7 8.4 8.3 8.6 8.2 8.3 9.1 9.2 10 9.2 5.9 3.8# 3.7 2.9 3.1 2.8 12 11 12 9.4 10 13 12 11
缄打
NO2
03/28 14 11 12 14 26 9.2 12 12 11 12 8.3 9.7# 6.2 5.7 5.8 6.4 9.2 12 11 9.2 8.9 8.1 7.9 6.6
缄打
NO2
03/29 6.3 8.6 7.9 8.1 8.5 9.4 11 12 11 8.5 7.3 5.9 9.1 7.5 2.3 2.8 11 9.7 11 7.8 7.4 6.1 6.4 7.1
缄打
NO2
03/30 6.3 7.7 7.9 10 8.6 6.5 6.7 6.2 11 9.1 6.9 7 6.6 6.5 7.4 7.3 7.1 7.2 8 6.5 7.5 7.5 7.1 7.1
缄打
NO2
03/31 6.4 6.4 6.8 6.6 6.2 5.5 5.5 5.3 6.8 7.9 7.5 6 6.4 6 5.6 5.7 5.6 6 6 6.2 6.3 5.9 6.1 5.6
缄打
NO2
菏代~るG2019/04A 代浮G皑そA 代兜GNO2]ppb^
缄打
NO2
ら戳 00 01 02 03 04 05 06 07 08 09 10 11 12 13 14 15 16 17 18 19 20 21 22 23
缄打
NO2
04/01 5.6 5.1 5.6 5.4 5 5.8 5.7 6 6.3 6.4 5.8 5.9 5.6 5.8 6.1 5.5 6.6 6.5 6.6 6.7 6.7 6.5 6.7 6.2
缄打
NO2
04/02 6.5 6.8 6.5 6.4 7 7.8 7.7 8.9 9.3 8.2 4.4 3.6 4.2 2.9# 2.8 3 3 3.5 3.6 3.5 3.8 3.6 2.8 2.3
缄打
NO2
04/03 2.3 1.5 1.5 1.3 1.3 1.2 1.5 2.5 3.4 2.3 2.3 2.3 2.1 2 1.9 1.6 2.2 2.5 2.9 2.4 1.8 1.5 1.3 1.1
缄打
NO2
04/04 0.9 1.3 1.4 1.7 1.4 1.5 1.7 2.5 3.4 4.1 3.7 3.3 2.6 2.5 2.2 2.8 3.3 3.4 3.7 3.2 2.8 2.9 2.3 2.2
缄打
NO2
04/05 2.1 1.5 1.5 1.8 1.3 1.8 2.3 2.4 2.4 2.8 2.9 2.4 2.8 2.3 2.6 3 3.2 4.1 5.9 4.3 4 3.4 2.4 1.8
缄打
NO2
04/06 2.4 1.3 1.4 1.7 2.3 3.4 3.7 3.9 3.5 2.6 2.8 2.2 1.8 1.9 2.1 2.3 5 7.5 7.5 5.5 6 6.1 4.6 3.7
缄打
NO2
04/07 2.9 2.4 1.8 2 2.1 2.8 5 4.3 6 3.6 3.1 4.5 3 2.7 3.1 4.1 5.4 5.3 4.3 5.7 6 5.2 4.4 3.3
缄打
NO2
04/08 2.9 1.4 1.2 1.7 2.3 1.9 8.3 8.2 4.3 3.2 2.2 1.7 3.5 2.5 5.2 2.9 4.6 4.3 4.8 4.5 4.9 7.8 14 15
缄打
NO2
04/09 17 8.1 8.7 12 4.1 3.8 7.7 16 9.6 9.2 7.1 5.7 3.4 2.4 2 6.9 8.2 4.8 4.7 4.5 3.8 3.3 3.3 3
缄打
NO2
04/10 3.5 2.5 1.4 1.2 1.8 1.7 3.9 4.3 4.8 3.3 2.5 1.8 2.7 2.7 2.9 4.9 4.6 5.5 4.2 2.3 2 3.3 2.9 2.7
缄打
NO2
04/11 2.5 2.2 3.5 4.1 3.8 2.6 2.9 6.3 11 6 3.4 3.1 2.4 1.5 1.7 2.3 2.8 3.8 4.2 3.4 3 3.4 2.3 1.8
缄打
NO2
04/12 1.6 1.9 1.8 2.2 2 2.2 2.6 3 3.7 3.3 3.1 3 3 3.1 3.2 3.8 4 4.6 4.2 3.5 2.9 3 2.4 2.2
缄打
NO2
04/13 2.5 1.9 2 1.3 0.9 1.2 1.6 2.5 3.5 3.3 2.7 2.8 2.3 2.2 2.9 3.1 3.5 5.4 6 3.5 2.9 2.7 2.3 2.4
缄打
NO2
04/14 3.3 1.8 1.8 2 1.9 1.7 1.8 1.9 2.2 2.1 2.1 2.2 2 2 1.9 2.2 2.5 3.2 3.3 3.1 2.6 2.3 2.4 1.8
缄打
NO2
04/15 2.1 3.2 3.1 2.3 1.9 1.9 2.1 3.2 4.3 3.1 3 2.6 2.6 2.3 2.4 2.6 2.5 2.6 2.3 2.3 2.3 2.3 2 2.1
缄打
NO2
04/16 2 1.3 1.2 1.9 1.9 1.7 2 4.3 4.6 3.1 4.2 3.1 3.4 2.9 2.6 2.8 3.5 6.1 6.3 3.5 3.5 2.8 2.6 1.8
缄打
NO2
04/17 1.3 1 1.4 1.5 1.6 1.5 1.9 3 3.6 3.3 3.3 3.5 3.1 2.7# 2.7 3.3 3.2 4.7 3.9 4.9 4.6 4.4 4.9 4.5
缄打
NO2
04/18 3.8 3 2.5 2.6 3.3 3.4 4.3 5.4 4.6 4.1 3.6 3.6 3.4 2.9 3.1 2.8 3.3 8.4 7.4 10 16 18 8.3 5
缄打
NO2
04/19 -1202050* 2.7 3 2.8 1.4 1.4 4.5 12 13 7.9 9.2 9.3 6.5 3.6 7 9.6 11 7.7 5.8 4.1 7.1 5.3 4.1 3
缄打
NO2
04/20 3.9 3.4 2.7 2.8 3.4 2.9 32 32 13 10 5.5 3.5 3.3 4.7 3 2 4.8 7.3 15 20 9.9 8.4 13 13
缄打
NO2
04/21 3.7 2.7 4.6 1.6 1.6 2.5 16 19 11 9.6 5 6.1 7.6 12 20 27 12 8.8 8.9 8.5 4.4 5.7 3.7 2.4
缄打
NO2
04/22 2.6 8.5 8.3 5.1 4.2 4.9 6.6 8.5 14 7.8# 2# 2.7 1.8 2.3 3.6 6.1 6.8 3.7 3.5 3.7 3.9 8.8 5 3.1
缄打
NO2
04/23 1.5 1.3 1.4 1.5 2 2 5 5.4 10 4.9 5.4 3.4 2.8 2.8 5 5.6 10 7.7 5.1 5 4.5 4.2 4.8 3.5
缄打
NO2
04/24 5.1 6.4 2.1 2.5 2.2 2.7 3.9 2.7 4.4 2.1 3 2.1 2.1# 20# 7.4 2.6 8.7 8.8 5.2 3.5 4.3 3.8 3 2.4
缄打
NO2
04/25 2.1 2.8 2.1 2.1 3.4 4.5 4.3 5.7 7.3 4.5 3.9 5 4.4 3.7 3.7 6.3 6.1 4.1 5.1 5.5 5.2 7.7 5.4 3.6
缄打
NO2
04/26 3.9 2.2 3.2 2.7 4.1 4.8 6.7 5.9 4.8 3.1 3.8 4.4 4.6 3.5 2.3 2.3 2.4 2.8 4 3.4 3.1 3 3.4 3
缄打
NO2
04/27 2.1 1.3 1.5 1.6 1.5 1.7 1.7 2 2.6 3 2.5 1.9 1.8 2 2 1.9 1.7 2 2.1 2.2 1.7 1.5 1.5 1.3
缄打
NO2
04/28 1.1 1.6 1.7 1.5 1.5 1.6 2.9 3.6 4.1 3.9 3.3 3.2 4 2.4 2.1 2.5 2.3 2.8 6.4 4.1 3.6 4.2 4.7 6.9
缄打
NO2
04/29 9.1 6.5 3.1 2.3 2.5 2.6 2.9 6.5 5.7 4.6 4 3.5 3.3 3.7 5 2.8 3.6 4.3 4.2 4.5 5.3 11 13 7
缄打
NO2
04/30 4.2 2.5 1.7 1.6 2.3 2.9 3.2 5.2 5.6 2.6 1.5 2.3 1.6 2.1 4.1 7.4 8.1 6.8 4.7 5 3.9 4 3.6 3.5
缄打
NO2
菏代~るG2019/05A 代浮G皑そA 代兜GNO2]ppb^
缄打
NO2
ら戳 00 01 02 03 04 05 06 07 08 09 10 11 12 13 14 15 16 17 18 19 20 21 22 23
缄打
NO2
05/01 3 1.5 1.5 2 2.2 1.9 2 4.7 4 3.1 3.1 3.2 4 3.5 3.4 3.4 3.2 3.2 3.5 3.5 3.1 2.8 2.2 2.5
缄打
NO2
05/02 2.1 3.7 2.3 2.7 3.2 3.7 3.9 4.1 4.5 4.5 4.5# 4.7 5 4.4 4.6 3.5 3.7 4.9 4.6 4 4.3 4.9 2.7 2.3
缄打
NO2
05/03 2.3 2.1 1.9 1.1 0.9 1.2 1.5 2.4 3.2 2.4 1.8 1.6 1.6 1.4 1.4 1.8 1.8 2 2.5 2 2 1.7 1.2 0.9
缄打
NO2
05/04 0.7 0.7 0.6 1 1.6 1.7 2.2 2.7 2.5 3.6 3 2.8 2.2 2 2.3 2.3 2.3 3.3 3.6 4.1 3 2.5 2.1 2.6
缄打
NO2
05/05 2.2 2.5 3.5 2.6 2.3 3.2 3.9 4.6 4.2 4 3.8 3.8 3.8 3.3 3.3 2.9 3.1 3.4 3.8 3.3 2.5 2.8 2.8 3.6
缄打
NO2
05/06 4.5 2.1 2.2 4.2 2.6 2.4 2 3.7 4.2 3.9 3 3.3 3.6 3.4 3.1 2.8 2.5 2.4 2.2 1.8 2.1 2.3 1.7 1.8
缄打
NO2
05/07 1.5 1.5 1.2 1.1 1 1.1 1.2 1.8 2.2 2 1.8 1.8 1.8 1.6 1.7 1.6 1.6 2.1 2.4 2.2 1.9 1.6 1.6 1.1
缄打
NO2
05/08 1.2 1.3 0.9 0.9 0.8 0.7 1.2 2.6 2.7 1.9 2.2 1.9# 2 2.2 2 2.5 3 3.7 3.7 2.9 2.4 2.4 1.6 1.3
缄打
NO2
05/09 1.2 1.4 1.3 1.1 1.2 1.2 1.5 4 3.4 2.9 3.5 2.8 2.7 3.2 2.8 2.7 3.5 3.8 3.9 2.9 3.2 4.4 2.2 1.6
缄打
NO2
05/10 1.5 1.3 1.6 0.9 0.7 0.9 1.6 2.4 2.7 2.4 2.3 1.6 1.6 1.2 1.5 3.2 2.4 3.6 2.7 3.1 2.1 1.7 1.5 1.2
缄打
NO2
05/11 0.8 1.3 1.1 0.8 0.8 1 1 1.3 2.1 2.4 2.1 2.1 2.3 2.7 1.6 1.9 1.7 1.8 2.7 2.5 2.5 2.6 2.2 2.1
缄打
NO2
05/12 1.8 1.2 1.1 1.8 2.3 2.1 2 1.7 4 2.4 2.7 2.1 1.6 1.6 1.8 1.3 1.4 2.2 2.8 2.6 3.8 7.2 2.5 1.7
缄打
NO2
05/13 1.2 0.8 0.8 1.1 1.2 1.9 2.5 3.5 2.7 2.6 1.9 1.3 1.2 1.4 1.2 1.6 3 5.3 3.4 7.3 14 12 5.5 2.4
缄打
NO2
05/14 3 2.2 2.3 2.4 4.6 4 5.7 4.1 6.3 3.4 2.2 2.8 1.3 1 2.8 3.6 4 9 5.2 6.2 5.9 6 3 2.1
缄打
NO2
05/15 4.3 2.8 2.3 3.7 3 3.3 5.1 4 5.9 7.2 5.4# 6.1 6.7 4 2.8 7.9 5.5 6.7 7.4 5.4 6 5.5 2.8 2.6
缄打
NO2
05/16 4.2 2.2 2.3 2.9 2 8.3 5.3 5.4 5.5 5.9 5.9 5.1 1.8 1.3 3 3.4 4.5 5 6.6 5.2 5.7 6.5 3.3 2.5
缄打
NO2
05/17 1.8 1.3 1.3 1.5 1.3 1.4 3 5.3 8 6.7 5.2 6.7 3.6 2.8 4.1 5.9 6.5 6.8 4.5 5.4 3.8 3.2 1.8 1.4
缄打
NO2
05/18 1.5 1.2 1.3 1.2 1.3 2.2 3.2 4.1 5.6 3.6 1.4 1.9 1.7 2 3.3 6 5.6 5.7 4.9 3.4 3.7 4.7 4.6 2
缄打
NO2
05/19 1.9 8.2 5.3 1.6 1.6 2.1 7.6 4.1 5.9 4.2 4.5 4.5 3.8 2.1 4.1 9.3 5.8 4.2 3 3.8 4.5 3.6 2.7 1.7
缄打
NO2
05/20 1.3 1.1 0.8 1.1 1.3 1.7 2.2 4.9 6.4 5 2.3 3.7 2.9 2.6 3.8 4.5 5.6 5.1 3.7 2.8 2.8 3.1 2.4 1.6
缄打
NO2
05/21 1.6 1.3 1.3 1.1 1.1 1.2 1.5 2.6 3 2.9 2.6 2.8 2.5 2.5 2.7 2.7 2.8 4 5 3.7 3.9 3.4 2.6 1.8
缄打
NO2
05/22 1.9 1.8 1.4 1.1 1.6 2.1 2.7 4.3 4.3 4.1 2.4 2.4 3.1 2.8 3 2.6 3.1 3.5 4.3 3 3.3 2.9 2.4 1.7
缄打
NO2
05/23 1.5 1.6 1.6 1.5 1.8 2.2 2.4 3.4 3 3.1 2.9 2.5 2.9 2.5 2.6 2.9 4.3 4.7 4.1 4 4.1 6.7 4.3 3.1
缄打
NO2
05/24 2.6 1.5 1.8 1.6 1.3 1.6 1.9 5.5 4.4 3.8 3.6 2.1 2.8 2 1.9 2.8 3.5 4.4 4.1 3.9 4 2.6 2.9 2.4
缄打
NO2
05/25 2.1 1.8 1.7 1.5 1.6 1.8 2.9 2.5 3 2.2 2.3 2.4 2.1 1.4 1.4 1.5 2.2 3.6 5.4 4.2 4 4.5 4.5 3.2
缄打
NO2
05/26 2.2 2.8 2.4 2.4 3.5 2.9 5 5.3 7.1 9.4 7.1 7.2 4.6 4.8 4.7 4.9 5.9 8.3 8.2 7.6 7.7 6 3 2.5
缄打
NO2
05/27 2.7 1.6 1.2 1.1 1.3 1.8 2.8 8 11 6 6.7 4.5 2.7 2.5 3.2 6.4 6.2 5.9 6.9 7.1 7.5 8.5 3.6 2.9
缄打
NO2
05/28 2.2 1.8 1.7 2.3 5.7 6.6 6.6 7.7 12 3.9 1.9 1.8 1.4 2.5 2.1 1.8 1.6 2.7 2.6 2.3 2.4 1.6 1.3 1.2
缄打
NO2
05/29 1 0.5 0.7 0.7 0.9 1.1 1.1 1.5 1.8 1.7 1.6 1.4 1 0.9 0.7 0.8 1.2 1.6 1.7 1.3 1.3 1.4 1.2 0.7
缄打
NO2
05/30 0.8 1.2 0.9 0.7 0.8 1 1.2 1.8 2.5 1.9 1.6 1.9 2.2 1.8 2.2 2.7 3.3 3 4 3.8 3.5 6.1 2.4 2.2
