缄打
O3
01/01 42 42 43 43 44 44 44 43 43 43 44 45 46 46 47 46 46 46 45 45 46 46 46 46
缄打
O3
01/02 46 46 46 47 47 46 45 43 43 43 44 42 42 37 34 35 35 31 31 27 26 28 26 26
缄打
O3
01/03 27 28 27 26 26 28 27 26 22 23 25 29 29 27 28 28 27 26 25 26 27 24 26 26
缄打
O3
01/04 25 22 19 17 17 16 16 17 17 17 18 20 20 21 20 20 19 18 20 22 23 21 24 25
缄打
O3
01/05 23 21 21 20 18 19 20 22 23 21 23 27 21 22 19 14 16 17 14 13 13 13 13 11
缄打
O3
01/06 9.8 8.3 7.6 7.8 8.7 8.6 8 12 14 14 17 19 23 28 29 29 28 26 25 25 26 26 27 28
缄打
O3
01/07 26 25 27 27 28 24 23 22 22 22 24 25 23 23 24 25 25 23 22 23 23 20 22 22
缄打
O3
01/08 20 18 17 17 18 16 17 18 18 21 26 29 30 31 34 34 34 30 30 30 29 27 27 29
缄打
O3
01/09 29 28 29 28 28 28 27 27 28 32 37# 42# 43 45 44 33 33 31 29 28 28 27 25 25
缄打
O3
01/10 23 20 19 19 18 17 16 17 17 17 17 18 20 21 23 22 23 24 23 24 23 19 21 18
缄打
O3
01/11 15 12 9.7 9.6 9.4 7 7.2 6.5 5.9 6.1 7.3 10 15 16 14 17 18 18 16 16 17 12 12 12
缄打
O3
01/12 11 9.4 8.2 8.9 8.5 5.5 8.6 11 10 10 14 17 21 22 26 27 24 19 16 15 14 13 13 13
缄打
O3
01/13 14 14 16 16 16 16 16 17 16 18 20 23 27 27 26 26 27 27 24 23 22 20 20 22
缄打
O3
01/14 24 25 27 29 29 31 30 31 31 31 33 33 33 34 37 35 34 32 31 30 30 27 27 25
缄打
O3
01/15 23 21 20 20 19 20 20 19 19 20 23 26 28 30 32 30 28 28 28 29 32 31 34 34
缄打
O3
01/16 36 35 36 38 40 44 45 41 39 38 39 42 47 48 41 34 31 31 33 31 30 32 32 31
缄打
O3
01/17 31 31 31 32 31 30 30 29 29 29 31 34 40 42 39 39 38 36 35 36 38 40 41 41
缄打
O3
01/18 40 37 38 38 37 36 35 33 34 36 37 39 41 44 45 48 50 48 46 46 45 42 40 39
缄打
O3
01/19 36 31 30 28 28 28 27 30 30 31 33 35 34 34 35 36 36 35 35 37 32 27 24 24
缄打
O3
01/20 29 27 29 28 26 21 24 26 27 29 31 33 35 32 34 34 32 31 31 29 28 29 35 40
缄打
O3
01/21 40 41 44 43 43 41 38 37 35 34 33 32 33 34 33 34 33 31 31 31 31 31 31 31
缄打
O3
01/22 31 30 31 31 30 31 31 32 32 33 32 32 35 39 45 44 44 44 43 41 39 40 42 42
缄打
O3
01/23 41 40 42 41 39 42 43 43 41 46 42# 61 65 58 52 54 57 59 57 54 50 47 46 44
缄打
O3
01/24 45 45 46 48 47 50 48 46 45 56 51 50 50 52 54 55 58 54 52 51 49 46 46 46
缄打
O3
01/25 46 46 46 45 46 48 46 46 44 45 47 49 50 53 57 60 63 58 57 53 50 48 45 42
缄打
O3
01/26 45 46 47 49 48 53 50 43 43 41 41 42 45 48 50 52 50 46 41 38 36 36 36 35
缄打
O3
01/27 34 34 33 34 34 34 32 30 30 30 31 33 35 36 37 37 38 37 34 32 31 30 29 30
缄打
O3
01/28 29 28 28 28 28 28 27 26 25 26 28 30 31 32 36 33 33 32 32 33 31 26 31 29
缄打
O3
01/29 25 25 24 24 24 27 28 29 28 31 32 36# 37 37 40 40 38 37 37 38 38 35 34 32
缄打
O3
01/30 30 26 25 24 23 23 25 28 28 31 39 45 45 47 44 42 32 31 31 32 33 30 28 23
缄打
O3
01/31 22 22 22 21 19 26 22 16 20 29 31 44 53 57 59 59 42 36 34 35 31 32 32 34
缄打
O3
菏代~るG2019/02A 代浮G皑そA 代兜GO3]ppb^
缄打
O3
ら戳 00 01 02 03 04 05 06 07 08 09 10 11 12 13 14 15 16 17 18 19 20 21 22 23
缄打
O3
02/01 36 36 36 36 36 36 34 33 32 33 34 36 38 39 39 38 37 35 35 34 34 34 33 32
缄打
O3
02/02 31 29 30 28 26 25 26 26 26 27 29 30 29 33 48 49 31 32 31 32 31 29 31 30
缄打
O3
02/03 27 22 22 20 18 17 14 16 19 21 21 19 14 18 26 35 27 25 24 21 8.2 11 14 17
缄打
O3
02/04 16 16 16 16 16 17 17 18 18 19 20 24 28 31 32 31 29 27 24 25 25 25 27 27
缄打
O3
02/05 26 26 28 29 28 26 26 26 26 27 28 28 28 39 41 29 28 25 27 31 29 25 25 22
缄打
O3
02/06 22 19 19 19 22 23 25 27 26 27 29 31 41 46 51 50 36 35 35 39 35 27 24 23
缄打
O3
02/07 17 13 17 20 23 27 26 26 25 26 18# 22 27 36 47 42 24 20 20 22 20 18 16 16
缄打
O3
02/08 21 22 22 23 22 22 22 24 24 26 28 28 29 28 29 28 29 28 26 26 25 23 25 25
缄打
O3
02/09 24 21 18 18 18 19 20 23 23 23 22 23 25 25 25 26 26 26 26 27 26 26 27 26
缄打
O3
02/10 27 27 27 28 28 29 27 26 25 26 26 27 28 28 29 28 27 27 26 26 24 25 25 25
缄打
O3
02/11 24 24 25 24 25 24 25 24 25 25 25 27 28 30 29 29 29 29 28 27 26 26 26 25
缄打
O3
02/12 25 26 25 26 25 25 23 22 21 20 21 22 24 25 24 25 22 23 23 23 23 22 21 21
缄打
O3
02/13 18 15 16 18 19 20 19 19 20 25 31 31 36 27 27 27 29 27 25 26 26 25 25 25
缄打
O3
02/14 24 23 23 22 22 23 23 23 22 22 25 27 27 28 31 31 33 32 30 30 31 30 30 30
缄打
O3
02/15 29 27 27 26 26 26 24 25 23 24 25 26 29 45 37 32 27 27 23 24 22 17 15 16
缄打
O3
02/16 14 14 17 22 23 23 22 23 22 23 25 25 27 28 30 31 29 29 28 29 29 30 30 28
缄打
O3
02/17 27 28 27 28 28 28 27 27 27 28 29 29 29 31 31 31 30 31 28 27 26 26 25 24
缄打
O3
02/18 24 26 28 26 21 23 22 24 23 23 24 25 26 28 29 29 28 27 25 26 24 24 22 23
缄打
O3
02/19 27 23 22 22 21 17 15 7.8 5.8 12 16 25 28 39 42 42 29 27 27 30 27 26 28 26
缄打
O3
02/20 22 18 18 19 17 13 16 17 17 16 20# 20 28 25 24 28 30 31 30 25 21 19 19 20
缄打
O3
02/21 19 15 13 13 13 14 14 14 14 16 25 26 31 33 25 29 26 25 24 22 21 21 23 24
缄打
O3
02/22 26 27 28 27 26 26 25 26 24 25 26 26 28 32 31 32 32 32 32 32 31 32 33 33
缄打
O3
02/23 34 36 36 36 34 31 28 28 28 29 32 34 36 37 36 34 32 31 34 35 33 31 31 29
缄打
O3
02/24 28 30 31 33 32 33 30 32 32 31 32 30 31 33 33 32 30 30 30 33 35 34 35 35
缄打
O3
02/25 34 34 34 34 34 33 32 32 31 31 31 34 38 39 40 40 39 38 38 38 35 34 34 34
缄打
O3
02/26 35 35 36 34 34 34 33 32 30 36 37 44 39 37 39 37 37 37 35 37 36 35 35 35
缄打
O3
02/27 35 35 36 36 37 39 39 40 38 39 42 43 44 56 56 55 37 33 31 34 31 21 18 28
缄打
O3
02/28 26 24 26 29 29 29 29 31 30 31 31 31 30 32 34 34 34 33 34 32 31 33 34 32
缄打
O3
菏代~るG2019/03A 代浮G皑そA 代兜GO3]ppb^
缄打
O3
ら戳 00 01 02 03 04 05 06 07 08 09 10 11 12 13 14 15 16 17 18 19 20 21 22 23
缄打
O3
03/01 31 31 31 30 31 29 28 28 26 27 30 32 32 32 32 33 34 34 33 33 32 31 32 31
缄打
O3
03/02 29 29 26 26 27 28 27 27 25 28 31 34 39 40 50 37 36 35 33 31 29 28 29 28
缄打
O3
03/03 26 23 23 24 20 12 12 16 22 25 29 35 31 28 29 27 24 20 16 15 23 25 26 26
缄打
O3
03/04 25 25 26 28 30 30 30 31 30 31 33 34 36 37 39 42 43 43 43 43 40 37 36 35
缄打
O3
03/05 35 35 36 37 37 37 34 30 24 29 35 40 55 43 44 33 27 37 41 34 34 33 35 34
缄打
O3
03/06 34 30 30 30 29 28 27 25 26 33 36 34# 59# 69 43 38 35 35 35 36 38 36 36 34
缄打
O3
03/07 33 35 36 41 43 43 42 43 44 43 42 41 45 45 46 51 53 58 56 55 52 50 51 53
缄打
O3
03/08 53 53 51 51 50 44 43 42 40 40 40 39 38 38 37 37 37 36 36 37 38 37 37 36
缄打
O3
03/09 36 35 35 35 35 32 33 34 33 32 30 32 31 32 28 28 28 30 29 27 23 19 17 17
缄打
O3
03/10 23 29 27 25 23 23 24 27 18 27 33 31 30 28 26 28 27 27 27 28 27 26 27 28
缄打
O3
03/11 27 26 27 29 34 38 41 46 45 42 40 40 41 40 40 42 42 43 43 44 41 37 37 37
缄打
O3
03/12 35 33 36 41 43 46 43 46 49 52 56 57 59 75 84 81 58 57 55 54 53 50 49 43
缄打
O3
03/13 36 36 45 42 40 39 30 32 35 39 48 52 60 67 68 65# 63 49 50 52 49 46 48 47
缄打
O3
03/14 45 43 40 41 37 37 37 37 41 41 47# 41# 45 53 61 56 49 44 44 45 46 44 44 44
缄打
O3
03/15 43 42 42 42 41 41 40 41 42 51 55 51 46 49 49 52 52 50 50 53 50 44 42 43
缄打
O3
03/16 46 46 46 47 45 45 46 47 47 47 49 52 53 51 53 52 50 45 45 46 45 43 45 46
缄打
O3
03/17 46 44 42 41 43 42 42 45 45 46 47 49 50 49 49 49 49 48 46 46 45 43 43 42
缄打
O3
03/18 41 37 35 36 35 35 34 34 37 37 38 39 37 42 55 51 35 34 35 37 32 30 26 23
缄打
O3
03/19 20 20 24 24 27 28 25 31 34 38 42 43 45 59 63 54 41 39 39 41 43 37 37 37
缄打
O3
03/20 35 30 31 30 29 26 22 28 32 34 42# 36 32 34 40 45 25 13 13 14 13 8.9 9.2 8.2
缄打
O3
03/21 7.2 6.4 8.4 6.2 5.6 6.7 4 7 12 12# 10 11 13 19 15 17 10 11 11 13 13 12 12 13
缄打
O3
03/22 10 8.4 8.5 9.1 9 11 21 24 24 24 26 33 36 36 37 35 32 34 34 33 31 31 32 32
缄打
O3
03/23 32 32 32 33 33 31 34 33 33 34 35 35 36 36 38 37 37 36 37 37 39 39 38 42
缄打
O3
03/24 42 43 43 42 42 42 42 42 41 40 41 42 41 39 41 41 40 40 40 42 41 40 41 42
缄打
O3
03/25 41 38 39 39 39 37 36 37 37 36 35 39 37 31 33 35 37 36 32 32 28 28 32 31
缄打
O3
03/26 32 31 34 35 36 33 33 35 35 36 40 43 43 42 49 45 45 42 41 43 43 43 44 44
缄打
O3
03/27 45 43 42 39 40 40 37 38 38 40 44 51 52 56 56 58 41 39 41 46 45 38 39 36
缄打
O3
03/28 30 29 28 23 12 34 30 28 28 29 29 22 36 46 27 19 17 15 19 21 22 23 22 20
缄打
O3
03/29 17 15 17 19 19 19 17 16 17 20 22 25 19 25 33 34 23 21 22 25 24 34 35 33
缄打
O3
03/30 33 29 28 24 27 33 32 34 31 34 36 37 39 43 39 40 43 43 41 41 42 38 38 36
缄打
O3
03/31 36 37 37 36 37 42 43 45 45 44 44 54 56 53 52 51 48 46 46 45 45 44 43 44
缄打
O3
菏代~るG2019/04A 代浮G皑そA 代兜GO3]ppb^
缄打
O3
ら戳 00 01 02 03 04 05 06 07 08 09 10 11 12 13 14 15 16 17 18 19 20 21 22 23
缄打
O3
04/01 44 44 41 41 42 41 41 42 43 41 43 43 44 43 43 44 42 42 42 43 45 45 46 47
缄打
O3
04/02 48 46 47 46 44 42 41 41 42 44 53 55 55 67# 71 72 72 69 66 64 62 61 61 59
缄打
O3
04/03 58 57 56 56 55 54 52 52 51 53 54 55 58 60 61 61 61 61 60 61 62 62 63 63
缄打
O3
04/04 63 64 63 61 60 59 57 56 54 53 55 57 60 63 64 64 62 62 61 61 60 58 58 59
缄打
O3
04/05 58 57 55 54 55 53 51 51 52 53 58 61 66 67 68 74 72 71 61 56 52 51 55 57
缄打
O3
04/06 61 62 59 54 50 47 47 50 54 60 63 63 63 65 72 72 69 67 65 67 62 62 64 67
缄打
O3
04/07 69 69 67 66 66 63 61 70 75 78 78 79 83 90 99 99 95 93 94 92 91 90 87 84
缄打
O3
04/08 85 81 77 72 66 64 53 52 56 53 49 47 41 41 39 35 34 32 32 30 29 27 22 22
缄打
O3
04/09 21 30 29 26 37 40 35 31 37 37 39 38 34 39 40 41 42 51 46 42 43 44 41 38
缄打
O3
04/10 37 36 35 35 34 33 31 31 29 31 29 28 27 26 27 28 29 28 28 31 31 38 37 38
缄打
O3
04/11 38 40 35 34 38 44 44 43 35 39 49 48 46 49 58 55 51 48 46 46 48 49 50 50
缄打
O3
04/12 51 52 53 52 53 52 51 51 52 55 60 62 63 65 67 68 69 69 68 66 66 65 63 61
缄打
O3
04/13 58 55 55 59 61 61 61 61 61 62 63 63 64 65 62 63 62 60 58 58 57 56 55 52
缄打
O3
04/14 50 52 52 51 50 49 49 51 51 53 55 56 57 60 61 65 64 64 60 59 59 62 59 56
缄打
O3
04/15 68 78 73 74 74 70 73 72 70 73 74 71 69 67 69 70 69 68 70 68 66 66 65 65
缄打
O3
04/16 66 67 65 63 64 64 64 61 60 60 59 60 60 62 63 64 63 60 59 62 61 62 61 64
缄打
O3
04/17 67 65 60 56 57 57 55 50 47 52 60 66 68 70 77# 76 65 69 70 71 76 80 77 83
缄打
O3
04/18 83 84 85 87 85 77 67 63 63 68 71 70 71 74 75 77 79 78 81 74 64 57 64 65
缄打
O3
04/19 65 64 65 66 62 57 54 44 44 60 63 65 66 66 62 57 56 59 61 62 58 61 63 64
缄打
O3
04/20 59 58 57 54 55 52 25 30 41 49 54 55 56 58 59 58 56 59 51 41 45 43 39 36
缄打
O3
04/21 57 56 48 51 49 46 34 28 40 38 38 42 46 49 40 31 41 50 47 32 35 33 34 32
缄打
O3
04/22 33 27 24 24 23 22 20 20 15 19# 23 22 24 24 22 20 20 23 24 25 25 21 22 23
缄打
O3
04/23 23 21 20 20 22 27 38 40 28 29 33 33 36 37 34 32 25 25 26 28 28 27 26 26
缄打
O3
04/24 25 23 26 21 18 16 15 18 19 23 25 27 28# 14 23 24 21 21 23 24 24 24 22 19
缄打
O3
04/25 20 20 21 20 19 19 20 20 20 25 28 26 25 24 25 23 22 22 22 22 24 20 22 24
缄打
O3
04/26 23 24 23 24 21 21 19 21 23 26 27 39 48 68 70 69 65 69 72 75 73 67 63 61
缄打
O3
04/27 60 61 63 61 62 65 71 70 68 67 68 68 71 72 70 69 65 62 60 59 58 58 57 57
缄打
O3
04/28 57 56 56 56 56 56 53 52 52 53 56 59 59 61 62 60 61 63 58 60 64 60 56 50
缄打
O3
04/29 43 44 50 49 44 51 51 47 47 50 54 56 55 45 58 51 44 40 34 32 32 34 33 32
缄打
O3
04/30 41 39 40 34 31 22 23 24 26 30 33 38 41 41 40 36 28 25 27 26 27 25 22 21
缄打
O3
菏代~るG2019/05A 代浮G皑そA 代兜GO3]ppb^
缄打
O3
ら戳 00 01 02 03 04 05 06 07 08 09 10 11 12 13 14 15 16 17 18 19 20 21 22 23
缄打
O3
05/01 21 21 22 21 26 29 32 40 47 50 52 50 48 54 57 59 60 58 57 56 56 57 56 55
缄打
O3
05/02 59 58 69 74 74 77 81 83 81 80 78# 76 75 73 73 76 74 72 74 76 73 72 75 75
缄打
O3
05/03 72 70 73 76 75 74 71 71 71 73 72 71 70 71 73 76 75 74 73 73 69 70 69 67
缄打
O3
05/04 68 67 67 66 67 66 65 66 66 69 72 77 79 80 83 86 87 89 91 88 84 81 79 71
缄打
O3
05/05 67 64 59 68 65 54 53 51 55 58 62 63 64 69 69 71 67 70 69 69 64 59 60 54
缄打
O3
05/06 51 55 56 48 51 50 50 48 48 49 52 51 53 58 59 58 63 65 63 62 61 59 58 59
缄打
O3
05/07 60 63 62 62 63 64 65 63 63 63 63 63 63 62 62 63 63 62 62 62 64 64 64 64
缄打
O3
05/08 63 63 62 61 61 60 60 61 60 58 58 59 60 61 63 63 63 61 60 59 59 57 59 61
缄打
O3
05/09 59 57 58 57 58 59 57 54 55 56 56# 57 58 59 61# 61 60 57 60 58 56 52 53 53
缄打
O3
05/10 55 55 57 57 57 55 55 56 58 60 62 61 60 62 62 66 63 65 72 72 71 69 66 66
缄打
O3
05/11 65 62 62 62 61 60 59 58 58 59 64 68 70 65 62 63 62 64 62 59 61 59 58 51
缄打
O3
05/12 48 46 48 49 48 53 52 53 50 52 53 54 57 58 61 60 57 53 54 52 49 43 47 46
缄打
O3
05/13 46 45 40 38 39 38 36 37 42 46 52 57 57 60 59 57 57 55 55 49 42 43 48 52
缄打
O3
05/14 50 48 48 46 42 43 40 39 37 38 38 36 36 36 34 34 29 21 26 25 23 20 23 23
缄打
O3
05/15 20 20 20 19 21 22 20 21 21 22 18# 27 26 30 28 26 31 26 24 22 18 18 20 20
缄打
O3
05/16 19 20 19 20 20 9.3 14 14 14 15 16 19 23 23 22 22 23 23 19 20 17 13 15 16
缄打
O3
05/17 15 16 15 15 17 18 17 15 13 15 18 20 24 24 21 18 16 15 18 16 18 17 18 18
缄打
O3
05/18 17 17 16 15 15 15 14 14 14 20 23 23 25 22 21 17 13 13 14 15 15 13 14 16
缄打
O3
05/19 17 13 14 18 18 19 13 17 18 20 20 20 19 19 17 14 16 17 16 14 15 15 16 17
缄打
O3
05/20 17 18 20 21 21 22 22 20 20 24 29 28 28 43 58 63 57 59 56 59 58 61 66 67
缄打
O3
05/21 68 69 71 72 71 70 69 69 71 80 82 80 78 80 86 86 87 87 84 81 76 76 75 75
缄打
O3
05/22 73 73 79 76 72 70 68 66 67 68 72 72 70 73 72 76 74 75 77 81 77 76 78 78
缄打
O3
05/23 78 78 78 72 70 66 66 65 69 69 69 71 71 73 72 75 73 72 73 73 77 82 87 86
缄打
O3
05/24 80 70 67 67 68 62 57 52 54 57 61 64 66 67 70 71 74 66 65 67 66 66 67 72
缄打
O3
05/25 72 71 70 65 59 55 51 50 48 50 50 49 53 52 52 53 53 49 48 47 47 46 48 48
缄打
O3
05/26 48 45 44 42 35 37 42 42 41 42 51 57 60 56 56 58 58 58 61 63 61 52 35 32
缄打
O3
05/27 32 34 36 36 35 33 34 31 23 30 29 33 35 31 31 30 32 29 28 26 24 24 27 24
缄打
O3
05/28 23 22 21 19 18 18 18 16 12 20 31 31 36 48 47 47 42 46 57 59 58 59 58 59
缄打
O3
05/29 58 59 59 59 58 58 58 57 57 58 59 59 60 63 62 60 63 63 64 62 63 63 65 68
缄打
O3
05/30 68 67 69 68 68 67 66 65 64 64 64 60 58 60 58 59 59 57 55 59 59 53 54 54
缄打