s_
PM10
01/01 14 9 10 9 7 8 7 9 9 10 6 11 9 6 13 14 10 11 8 11 8 6 8 8
s_
PM10
01/02 7 6 6 5 6 13 8 9 15 13 11 15 11 14 18 15 14 13 14 12 14 9 10 12
s_
PM10
01/03 11 12 9 8 9 9 10 12 12 14 12 11 10 10 13 15 14 13 15 6 12 8 8 10
s_
PM10
01/04 6 9 9 6 11 8 6 5 7 14 12 1000# 0# 47 39 32 18 20 18 18 32 38 22 20
s_
PM10
01/05 25 24 19 16 19 19 28 23 16 21 26 26 25 16 15 26 30 21 25 29 25 21 14 11
s_
PM10
01/06 7 10 13 8 12 10 11 8 6 6 12 11 12 14 13 14 15 23 28 24 24 14 20 17
s_
PM10
01/07 12 10 12 10 9 19 10 14 15 15 16 20 12 19 20 23 26 35 25 24 24 21 28 25
s_
PM10
01/08 56 44 37 25 10 15 17 12 16 15 14 11 19 15 20 17 21 22 21 13 13 8 7 10
s_
PM10
01/09 8 8 7 10 11 15 11 18 12 24 17 35 19 17 1000# 21 20 21 25 25 23 20 21 14
s_
PM10
01/10 15 8 8 9 9 9 7 10 17 20 30 37 38 1000# 29 25 22 22 33 53 37 49 58 46
s_
PM10
01/11 46 19 21 47 37 33 35 38 23 21 54 28 22 12 18 16 14 11 14 12 22 35 36 26
s_
PM10
01/12 19 16 24 25 23 27 22 25 19 22 29 39 12 15 23 24 22 29 29 29 27 25 26 26
s_
PM10
01/13 19 17 14 14 11 18 12 23 26 23 25 24 21 21 33 21 17 20 24 17 17 25 21 18
s_
PM10
01/14 23 18 22 17 20 26 26 31 41 34 1000# 42 39 33 36 32 32 32 36 34 28 28 28 23
s_
PM10
01/15 31 20 22 15 20 22 24 26 36 38 37 40 27 29 36 35 16 18 22 18 26 29 26 18
s_
PM10
01/16 14 13 17 14 18 15 9 10 12 20 15 18 17 15 21 21 20 22 11 10 9 11 8 6
s_
PM10
01/17 6 6 5 5 7 11 14 19 23 30 25 29 35 35 40 42 65 60 50 52 53 57 49 53
s_
PM10
01/18 50 48 51 41 48 47 45 50 51 53 50 49 39 43 35 39 35 39 37 34 34 35 32 34
s_
PM10
01/19 34 30 26 28 27 53 69 73 80 79 67 80 65 46 56 60 60 71 85 74 65 50 47 29
s_
PM10
01/20 22 53 50 45 49 51 50 45 49 46 33 54 55 72 96 89 87 97 80 60 62 50 48 40
s_
PM10
01/21 39 42 42 31 29 31 27 26 29 23 22 30 26 25 28 21 24 18 27 29 24 24 19 19
s_
PM10
01/22 20 26 26 26 31 30 36 43 44 50 53 54 62 68 57 64 62 54 53 57 56 52 50 50
s_
PM10
01/23 58 49 51 52 52 53 60 65 64 64 61 69 70 72 1000# 72 72 70 67 62 69 64 62 61
s_
PM10
01/24 59 62 60 60 56 58 60 61 65 59 54 52 54 54# 1000# 49 55 51 56 52 59 54 49 57
s_
PM10
01/25 64 58 55 47 48 49 51 56 59 58 50 59 53 54 50 53 56 49 53 48 44 49 51 56
s_
PM10
01/26 46 46 46 38 29 39 38 42 42 61 57 55 67 68 54 47 43 41 39 34 29 28 27 25
s_
PM10
01/27 30 25 24 27 26 28 30 29 29 29 28 28 21 23 22 31 30 26 32 27 27 20 24 26
s_
PM10
01/28 25 16 20 24 21 21 21 25 24 34 31 35 29 33 34 31 37 34 22 25 26 21 22 19
s_
PM10
01/29 29 21 20 17 19 24 23 25 29 31 31 25 21 28 31 30 28 27 27 26 20 21 22 24
s_
PM10
01/30 20 25 23 15 18 22 18 24 35 35 53 56 77 71 1000# 61 73 82 83 88 80 60 50 48
s_
PM10
01/31 44 40 35 25 20 18 18 25 52 49 53 57 53 46 33 32 51 53 48 34 28 34 29 23
s_
PM10
菏代~るG2019/02A 代浮GLfA 代兜GPM10]gg/m3^
s_
PM10
ら戳 00 01 02 03 04 05 06 07 08 09 10 11 12 13 14 15 16 17 18 19 20 21 22 23
s_
PM10
02/01 22 29 22 27 24 23 26 33 30 36 37 37 40 37 42 40 43 47 51 47 40 40 39 37
s_
PM10
02/02 33 30 25 21 15 16 15 22 29 24 15 21 46 54 61 68 71 74 66 70 63 45 40 83
s_
PM10
02/03 41 65 73 68 55 53 50 34 30 42 57 53 52 57 52 55 57 62 60 62 58 75 74 81
s_
PM10
02/04 66 68 72 42 26 15 14 14 14 12 23 30 31 36 30 28 32 36 34 38 45 38 42 43
s_
PM10
02/05 32 34 23 17 15 22 25 30 45 48 40 77 74 84 74 60 44 40 46 46 41 57 53 47
s_
PM10
02/06 54 65 50 47 65 64 60 53 57 53 43 36 47 26 32 45 48 56 57 64 62 70 68 58
s_
PM10
02/07 59 63 70 58 48 53 60 67 70 66 42 29 1000# 16 55 51 55 58 55 51 44 32 31 22
s_
PM10
02/08 31 20 21 19 23 27 33 35 29 11 11 20 18 18 34 73 94 66 50 27 16 24 18 21
s_
PM10
02/09 18 21 22 19 21 19 15 18 15 15 16 7 6 7 12 11 7 11 9 9 6 7 6 4
s_
PM10
02/10 5 7 8 7 9 6 10 11 6 9 13 14 15 16 17 17 20 19 16 11 13 13 13 19
s_
PM10
02/11 14 9 11 8 4 5 8 7 11 12 21 11 15 1000# 1000# 17 13 18 10 11 7 10 11 12
s_
PM10
02/12 15 8 7 4 5 7 6 8 7 11 14 12 11 11 14 16 23 19 11 10 7 8 14 23
s_
PM10
02/13 25 9 11 10 11 14 18 14 15 16 14 20 10 9 17 20 22 23 21 20 18 17 17 24
s_
PM10
02/14 13 17 17 18 11 7 11 13 14 14 22 23 22 16 18 21 18 18 20 19 25 26 28 29
s_
PM10
02/15 24 22 19 13 15 11 13 13 15 25 32 42 42 44 47 44 54 45 45 63 62 67 57 47
s_
PM10
02/16 32 23 26 20 15 15 11 13 10 22 21 22 21 13 17 13 12 14 14 16 12 9 9 8
s_
PM10
02/17 8 7 6 4 5 6 10 10 10 9 14 13 13 12 10 9 10 13 11 7 6 11 10 8
s_
PM10
02/18 5 9 6 6 7 7 6 14 11 21 19 30 26 13 8 7 11 21 15 14 13 12 18 47
s_
PM10
02/19 43 10 10 14 12 15 13 18 33 27 31 28 46 31 34 40 34 29 51 51 46 48 40 32
s_
PM10
02/20 41 34 27 25 30 31 49 46 48 48 53 53 40 43 42 41 40 57 29 22 17 19 46 26
s_
PM10
02/21 16 16 14 9 7 12 8 21 23 28 31 36 35 29 40 42 38 32 15 9 7 17 26 22
s_
PM10
02/22 24 16 10 8 7 11 7 8 10 8 9 13 9 1000* 11A 9 8 6 8 9 19 12 20 20
s_
PM10
02/23 21 23 17 22 22 20 28 38 40 41 36 38 32 31 35 29 36 31 28 33 13 18 18 15
s_
PM10
02/24 24 13 11 11 12 11 8 9 14 14 11 8 11 12 9 10 9 11 17 18 14 17 17 13
s_
PM10
02/25 17 30 32 25 20 18 21 30 20 21 1000# 26 21 30 40 49 46 32 37 30 19 27 27 24
s_
PM10
02/26 31 21 24 19 29 31 32 35 37 32 33 31 36 37 41 39 37 36 28 30 36 41 46 51
s_
PM10
02/27 53 49 59 57 58 45 36 40 52 50 51 50 72 60 53 54 68 67 45 47 47 51 51 65
s_
PM10
02/28 59 40 38 17 21 25 26 28 38 36 24 24 19 10 20 27 29 33 29 29 19 21 27 24
s_
PM10
菏代~るG2019/03A 代浮GLfA 代兜GPM10]gg/m3^
s_
PM10
ら戳 00 01 02 03 04 05 06 07 08 09 10 11 12 13 14 15 16 17 18 19 20 21 22 23
s_
PM10
03/01 24 27 28 24 27 21 24 32 23 21 26 25 23 24 38 40 41 48 37 33 28 32 28 16
s_
PM10
03/02 32 35 33 32 36 46 44 42 58 42 44 90 105 99 98 63 70 70 85 87 85 78 98 96
s_
PM10
03/03 100 107 80 101 127 78 57 43 58 95 21 11 11 9 17 18 16 19 15 19 22 23 21 21
s_
PM10
03/04 23 20 21 17 19 19 17 24 24 30 32 32 32 36 35 38 40 39 32 38 31 37 41 45
s_
PM10
03/05 46 48 44 51 55 57 54 44 37 36 33 19 18 19 22 42 68 36 21 14 19 10 9 5
s_
PM10
03/06 19 15 13 11 17 13 25 22 24 24 11 17 17 16 16 25 26 30 26 24 22 23 15 16
s_
PM10
03/07 9 17 18 14 13 20 18 23 32 40 62 66 60 1000# 91 99 77 62 51 60 42 33 35 45
s_
PM10
03/08 52 40 32 22 13 14 14 13 17 14 21 23 13 9 19 11 18 17 17 14 10 11 6 4
s_
PM10
03/09 7 10 14 17 19 11 10 13 12 9 11 14 10 12 15 14 10 7 18 18 12 14 14 13
s_
PM10
03/10 9 7 9 8 9 14 13 13 10 13 13 14 13 6 4 15 23 15 22 28 27 36 46 51
s_
PM10
03/11 65 74 71 70 57 54 45 51 51 51 49 41 36 35 45 43 47 48 45 48 43 51 50 46
s_
PM10
03/12 45 47 44 48 45 48 50 54 62 65 55 54 55 48 48 41 41 52 52 54 51 51 54 52
s_
PM10
03/13 46 47 51 43 39 48 46 49 52 58 48 48 44 49 57 63 33 38 39 25 29 31 42 33
s_
PM10
03/14 41 39 45 43 35 36 38 46 47 61 80 80 81 66 60 63 59 40 46 43 40 29 23 22
s_
PM10
03/15 22 15 8 9 14 14 14 17 22 28 1000# 21 28 36 40 40 42 46 39 38 45 38 36 30
s_
PM10
03/16 42 34 39 41 36 42 43 44 44 48 50 42 45 44 44 49 49 43 41 45 41 45 41 38
s_
PM10
03/17 33 33 38 26 29 25 33 30 29 33 36 38 41 39 40 27 23 20 17 14 13 10 19 14
s_
PM10
03/18 12 14 16 20 40 47 51 50 43 59 55 46 37 41 39 41 53 68 53 47 66 69 46 42
s_
PM10
03/19 48 41 53 52 37 31 34 39 47 66 46 42 34 33 49 38 34 30 19 26 12 10 11 12
s_
PM10
03/20 13 12 14 11 13 16 14 16 38 62 68 79 77 78 90 103 97 88 72 66 64 65 65 56
s_
PM10
03/21 52 54 47 41 33 40 52 52 43 46 57 61 62 53 1000# 56 59 43 35 38 43 36 38 44
s_
PM10
03/22 39 46 42 58 61 62 48 49 52 53 51 39 40 36 32 28 29 25 19 19 19 18 11 12
s_
PM10
03/23 17 16 14 12 9 18 21 20 16 16 20 19 22 26 24 28 26 22 23 24 25 25 27 22
s_
PM10
03/24 30 25 26 29 22 23 29 28 36 29 25 29 24 25 22 18 18 21 26 17 21 17 17 24
s_
PM10
03/25 24 16 22 20 23 23 30 34 24 34 26 22 13 10 9 23 15 16 20 22 28 26 22 14
s_
PM10
03/26 17 20 19 32 14 18 25 32 27 32 31 29 33 30 1000# 36 42 38 36 36 35 31 31 25
s_
PM10
03/27 21 21 21 18 35 59 57 57 58 53 52 52 53 53 50 52 48 45 46 42 31 26 36 40
s_
PM10
03/28 44 58 70 73 70 76 86 66 54 42 38 36 33 35 42 44 41 36 41 39 49 44 49 41
s_
PM10
03/29 46 34 31 30 23 39 33 45 52 51 42 42 39 46 58 52 60 57 45 46 42 46 18 20
s_
PM10
03/30 16 12 19 17 23 21 23 24 17 33 37 45 46 40 37 46 44 34 33 32 32 33 37 38
s_
PM10
03/31 43 42 47 57 55 55 59 68 65 82 81 79 58 52 54 46 50 34 38 20 31 40 37 22
s_
PM10
菏代~るG2019/04A 代浮GLfA 代兜GPM10]gg/m3^
s_
PM10
ら戳 00 01 02 03 04 05 06 07 08 09 10 11 12 13 14 15 16 17 18 19 20 21 22 23
s_
PM10
04/01 10 16 19 20 22 18 14 13 21 23 25 21 19 21 27 31 41 41 42 42 40 43 43 36
s_
PM10
04/02 38 43 44 43 41 34 34 25 33 37 29 24 23 1000# 28 32 42 42 57 72 71 64 74 53
s_
PM10
04/03 36 32 30 16 21 19 16 22 24 35 32 31 30 24 1000# 35 48 56 50 41 25 30 25 47
s_
PM10
04/04 21 21 13 18 15 12 14 17 17 22 22 35 46 44 40 29 21 20 13 14 16 24 22 24
s_
PM10
04/05 27 27 24 21 20 25 25 23 25 25 26 23 17 16 16 16 20 22 19 20 12 15 17 17
s_
PM10
04/06 11 16 17 21 16 18 11 17 12 23 22 17 19 21 24 24 33 48 59 55 64 66 60 64
s_
PM10
04/07 88 92 72 97 80 79 69 65 76 71 56 54 52 56 48 53 63 63 65 68 74 62 62 53
s_
PM10
04/08 61 56 71 92 97 98 90 75 74 67 75 68 63 61 55 55 54 55 61 65 100 112 119 128
s_
PM10
04/09 124 105 101 89 82 106 106 109 86 63 71 68 75 74 64 54 45 42 46 52 59 46 46 44
s_
PM10
04/10 40 46 35 38 38 36 36 43 48 53 52 41 28 47 47 52 42 40 23 17 13 9 10 6
s_
PM10
04/11 7 10 6 10 10 9 9 12 23 28 26 36 42 1000# 30 8 7 6 14 15 11 7 5 7
s_
PM10
04/12 13 13 13 21 24 24 29 35 32 32 32 30 33 37 38 37 39 37 35 34 32 31 27 23
s_
PM10
04/13 26 15 8 10 16 12 12 17 18 27 24 19 25 18 29 20 22 32 38 45 24 24 40 26
s_
PM10
04/14 30 24 18 19 18 23 30 31 33 31 30 26 27 18 25 26 25 27 22 18 19 53 51 46
s_
PM10
04/15 37 39 42 44 49 51 54 53 55 48 53 50 49 53 60 57 56 42 40 33 35 33 23 27
s_
PM10
04/16 21 29 27 31 26 15 26 28 26 20 12 15 15 13 10 13 27 43 44 41 47 39 36 37
s_
PM10
04/17 42 32 31 30 23 31 27 26 21 24 19 21 26 25 30 42 42 55 58 43 37 38 41 32
s_
PM10
04/18 34 31 30 29 32 53 75 86 87 69 54 52 54 1000# 43 45 37 36 55 31 35 44 44 41
s_
PM10
04/19 44 40 31 33 30 37 38 31 35 42 32 50 43 53 53 53 56 56 47 48 56 54 59 82
s_
PM10
04/20 56 66 56 40 25 27 35 37 42 35 29 29 21 26 18 20 21 22 28 22 38 51 8 16
s_
PM10
04/21 32 37 27 18 5 15 13 20 17 17 16 24 20 29 37 35 31 23 47 42 23 25 38 35
s_
PM10
04/22 42 31 32 30 27 32 26 36 23 24 31 32 23 31 38 45 45 52 56 49 31 27 29 26
s_
PM10
04/23 29 36 27 31 42 39 44 54 36 36 1000# 29 35 42 41 33 35 28 26 31 33 37 34 37
s_
PM10
04/24 38 45 47 45 44 43 57 37 20 22 33 40 38 40 37 36 35 37 40 38 39 50 47 42
s_
PM10
04/25 32 32 30 36 38 38 41 41 30 38 38 51 42 46 44 43 41 42 36 46 36 34 34 38
s_
PM10
04/26 37 33 33 31 32 25 19 17 19 23 19 24 17 23 41 25 23 29 31 26 29 37 36 33
s_
PM10
04/27 24 26 20 23 30 26 35 29 30 23 23 29 24 26 21 21 21 18 19 21 12 8 13 12
s_
PM10
04/28 6 11 10 10 12 11 29 28 28 30 15 27 40 36 39 27 25 19 34 37 39 46 32 33
s_
PM10
04/29 36 40 29 35 22 27 50 34 39 41 45 45 51 39 28 35 36 35 41 37 35 42 47 57
s_
PM10
04/30 56 52 56 44 40 44 44 47 47 48 57 53 34 36 37 30 28 29 42 44 46 35 39 38
s_
PM10
菏代~るG2019/05A 代浮GLfA 代兜GPM10]gg/m3^
s_
PM10
ら戳 00 01 02 03 04 05 06 07 08 09 10 11 12 13 14 15 16 17 18 19 20 21 22 23
s_
PM10
05/01 28 18 19 8 5 2 4 5 5 5 7 10 7 8 16 19 20 15 21 26 31 38 37 40
s_
PM10
05/02 43 45 52 60 65 88 124 124 101 86 1000# 59 55 49 48 49 56 50 45 51 44 36 36 32
s_
PM10
05/03 28 32 34 29 29 30 36 43 61 57 60 55 51 34 47 75 69 49 45 47 47 35 34 38
s_
PM10
05/04 38 44 43 32 32 28 28 28 33 28 28 30 32 29 26 34 29 34 34 31 28 29 26 29
s_
PM10
05/05 32 32 33 32 33 33 33 34 45 28 34 30 28 35 32 30 29 30 20 30 28 28 32 35
s_
PM10
05/06 29 24 22 25 28 21 22 25 24 27 31 33 21 18 23 25 25 13 23 28 36 28 29 26
s_
PM10
05/07 24 18 19 16 15 10 16 14 21 12 21 18 17 38 43 37 41 45 39 35 33 33 29 20
s_
PM10
05/08 21 15 22 24 19 25 25 25 19 21 20 19 19 20 15 20 18 13 12 15 12 13 11 12
s_
PM10
05/09 20 16 15 9 11 8 15 14 10 11 11 16 1000# 15# 13# 16 21 21 11 19 18 14 11 13
s_
PM10
05/10 27 19 14 16 18 11 22 14 18 20 17 20 23 29 32 29 29 29 28 24 26 25 23 21
s_
PM10
05/11 17 22 17 17 13 13 13 12 19 22 24 21 27 16 23 22 27 18 24 22 17 23 29 23
s_
PM10
05/12 20 20 20 21 15 22 25 22 26 17 1000# 20 15 9 14 24 20 20 26 19 10 7 5 9
s_
PM10
05/13 14 8 7 7 8 8 10 8 24 39 66 75 56 55 47 51 46 52 51 54 47 52 48 61
s_
PM10
05/14 67 58 74 61 68 62 66 65 55 74 70 52 30 27 36 42 44 48 55 49 47 44 55 50
s_
PM10
05/15 54 50 43 54 53 57 55 57 53 55 39 50 46 45 45 1000# 44 37 46 50 44 45 48 50
s_
PM10
05/16 40 43 53 53 37 32 27 27 28 36 36 42 43 47 44 46 49 38 36 32 34 42 38 36
s_
PM10
05/17 23 32 32 13 18 12 12 7 12 12 12 11 10 11 27 31 31 44 36 27 29 30 25 28
s_
PM10
05/18 32 25 26 24 25 21 15 21 23 27 26 28 30 42 35 33 33 30 30 39 30 38 30 29
s_
PM10
05/19 26 21 20 19 20 30 28 28 30 24 22 21 27 28 21 18 26 22 19 18 27 34 32 28
s_
PM10
05/20 30 28 27 29 24 27 24 21 4 5 5 30 NA NA NA NA NA NA NA NA NA NA NA NA
s_
PM10
05/21 NA NA NA NA NA NA NA NA NA NA 1000# 66 70 70 64 62 54 55 51 50 50 49 47 46
s_
PM10
05/22 43 49 48 44 45 42 41 45 44 53 58 53 60 58 51 48 51 46 46 45 42 39 39 36
s_
PM10
05/23 44 37 41 38 50 61 50 42 51 53 40 27 11 22 17 14 14 17 11 15 14 16 16 17
s_
PM10
05/24 18 16 15 16 13 10 11 14 21 20 23 29 33 21 26 29 33 34 30 23 20 23 22 21
s_
PM10
05/25 26 24 24 22 27 21 26 26 26 25 26 22 23 28 27 25 34 39 37 35 28 27 34 30
s_
PM10
05/26 32 35 34 29 26 27 27 25 31 33 33 34 38 32 33 31 37 41 41 43 37 33 34 38
s_
PM10
05/27 37 31 32 30 30 40 44 44 48 33 29 27 37 25 26 16 24 25 37 31 23 33 33 34
s_
PM10
05/28 46 37 34 48 35 53 51 54 15 11 21 32 6 19 23 21 32 25 24 21 24 23 27 23
s_
PM10
05/29 27 38 32 34 34 29 33 38 35 33 35 30 33 34 28 24 25 25 23 27 23 20 29 18
s_
PM10
05/30 27 20 23 24 23 25 30 33 40 33 1000# 26 34 35 36 37 32 40 31 36 39 46 50 57