嘉義
O3
01/01 8.8 5.3 5.7 4.1 2.1 7.2 8.1 11 15 19 25 31 39 49 55 40 30 27 22 18 15 16 18 13
嘉義
O3
01/02 12 13 8.4 11 12 13 10 8.7 13 14 14 17 18 21 25 27 24 16 12 12 8.3 3.8 6 6.9
嘉義
O3
01/03 8.8 6.4 6.8 4.5 3.4 3.4 3.1 4.2 5.8 9.5 11 15 22 30 41 36 33 21 7.5 7.5 6.7 6.5 7.4 7
嘉義
O3
01/04 4.3 3 3.8 2.7 3.5 2.7 1.3 2.2 5.9 13 33 48 54 65 54 52 49 40 34 27 21 9.3 2.4 1.6
嘉義
O3
01/05 1.9 2.4 2 2.1 1.4 1.4 1.3 3.3 7.9 20 35 45 54 64 62 39 35 21 16 10 8.6 4.9 1.9 1.2
嘉義
O3
01/06 1.1 1.1 1.1 1.3 3.9 5.2 3.6 3.9 6.3 8.9 15 24 41 50 56 58 49 34 25 24 19 16 17 15
嘉義
O3
01/07 13 11 10 6.7 6.8 6.6 4 6.3 8.6 14 24 36 50 51 50 52 45 28 19 20 24 25 26 22
嘉義
O3
01/08 18 18 18 21 17 16 17 14 14 16 21 32 44 46 58 57 36 24 21 16 14 13 14 14
嘉義
O3
01/09 13 13 11 6.9 6.7 4.3 8.1 9.5 15 17 24 34 49 58 61 69 54 36 25 19 21 17 15 14
嘉義
O3
01/10 12 11 8.1 7.2 9 7.5 5.3 5.1 9.5 19 30 48# 49# 55 54 50 33 21 5.7 8.8 7.6 6.8 8.3 9.8
嘉義
O3
01/11 9.9 8.2 7.5 7.8 8.5 4.8 2.1 3.7 8.2 17 32 59 82 91 64 37 29 18 9.4 3.7 1.2 1.3 1.3 1.5
嘉義
O3
01/12 10 17 14 1.3 1.3 5.9 1.2 2.5 5.9 11 16 38 43 45 44 38 33 31 23 7.4 1.8 1.2 1.2 1.2
嘉義
O3
01/13 1.2 1.3 1.2 1.4 3.1 4.6 5 8.1 11 18 27 42 53 54 51 47 36 24 20 15 12 11 12 10
嘉義
O3
01/14 9.5 9 12 13 12 14 12 11 16 18 20 36 51 54 50 48 40 32 24 19 19 19 15 12
嘉義
O3
01/15 16 17 20 18 17 15 16 13 11 13 22 44 52 51 46 41 36 23 25 26 25 24 24 22
嘉義
O3
01/16 24 24 28 28 28 31 32 26 22 21 20 20 25 28 29 27 25 20 16 10 11 5.5 15 20
嘉義
O3
01/17 18 20 21 19 17 25 21 17 19 19 22 26 30 32 37# 40 37 26 20 19 18 17 16 18
嘉義
O3
01/18 17 15 14 13 13 12 7.5 8.6 14 17 31 48 52 66 76 79 63 49 39 33 36 34 35 34
嘉義
O3
01/19 28 26 27 23 18 20 14 6.8 8.7 12 27 45 48 50 47 48 45 35 23 18 15 12 10 8.9
嘉義
O3
01/20 11 7.9 6.7 3.7 3.4 2.8 2.3 4.7 7.9 16 24 32 46 44 51 42 42 32 21 19 17 15 13 20
嘉義
O3
01/21 23 28 35 39 38 36 32 24 23 23 21 24 27 30 36 38 33 27 23 23 20 18 20 21
嘉義
O3
01/22 24 27 24 24 31 37 36 29 25 22 24 32 36 39 39 43 40 31 23 20 21 21 21 16
嘉義
O3
01/23 13 17 16 9.9 9.1 6 3.2 4.3 9.1 19 27 31 49 63 69 69 62 51 38 35 32 24 26 20
嘉義
O3
01/24 17 14 9.5 5.7 2.4 3 1.8 5.1 8.9 19# 34 42 52 72 79 74 59 48 39 28 28 26 19 19
嘉義
O3
01/25 6.5 3.8 3.7 5.4 6.7 2.1 1.8 5.5 9.6 16 29 43 56 66 71 74 71 53 42 37 29 25 23 17
嘉義
O3
01/26 15 13 14 12 14 6.8 6.3 13 27 37 41 45 53 54 52 51 46 39 33 29 29 29 30 32
嘉義
O3
01/27 33 31 32 31 31 30 26 23 25 26 28 35 44 56 54 52 51 39 29 21 18 15 6.8 3.6
嘉義
O3
01/28 8.1 6.6 6.1 3.1 2 3.6 2.3 4.6 9.9 16 29 43 63 69 65 60 51 38 29 23 13 6.1 1.8 1.9
嘉義
O3
01/29 3.3 7.1 1.3 1.5 4.5 2.7 1.7 3.8 16 21 24 39 67 66 64 60 56 47 34 27 24 19 13 9.3
嘉義
O3
01/30 8.4 4.7 3.3 1.8 1.4 3.6 2.3 3.9 6.2 15 25 30 51 61 59 58 52 42 25 16 9.7 23 23 27
嘉義
O3
01/31 32 34 38 38 34 32 23 9.7 16 36 57 59 69 72 59 56 64 54 41 35 29 26 26 24
嘉義
O3
監測年月：2019/02， 測站：嘉義， 測項：O3（ppb）
嘉義
O3
日期 00 01 02 03 04 05 06 07 08 09 10 11 12 13 14 15 16 17 18 19 20 21 22 23
嘉義
O3
02/01 17 25 30 32 32 30 31 25 26 29 31 35 39 50 48 44 34 29 24 18 8.4 6 6.7 4.9
嘉義
O3
02/02 7.5 6.1 5.8 4.2 2 1.8 2.5 6.2 9.8 19 32 56 67 77 82 80 65 56 50 47 45 36 32 28
嘉義
O3
02/03 21 13 6.2 5.9 10 18 19 15 35 48 51 42 42 46 43 37 36 32 29 22 25 22 12 5.4
嘉義
O3
02/04 5.5 4.9 5.1 3 3.5 4.4 3.9 6.9 20 25 29# 34 47 51 58 51 43 37 28 25 25 22 20 16
嘉義
O3
02/05 16 18 18 17 14 17 19 16 16 16 25 34 43 48 55 56 53 45 42 39 36 36 33 28
嘉義
O3
02/06 24 25 21 13 9.5 8.6 7 9 15 29 37 42 48 57 64 60 55 52 43 43 39 30 20 13
嘉義
O3
02/07 13 14 16 18 11 17 16 18 30 41 47 48 47 48 49 49 44 50 44 38 35 30 20 19
嘉義
O3
02/08 15 13 20 25 24 22 18 17 21 23 36 47 56 54 54 55 50 44 37 27 26 28 24 22
嘉義
O3
02/09 17 14 17 16 8.2 7.2 6.8 11 16 24 30 41 45 52 44 40 30 23 17 24 17 15 16 16
嘉義
O3
02/10 17 18 18 16 16 17 14 13 15 19 25 32 44 53 52 51 38 35 29 23 24 19 15 13
嘉義
O3
02/11 12 14 13 12 11 12 12 13 15 17 24 36 49 53 50 51 39 33 25 19 15 12 11 11
嘉義
O3
02/12 9.2 5.1 7.9 4.3 4.2 2.5 1.6 4.3 11 24 31 43 56 54 56 54 48 41 34 25 26 25 22 25
嘉義
O3
02/13 20 14 8.4 5.6 5.2 5.7 3.3 6.7 14 26 40 46 46 49 52 49 43 32 30 22 17 14 13 11
嘉義
O3
02/14 12 10 9.8 9 9.8 8.3 4.1 4.8 11 24 40 51 57 54 51 49 44 41 35 25 18 13 11 9.4
嘉義
O3
02/15 9 9.7 7.9 7.2 4.8 2.4 1.8 5 12 23 37 49 60 63 65 65 43 40 39 30 25 26 16 15
嘉義
O3
02/16 16 14 11 7.1 5 2.1 2.1 4.9 13 28 44 58 64 56 53 51 45 35 36 30 23 16 13 12
嘉義
O3
02/17 13 15 15 18 18 16 16 17 22 29 34 44 60 63 66 65 58 46 32 23 24 24 23 21
嘉義
O3
02/18 18 17 15 13 11 7.3 5.6 5.6 7.7 17 23 39 56 61 69 62 48 41 36 36 26 14 7.7 6.7
嘉義
O3
02/19 7.7 15 24 17 12 6.6 2.7 2.6 4.5 12 20 22 25 40# 59 57 42 33 28 25 21 20 7.8 2.6
嘉義
O3
02/20 2.1 4.2 1.6 8.1 10 1.7 1.5 3.1 8.7 22 43 60 69 71 60 64 56 51 42 40 37 23 9.4 3.3
嘉義
O3
02/21 1.7 2.7 2.8 1.9 2.3 2.6 2.5 4.9 6.8 14 17 29 42 49 57 56 54 49 28 24 18 13 10 11
嘉義
O3
02/22 10 9.7 13 11 12 14 12 8.2 12 20 28 39 49 52 50 44 38 32 33 26 24 18 16 16
嘉義
O3
02/23 18 20 27 30 33 26 21 17 21 31 41 45 51 56 61 63 53 42 22 21 17 13 13 13
嘉義
O3
02/24 12 12 15 20 15 13 11 8.2 7.7 11 15 19 19 26 31 29 21 15 13 11 9.7 13 14 13
嘉義
O3
02/25 11 12 17 27 23 24 20 17 29 38 42 50 64 74 79 70 56 50 42 36 32 25 21 18
嘉義
O3
02/26 15 12 19 18 13 6.2 6.3 6.5 11 23 32 55 66 64 65 68 72 65 57 53 43 34 28 34
嘉義
O3
02/27 35 30 28 23 18 26 23 20 25 25 45 63 73 81 80 70 69 61 45 37 35 33 33 31
嘉義
O3
02/28 27 18 16 13 17 12 13 13 17 23 43 50 49 53 53 53 51 49 41 30 25 17 15 11
嘉義
O3
監測年月：2019/03， 測站：嘉義， 測項：O3（ppb）
嘉義
O3
日期 00 01 02 03 04 05 06 07 08 09 10 11 12 13 14 15 16 17 18 19 20 21 22 23
嘉義
O3
03/01 8.7 6.6 9.3 10 12 15 13 15 20 26 40 52 63 66 63 56 51 46 38 26 20 17 20 24
嘉義
O3
03/02 22 26 23 24 23 21 19 17 21 28 45 53 69 76 77 72 68 53 46 43 38 38 29 20
嘉義
O3
03/03 14 15 15 16 19 18 10 20 24 33 34 38 40 40 39 34 33 23 13 21 8.5 5 7.5 10
嘉義
O3
03/04 14 19 21 17 18 17 8.3 7 8.9 17 25 47 59 62 70 72 73 72 57 46 42 28 14 17
嘉義
O3
03/05 11 15 17 4 6.5 1.8 3 8.1 15 43 55 55 61 79 80 78 70 59 51 41 41 40 36 32
嘉義
O3
03/06 26 32 35 29 24 28 27 18 25 35 41 50 49 55 60 51 44 36 38 34 33 27 23 19
嘉義
O3
03/07 15 14 20 32 29 25 26 28 27 23 25 23 22 23 24 18 16 13 27 23 17 27 36 34
嘉義
O3
03/08 34 36 35 33 36 34 26 16 15 23 23# 22x 24# 28 29 37 35 33 18 17 17 12 9.7 6
嘉義
O3
03/09 4.3 4.8 5.2 3.8 4.2 2 1.8 1.8 2.2 5.5 8 18 24 34 39 36 33 24 15 12 11 3 2.8 5.3
嘉義
O3
03/10 2.9 5.5 31 45 45 40 33 22 21 26 35 45 45 44 35 29 24 17 14 14 10 13 9.4 12
嘉義
O3
03/11 13 11 8 7.6 6.8 3.6 2.3 7 4.8 7.2 16 21 22 19 21 25 22 11 7.6 5.6 7.8 9.8 6.6 4.8
嘉義
O3
03/12 5.5 2.7 1.8 2.2 1.1 1.4 1.6 2.5 7.2 28 55 63 65 72 80 84 80 74 63 46 43 42 27 30
嘉義
O3
03/13 25 24 27 31 34 29 20 11 22 48 67 73 75 78 79 77 74 69 67 62 57 49 28 31
嘉義
O3
03/14 25 26 38 39 22 19 12 19 30 44 58 65 68 70 67# 67x 64# 56# 42 33 39 40 44 39
嘉義
O3
03/15 37 33 34 38 37 32 31 28 29 32 34 36 61# 58# 53 51 43 38 34 30 24 17 17 13
嘉義
O3
03/16 24 22 11 11 8.1 9.3 7.8 9.1 17 36 48 49 55 52 54 54 58 55 49 53 42 25 18 27
嘉義
O3
03/17 26 23 27 30 18 24 15 22 33 50 62 70 77 77 69 60 56 50 42 42 41 42 40 36
嘉義
O3
03/18 33 28 27 23 20 17 15 9.7 14 22 26 38 53 62 61 57 56 54 51 45 39 19 17 20
嘉義
O3
03/19 16 17 11 11 14 8.2 2.6 8.9 20 34 42 61 68 74 75 69 60 56 52 50 38 24 24 18
嘉義
O3
03/20 31 33 21 19 6.2 8.4 8.2 15 24 34 51 64 78 81 68 70# 67 33 14 7.6 5.8 5.4 1.6 8.6
嘉義
O3
03/21 7.8 3.6 4.5 13 20 16 14 12 18 25 32 43 45 52 45 39 38 25 21 19 16 13 9.4 6.2
嘉義
O3
03/22 5.5 8.1 11 12 8.9 3.4 4.6 9.1 17 21 33 43 48 51 52 51 51 45 38 25 17 21 19 19
嘉義
O3
03/23 20 15 21 20 18 22 20 21 21 21 23 22 24 21 28 31 31 23 24 21 26 30 31 29
嘉義
O3
03/24 29 28 34 32 30 25 27 22 17 15 13 8.6 5.7 6.3 13 25 27 25 13 18 3.9 3.5 5 6.3
嘉義
O3
03/25 4.6 3.5 4.4 3.1 1.3 2 3.5 2.5 6.2 18 31 27 14 31 14 11 12 9.5 3.6 1.9 1.7 1.4 1.2 1.6
嘉義
O3
03/26 3.9 11 13 8.1 11 6.1 6.3 7.9 9.2 18 34 53 52 65 69 69 68 69 58 48 36 34 27 27
嘉義
O3
03/27 25 23 24 20 16 13 12 16 24 39 59 68 71 77 78 77 65 62 58 53 49 38 30 24
嘉義
O3
03/28 20 26 26 17 14 15 17 17 27 40 41 46 56 59 48 45 41 34 25 22 17 17 14 8.9
嘉義
O3
03/29 12 14 16 14 17 16 19 18 26 32 37 42 41 41 38 35 36 34 33 33 28 26 35 46
嘉義
O3
03/30 43 37 30 26 24 17 23 23 28 37 36 45 51 54 57 62 65 60 57 52 42 31 28 26
嘉義
O3
03/31 24 22 25 23 14 18 13 15 24 34 50 61 65 73 74 73 67 60 50 38 32 28 27 30
嘉義
O3
監測年月：2019/04， 測站：嘉義， 測項：O3（ppb）
嘉義
O3
日期 00 01 02 03 04 05 06 07 08 09 10 11 12 13 14 15 16 17 18 19 20 21 22 23
嘉義
O3
04/01 32 32 33 32 33 32 33 31 22 19 19 20 27 31# 24 25 24 21 21 22 21 15 13 11
嘉義
O3
04/02 12 9.4 5.7 2.1 1.6 1.9 3.3 5.5 11 24 48 67 74# 75 72 78 66 59 47 41 33 21 18 18
嘉義
O3
04/03 23 23 23 29 25 19 19 26 30 30 42 54 57 58 57 51 41 40 38 39 35 30 27 28
嘉義
O3
04/04 25 21 16 11 6.8 7.3 3.7 15 19 30 47 54 58 60 63 63 58 55 51 48 40 33 31 27
嘉義
O3
04/05 22 19 18 18 14 16 14 25 25 26 31 36 39 44 51 58 59 54 43 37 33 19 19 20
嘉義
O3
04/06 11 9.5 9.9 9 10 5.6 6.3 15 25 47 66 76 78 74 74 68 68 67 52 46 42 39 26 16
嘉義
O3
04/07 12 16 16 19 19 23 26 34 58 63 67 67 66 68 74 71 69 66 59 52 58 45 39 41
嘉義
O3
04/08 31 30 27 28 28 26 26 27 42 52 53 55 56 55 54 56 51 38 39 37 31 25 25 29
嘉義
O3
04/09 19 19 17 13 16 16 15 23 36 41 43 53 75 60 34 28# 25 22 18 16 15 14 10 5.2
嘉義
O3
04/10 4.7 3.3 3.4 5.9 8.7 5.1 4.7 9.6 18 25 36 38 37 33 29 24 23 20 17 10 12 14 13 15
嘉義
O3
04/11 19 18 13 8.1 7.1 7 7.8 9.6 16 25 35 51 64 51 30 25 29 37 34 28 23 28 22 15
嘉義
O3
04/12 15 26 31 30 26 19 20 18 22 27 41 54 63 67 77 72 63 52 43 35 32 29 27 20
嘉義
O3
04/13 21 20 17 11 13 11 17 17 27 44 57 71 79 78 63 56 49 42 36 33 36 32 25 23
嘉義
O3
04/14 15 11 15 22 29 21 19 21 23 34 40 52 56 50 48 48 45 46 39 37 40 34 34 31
嘉義
O3
04/15 29 26 29 29 34 37 35 27 27 29 40 50 58 59 66 63 54 47 36 28 20 15 9.9 7.2
嘉義
O3
04/16 3.1 6.3 15 18 22 30 29 21 19 21 18 23 30 28 34 30 33 26 15 7.1 3.4 5.5 6.8 14
嘉義
O3
04/17 12 12 21 32 36 34 32 30 38 45 57 67 71# 77# 75x 80# 77 68 60 58 50 45 35 28
嘉義
O3
04/18 29 30 30 27 36 34 34 49 54 63 70 74 78 80 88 89 75 68 62 56 46 32 28 23
嘉義
O3
04/19 26 38 35 24 25 42 35 26 29 44 51 52 61 68 61 58 56 43 27 32 22 23 17 22
嘉義
O3
04/20 20 19 25 15 9.9 15 20 35 30 39 51 57 66 67 57 58 50 43 41 31 35 31 21 19
嘉義
O3
04/21 15 16 14 10 7.5 20 18 13 13 14 21 29 34 33 31 29 33 39 28 26 21 16 9 7.6
嘉義
O3
04/22 7.2 15 16 16 16 16 12 15 24 28 31 36 42 41 35 27 23 20 17 15 15 17 14 12
嘉義
O3
04/23 12 15 10 7.9 7.6 6.5 7.7 13 21 26 35 40 38 34 32 27 24 22 21 20 20 16 15 13
嘉義
O3
04/24 12 12 13 16 17 10 11 15 23 30 38 34 32 30 28 25 22 20 15 11 9.2 7.8 6.8 6.6
嘉義
O3
04/25 8.9 7.5 8.2 8.4 8.6 12 7.4 12 25 30 42 45 42 32 27 NA 25 22 17 14 11 7.5 6.6 8.2
嘉義
O3
04/26 14 17 17 16 17 15 15 19 26 32 39 48 54 48 46 52 55 58 44 41 35 29 28 28
嘉義
O3
04/27 21 23 20 18 18 20 20 13 26 39 51 60 63 69 73 74 73 63 53 45 39 34 31 31
嘉義
O3
04/28 27 22 19 15 14 9.7 13 17 23 45 56 57 62 65 62 59 55 47 40 36 34 24 20 18
嘉義
O3
04/29 13 12 14 14 16 13 12 21 37 46 48# 48 55 54 52 50 54 58 44 42 39 38 32 26
嘉義
O3
04/30 22 17 11 13 12 8.1 9.4 21 29 38 48 54 48 43 33 31 28 24 22 21 17 17 15 13
嘉義
O3
監測年月：2019/05， 測站：嘉義， 測項：O3（ppb）
嘉義
O3
日期 00 01 02 03 04 05 06 07 08 09 10 11 12 13 14 15 16 17 18 19 20 21 22 23
嘉義
O3
05/01 11 16 25 24 23 15 23 22 14 31 33 39 38 42 48 45 47 29 26 28 25 22 20 18
嘉義
O3
05/02 14 13 12 9.5 8.3 4.7 3.6 5.1 6.8 12 19 25 25 35 30 26 29 29 18 20 23 21 25 18
嘉義
O3
05/03 19 25 22 20 13 8.5 7.2 15 16 26 34 15 14 18 27 47 60 68 65 46 35 27 27 29
嘉義
O3
05/04 19 16 14 21 35 36 41 39 44 47 53 61 70 70 61 57 58 58 63 54 37 39 55 57
嘉義
O3
05/05 23* 33 29 23 25 25 26 22 47 61 63 57 56 57 59 58 64 67 57 53 53 53 52 47
嘉義
O3
05/06 41 41 45 35 28 27 24 22 24 24 24 27 32 32 38 40 40 31 16 13 20 19 14 16
嘉義
O3
05/07 21 21 20 17 15 12 10 13 21 25 27 32 32 39 38 37 34 36 33 28 21 25 22 19
嘉義
O3
05/08 16 13 10 9.3 7.3 8.7 4.4 6.1 16 27 36 42 42 49# 57 59 53 41 34 31 24 12 15 16
嘉義
O3
05/09 16 13 8.5 7.6 5 4.5 5.8 4.5 7.7 15 23 43 56 61 57 56 47 41 29 15 18 18 21 16
嘉義
O3
05/10 14 15 26 34 30 33 20 15 15 24 42 46 41 48 50 49 47 46 36 56 58 45 38 38
嘉義
O3
05/11 35 27 14 13 8.7 12 16 14 28 46 61 65 64 65 62 63 56 53 47 44 34 28 26 20
嘉義
O3
05/12 17 16 18 17 13 15 16 27 45 58 59 57 61 75 76 74 65 50 44 37 37 31 20 15
嘉義
O3
05/13 15 12 22 17 19 32 27 28 35 47 50 51 51 51 49 45 40 41 34 26 19 16 18 14
嘉義
O3
05/14 17 17 16 17 16 13 11 17 33 37 40 43 47 49 47 38 28 27 19 19 17 15 9.4 9.9
嘉義
O3
05/15 13 11 11 8 8.7 3.4 8.2 16 25 32 39 37 21 25 28 34 38 44 45 34 34 27 13 16
嘉義
O3
05/16 16 9.5 9.8 11 8.5 7.9 9.1 17 18 18 23 28 24 30 27 23 22 17 13 11 8.5 6.9 5.4 7.5
嘉義
O3
05/17 5.4 5.4 6.3 6.9 6.9 8.8 6.7 10 17 22 24 21 20# 17 16 18 19 16 9.1 7.5 5.2 9.7 10 11
嘉義
O3
05/18 11 11 12 12 16 19 12 8.7 11 16 20 21 22 21 21 20 20 17 16 13 16 17 20 12
嘉義
O3
05/19 12 12 14 12 8.8 8.8 8.7 12 22 26 27 29 30 27 23 24 24 22 20 17 13 8.2 10 6
嘉義
O3
05/20 7.1 7.9 9.3 9.3 9.6 9.6 11 15 26 27 24 24 21 27 51 51 44 34 29 25 19 14 11 12
嘉義
O3
05/21 13 11 8.8 8.1 8.1 7.4 8 13 14 19 26 27 27 41 51 56 54 55 42 37 34 27 24 24
嘉義
O3
05/22 17 15 8.3 6.6 14 18 18 34 49 54 62 70 82 94 98 93 81 72 68 61 48 34 30 27
嘉義
O3
05/23 25 23 21 26 21 36 49 45 51 45 39 40 43 51 63 67 59 57 53 53 51 44 40 27
嘉義
O3
05/24 25 27 29 27 26 27 21 22 44 58 72 76 69 64 62 63 55 51 52 50 47 42 22 21
嘉義
O3
05/25 15 17 19 16 16 14 8.8 20 37 48 53 57 54 57 57 45 42 39 32 28 32 30 25 18
嘉義
O3
05/26 13 11 15 11 10 8.9 13 21 29 42 52 58 63 62 60 58 62 63 58 53 47 39 37 35
嘉義
O3
05/27 35 29 19 20 24 20 24 44 42 36 33 35 30 23# 27# 29# 30 26 24 16 11 2.6 5.9 4.2
嘉義
O3
05/28 8.4 8.3 4.1 5.5 6.8 7.6 7.9 10 28 27 26 18 16 17 15 19 24 29 28 15 22 18 14 14
嘉義
O3
05/29 15 15 15 13 14 11 12 12 14 20 25 38 59 68 64 74 65 55 47 37 30 25 19 17
嘉義
O3
05/30 16 14 12 11 8.3 9.4 9.4 14 26 45 63 69 70 79 72 58 53 52 47 37 28 29 20 12