嘉義
SO2
01/01 2.4 2.1 2.1 2 2.2 1.9 1.7 2 2.3 2.3 2.1 2.1 2.2 2.1 2.2 2.8 4.1 2.4 2.1 2.2 2.7 3 2.4 2.5
嘉義
SO2
01/02 2.7 2.2 2.2 2.2 2.2 2.1 2.3 2.5 3.1 3.6 3.2 3.6 3.1 3 2.8 3 2.8 3.1 3 3.3 3.4 3.4 3.2 3.1
嘉義
SO2
01/03 2 5.8 7.9 3.2 2.4 2.1 1.9 2.1 2 1.9 2 2 2.2 2.2 2.3 2.7 2.8 2.9 3.8 3.3 3.5 4.1 4.6 3.8
嘉義
SO2
01/04 3.7 1.7 1.5 1.4 1.3 1.1 1.3 1.5 2.4 4.7 4.2 3 2.2 2.5 2.1 1.8 2.8 2.1 2 2.2 1.7 2.3 3.9 4.2
嘉義
SO2
01/05 2.5 2.3 2.2 1.8 1.6 3.3 3.1 3.3 4.5 4 3.2 2.7 3 3.5 5 6.8 3.9 3 2.7 3.3 4.6 5.3 5.5 7
嘉義
SO2
01/06 5.5 5.4 4 2.9 2.4 1.9 2 2.6 2.5 2.8 2.6 2.3 2.3 2.4 2.5 2.6 2.4 2.8 3.8 3.1 3.2 3.2 3.2 2.7
嘉義
SO2
01/07 2.5 2.1 1.9 1.9 2.6 2.7 2.2 2.6 4.1 4.3 3.8 3.6 3.1 4.4 5 4 4.3 5.4 5 4 2.5 1.6 1.5 1.4
嘉義
SO2
01/08 1.3 1.6 1.6 1.5 1.6 1.6 1.6 1.7 1.8 1.9 1.9 2.4 2.7 2.9 2.9 2.9 3.5 4.5 3.9 4.1 5.1 5 3.4 2.5
嘉義
SO2
01/09 2.5 3.5 2.9 2.1 2.2 2 2.1 3.1 2.6 3.2 3.3 2.6 2.5 2.9 3.6 2.8 3.3 3.5 4.4 3.9 2.6 2.2 2.2 2.6
嘉義
SO2
01/10 2.4 3.3 3.3 4.1 3.5 3.8 3.5 3.9 5.1 5.1 4.1 3.3# 2.7# 3 3.4 3.7 3.2 2.4 4.1 3 2.7 2.5 2.1 1.9
嘉義
SO2
01/11 1.7 1.9 1.9 1.9 1.9 1.9 2.2 2.5 3.2 3.7 3.7 3.9 5 5.6 4.2 3.5 3.5 3 2.5 3.3 3.8 3.8 3.5 3.1
嘉義
SO2
01/12 2 1.7 1.6 2.2 3.1 2.2 2.5 2.3 2.3 2.2 2.2 2.7 3.9 4 2.7 2.5 2.7 2.7 3.2 4.1 4.1 3.5 3.3 2.7
嘉義
SO2
01/13 2.8 2.3 2.9 3.5 2.8 2.7 2.3 2.8 2.7 2.6 2.5 2.5 2.8 3.6 4.4 4.4 4.8 4.3 2.9 2.3 2.6 3.4 2.7 3.2
嘉義
SO2
01/14 2.3 3 2.9 2.3 2.3 2.5 2.7 2.9 3.2 3.5 3.8 3.8 4.1 4.9 5.2 5 6.4 5.3 5.4 5.1 4.5 3.3 3.2 4.6
嘉義
SO2
01/15 6.9 3.5 2.8 2.1 1.4 1.5 1.4 1.4 1.8 3.5 3.4 3.4 3.7 3.9 4.5 5.8 3.7 4.3 2.8 2 1.7 1.7 1.7 1.9
嘉義
SO2
01/16 1.6 2.2 2.4 1.9 2.2 2.1 1.6 1.8 1.9 1.9 1.7 1.7 1.8 1.8 2 2.2 2 1.7 1.7 1.8 2.2 2.4 1.9 1.6
嘉義
SO2
01/17 1.8 2.1 1.9 1.6 1.6 1.6 1.7 2.3 2 2.1 1.9 2 2.1 1.9 2# 2.1 2.5 2.7 2.6 2.4 2.4 2.3 2.7 2.4
嘉義
SO2
01/18 2.5 1.7 1.4 1.7 1.9 2.1 2 2.7 2.8 2.1 2.1 2.4 2.4 2.4 2.8 2.8 3.1 2.7 2 2.1 2.4 3.7 2.6 3.1
嘉義
SO2
01/19 2.8 2.5 4.9 2.6 1.7 1.6 1.4 4.2 4.7 4 4.3 3.8 6.1 4.9 4 2.4 2.3 4.7 9.3 6.1 4.8 5 3.8 4.3
嘉義
SO2
01/20 2.5 3.2 4.7 5 3.7 5.2 6 3.7 4.5 5.1 7.1 6.8 5.3 5.8 5.7 6.1 5.9 4.1 3.3 2.7 2.5 2.3 2.5 2.1
嘉義
SO2
01/21 2.4 5.4 2.5 1.5 2.1 1.1 1.1 2.4 2.4 1.9 1.9 2.4 2.6 2.5 2.3 2.7 2.7 2.1 2 1.6 1.4 1.3 3.3 1.7
嘉義
SO2
01/22 2.4 2.4 2.3 2.6 2.9 2.2 2.2 2.2 2.9 3.6 3.8 4.2 3.1 3 3 3.8 3.5 4.8 4.3 4.8 3.5 3.7 3.6 4.2
嘉義
SO2
01/23 4.6 3.7 3.1 4.1 4.1 4.2 4.3 5.6 5.2 4.4 4.1 3 2.9 3.5 4.2 3.9 4.5 5.3 10 5.7 6.3 4.7 4 3.3
嘉義
SO2
01/24 2.9 4.8 3.1 3.1 4.2 23 5.7 4.8 5.3 5.8# 6.5 4.7# 3.2# 2.3 3.3 4.1 6.5 5.6 6.6 6.1 5.4 6.7 5.5 11
嘉義
SO2
01/25 5.1 2.7 2.5 2.5 3.2 3.4 3.5 3.5 5.8 7.9 4.6 4.9 3.5 4 3.2 3.1 3.5 8.8 6.4 7 3.5 2.9 3 2.9
嘉義
SO2
01/26 2.6 2.7 2.8 2.6 2.8 3.7 3.6 3.3 3.1 2.7 3.5 3 2.2 2.5 3.6 3.2 3 3 3.1 2.9 2.1 4 1.5 1.9
嘉義
SO2
01/27 1.3 1.9 2 2.2 2.3 2.3 2.3 2.8 2.6 2.6 2.6 2.6 2.5 2.9 3.8 4.3 4.1 4.4 4.5 4.8 4.1 3.3 2.9 2.8
嘉義
SO2
01/28 3.2 2.7 2.4 2.7 2.7 2.5 2.7 3.5 4.9 5 5.9 5.1 3.8 4.7 3.9 4 3.5 3.1 3.5 4.8 6.2 6.1 5.4 3.6
嘉義
SO2
01/29 2.6 2.2 3.2 3.3 3 2.4 6.5 6.7 4.7 5.8 8.1 4.1 2.9 3.5 3.1 3.8 3.4 2.9 3.3 5 7 5.2 4.4 3.7
嘉義
SO2
01/30 3.2 4.3 3 2.4 2.4 1.9 1.8 2 2.3 2.9 3.3 3.7 3.3 3.1 2.3 2.5 2.8 3.3 4.3 5.4 3.6 2.3 2.3 2.2
嘉義
SO2
01/31 2.1 2.1 2 1.9 1.8 1.8 1.9 2.7 4 3.9 4 4 3.6 4 2.9 3.1 4.4 4.4 5.4 4.2 7.2 4.1 9.1 8
嘉義
SO2
監測年月：2019/02， 測站：嘉義， 測項：SO2（ppb）
嘉義
SO2
日期 00 01 02 03 04 05 06 07 08 09 10 11 12 13 14 15 16 17 18 19 20 21 22 23
嘉義
SO2
02/01 5.5 4.8 4.6 13 3.5 2.6 1.7 2.2 2 2.2 2.8 2.5 2.3 2.9 3.3 2.5 2.5 2.3 2.4 4 5 4.6 4.4 2.8
嘉義
SO2
02/02 2.5 4.8 2.9 2.6 3 3 2.9 2.9 5.1 4.2 4.7 4.7 4.8 5.1 4.2 3.6 3.3 3.4 2.8 2.5 2.8 3 3.1 2.2
嘉義
SO2
02/03 2.1 2.1 1.9 1.8 2 1.7 1.7 2.3 3.4 2.8 2.2 1.6 1.5 1.5 2.3 1.8 1.8 1.8 1.8 2.6 2.7 2.6 2.2 1.9
嘉義
SO2
02/04 1.6 2.4 2.1 2.4 2.4 2.6 2.4 2.7 3 3.6# 4.4 5.4 4.9 5.4 4.1 5.7 6.3 5.8 5.7 5.2 3.3 2.8 2.7 2.6
嘉義
SO2
02/05 3.3 1.9 1.7 1.7 1.7 1.8 1.7 1.8 2.2 2.6 2.6 2.2 2.1 2.1 2.4 2.5 2.8 1.9 1.9 1.9 1.7 2 1.6 2
嘉義
SO2
02/06 1.9 1.4 1.3 1.3 1.4 1.4 1.5 2.5 3 4.7 3.9 4.7 4.5 3.2 2.8 2.5 0x -0.1x -0.1x -0.1x -0.1x -0.1x -0.1x -0.1x
嘉義
SO2
02/07 -0.1x -0.1x -0.1x -0.1x -0.1x -0.1x -0.1x -0.1x -0.1x -0.1x -0.1# NA NA -0.1x -0.1x -0.1x -0.1x -0.1x -0.1x -0.1# 2.4x 2.4x 2 1.7
嘉義
SO2
02/08 1.7 2.2 2.9 2 1.6 1.5 1.5 1.8 1.7 2.1 2.2 2.2 2.1 3.8 3.6 2.6 2.6 2.5 2 4.4 4.2 2 1.9 2
嘉義
SO2
02/09 1.9 1.7 1.8 1.7 1.8 1.7 2.1 2.4 2.7 2.5 2.3 2.4 2.3 3.1 6.2 6.7 8.2 7.4 7.7 2.4 2.1 2.1 2 1.9
嘉義
SO2
02/10 2.1 2 1.9 1.8 1.9 1.8 1.8 2.1 2.6 2.7 2.7 2.6 2.7 2.9 3.3 4 6.4 5.4 5.7 5.2 2.9 2.6 2.6 2.4
嘉義
SO2
02/11 2.6 2 2 1.7 1.6 1.6 2.1 1.8 1.9 3.2 2 2 2.7 3.3 4 3.1 3.5 2.3 2.9 2.7 2.6 4.9 2.9 2.2
嘉義
SO2
02/12 1.9 2.4 2 2 2.2 2.3 2.8 3.1 2.9 2.7 3.2 2.9 3.7 4.8 3.2 2.7 2.5 2.1 2.3 5.1 4.7 2.9 2.4 2.3
嘉義
SO2
02/13 3.4 5.2 5.2 4.3 3.6 3.4 3 3.4 3.6 3.4 3.4 3.7 3.5 2.7 2.9 3.6 4.7 5.6 4.7 5 3.9 3.3 3.3 2.9
嘉義
SO2
02/14 2.8 2.6 3.7 2.9 3.4 2.6 3.5 4.9 4.1 3.5 3.1 2.9 2.7 4.2 3.4 2.7 2.4 2.7 4.9 7.4 8 3.9 2.8 3.5
嘉義
SO2
02/15 2.8 2.2 2.3 2.5 2.8 3.1 3.3 9.2 6.4 4 3.6 2.9 2.7 2.3 2.9 4.5 5.7 5.2 4 9.4 6.3 3.2 2.3 2.1
嘉義
SO2
02/16 1.7 1.4 1.9 3 3.5 5.8 5.5 3.6 4.4 4.8 3.5 3 2.3 2.4 1.7 1.5 1.8 3.6 2.6 2.1 2.4 2.1 2.8 2.8
嘉義
SO2
02/17 3.7 4.3 2.8 3 3.5 2.7 3.2 6.2 3.2 3.2 3.8 4.2 3.3 3.6 2.9 3.5 4.1 3.6 4.7 6.1 4.1 2.9 2.7 2.4
嘉義
SO2
02/18 2.9 1.5 1.4 1.5 2.1 2.5 2.1 2.1 3.2 2.7 3.7 3.4 2.6 3.3 3.3 2.9 2.5 2.4 2 1.8 2 2.1 3 3
嘉義
SO2
02/19 2.4 3.2 2.3 2 2.3 2.4 2.5 3.2 4.8 5.1 6.9 7 3.8 3.1# 3.5 3.9 4.7 5 3.6 3.8 4.3 4.4 4.3 4.5
嘉義
SO2
02/20 4.1 3.2 3.8 2.4 2 3 3.1 3.8 4.2 3.9 3.1 2.9 3.1 3.6 5.3 4 3.8 6 5.4 3.6 3 3 3.9 3.9
嘉義
SO2
02/21 3.5 3.1 4.4 6 3.8 2.6 1.9 1.8 1.8 1.8 1.8 1.7 2 2.7 2 2.2 2.2 2.2 2.6 2.6 1.8 2.3 2.4 2
嘉義
SO2
02/22 1.9 2.7 2.4 2.8 2.1 1.9 1.7 2.1 3.1 3.5 3.2 2.7 2.8 2.3 2.1 1.9 1.8 2.2 2.9 4.1 2.3 2.3 2.9 5.4
嘉義
SO2
02/23 3.4 3.3 3.1 3.2 1.9 1.6 1.5 2.2 3.5 2.7 2.4 2.9 3.7 5.8 4.1 3.6 3.2 2.8 4.5 3.4 2.3 2.7 2.7 2.8
嘉義
SO2
02/24 2.4 2.7 2.4 2.4 2.4 2.7 3.1 2.8 3 3 3.5 5.3 4.5 4.3 2.5 2.2 2.1 1.9 1.7 2.5 2 2.2 2 3.5
嘉義
SO2
02/25 2 2.9 3.3 3 2.4 2.5 2.3 3.1 3 2.8 2.7 2.7 2.7 2.9 3.2 3.5 3.3 3.1 3.7 5.6 4.2 4.4 3.5 4.5
嘉義
SO2
02/26 3 2.2 2.6 2.4 2 2 2.2 3.3 3.8 3.5 3.7 2.7 2.7 4.2 5.5 4.6 5 3.6 3.1 3.9 2.9 3.1 4.3 3.5
嘉義
SO2
02/27 2.8 4.4 3.2 6.1 6.8 2.9 2.5 2.2 3.1 2.3 3.5 3.6 4.5 3.6 3.1 2.6 2.6 2.5 3 3.4 3.5 3.1 3 2.4
嘉義
SO2
02/28 2.2 1.9 2 2.6 2.6 3 3.3 3.9 4.7 3.7 3.9 4.2 2.8 2.9 3.7 3.9 3.1 2.8 2.6 4.1 3.8 4.6 5.4 5.2
嘉義
SO2
監測年月：2019/03， 測站：嘉義， 測項：SO2（ppb）
嘉義
SO2
日期 00 01 02 03 04 05 06 07 08 09 10 11 12 13 14 15 16 17 18 19 20 21 22 23
嘉義
SO2
03/01 4.2 4 3.5 3.7 3.1 3.1 3.1 3.5 3.5 3.5 3.6 4.1 4.3 3.2 2.9 2.4 1.8 1.6 1.8 2.5 2.5 2.9 2.5 2.7
嘉義
SO2
03/02 1.9 1.9 2 1.8 1.8 1.9 2 2.2 2 2.7 2.3 3.2 3.6 3.6 3.6 3.1 3.1 2.5 2.8 4 4.5 3.1 2.6 2.5
嘉義
SO2
03/03 2.3 1.7 1.7 1.5 1.5 1.8 1.6 2.5 2.5 1.5 1.3 1.4 1.5 1.3 1.3 1.4 1.3 1.4 1.6 1.6 1.7 6.4 3.1 2.6
嘉義
SO2
03/04 3.8 3.1 3.7 2.5 2.3 2.2 1.9 2.4 2.2 3.6 3.5 2.9 3.5 5.2 4.3 3.6 3.3 3.2 3.7 5.1 6.5 5.6 4.1 3.3
嘉義
SO2
03/05 3.8 3.5 3.5 5 5 5.3 5 3.8 3.4 3.1 2.1 2.1 2.5 3.2 4.1 4.9 4.2 3.4 3.3 3.3 1.8 2.4 1.7 1.7
嘉義
SO2
03/06 5.1 3.6 2.4 3.3 2.8 2.8 2.2 2.2 2.4 2.4 3.9 3.3 2.6 3 4.5 4.6 3.5 5.9 5 3.8 2.6 2.6 2.7 2.9
嘉義
SO2
03/07 3.8 3.3 2 1.9 1.3 1.3 1.6 1.6 1.6 1.9 1.7 1.5 1.5 2 1.5 1.5 1.5 2 1.6 1.6 2.4 2.1 2.6 1.6
嘉義
SO2
03/08 2.3 3.7 3.2 1.3 2.8 1.1 2 1.7 2.6 2 2.1 2.7# 2# 1.4 2 1.7 1.9 2.5 13 9.1 6.5 2.4 2.2 2.1
嘉義
SO2
03/09 9 4.6 2.3 1.8 1.7 1.9 2.2 3.2 3.7 3.2 4.3 3.7 2.9 2.1 2.4 3.1 15 2.9 2 2 1.9 2 2 2.1
嘉義
SO2
03/10 1.7 1.4 1.8 1.1 1 0.9 0.9 2.2 2.3 3 2.5 1.8 2.5 1.9 4.7 3.6 2.1 2.1 2.8 3.3 4.3 2.5 1.9 1.4
嘉義
SO2
03/11 3.9 4.4 2.9 3.2 3.2 2.2 2.5 3 3.2 3.9 4.8 3.8 2.8 2.5 3.2 3.8 3.1 4.4 7.2 17 15 4.5 3.3 2.9
嘉義
SO2
03/12 7 5 4.9 21 3.9 2.2 2.1 2.9 3.3 3.9 4.4 3.3 2.1 2.2 2.9 3 2.8 2.8 3.2 7.7 6.8 4.9 3.5 2.9
嘉義
SO2
03/13 2.7 1.8 1.7 1.7 1.6 1.5 1.7 2.7 7.1 3.5 3.1 2.4 2.3 3 3.3 3.1 3.5 3.4 2.9 4.4 4.3 3.2 2.6 2
嘉義
SO2
03/14 2.9 3.1 3.9 3.4 2.3 1.9 1.8 2.3 4 3.8 2.4 2.5 3 2.7 2 2.2# 4# 3.3 7.2 8.9 3.9 3.5 3.4 2.8
嘉義
SO2
03/15 2.5 2 2.9 2.3 2.6 2.1 3.1 2.8 1.8 1.9 2.6 2.9 1.7 2.3 3.5# 2.1 2.4 2.8 2.3 2 2.6 3.5 2.8 5.5
嘉義
SO2
03/16 2.9 2.9 4.8 4.2 4.7 3.3 2.9 5.2 4.7 3.3 3.1 3.2 3.4 3.3 3.5 3.4 3.2 2.7 2.8 2.8 2.7 2.6 2.9 2.9
嘉義
SO2
03/17 2.5 2.6 2.4 2.3 2.4 3.4 4.1 4.5 4.2 4.7 4.7 4.4 3.2 3.2 2.9 3.8 3.4 4.1 5.1 6 14 11 3.5 4.1
嘉義
SO2
03/18 5.2 3.3 3.9 2.8 1.8 3 3.4 3.1 3.6 4.5 4.1 4.6 3.8 2.7 2.4 2.5 3.3 4.4 4 2.4 2.2 3 3.7 5.5
嘉義
SO2
03/19 3 2.1 2.1 2.2 1.9 2.5 7.3 5.3 5.6 5.3 5.3 4 3.4 5.5 5.1 3.7 2.6 3.1 3 3.7 5.3 5.9 5.8 4
嘉義
SO2
03/20 3.9 5.3 4.4 3.3 2.5 2 2.5 3.4 4.4 4.6 4 3.4 3.1 2.6 2.4# 2.6# 3.2 3 3.1 3 3.4 3.5 3 2.2
嘉義
SO2
03/21 2.2 2.7 2.5 1.8 1.6 1.6 1.9 2.5 2.8 2.1 2.3 2.3 2.3 2.6 2.2 2.1 2.4 2.1 2.3 2.3 2.6 3.5 3.6 2.7
嘉義
SO2
03/22 2 1.7 1.3 1.6 1.3 2.4 3.7 3.7 3.6 4.2 3.1 2.6 2.6 2.3 2.2 2.1 2 2.1 4.1 9 8.2 4.6 3.5 3
嘉義
SO2
03/23 3 2.5 2.4 2.6 2.7 2.1 2.1 1.8 2 2.4 2.4 2.8 2.1 3 2.1 3.7 2 2.3 2.2 2.5 2.4 2.1 1.7 3.1
嘉義
SO2
03/24 1.8 3.8 2.3 2.4 1.9 2.1 2.7 2.3 2.1 2.9 3.1 2.3 2.1 2.2 2.4 3.6 2.5 2.5 2.2 2 2.5 2.4 2.3 1.9
嘉義
SO2
03/25 2 1.5 1.4 1.5 1.7 2.3 2 2.6 3.2 3 2.8 3.2 4.6 2.4 2.7 3.1 2.8# 2.8 2.8 4.1 3.4 9.3 3.9 3.7
嘉義
SO2
03/26 2.5 1.4 1.4 1.5 1.2 1 1.2 1 1# 1.2 1.5 1.5 4.9 4.3 3.8 2.2 2.4 2.4# 1.9 1.7 2.5 3.1 3.1 4.1
嘉義
SO2
03/27 4.6 3.7 2.8 3.3 3.2 3.6 4 3.4 2.8# 2.5 2.1 1.7 1.6 1.7 1.9 3.7 3.8 3 2.2 2.1 2.6 2.5 2.2 2.3
嘉義
SO2
03/28 2 2.2 2.2 2.1 2.2 2.3 2 2.3 2.9 2.9 3.2 3.3 3.4 2.7 2.4 2.4 2.3 2.1 2.4 2 2.3 2.7 2.6 2.8
嘉義
SO2
03/29 3.7 4.4 2.7 2.5 2 2 1.9 2.1 2.9 2.2 2.1 2.2 2 2 2.1 2.1 1.9 2.1 2.8 2.4 2.4 2.5 2.2 1.8
嘉義
SO2
03/30 2 1.3 1.3 1.5 1.5 1.7 2.1 2.5 2.2 1.9 2.2 2.4 3.5 4.7 3.7 3.1 3 2.1 2.7 3.2 3.5 3.6 2.8 2.6
嘉義
SO2
03/31 2.4 2.3 2.5 4.2 6.1 3.6 4.1 5 4.5 4.3 4.1 3.4 3 3.5 3 2.8 4 5 5.2 5.9 5.6 5.7 5.9 5.7
嘉義
SO2
監測年月：2019/04， 測站：嘉義， 測項：SO2（ppb）
嘉義
SO2
日期 00 01 02 03 04 05 06 07 08 09 10 11 12 13 14 15 16 17 18 19 20 21 22 23
嘉義
SO2
04/01 3.1 2.1 2.2 1.9 1.6 1.9 1.6 1.7 2.3 2.6 2.2 1.7 1.5 1.3# 1.5 1.5 1.7 1.6 1.7 1.9 1.8 2.3 2.4 2.3
嘉義
SO2
04/02 1.7 2 2 2.1 2.8 3 2.3 2.8 3.2 4 4.9 3.7 3.3# 2.8x 2.4x 0.6x 0.6x 0.6x 0.6x 0.6x 0.6x 0.6x 0.6x 0.6x
嘉義
SO2
04/03 0.6x 0.6x 0.6x 0.6x 0.6x 0.6x 0.6x 0.6x 0.6# 0.6x 0.6x 0.6x 0.6x 0.6# 2.5 2.3 3.5 3.3 2.3 2.2 2.4 2.7 3.1 2.6
嘉義
SO2
04/04 2.6 2.8 3.1 3.6 3.3 3.1 3.2 3.4 4.4 4.4 4 2.4 2.2 2.1 2 2.2 2.4 2.1 2 1.8 2 5.7 2.6 1.9
嘉義
SO2
04/05 1.6 2.7 3.2 2.7 2.5 3 4.2 4.1 2.7 2.8 4.7 3.4 3.6 3.3 2.9 2.7 3.3 4 4.1 4.5 4 4.7 4 4.5
嘉義
SO2
04/06 3.2 2.2 2 1.6 2 1.8 2 2.9 4.9 4.4 4.7 4.4 3.3 3.2 3.2 2.6 2.4 2.8 2.3 2 2.6 3.3 2.4 2.5
嘉義
SO2
04/07 2.1 1.8 1.6 1.5 1.5 1.5 1.3 1.7 1.9 2.4 2.2 1.8 1.7 1.7 1.9 2.2 3 2 2.3 3.3 2.3 2 2.3 2.1
嘉義
SO2
04/08 2.3 2 1.6 1.4 1.5 1.5 1.5 1.5 1.6 1.7 1.7 1.7 1.9 1.9 1.9 2 2.1 2 2 2.2 2.6 2.2 2.1 2.2
嘉義
SO2
04/09 1.9 2 1.9 1.9 2.2 2 2 2.3 3.2 2.5 2.9 3.6 3.6 2.9 2.2 2 2.2 2.4 2 2.1 2.1 2.1 2.3 3.8
嘉義
SO2
04/10 3 2.3 2 1.9 1.7 1.7 1.8 2.7 2.4 2.6 2.5 2.2 2.1 2 1.9 1.8 1.8 1.8 2 3.1 4.1 2.7 3.4 2.2
嘉義
SO2
04/11 3 1.7 4.2 3.4 2.2 2.2 1.9 2.3 3.5 2.9 2.8 2.4 2.5 2 1.7 1.5 2.1 2.1 2.2 2.6 3.4 1.8 1.8 2.2
嘉義
SO2
04/12 3.2 3.4 2.3 2.5 2.3 2.4 2.5 2.3 2.6 2.4 2.4 2.6 3.8 5.2 4.6 3.9 3.8 6.5 7.5 6.2 4.2 4.2 4.6 4.6
嘉義
SO2
04/13 2.9 1.6 1.7 2.6 2.4 2.7 2.8 3.4 3.1 2.9 3.4 2.7 2.5 2.3 3.3 2.5 3.8 2.9 2.4 3.4 2.5 2.3 2.4 2.1
嘉義
SO2
04/14 2.2 2.8 3.2 3.1 3.3 2.3 2.7 2.5 2.7 3.3 3.2 3.8 3.7 2.7 2.3 2.6 3 3.5 7.2 5.2 3.1 4 2.6 4.3
嘉義
SO2
04/15 4 1.8 1.4 1.7 1.8 2.3 2.3 2 2.9 3.5 2.4 2.4 2.3 2.2 3.1 3.4 2.9 2.5 2.5 3.9 4.3 2.9 2.8 2.6
嘉義
SO2
04/16 4 4.7 4.4 7.2 3.1 3 2.2 2.3 2 2 2.2 2.1 2.2 2.5 1.9 1.9 1.9 2.2 2 2.3 3 2.6 3.2 3.5
嘉義
SO2
04/17 2.3 1.8 2.5 2.9 2.6 2 1.3 1.5 1.7 1.2 1.2 1.3 1.4# 2 1.9 2.5# 2.4# 2.2 1.9 1.8 2 2.1 2.3 2.1
嘉義
SO2
04/18 0.7 2.5 2.8 2.9 4.2 4.7 7.2 6.8 6.7 5.9 4.5 3.8 3.5 2.9 3.7 5.1 2.9 2.6 2.5 2.5 3.6 5.3 2.5 2.3
嘉義
SO2
04/19 3 2.3 2.8 3.3 1.9 1.2 2 2.1 3 3.2 2.4 1.5 1.7 1.9 2.1 1.1 1 1 1.8 2.7 2.2 1.6 1.4 1
嘉義
SO2
04/20 1.3 1 1.1 1 2.1 2.3 1.8 1.6 1.3 3.2 1.5 1.2 2 1.7 1.7 1.8 1.5 1.8 2.1 1.8 1.8 1.8 1.5 1.4
嘉義
SO2
04/21 1.5 1.6 2 1.9 1.8 1.4 1.5 1.6 1.5 1.4 1 1 1.1 0.9 0.9 1.3 1.3 1.5 1.1 1.2 1.2 1 1.2 0.9
嘉義
SO2
04/22 1.4 1.4 1.2 1.1 1.1 1.2 1.1 1.4 2.2 1.5 1.5 1.4 1.8 1.6 1.6 1.4 1.7 1.5 1.4 1.6 1.4 1.3 1.5 1.2
嘉義
SO2
04/23 1.5 1.5 1.6 1.6 1.5 1.4 1.4 1.6 1.8 1.4 1.3 1.4 1.2 1.3 1.2 1.3 1.3 1.4 1.3 1.3 1.3 1.7 1.3 1.2
嘉義
SO2
04/24 1.2 1.7 1.6 1.5 1.4 1.5 1.8 2.9 3.1 2.2 1.9 1.7 1.2 0.4x 0.4x 0.4x 0.4x 0.4x 0.4x 0.4x 0.4x 0.4x 0.4x 0.4x
嘉義
SO2
04/25 0.4x 0.4x 0.4x 0.4x 0.4x 0.4x 0.4x 0.4x 0.4# 0.4# 0.4# 2.7# 2.4 2.3 2.3 NA 2.1 2.2 2.6 2.6 2.5 2.7 2.9 3.3
嘉義
SO2
04/26 3 1.4 1.2 1.1 1 1.1 1 1.6 2.2 1.7 1.7 1.5 1.6 1.6 1.5 2 2.2 2 1.6 1.5 1.4 1.9 2 1.9
嘉義
SO2
04/27 3.1 2.1 2.8 2.5 1.8 1.5 1.5 3 3.1 2.2 2.8 3.3 2.7 2.8 3.1 3 2.8 2.3 2.7 3 3.9 4.5 3.1 4.8
嘉義
SO2
04/28 6.2 3.1 2.5 2 2.1 2.4 3.3 3.2 2.5 3.5 3.4 2.5 2.2A 0.6x 0.6x 0.6x 0.6x 0.6x 0.6x 0.6x 0.6x 0.6x 0.6x 0.6x
嘉義
SO2
04/29 0.6# NA NA NA NA NA NA NA NA NA NA NA 3.6x 3.6# 1.7# 2.1x 2.2x 2.6x 1.5x -1.7* -1.7* -1.7* -1.7* -1.7#
嘉義
SO2
04/30 -1.7# -1.7* -1.7* -1.7* -1.7* -1.7* -1.7* -1.7* -1.7* -1.7* -1.7A -1.7* -1.7* -1.7# NA 1.3# 1 1.1 1.1 1.1 2.7 1.1 1.1 0.9
嘉義
SO2
監測年月：2019/05， 測站：嘉義， 測項：SO2（ppb）
嘉義
SO2
日期 00 01 02 03 04 05 06 07 08 09 10 11 12 13 14 15 16 17 18 19 20 21 22 23
嘉義
SO2
05/01 3.1 1.2 0.7 0.6 0.7 2 0.7 0.6 0.8 0.9 0.8 0.9 1.4 1.4 1.2 1.6 1.4 1.6 1.2 1.4 1.4 1.4 1.8 1.9
嘉義
SO2
05/02 1.4 1.6 1.6 1.6 1.6 1.8 2.1 2.1 2.5 2.8 2.9 2.7 2.9 5 4.9 3.3 2.3 2 1.9 1.5 1.4 1.4 2.8 2.6
嘉義
SO2
05/03 2.1 1.4 1.6 1.4 1.6 1.5 1.5 1.5 1.4 2.1 2 2.1 2 1.7 1.6 1.5 1.4 1.6 1.9 3.3 2.7 2.2 2.5 3.1
嘉義
SO2
05/04 2.8 3.3 2.7 3 1.9 1.8 1.9 1.8 1.7 1.9 2.3 2.5 2.5 2.2 1.9 1.8 1.9 2 2.2 2.3 2.2 1.9 2.3 2.7
嘉義
SO2
05/05 2.1 2.1 1.4 3.3 1.7 1.4 1.7 2 2.5 2.4 4.4 3 2.7 2.2 2.2 2.3 3 3.4 2.4 4.9 1.7 1.7 1.7 1.7
嘉義
SO2
05/06 1.4 1.2 1.4 1.8 3.6 3.6 1.7 1.5 1.4 1.8 1.5 1.6 1.7 1.5 1.7 1.5 1.4 1.5 1.5 1.5 1.4 1.2 1.6 3.5
嘉義
SO2
05/07 2.3 2.2 2.6 2.2 2.1 2.5 2.6 2.3 1.9 2.4 2.6 2.3 2.5 2.5 2.4 2.6 2.6 2.6 2.6 2.2 2.7 2.6 2.6 2.5
嘉義
SO2
05/08 2.5 1.4 1.7 1.6 1.5 1.5 1.7 2.4 1.7 2.1 1.4 1.2 1.5 3 3.9# 2.9 4.3 5.5 6.1 5.3 3.5 7.6 13 4
嘉義
SO2
05/09 2.8 2 1.9 1.6 1.4 2.8 2 1.3 2.1 5.7 1.6 2 1.9 2 2.7 2.4 3.9 3.1 5.8 14 2.2 2.2 1.2 1.1
嘉義
SO2
05/10 1.5 3.1 1.3 1.1 1.2 1.2 1.9 1.5 2 1.8 2.6 1.9 2.1 2.8 3 3.3 3.5 3.3 3.3 2.3 6.6 6.6 7.1 2.7
嘉義
SO2
05/11 2.1 3.3 5 8.9 6.1 2.9 1.8 6.1 5.5 3.4 1.9 2.1 2.4 3.2 2.7 3.6 3.2 2.5 4.3 2.9 7.4 6.8 5 3.9
嘉義
SO2
05/12 3.5 2.5 2.9 3.8 3 2 1.8 1.9 2 1.9 1.8 1.6 1.8 2.8 2.6 2.3 2.6 2.1 2 1.5 2.4 2.3 2.9 1.9
嘉義
SO2
05/13 1 1.7 1.6 1.5 1.4 1.3 1.4 1.4 1.8 1.8 1.9 1.8 2.1 3.1 2.9 2.8 2.1 2.1 1.6 1.9 2.1 1.8 3.2 2.1
嘉義
SO2
05/14 2 1.5 1.5 1.5 1.5 1.5 1.6 2.3 2.2 2 1.7 1.6 1.6 1.6 1.7 1.7 1.6 1.7 2.4 2.1 1.6 1.5 1.7 2.1
嘉義
SO2
05/15 1.7 2.8 2.6 2.5 2.2 1.6 1.3 1.3 1.6 1.9 2.6 1.9 1.3 1.1 2.1 1.8 1.3 1.8 2.4 2.2 3 2 1.9 3.8
嘉義
SO2
05/16 4.7 1.6 1.4 1.3 1.5 1.4 1.5 2.3 1.9 2.2 2 1.9 2.7 1.7 1.6 1.6 1.6 1.7 1.5 1.7 1.6 2.3 3.7 2.1
嘉義
SO2
05/17 2.2 1.2 1.1 1.1 1.2 1.4 1.3 2.1 1.7 1.5 1.5 1.4 1.3# 1.3 1.2 1.4 1.4 1.5 1.5 1.5 2.1 1.8 1.6 1.4
嘉義
SO2
05/18 1.1 1 0.9 1.5 0.8 0.8 1.1 1.2 1.1 1 1 1.2 1 1.2 0.9 1 1 1 1.6 1 1.7 1.2 1.3 0.8
嘉義
SO2
05/19 1.1 1.3 1.7 2.4 1.3 1.3 1.4 1.6 1.4 1.3 1.3 1.9 1.6 1.3 1.2 1.3 1.3 2.4 2.3 1.3 1.3 2.3 3.2 1.5
嘉義
SO2
05/20 0.9 1.4 1.3 1.3 1.4 1.5 1.3 1.8 1.7 1.5 2.2 2.6 1.7 1.4 1.2 1.2 1.8 2 1.8 1.8 2.1 2.1 1.9 2.1
嘉義
SO2
05/21 2.1 2.4 2.1 1.8 1.8 1.7 5.1 2.5 4.5 2.3 2.4 2.2 2.6 2.8 2.3 2.6 2.3 2.5 3.8 4.3 3.4 4.1 3 2.4
嘉義
SO2
05/22 2.5 2 2.6 2.1 2.4 2.9 2.7 4.5 2.6 2.5 2 2.8 2.9 2.6 2.2 3.6 3 2.5 4 3.5 4 5.1 3.7 3
嘉義
SO2
05/23 2.5 3.1 3.1 3.5 3.8 4.1 2.9 2.2 2.3 2.6 2.2 1.9 1.7 1.8 1.9 2.1 2.5 2.3 3.5 5.5 2.8 3.5 6.2 7.7
嘉義
SO2
05/24 4.9 2.8 1.9 1.3 1.3 1.1 1 1.2 2 3.5 2.7 2.1 1.8 1.8 1.9 2.4 2.3 2.4 2.1 2.2 1.8 2.4 1.3 1.2
嘉義
SO2
05/25 1.1 1.5 1.5 1.3 1.5 1.5 2.2 4.5 4.6 3.8 2.7 2.3 3.6 3.7 3.8 2.4 1.8 2 2.1 1.9 1.9 2.6 3.8 3
嘉義
SO2
05/26 3.3 2.3 2.7 3.3 2.6 1.6 1.7 5.5 5.9 3.5 2.6 2.3 2.3 2.1 1.9 1.8 2.3 3.4 4.4 4.4 4.6 4.5 5.3 3.3
嘉義
SO2
05/27 3.8 3.5 2 2 2.3 2.1 2.2 3.1 3.4 2.7 2.6 2.1 1.3# 1.4x 1.5# 1.4 1.3 1.4 2 2.4 2.1 1.7 1.5 1.5
嘉義
SO2
05/28 1.4 1.7 1.2 1.2 1 1.2 1.2 1.5 2.4 1.7 1.4 1.7 2.4 1.5 1.4 1.4 1.8 1.7 2 3.4 6.2 7.2 5.9 3.6
嘉義
SO2
05/29 4.6 5.4 4.4 3.5 2.4 2.2 2.4 2.4 2.2 2.1 2.9 2.5 2.3 2.3 2.2 3.6 4.2 4.7 3.2 2.9 2.8 3.1 2.8 3.1
嘉義
SO2
05/30 2.7 2.6 2.7 2.8 3.1 3 3.1 2.7 3.1 2.7 2.3 2.4 2.3 4.1 3.4 2.6 2.4 2.8 2.7 2.4 2.3 2.9 2.3 2