



嘉義
NO2
01/01 22 24 22 23 23 20 18 18 16 13 12 12 12 9.9 11 14 18 19 20 21 22 19 17 20
嘉義
NO2
01/02 20 17 20 18 17 17 19 23 21 23 25 22 25 25 24 24 27 35 32 28 30 33 29 25
嘉義
NO2
01/03 22 23 21 21 22 22 21 22 22 19 21 20 20 18 18 25 23 29 35 31 29 27 24 24
嘉義
NO2
01/04 25 27 24 23 20 18 17 16 17 23 17 12 11 11 12 11 18 20 20 20 20 28 32 29
嘉義
NO2
01/05 29 25 25 23 22 23 23 24 27 26 23 21 14 11 15 22 20 26 26 31 27 29 31 31
嘉義
NO2
01/06 31 28 26 23 18 15 16 16 14 14 14 15 13 12 12 12 14 20 22 19 20 20 17 17
嘉義
NO2
01/07 18 19 17 20 20 20 21 20 21 23 24 22 16 13 14 14 21 29 30 24 18 17 14 14
嘉義
NO2
01/08 18 15 15 11 12 14 13 16 18 17 17 15 15 16 17 18 24 28 26 26 24 23 20 19
嘉義
NO2
01/09 19 18 19 22 22 23 21 22 20 20 21 19 16 15 18 19 21 27 31 30 24 25 26 23
嘉義
NO2
01/10 24 22 22 23 22 23 23 25 27 29 24 22# 15# 16 16 16 19 22 32 27 26 25 23 22
嘉義
NO2
01/11 20 21 20 21 19 20 24 25 25 27 29 24 17 16 15 16 23 29 26 31 31 32 30 25
嘉義
NO2
01/12 14 9 10 19 23 20 20 19 20 25 22 21 19 13 9.7 9.3 13 19 22 29 31 28 27 27
嘉義
NO2
01/13 26 23 24 24 21 18 19 17 16 14 15 13 11 12 14 14 17 22 20 20 21 20 18 19
嘉義
NO2
01/14 20 20 16 15 15 15 18 21 19 21 23 19 16 16 16 18# 25 28 29 29 28 25 26 26
嘉義
NO2
01/15 21 17 13 14 13 15 15 18 20 25 24 22 17 16# 1.9# 18* 21 28 23 17 15 15 15 15
嘉義
NO2
01/16 13 12 10 9.5 10 10 11 18 19# 22 23 25 23 21 22 23 24 27 28 28 25 29 19 14
嘉義
NO2
01/17 14 13 12 11 11 9.7 13 19 19 20 19 18 18 16 19# 17# 21 24 25 23 23 21 21 19
嘉義
NO2
01/18 19 17 15 16 19 19 25 25 20 13 12 13 13 9.5 11 12 17 18 18 18 16 17 15 14
嘉義
NO2
01/19 16 16 15 17 18 15 11 20 23 24 23 20 22 19 16 10 14 25 38 38 37 37 30 27
嘉義
NO2
01/20 24 26 24 29 27 28 27 24 27 23 25 23 18 19 18 19 20 24 28 25 23 23 24 18
嘉義
NO2
01/21 16 13 10 8.3 8 8.9 11 19 22 22 24 23 23 22 21 20 18 19 21 18 18 19 18 15
嘉義
NO2
01/22 14 11 11 10 9.3 8.1 9.7 16 18 22 24 20 20 18 19 19 21 28 32 28 25 24 23 27
嘉義
NO2
01/23 31 23 20 25 24 27 31 29 28 27 25 25 16 14 15 15 18 25 32 29 26 31 24 26
嘉義
NO2
01/24 25 25 22 27 27 26 30 28 30 29# 32x 28# 23 14 13 15 23 27 32 36 29 28 30 29
嘉義
NO2
01/25 29 25 20 17 20 25 29 25 29 32 33 30 21 13 10 11 15 30 34 32 33 31 26 27
嘉義
NO2
01/26 25 25 23 22 21 28 27 21 19 16 16 17 14 13 15 15 18 21 22 21 17 15 13 12
嘉義
NO2
01/27 11 11 10 8.9 8.9 9.3 12 16 15 15 15 14 14 12 12 13 14 19 23 26 25 27 30 30
嘉義
NO2
01/28 27 26 23 23 23 21 25 24 23 31 33 29 15 13 16 16 18 23 28 31 36 39 40 32
嘉義
NO2
01/29 26 20 30 32 27 24 27 29 25 34 40 33 16 14 11 13 14 18 25 28 27 28 31 32
嘉義
NO2
01/30 28 29 26 17 20 22 26 27 25 26 27 30 16 13 11 12 13 24 40 44 44 20 18 17
嘉義
NO2
01/31 15 10 7.9 6.5 6.3 6.9 16 33 35 25 16 19 15 12 8.1 9.2 13 19 25 27 27 28 26 21
嘉義
NO2
監測年月：2019/02， 測站：嘉義， 測項：NO2（ppb）
嘉義
NO2
日期 00 01 02 03 04 05 06 07 08 09 10 11 12 13 14 15 16 17 18 19 20 21 22 23
嘉義
NO2
02/01 22 16 15 13 12 12 13 19 19 17 16 18 20 17 18 21 28 29 29 31 36 34 32 32
嘉義
NO2
02/02 29 28 28 29 32 31 28 24 29 27 28 18 12 11 10 11 16 19 16 16 17 20 20 14
嘉義
NO2
02/03 15 19 22 19 15 11 12 27 28 13 6.1 4.2 3.6 3.8 5.8 4.5 5.4 7.5 12 26 23 23 23 19
嘉義
NO2
02/04 13 12 11 13 13 16 14 15 14 11# 15 16 11# 12 10 15 18 19 21 20 15 13 13 15
嘉義
NO2
02/05 15 12 11 11 12 12 9.6 11 13 14 12 10 7.6 7 5.4 5.7 8.2 9.1 10 12 11 8.3 8.8 12
嘉義
NO2
02/06 12 9.3 9.2 11 12 15 15 14 12 12 11 13 11 7.3 6.6 6.8 7.8 9.7 10 12 14 18 20 20
嘉義
NO2
02/07 15 11 9.5 7.8 9.7 9 12 15 15 8.6 5.1 4.4 3.8 4.6 5 5.7 6.8 9.4 13 17 16 17 21 15
嘉義
NO2
02/08 19 17 15 10 8.8 9 10 11 9.6 11 10 9.9 8.2 7.8 8.1 6.8 8 11 13 16 16 11 14 14
嘉義
NO2
02/09 15 13 11 13 17 18 19 15 15 14 16 12 9.9 9 14 16 21 22 26 16 19 18 16 16
嘉義
NO2
02/10 15 11 11 12 12 12 14 14 15 12 13 13 11 8.9 9.3 9.4 17 18 19 21 17 17 19 19
嘉義
NO2
02/11 19 15 15 14 14 13 15 15 15 15 15 14 14 13 14 14 19 19 22 22 23 24 23 22
嘉義
NO2
02/12 21 24 20 23 22 22 23 20 20 18 16 15 14 13 10 8.7# 13 13 16 22 18 16 19 15
嘉義
NO2
02/13 15 16 17 25 25 24 25 22 21 21 18 15 11 8.2 8 11 18 26 25 29 27 23 22 22
嘉義
NO2
02/14 21 22 22 21 21 20 24 27 24 20 17 15 13 11 9.7 10 15 19 29 32 28 28 27 26
嘉義
NO2
02/15 25 20 20 21 22 24 24 22 23 22 21 16 8.8 5.6 7.3 12 23 23 19 24 24 20 19 15
嘉義
NO2
02/16 13 14 16 24 29 31 30 24 23 22 19 17 10 9.3 9 11 14 22 19 21 24 24 22 21
嘉義
NO2
02/17 20 15 15 12 12 13 14 14 12 13 13 12 9.2 9.8 8.2 9.2 13 16 20 23 18 15 13 14
嘉義
NO2
02/18 16 14 14 14 17 20 20 19 22 18 23 19 14 13 11 12 14 18 19 14 18 29 31 28
嘉義
NO2
02/19 22 13 8.9 9.8 15 16 19 19 21 19 18 22 24 14# 16x 14# 17 19 17 17 19 19 29 32
嘉義
NO2
02/20 30 18 18 9.8 9.8 16 24 23 26 20 13 12 9.9 9 18 14 18 19 20 18 19 19 25 31
嘉義
NO2
02/21 32 27 25 25 22 20 20 17 18 17 19 16 12 11 8.2 9.5 11 16 23 18 16 19 22 19
嘉義
NO2
02/22 16 16 15 16 16 15 14 15 17 18 20 18 14 8.4 7.6 9.1 13 18 20 22 20 21 21 19
嘉義
NO2
02/23 17 14 12 11 9.9 10 14 19 19 15 13 14 16 17 16 18 25 25 30 23 23 26 25 24
嘉義
NO2
02/24 23 20 16 11 13 15 16 17 18 16 17 17 19 14 12 13 18 22 22 23 21 20 18 19
嘉義
NO2
02/25 19 15 14 8.7 9.2 10 12 20 16 13 13 13 11 10 11 11 14 17 19 20 21 23 21 20
嘉義
NO2
02/26 20 20 14 13 16 19 24 24 24 20 23 14 11 12 14 14 17 17 17 16 15 16 17 11
嘉義
NO2
02/27 9.4 11 9.8 13 16 13 15 15 18 18 16 16 15 12 10 9 11 15 22 21 19 18 16 12
嘉義
NO2
02/28 12 9.9 11 13 14 20 19 21 22 18 14 10 9.3 7.8 9.7 9.4 10 12 15 21 20 22 23 23
嘉義
NO2
監測年月：2019/03， 測站：嘉義， 測項：NO2（ppb）
嘉義
NO2
日期 00 01 02 03 04 05 06 07 08 09 10 11 12 13 14 15 16 17 18 19 20 21 22 23
嘉義
NO2
03/01 24 24 19 18 17 16 19 19 16 17 16 14 9.8 7.4 7 6.9 9.7 12 15 21 24 23 18 15
嘉義
NO2
03/02 14 12 12 10 12 13 14 15 12 12 12 15 13 10 10 11 12 10 15 16 19 16 18 21
嘉義
NO2
03/03 20 10 8.8 7.4 6.6 7.4 13 11 11 5.3 4.7 4.9 10 11 10 12 12 16 21 12 25 26 23 21
嘉義
NO2
03/04 22 15 12 13 13 13 15 18 17 13 16 11 11 11 9.3 8.7 12 14 19 22 23 31 33 26
嘉義
NO2
03/05 31 21 21 31 31 33 32 27 25 14 10 9.1 11 13 13 15 25 23 19 17 14 13 13 11
嘉義
NO2
03/06 14 8.9 8.1 11 12 12 11 16 14 10 12 9.8 9.3 9.8 14 16 18 23 20 18 16 16 17 17
嘉義
NO2
03/07 18 17 14 9.6 9.6 11 14 16 18 24 26 25 27 26 24 31 34 39 27 26 28 24 18 18
嘉義
NO2
03/08 17 12 13 13 13 11 16 24 27 25 25 24# 26# 18 17 18# 23 26 36 34 28 27 26 28
嘉義
NO2
03/09 27 21 20 19 17 18 17 18 20 23 23 20 18 13 16 16 21 24 26 28 25 27 22 18
嘉義
NO2
03/10 16 9.7 7.1 3.4 3.8 4.6 6.1 17 17 15 13 8.7 11 9.5 14 17 20 25 27 25 26 21 20 17
嘉義
NO2
03/11 16 17 16 15 17 19 21 20 22 23 23 22 17 19 25 23 28 40 43 47 43 37 35 35
嘉義
NO2
03/12 33 32 30 29 26 17 15 20 23 23 14 7.9 6.9 7.1 10 11 14 17 22 29 26 21 23 15
嘉義
NO2
03/13 13 11 9.3 7.9 7.4 9.8 14 28 29 14 9.2 9.5 9 8.8 10 11 14 18 20 20 20 23 27 15
嘉義
NO2
03/14 23 18 14 13 12 11 15 19 20 15 12 12 10 9.2 7.4# 7.7# 11 16 28 32 21 17 11 12
嘉義
NO2
03/15 11 13 12 9.3 8.3 10 13 19 17 15 13 17 13 12# 16# 18 23 28 27 28 30 35 32 32
嘉義
NO2
03/16 28 23 27 22 20 18 21 26 20 13 9.2 12 15 15 13 14 13 17 24 19 25 32 31 20
嘉義
NO2
03/17 17 18 15 13 18 17 21 19 15 13 11 11 11 11 11 12 12 17 22 19 20 15 12 14
嘉義
NO2
03/18 12 15 12 11 9.1 13 16 20 20 18 23 21 18 13 11 12 12 18 16 17 17 33 32 23
嘉義
NO2
03/19 19 14 17 14 9.3 14 25 24 25 21 20 16 12 11 11 9.2 11 18 22 20 22 30 26 23
嘉義
NO2
03/20 16 12 15 12 15 13 15 20 20 18 12 8.7 10 9.4 9.4# 8# 12 13 17 18 19 18 21 16
嘉義
NO2
03/21 16 16 15 11 8.4 8.9 11 16 13 7.2 6.3 6.2 6.7 6.6 7.1 6.5 8.3 10 9.6 10 12 15 16 13
嘉義
NO2
03/22 12 11 9.1 10 11 14 16 17 14 17 13 9.1 7.8 7.2 8.1 8.6 9.6 13 20 29 30 22 20 18
嘉義
NO2
03/23 15 17 13 13 14 12 13 14 16 18 18 21 17 20 20 21 18 24 21 23 18 14 12 12
嘉義
NO2
03/24 11 11 9 9.1 8.7 10 10 11 15 17 20 20 18 20 20 19 18 20 26 20 29 26 23 18
嘉義
NO2
03/25 15 10 10 12 16 15 13 18 20 24 15 22 26 16 25 27 29# 33 39 39 38 42 39 34
嘉義
NO2
03/26 29 22 20 22 19 19 21 19 21 19 16 11 14 11 11 8.9 13 16 20 20 25 22 24 22
嘉義
NO2
03/27 20 17 15 18 21 21 21 20 18 17 12 9.5 8.1 7.8 8.5 10 16 12 12 13 14 19 20 18
嘉義
NO2
03/28 16 8.8 10 10 11 11 11 15 13 10 7.3 8 9 8 6.8 7.1 8.7 12 13 9.7 12 13 13 15
嘉義
NO2
03/29 12 9.3 7.3 8.3 7 7.6 8.5 13 8.7 5.6 5.8 5.7 5.1 4.6 5 6.1 6 8.3 11 9.1 9.9 11 8.4 7.5
嘉義
NO2
03/30 7.5 7.4 9.7 10 10 13 14 14 12 13 14 11 10 11 7.2 7.3 8.6 9.7 12 16 19 23 18 14
嘉義
NO2
03/31 12 12 13 13 17 11 16 16 14 13 12 8.4 6.5 6.7 7.8 8.6 13 17 20 24 23 22 21 17
嘉義
NO2
監測年月：2019/04， 測站：嘉義， 測項：NO2（ppb）
嘉義
NO2
日期 00 01 02 03 04 05 06 07 08 09 10 11 12 13 14 15 16 17 18 19 20 21 22 23
嘉義
NO2
04/01 13 11 12 11 9.3 11 11 14 22 25 24 22 19 16# 22 22 24 25 23 25 24 26 25 23
嘉義
NO2
04/02 18 15 18 20 21 20 15 17 21 20 15 9.9 8.3# 6.5 7.5 11 13 14 19 21 22 29 27 23
嘉義
NO2
04/03 17 15 15 10 11 13 16 16 13 13 13 11 11 11 9.7 11 16 16 17 15 16 18 19 14
嘉義
NO2
04/04 15 16 19 21 23 19 15 15 19 17 13 8.3 6.4 6.2 7.2 7.4 9.4 10 12 10 13 14 12 12
嘉義
NO2
04/05 12 13 13 12 13 12 13 11 11 12 13 12 11 11 10 7.9 9.6 11 15 16 17 26 21 19
嘉義
NO2
04/06 16 13 11 9.8 11 11 12 12 13 9.4 8.7 7.7 6.9 6.2 6.7 6 6.3 7.5 11 10 14 15 17 20
嘉義
NO2
04/07 17 13 12 9.9 9.5 8.2 8.3 11 6.6 6.6 7 6.3 5.7 5.7 6.6 7.3 8.9 10 12 16 12 14 14 12
嘉義
NO2
04/08 12 8.5 7.2 6.4 5.9 6.7 8.4 12 12 7.8 8.1 6.2 5.1 5.5 6.5 6.9 8.1 10 9 7.9 9.5 13 12 8.4
嘉義
NO2
04/09 10 7.3 8.1 8.9 8.3 8.9 13 17 13 7.4 6 6.8 8.3 7.1 5.5 5.1 6 8.8 9.1 7.8 8.8 9.8 10 12
嘉義
NO2
04/10 12 10 10 8.6 7 8 9.5 9.6 7.4 8.5 9.3 4.5 4.4 4 4.6 4.6 5.1 6.5 8.6 14 13 9.9 11 9.2
嘉義
NO2
04/11 7.4 7.7 10 11 10 10 9 9 9.2 6.7 6.3 5.4 6.5 5.5 6.3 6.1 11 12 15 19 21 15 16 20
嘉義
NO2
04/12 20 11 9.2 9 9.5 11 12 13 14 16 11 7.4 8.5 11 11 12 15 20 23 24 22 21 18 20
嘉義
NO2
04/13 15 9.8 13 18 16 18 15 17 17 15 13 9.2 9.7 7.9 7.8 8.6 14 17 19 21 18 16 16 16
嘉義
NO2
04/14 19 19 16 12 8.7 10 12 12 13 11 10 7.8 5.9 4.9 5.7 5.2 6.4 9.9 17 14 12 14 10 11
嘉義
NO2
04/15 11 9.3 7.5 6.9 6.9 8.7 12 19 17 20 14 12 11 12 15 17 22 23 24 24 28 27 28 28
嘉義
NO2
04/16 28 23 17 14 12 11 11 19 22 20 24 19 20 18 15 18 19 22 29 33 32 31 32 24
嘉義
NO2
04/17 19 20 16 12 10 11 11 16 13 13 12 11 8.8# 7.4x 8.6# 8.6 10 12 14 11 15 16 16 12
嘉義
NO2
04/18 10 11 13 12 12 13 17 15 14 12 9.2 8 7.3 6.4 9.9 13 9.7 9.4 11 15 21 25 18 17
嘉義
NO2
04/19 17 10 10 15 12 5.1 8 19 20 20 11 5.6 7.4 8.4 9.1 8.7 7.9 13 23 20 22 17 18 10
嘉義
NO2
04/20 12 8.6 8.4 12 18 16 17 12 19 17 12 10 15 10 9.9 9.3 11 16 20 24 18 18 21 18
嘉義
NO2
04/21 11 9.4 9.5 11 13 9.2 12 14 12 9.9 8.9 5.9 4 3.4 5 8.1 8.3 9 8 9.8 13 12 16 11
嘉義
NO2
04/22 9.9 6.3 6.8 5.5 6.1 6.5 9.7 11 8.1 5.5 5.4 4.7 5.4 5.2 5.1 6.3 6.8 8.3 8.4 8.7 8.7 7.2 7.6 6.6
嘉義
NO2
04/23 5.6 5.5 8.1 9.3 9 10 9.1 8.4 6.6 7 5.7 5.5 4.4 4 5.7 5.4 5.9 6.5 8 8.1 8.3 9.6 8.3 7.2
嘉義
NO2
04/24 7.6 6.3 6 5.7 6.2 9 12 12 8.7 7.3 7 4.4 4.1 4.2 5.7 5.5 5.3 6.1 8.9 10 11 11 11 9.4
嘉義
NO2
04/25 8.6 9.2 9.4 8.9 7.3 7 10 8.8 6.7 4.8 6.1 6.2 4.4 4 3.8 NA 4.8 6.1 11 13 14 17 18 13
嘉義
NO2
04/26 9 6.3 6.3 6.2 5.9 7.2 8.3 11 6.8 5.1 4.6 3.7 5 4.2 4.6 5.5 8.8 9.3 13 13 12 18 15 14
嘉義
NO2
04/27 15 11 14 16 11 9 8.6 20 16 10 12 9.6 9.3 10 8.6 8.8 9.4 11 13 15 16 16 15 11
嘉義
NO2
04/28 12 13 12 11 14 16 15 13 11 11 9.9 8.6 7.9 7.2 7.5 7.1 7.7 8.5 12 12 12 17 17 16
嘉義
NO2
04/29 15 13 9.8 8.9 7.6 8.2 8.4 9 8.5 7.3# 5.8 5.4 5.3 4.4 5 5# 5.9 8.9 7.7 8.9 11 10 11 9.6
嘉義
NO2
04/30 9.5 9.7 11 8.9 7.7 8.7 8.2 6.2 5.8 4.9 4.2 5.1 3.9 3.7# 3.4 3.6 3.9 5.3 7 7.1 9.8 7.4 7.4 8
嘉義
NO2
監測年月：2019/05， 測站：嘉義， 測項：NO2（ppb）
嘉義
NO2
日期 00 01 02 03 04 05 06 07 08 09 10 11 12 13 14 15 16 17 18 19 20 21 22 23
嘉義
NO2
05/01 8.1 6.3 2.8 3.3 3 4.4 6.1 8.9 14 9.8 7.3 7.1 10 12 10 12 12 21 22 18 19 18 17 17
嘉義
NO2
05/02 18 14 13 15 15 17 18 19 22 20 20 18 18 22 25# 26 22 22 30 24 19 19 17 20
嘉義
NO2
05/03 15 8.5 9.6 8.8 14 18 20 19 19 16 15 26 25 25 22 17 10 12 14 23 25 29 22 18
嘉義
NO2
05/04 17 21 16 12 5.7 5.3 6.5 9.1 6.8 7.4 6.1 5.8 7.1 7.3 6.7 6.3 6 7.1 8.6 13 15 14 12 8.9
嘉義
NO2
05/05 10 9.9 8.6 11 8.2 7.1 8.8 13 12 8.9 7.9 8.6 9.3 10 9.3 9 8.6 13 15 15 11 9.6 7.4 8.2
嘉義
NO2
05/06 8.2 7.2 7.2 9.1 11 9.9 11 16 19 18 18 18 16 17 15 14 14 19 27 25 20 19 20 18
嘉義
NO2
05/07 14 13 13 14 13 13 16 20 17# 18 18 16 20 16 21 19 22 21 21 21 23 19 18 19
嘉義
NO2
05/08 17 15 17 17 16 14 18 21 20 16 11 6.8 14 14 13# 11 18 24 27 28 29 34 26 21
嘉義
NO2
05/09 18 18 19 17 18 19 17 18 19 24 19 18 11 7.2 9.9 13 17 18 24 30 23 21 15 15
嘉義
NO2
05/10 17 16 10 6.5 6.9 6.1 12 14 18 16 11 9 11 10 12 13 15 16 26 20 18 19 17 13
嘉義
NO2
05/11 12 16 24 21 18 17 14 15 14 14 9.6 8 7.5 7.2 6.4 6.6 7.4 9.6 14 16 20 20 18 17
嘉義
NO2
05/12 15 15 13 11 12 11 12 10 9.1 9.1 7.2 4.5 4.4 6 6 5.9 8.4 9.3 9.8 11 11 12 14 14
嘉義
NO2
05/13 12 12 8.2 8.5 7.9 5.6 7 9.2 9 7.2 5.9 4.5 5.2 6.2 6.7 6.7 8.3 8.8 9.4 13 19 18 16 14
嘉義
NO2
05/14 11 7.9 7.7 6.6 4.8 6.5 11 12 7.5 5.3 4.8 4.4 4.4 3.9 4.7 4.7 6.4 6.1 9.9 7.4 8.2 9.3 12 10
嘉義
NO2
05/15 7.7 9.9 9.1 10 9.8 9.1 6.8 6.8 8 6.7 7.7 6.8 7.9 6.6 7.8 5.9 5.5 7.9 12 18 15 14 13 11
嘉義
NO2
05/16 10 9.2 7.8 5.3 5.6 6.6 7.5 7.5 5.9 7.8 6.4 4.9 5.8 4 5 4.4 4.9 7.8 7.9 9.6 8.9 9.4 9.2 7.2
嘉義
NO2
05/17 7.2 6.9 6.1 5.7 5.7 5.9 8.2 12 9.6 5.9 5 4.8 3# 4.3 3.7 4.6 6.1 8.8 10 11 12 8.8 6.9 6.4
嘉義
NO2
05/18 5 5.5 4.6 4.9 3.2 3.4 6.1 8.6 7.5 5.5 3.3 3.5 3.3 3.9 3.7 3.7 4.4 5.8 7.8 10 7.6 7.1 4.8 5.3
嘉義
NO2
05/19 5 6.2 5 5.7 5.9 6.7 7.2 7.3 4.5 3.5 3.7 4.4 3.5 3.4 2.8 2.5 3.2 4.8 7.5 9.1 11 11 8 9.1
嘉義
NO2
05/20 6.8 5 4.2 4.6 4.3 4.9 6.2 8.6 5.1 4.7 6.9 6.7 6 5.9 6.4 6.6 12 21 20 21 24 23 21 17
嘉義
NO2
05/21 16 17 17 15 13 14 16 15 16 17 16 16 18 14 13 14 18 15 25 25 23 22 20 16
嘉義
NO2
05/22 18 19 24 21 14 16 15 12 12 15 11 12 12 9.5 9.6 13 12 14 17 15 20 26 26 24
嘉義
NO2
05/23 18 14 15 13 16 15 12 13 13 14 16 14 13 15 14 15 17 18 17 16 17 18 16 21
嘉義
NO2
05/24 16 11 9.5 7.3 7.1 7 13 13 16 14 8.1 8.1 7.8 7.9 7.6 8.7 10 13 12 11 10 14 13 9.4
嘉義
NO2
05/25 9.4 7.2 6.6 6.4 6.1 9.2 14 16 13 9.5 8.8 7.5 10 9.4 9 7.5 7.4 9.6 13 14 12 13 14 14
嘉義
NO2
05/26 12 11 8.8 8.5 8.1 7.9 6.9 8.9 11 7.2 5.8 5.9 5.5 4.7 4.8 4.9 6 11 14 15 15 15 13 11
嘉義
NO2
05/27 11 11 7.9 7 5.8 7.4 9.7 7.6 12 11 11 9.4 6.2# 7.2x 6.8# 5.9 6.7 11 15 23 20 17 12 11
嘉義
NO2
05/28 8 7.8 7.8 6 5 4.6 5.6 9.4 7.3 4.1 4.8 8.9 10 7.8 10 9.9 13 12 16 20 16 19 19 16
嘉義
NO2
05/29 14 14 13 13 12 14 15 17 17 15 19 18 12 9.8 7.8 11 15 21 23 23 22 24 24 25
嘉義
NO2
05/30 22 21 22 21 21 21 21 22 22 15 9.8 7.5 7.2 7.3 7.9 7.1 7.4 10 12 14 17 15 18 14
