x_
NO2
01/01 1.9 1.9 1.4 0.9 0.8 0.9 1.7 2.9 2.5 2.8 2.7 3 2.7 2.6 2.8 3.1 4.1 4.1 4.2 3.5 3.6 3.2 2.8 1.6
x_
NO2
01/02 1.8 0.9 0.8 0.7 0.8 1.4 3.3 7.4 6.7 5.6 5.1 4.6 4.3 4.4 4.4 5.1 6.4 7 7.7 7 6 4.9 4.3 2.8
x_
NO2
01/03 2.4 3.5* 5.3 6.7 8.1 14 14 15 7.9 7.3 7.4 7.6 7.5 6.8 7.8 6.4 7.3 8.6 10 8.5 6.6 5.7 4.2 3.2
x_
NO2
01/04 2.4 1.1 0.5 0.3 0.4 1.2 3.3 6.5 6.5 6.3 5.1 5.8 16 14 13 13 24 17 16 20 23 23 25 13
x_
NO2
01/05 7.9 9.2 11 11 10 8.9 12 16 13 9.3 9.6 14 9.8 10 18 20 24 25 24 26 28 27 24 21
x_
NO2
01/06 14 8.5 9.8 10 10 11 10 14 20 24 24 13 8.5 10 7.6 7.7 8.4 7.2 5.2 4.4 4 3.2* 3.3 2.6
x_
NO2
01/07 2 1.7 1.7 2 2.7 3.2 4.9 8.5 7.7 7.4 7.4 6.6 5.3 6.3 6.3 7.6 10 18 19 31 29 28 28 28
x_
NO2
01/08 26 24 28 28 20 17 26 21 19 14 6.2 6.1 5.6 5.3 6.1 8.4 8.2 9.3 8.9 7.7 5.3 5.2 4.4 4.1
x_
NO2
01/09 2.5 1.4 1.3 1 1.6 1.5 4.5 7.3 6.7 5.2 4.7 5.3 4.6 4.8 6.5 7.9 10 11 10 9.7 7.9 7.3 6.3 6.2
x_
NO2
01/10 4.2 4.2* 3.8 3.6* 4.3 4.7* 10 28 34 34# 53# 43x 27# 16# 16# 13# 15# 22 31 37 34 32 31 30
x_
NO2
01/11 29 25 25 24 23 22 20 21 25 25 32 28# 14 12 13 17 20 16 21 25 26 27 29 29
x_
NO2
01/12 24 13 10 14 8.3 8.1 8.8 12 15 18 11 13 18 14 18 20 18 17 14 12 11 11 9.4 7.7
x_
NO2
01/13 4.9 5 4.3 9.2 7.9 7.9 11 13 17 9.9 8.6 8.8 12 11 7.7 8.6 8.2 11 8.7 8.7 7.9 7.4 6.3 4.7
x_
NO2
01/14 4.4 1.4 1 0.8 0.8 1.2 3.3 8.1 7.3 7.4 5 4.8 4.7 4.6 5.7 5.6 7.7 8.9 8.5 7.5 6.6 5.6 4.6 3.2
x_
NO2
01/15 2.3 2.3 1.8 2.6 3.2 17 27 29 30 32 32 32 26 14 13 21 17 17 8.7 6.3 6.1 3.7 3.1 2.2
x_
NO2
01/16 2.3 3 2.4 2.9 2.7 3.2 6.5 11 13 8.5 8 7.6 7.2 6.7 8.3# 11 13 20 11 14 8.9 11 13 8
x_
NO2
01/17 6.6 9.7 7.7 6.5 5.4 7.1 16 29 22 7.8 7.1 7.5 9.3 7.6 15 13 10 11 9.5 8.7 8.8 8.6 7.1 6.3
x_
NO2
01/18 4.6 3.1 3.4 4.5 4.1 4 5.5 8.1 9.6 7.3 6.6 5.9 5 5.3 5.3 6.2 8.2 8.5 8.8 7.8 6.4 6.3 7.4 7.4
x_
NO2
01/19 5.9 4.4 4 13 7.2 12 23 25 30 34 20 18 14 15 16 16 21 26 37 46 40 36 37 38
x_
NO2
01/20 38 34 35 33 25 23 22 24 27 33 31 18 14 16 19 16 13 12 8.8 6.9 6.4 5.7 5.9 4.8
x_
NO2
01/21 4.4 3.3 2.7 2.2 2.1 2.7 4.7 6.5 11 11 11 10 8.3 7.8 9.8 11 12 13 13 10 8.5 13 12 8.9
x_
NO2
01/22 4.6 4.1 3.7 4.7 3.4 6.7 12 16 23 25 21 10 8.1 9# 12# 14 13 18 26 18 14 18 13 13
x_
NO2
01/23 7.6 4.8 3.7 3.7 3.7 4.4 7.9 12 10 8 9.6 9 8.1 8.5 8.6 9.2 11 11 11 10 8.6 8 8 6.3
x_
NO2
01/24 5.1 4.5 4.6 4.8 4.7 5.2 6.9 9.6 9.9 9.5 8.8 7.6 7 7.9 8 8.2 9.2 13 12 10 9 8.3 8.6 7.3
x_
NO2
01/25 6.1 4.9 3.9 4.6 9.4 24 31 40 41 31# 7.2# 8.1 7.8 8 8 9 12 14 11 18 12 22 21 16
x_
NO2
01/26 4.5 2.8 2.1 2 1.9 2.4 2.9 3.4 4.1 4.6 5.2 5.7 6.3 6.2 5.2 4.9 4.6 6.7 6.8 4.7 5.1 4.4 4.5 3.4
x_
NO2
01/27 2.7 1.5* 1.4 1.2 1.4 1.5 4 5.1 5 4.7 6.7 6.1 5.5 4.1 4.3 3.9 5.1 8.3 8.1 8.1 6.8 6.7 6.6 5
x_
NO2
01/28 4.5 3.3 2.3 2.6 6.2 18 27 29 30 33 28 3.3 4.4 4.2 3.8 5.4 8.1 12 12 15 16 14 5.6 3.2
x_
NO2
01/29 2.8 2.3 2.1 2.5 2.5 3 7.3 12 10 7.3 7.6 5 5.7 6.4 6.1 7.9 7.9 10 9.3 7.9 7.7 7.8 7.4 6.4
x_
NO2
01/30 4.2 3.5 11 21 20 8.5 20 26 31 34 36 30 28 25 23 24 25 34 57 55 58 54 46 47
x_
NO2
01/31 49 21 17 19 26 21 19 26 31 26 45# 38 26 10 16 14 16 15 11 8.2 8.2 6.9 6.4 5.3
x_
NO2
菏代~るG2019/02A 代浮GhLA 代兜GNO2]ppb^
x_
NO2
ら戳 00 01 02 03 04 05 06 07 08 09 10 11 12 13 14 15 16 17 18 19 20 21 22 23
x_
NO2
02/01 4.1 2.6 2.2 2 2.4 2.5 4 5.5 6.2 6.1 6.4 6.7 6.4 6.2 6.6 8.1 8.2 8.7 8.5 8.4 7.2 6.2 7.5 5.8
x_
NO2
02/02 3.4 4.4 3.4 3.1 3.2 12 36 39 33 31 28 25 18 21 21 17 19 22 38 32 19 32 42 27
x_
NO2
02/03 20 20 22 20 23 25 24 24 23 23 15 8.5 9.5 7.5 6.5 8.6 12 17 27 25 32 44 45 48
x_
NO2
02/04 41 38 32 12 7 7.2 6.6 7.7 8.4 5.4 4.5 4.7 4.8 5.1 5.1 5.2 5.9 6.3 7.8 6.1 8.3 11 16 14
x_
NO2
02/05 12 7.5 7.7 7.2 4.4 3.3 5 6.4 7.8 5.9 9.1 6.4 3.6 4.6 6.6 4 4.8 6.6 8.5 16 18 19 21 12
x_
NO2
02/06 6.9 6.1 7.9 11 12 11 14 13 8.3 8.6 10 9.5 4.4 4 4.5 5.8 7.1 12 21 28 28 27 29 16#
x_
NO2
02/07 29 26 26 24 21 7.5 12 19 16 13 9.6 6.6 4.7 3.6 4.2 6 6 8.4 9 8.1 8.2 7.4 6.5 6.5
x_
NO2
02/08 6.4 4.2 3.7 4 3.9 3.6 4 6.9 7.5 6.5 6 4 4.8 3 5.2 2.9 3.9 7 7.6 8.6 11 11 7.8 6.7
x_
NO2
02/09 6.4 10 9.4 5.7 5.8 6.4 8.2 8.2 10 10 11 11 13 13 13 13 11 13 15 9.2 8.9 8.7 7.9 8.7
x_
NO2
02/10 4.7 4.1 5.4 4.5 4.8 5 5.7 6.3 4.7 5 4.9 4.9 5 6 6.7 9.8 15 12 11 11 10 13 13 10
x_
NO2
02/11 8.4 4.5 3.8 3.1 2.7 4.1 10 14 14 11 6.8 3.2 3.3# 3.8 3.2 3.5 NA 5.4 6.7 6.4 5 4.3 3.8 2.6
x_
NO2
02/12 1.4 2.4 2.1 2.1 2.2 2.5 3.9 7.1 7.9 6 5.1 4.7 4.7 4.6 5.7 6.8 6.7 17 14 14 12 9.9 15 16
x_
NO2
02/13 14 8.6 5 4.2 4.2 5 8.7 18 16 19 20 24 23 9.2 6.5 6.1 6.1 10 9.9 9.8 6.9 6.1 5.6 4.7
x_
NO2
02/14 4.2 5.9 12 11 11 12 13 22 24 24 22 21# 14 13 15 19 19 20 22 14 19 19 25 31
x_
NO2
02/15 29 24 21 17 15 12 19 21 25 24 17 16 17 17 16 13 13 14 12 16 17 14 18 19
x_
NO2
02/16 7.7 6.3 6.6 6.8 7.1 6.8 7.9 12 17 20 17 13 8.2 9 8.7 10 13 13 10 7.6 13 11 9.8 8.8
x_
NO2
02/17 6.1 4.7 4.3 3.3 2.2 3.6 5.9 7.1 5.7 3.6 3.5 4.1 4.1 4.7 4.3 3.9 4.4 5.4 5.6 5 4.1 4.5 3.8 3.2
x_
NO2
02/18 7.2 7.3 7 1.1 1.2 3.6 17 28 28 32 44# 32 31 14 9.8 8.2 15 19 13 13 13 10 13 24
x_
NO2
02/19 20 4.4 3.7 5.6 7.7 8.9 12 22 28 35 35 26 26 19 16 15 19 24 23 24 21 25 31 23
x_
NO2
02/20 12 25 20 19 22 15 23 22 18 16 19 20 11 8.7 9 10 11 15 16 13 12 11 14 13
x_
NO2
02/21 14 5.7 3.8 3.8 4.8 5.3 6.7 9.7 8.5 6.7 16 8.8 5.6 10 11 11 12 13* 15 24 17 14 20 18
x_
NO2
02/22 12 6.6 4.2* 4.1* 5.5* 5.5* 9* 13 21# 15 14 15 23 13 15 17 15 19 29 22 12 7.4 5.3 4.5
x_
NO2
02/23 4.2 3.5 3.2 3.3 3.2 3.7 5.6 8.8 8 7.5 6.8 7.2 7.4 7.8 8.1 7.2 11 14 17 9.6 7.6 8.1 6.4 5.4
x_
NO2
02/24 4.8 2.6 1.9 2.1 3.2 5.8 3.9 6.4 9.8 15 13 16 14 16 13 16 13 23 17 13 14 21 22 25
x_
NO2
02/25 27 26 18 17 19 15 23 28 25 36 43 33 32 31# 15 8 9.7 12 9.7 7.8 8.9 7.1 6.8 4.3
x_
NO2
02/26 4.6 1.9 1.4 1.6 1.3 2.4 6.4 11 11 7.3 4.7 6.4 5.2 5.4 4.8 6.2 8 7.9* 8.7 6.4 8.8 8 12 16
x_
NO2
02/27 32 32 27 26 23 26 27 27 25 31 22 24 17 19 30 30 34 39 37 39 39 41 40 30
x_
NO2
02/28 23 18 10 25 11 10 16 17 11 19 13 16 13 12 12 9.3 9.4 13 11 9.3 6.7 7.5 6.2 5
x_
NO2
菏代~るG2019/03A 代浮GhLA 代兜GNO2]ppb^
x_
NO2
ら戳 00 01 02 03 04 05 06 07 08 09 10 11 12 13 14 15 16 17 18 19 20 21 22 23
x_
NO2
03/01 4.4 7.9 7.5 9.5 6.3 3.8 9.8 6.8 6.8 6 5.8 6.3 5.2 5.6 7.3 9.4 14 19 18 20 16 14 12 12
x_
NO2
03/02 11 6.5 8.3 9.3 9.1* 9.2 10 11 16 14 18 14 5.6 6.5 9.1 8.2 12 20 33 39 38 13 11 13
x_
NO2
03/03 14 19 14 11 11 13 14 16 19 15 17 10 9.1 7.3 19 23 27 31 35 22 7.2 11 10 13
x_
NO2
03/04 15 11 10 10 9.9 12 19 17 15 11 8.3 6.5 6 5.7# 5.9 7.2 7.7 8.6 10 11 9.3 8.9 7.6 5.2
x_
NO2
03/05 5.1 5.3 5.3 4.5 4.3 5.4 7.2* 10 10 8.8 8.6 7.5 7.8 8.9 8.8 13 18 15 9.2 8 14 21 28 28
x_
NO2
03/06 29 34 28 16 12 12 25 26 31 38 11 9.7 6.3 6.9 11 9.3 10 11 9.8 14 13 10 9.6 11
x_
NO2
03/07 12 6.9 7.2 4.7 2.6 3.4 5.5 10 15 10 10 9.3 9 9.8 11 11 10 10 11 11 10 8.9 7.4 7.7
x_
NO2
03/08 5.7 6.2 4.8 4.4 4 4.9 6.2 8.5 11 9.5 14 10 11 13 9.3 11x 13x 12* 17x 10* 9.8* 11* 11* 7.9*
x_
NO2
03/09 7.9* 35 25 18 23 23 26 29 30 34 33 35 33 38 38 30 37 25 33 41 19 21 17 12
x_
NO2
03/10 13 9.8 12 8.6 8.4 8.5 10 8 7.6 5.9 12 13 16 19 20 24 22 24 17 22 18 9.9 8.3 8.3
x_
NO2
03/11 6.8 5.8 5.4 3.9 3.4 3.7 7.5 12 11 10 10 10 7.6 7.8 7.9 7.9 13 19 18 17 16 15 16 17
x_
NO2
03/12 15 13 7.5 5 7.1 34 41 33 15 9 9.9 8 5.3 6.5 8.1 9.9 12 13 13 11 11 11 11 9
x_
NO2
03/13 5.4 4.1 3.8 4.2 3.6 3.8 6.8 11 11 7.2 6.9 6.4 6.3 5.8 6.4 6.8 7.1 8.9 8 9.4 8.2 6.6 6.7 5.3
x_
NO2
03/14 4.1 4.4 4.8 4.6 4 5.2 11 19 17 30 25 18 21 14 11 8 12 13 15 23 12 9.4 6 5
x_
NO2
03/15 4 3.3 4.3 5.5 4.8 6.4 7.8 21 23 17 16 7.4 4.9 6.5# 5.4 6.2 10 11 12 11 23 26 19 9.2
x_
NO2
03/16 5 4.2 3.8 3.3 3.3 3.6 4.4 4.7 6.7 7.6 7.3 7.5 7.1 8.1 8.5 7.6 8.9 7.1 6.7 6.8 6.6 6.4 6.4 5.1
x_
NO2
03/17 3.8 3.4 3 3.6 4.5 9.4 14 17 20 30 29 30 30 16 7.4 7.3 7.5 7.2 7.7 7.5 6.5 5.5 6.3 4.5
x_
NO2
03/18 3.5 1.7 8.1 6.1 6.7 7.3 15 29 33 35 37 29 14 7.3 7.8 9.3 10 19 28 17 17 15 14 19
x_
NO2
03/19 22 14 14 16 11 11 18 23 20 10 7.6 6.4 5.5 4.5 7.5 9.3 8.8 9.9 9.3 8 7.1 7 7 6.3
x_
NO2
03/20 5.1 5.2 5.8 8.4 9.9 20 35 36 46 35 33 24 22 13# 14 18 27 23 17* 15x 16* 42* 57* 15*
x_
NO2
03/21 18* 42* 33* 34* 47* 43* 46* 48* 17# 13* 17* 18 14 11 12 11 15 22 39 29 13 10 12 10
x_
NO2
03/22 8.6 7 5.7 6.2 5.4 6 9 12 8.9 6.8 8.2 9.8 6.2 6.3 6 6 6.2 6.3 8 8.7 4.7 4.4 4.5 3.4
x_
NO2
03/23 3.1 1.4 0.8 1.1 1 1.3 2.3 3.7 4.3 4 4.3 4.2 4.2 4.6 4.1 3.6 3.6 6.3 7.6 4.6 4.3 4.2 5.5 4.1
x_
NO2
03/24 2.4 2.5 2.6 2.4 2.3 2.7 5 5.2 5.7 5.6 5.5 6.2 6.9 7.1 6.5 8.4 8.8 15 15 19 12 21 43 43
x_
NO2
03/25 37 28 27 30 29 25 23 24 28 28 33 26 14 13 15 12 12 11 11 13 13 18 18 22
x_
NO2
03/26 27 11 5.8 4.5 3.3 3 6.3 9.1 9.1 6.8 5.8 5.1 5.1 5.2 5.9 7.2 12 11 9.8 9.9 8.3 8 7.8 6.1
x_
NO2
03/27 5 5.6 7.6 4.6 4 8.8 19 28 34 31 32 14 10 13 14 18 22 22 31 51 52 44 41 37
x_
NO2
03/28 33 29 19 24 27 28 17 21 20 19 15 11 8.1 11 15 15 15 17 23 17 18 22 32 35
x_
NO2
03/29 29 24 24 7.1 4 4.7 8 10 11 11 9.1 8.1 5.8# 5.3 7.3 9.7 10 14 15 13 12 17 12 3.3
x_
NO2
03/30 7 4.2 4.7 6.6 8.4 15 18 20 15 21 16 8.9 10 5.7 7.3 7.9 6.3 6.3 5.6 5.8 5 4.2 3.9 2.9
x_
NO2
03/31 2.1 1.8 1.3 1.2 1.3 2.1 3.3 5.1 6.3 5.9 6 5.1 4.5 4.2 4.1 4 4 4.4 4.5 4.1 3.8 4.9 3.6 2.7
x_
NO2
菏代~るG2019/04A 代浮GhLA 代兜GNO2]ppb^
x_
NO2
ら戳 00 01 02 03 04 05 06 07 08 09 10 11 12 13 14 15 16 17 18 19 20 21 22 23
x_
NO2
04/01 2 1.4 1.4 1 1 2 4.6 7.1 8.9 7 4.7# 3.6# 4.8 4.6 5.1 4.8 6.3 7.2 7.5 8 8.7 8.1 5.9 4.4
x_
NO2
04/02 2.7 2.5 2.7 2.7 3.1 3.2 5.2 8.8 8.9 8.4 7.7 8.4 8.4 6.3# 10 14 16 22 22 29 28 24 35 39
x_
NO2
04/03 35 29 8.3 4.1 5 6 15 26 26 30 24 23 36 39 40 33 35 41 47 42 36 32 37 18
x_
NO2
04/04 4.1 2.2 1.7 1.6 1.7 2.1 3.5 4.9 5.8 3.9 6.2 12 13 14 10 13 7.8 8.1 5.8 6.6 5.5 5 7.7 5.8
x_
NO2
04/05 4.7 5 4.6 3.5 3.6 3.5 4.6 6.4 6.5 4.4 4.7 4.8 4.1 4.5 5.2 6 7.7 6.9 7.7 6.4 5.9 7.7 5.9 4.2
x_
NO2
04/06 4.2 19 20 16 15 16 18 15 11 10 7.1 5.7 5.3 7.7 9.5 11 11 15 19 25 27 29 31 34
x_
NO2
04/07 40 33 25 32 23 18 20 22 30 20 20 14 6.5 6.5 5.3 7.8 10 12 13 12 9.5 10 8.5 15
x_
NO2
04/08 16 8 7.3* 23* 32* 51* 76* 48* 61* 62* 57# 15# 25* 35# 8.9# 8.1# 13# 15 22 23 26 34 21 29
x_
NO2
04/09 38 30 22 15 20 24 23 25 33 34 17# 110# 18# 12 13 14 11 13 18 19 19 14 13 13
x_
NO2
04/10 11 10 11 11 13 18 20 18 14 14 9.1 8.7 6.7 6.7 7.1 6.6 10 12 9.6 9.1 7.2 6.5 5.7 4.9
x_
NO2
04/11 4.3 2 3.4 3.7 3 3.6 4.9 9.6 12 11 6.2 12 17 16 14 9.1 11 12 23 15 16 18 18 14
x_
NO2
04/12 7.7 6.9 5.9 8.1 7.6 7.4 7.8 15 11 9.6 8.4 8.9 8.5 7.2 6.9 7.9 9 11 9.8 9.5 11 10 7.2 6.5
x_
NO2
04/13 4.7 3.1 3 2.8 3.3 6.2 20 27 25 20 23 17# 9.6 11 16 19 21 24 35 40 34 36 35 31
x_
NO2
04/14 29 21 21 18 14 13 13 12 12 7.9 6.6 6.4 5.3 3.4 5.4 6.2 6.1 9 6.5 9.4 10 7.1 6.2 6.2
x_
NO2
04/15 4.5 3.9 3.2 3.5 3.8 3.9 6.6 10 8.5 7.8 8 6.9# 7.5 5.5 4.8 5.8 6.9 8.5 11 13 13 8 6.7 4.7
x_
NO2
04/16 4 3.7 5.3 14 16 10 15 22 22 24 30 36 11 11 11 11 9.4 10 10 10 11 9.6 12 7.7
x_
NO2
04/17 5.4 4.4 5.8 4.4 7.3 8.4 17 15 15 16 11 8.2 11 8.2 5.3 8.6 8.4 10 9.9 16 9.5 8.2 7.3 8
x_
NO2
04/18 8.1 13 21 17 26 19 16 24 25 23 24 15 10 10 12 12 14 18 18 24 28 22 36 33
x_
NO2
04/19 15 11 7.9 17 15 13 14 19 28 16 13 17 13 14 19 18 21 23 29 32 25 27 26 29
x_
NO2
04/20 27 21 16 14 19 23 26 27 28 11 8.3 7.5 6.6 5.5 6.3 8.3 12 16 16 18 18 24 11 9.3
x_
NO2
04/21 12 12 13 12 12 9.8 15 22 16 18 16 13 8 6.6 8.2 8.5 11 15 19 17 24 34 26 34
x_
NO2
04/22 26 32 28 17 13 13 14 17 24 17 16 13 9 8.4 8.8 12 15 33 36 24 26 21 26 19
x_
NO2
04/23 16 12* 9.5* 16 13 14 15 15 21# 17 15 12 14 12 14 12 13 15 20 23 24 31 30 27
x_
NO2
04/24 21 17 19 17 13 13 16 21 23 18# 11 8.8 7.5 8.1 10 12 12 11 13 14 13 19 9.3 9.7
x_
NO2
04/25 13 15 13 18 19 16 17 19 21 21 18 13 10 9.1 10 12 15 7.9 15 12 6.6 6.4 6 4.5
x_
NO2
04/26 4.8 2.6 4.1 3.2 2.7 4 6.5 9.8 9.4 6.5 6.3 6.1 4.8 4.6 5 5.8 6.5 7.8 7.1 7.2 5.6 5.4 7.2 4.5
x_
NO2
04/27 2.9 2.7 2.7 2.8 2.6 3.1 3.5 4.7 4.2 4.8 4.9 5.5 5.2 5.3 4.1 4.6 4.5 5.9 5.8 6.7 5.7 6.1 6.3 6.8
x_
NO2
04/28 4.5 3.6 2.8 3.8 5.4 15 19 14 15 15 5.9 5 6 6.2 7.7 7.4 8.5 13 14 19 31 31 25 16
x_
NO2
04/29 20 8.1 6.6 6.1 6.8 8.4 11 12 13# 17 23 24 17 11 10 12 12 16 14 16 17 25 27 29
x_
NO2
04/30 26 19 17 20 26 24 25 21 22 22 15# 15# 11 10 11 12 14 12 7.5 7 6.2 7.8 12 11
x_
NO2
菏代~るG2019/05A 代浮GhLA 代兜GNO2]ppb^
x_
NO2
ら戳 00 01 02 03 04 05 06 07 08 09 10 11 12 13 14 15 16 17 18 19 20 21 22 23
x_
NO2
05/01 6.1 9.4 9.9 9.9 9.6 6.9 9.2 15* 19* 19 16 12 8.8 10 15 15 13 10 16 19 11* 8.9 6.7 6.9
x_
NO2
05/02 6 7.2 6.1 5.7 5.2 5.4 8.1 12 13 13 10 9.4 9.5 9.2 10 18 17 11 9.9 12 12 11 8.7 7
x_
NO2
05/03 5.8 4 4.8 5.8 7.3 6.1 8.3 9.4 8 6.9 6.8 6.8 5.8 6 6.2 6.2 7.4 8.5 11 13 14 12 9.4 6.2
x_
NO2
05/04 4.8 3.7 3.9 3.6 3.5 3.4 4 6.2 6.3 6.7 7.7 7.9 8 7 6.4 5.8 6.7 7.9 8.9 9.8 9.1 7.3 6.4 5
x_
NO2
05/05 4 3 2.5 1.9 2.3 2.9 4.2 4.6 4.7 4.7 4.3 4.2 4.7 3.6 4.2 4.3 5.3 6.6 5.6 6.1 6.2 5.4 6 4.5
x_
NO2
05/06 3.3 2.1 2 2 2 2.3 5.5 12 15 8.1 12 20 5.6 6.1 6.4 6.8 9.2 8.3 8.6 8.2 6.4 6.8 5.9 4.2
x_
NO2
05/07 2.2 2.1 2 1.3 2.1 1.8 4.3 11 10 5.3 5.5 6.2 4.4 4.5 4.7 5.7 7.7 8.9 8.6 8.3 7.4 5.3 5.1 4.4
x_
NO2
05/08 3.5 4.3 2.7 2.2 3 3.9 4.4 8.6* 35 43 16 25 22 20 16 13 14 16 17 16 15 14 11 20
x_
NO2
05/09 20 16 16 15 14 13 18 15 25 18 16 18 17 12 21 21 20 18 24 29 26 21 18 4.4
x_
NO2
05/10 3.8 2.8 2.2 2.2 2.2 8.7 13 21 8.1 7.3 7.8 11 7.9 8.2 6.7 7.6 8.4 11 11 6.6 5.9 6.6 6.5 4.6
x_
NO2
05/11 2.8 2.1 2.2 3.7 4.1 6.7 20 23 21 9.2 8.9 11 5.9 4.2 4.3 5.2 5.9 6.4 7.2 7.2 5.9 4.8 4 3.7
x_
NO2
05/12 2.9 3.7 2.9 2.8 9.4 21 20 17 6.9 4.3 4.5 4.2 4.3 4.3 4.1 4.5 5 6.2 6.8 6.4 6 5.6 6.3 3.9
x_
NO2
05/13 3.1 1.3 1 1 1.4 2.7 9.1 5.7 9.3# 14 13 15 10 9.8 14 14 24 14 22 27 32 28 33 29
x_
NO2
05/14 26 28 27 24 22 16 19 21 21 21 19 15 7.7 8.2 6.1 6.5 6.3 9.9 9.5 12 14 7.1 8.5 6.4
x_
NO2
05/15 8.2 7.4 9.3 8.5 6.9 7.9 9.5 12 17 16 20# 25# 18 12 14 14 13 13 15 19 22 29 35 34
x_
NO2
05/16 28 17 19 18 16 12 19 24 20 17 21 15 10 9.1 13 13 13 10 13 14 13 13 9.1 6.4
x_
NO2
05/17 6.5 8.6 8.6 8.3 7.6 11 12 18 19 20 23 18 14 19 24 13 18 29 39 40 29 16 14 15
x_
NO2
05/18 21 17 16 17 11 15 13 13 13 6.6 8.6 16 12 4.7 6.3 10 8.7 12 17 17 9.3 5.2 6.4 8.1
x_
NO2
05/19 7.9 11 12 15 14 13 13 15 8.4 7.2 11 11 8.9 7.1 5.6 7 8.9 9.9 14 17 22 23 25 19
x_
NO2
05/20 19 14 15 11 7.3 6.4 9.1 8.2 23 26 40 19 28 22 22 9.1 6.7 9.4 5.4 5.9 6.8 6.9 7.2 4.4
x_
NO2
05/21 3.2 3.1 2.9 2.8 2.6* 3.6 7 11 12 6.5 6.1 6.7 6.7 6 6.3 7.1 8.1 8.2 11 12 11 8.6 10 17
x_
NO2
05/22 10 11 14 17 22 27 25 34 32 13 10 10 19 13 12 12 14 15 15 19 13 23 23 16
x_
NO2
05/23 13 9.3 21 16 14 13 11 22 31 17* 17 15 12# 4.7 5.4 5.5 6.8 8.2 9.2 7.9 6.7 5.8 5.1 4.1
x_
NO2
05/24 3.2 3.3 3.2 2.8 3.1 3.8 6.4 7.8 7.6 7.3 6.9 7.3 6.9 6.2 7.4 7.3 9.3 8.9 9.7 9 9.7 8.8 7.7 7.8
x_
NO2
05/25 5.9 2.7 2.4 2 2.5 3 5.1 5.8 5 4.5 4.4 5.2 5 5.3 6.6 7 7.4 6.8 7.5 9.4 8 8.2 8 6.2
x_
NO2
05/26 4.4 5.4 5.4 5 5 6.9 8.7 10 11 10 10 7.8 6.4 4.4 4.8 5.4 7 7.3 7.8 8.4 8.1 8.7 10 10
x_
NO2
05/27 8.3 6.4 6.1 6.1 5 8.5 15 18 22 19 13 12 9.9 6 9.1 8.4 9.3 15 19 16 19 14 23 23
x_
NO2
05/28 17 15 15 17 17 18 17 20 21 15 18# 19x 22# 19 18 17 16 17 16 14 13 15 13 11
x_
NO2
05/29 11 12 12 14 13 9.8 5.2 9.2 8.8 5.8 6.2 6.1 7.2 8 8.9 11 9.7 11 8.3 8.8 10 9.7 14 24
x_
NO2
05/30 26 13 15 16 16 17 28 32 8.7 6.6 4.1 4.6 8 9.1 9.5 10 14 14 20 17 17 28 30 30
