xF
PM10
01/01 5 8 15 13 14 13 15 10 9 21 24 21 15 23 24 15 19 14 15 7 7 10 7 5
xF
PM10
01/02 3 0* 0* 3 3 2 1 0* 4 8 9 6 7 7 7 5 2 4 4 2 2 1 0* 0*
xF
PM10
01/03 1 4 10 7 7 4 3 10 17 17 14 11 10 14 30 19 19 18 5 13 10 6 4 9
xF
PM10
01/04 9 5 6 5 4 4 8 13 11 15 21 19 12 11 16 18 27 24 38 32 24 24 16 17
xF
PM10
01/05 14 13 10 11 7 5 8 8 8 13 23 32 28 19 26 35 38 31 29 23 11 20 5 4
xF
PM10
01/06 8 6 1 0* 0* 3 6 4 7 5 11 9 12 14 13 12 15 14 12 8 4 3 6 3
xF
PM10
01/07 2 5 5 3 1 3 10 6 9 10 6 14 18 14 13 11 11 7 23 18 19 14 14 11
xF
PM10
01/08 11 7 5 5 6 7 5 6 9 12 18 22 21 22 27 21 15 16 8 6 4 1 0* 0*
xF
PM10
01/09 0* 0* 1 4 3 5 3 7 13 13 13 14 11 15 17 13 17 20 17 12 10 9 11 7
xF
PM10
01/10 8 10 6 7 9 7 6 8 9 15 13 10 10# 1000# 7 18 12 16 9 17 20 19 12 10
xF
PM10
01/11 9 6 9 9 11 7 6 9 19 12 21 11 10 12 12 24 24 22 23 22 26 16 17 17
xF
PM10
01/12 12 12 9 18 13 10 9 11 13 15 16 20 20 21 24 23 10 13 12 11 12 10 5 0*
xF
PM10
01/13 2 4 3 3 3 1 1 5 14 11 9 14 11 15 13 16 13 12 16 6 6 7 5 1
xF
PM10
01/14 0* 0* 0* 0* 0* 2 5 7 10 17 19 16 16 14 18 15 16 22 14 11 14 9 11 16
xF
PM10
01/15 11 11 8 12 10 8 14 18 18 23 1000# 1000# 0# 0# 0# 1000# 6# 11# 14 8 5 6 6 5
xF
PM10
01/16 2 1 8 6 2 2 1 3 26 32 36 28 8 21 16 10 8 8 8 5 7 6 5 6
xF
PM10
01/17 2 3 5 5 5 5 7 17 11 11 12 10 20 16 11 20 17 17 17 16 14 16 18 16
xF
PM10
01/18 17 17 15 21 31 33 36 48 32 36 40 39 36 41 40 39 35 40 29 29 26 31 29 33
xF
PM10
01/19 24 24 26 22 19 19 16 23 22 29 24 17 21 25 57 22 22 24 26 28 15 15 11 14
xF
PM10
01/20 11 9 12 12 15 9 12 9 9 7 11 9 9 7 9 8 6 9 6 7 8 5 15 15
xF
PM10
01/21 18 12 12 8 5 5 4 3 14 17 13 11 11 11 8 11 15 12 9 8 14 11 12 12
xF
PM10
01/22 11 13 10 6 8 8 8 9 14 17 21 16 18 21 31 25 23 19 10 13 10 10 16 19
xF
PM10
01/23 18 19 24 24 26 30 30 29 40 47 42 50 48 49 47 42 38 39 39 38 41 42 43 46
xF
PM10
01/24 41 42 40 43 37 38 35 33 29 33 32 25 31 33 26 27 25 25 24 26 39 42 43 43
xF
PM10
01/25 40 39 38 35 27 28 23 22 24 18 22 20 27 28 1000# 24 34 30 27 29 27 19 18 17
xF
PM10
01/26 17 23 29 22 34 31 31 33 33 36 39 34 27 26 33 24 30 22 16 25 37 37 30 32
xF
PM10
01/27 22 21 23 22 20 18 21 23 15 14 20 14 11 9 11 13 13 11 9 11 9 14 11 7
xF
PM10
01/28 7 7 7 5 5 6 6 15 12 12 12 12 8 12 11 9 9 8 8 8 6 9 9 10
xF
PM10
01/29 11 8 11 10 13 11 12 13 16 10 13 9 6 13 14 15 13 14 16 12 11 16 19 13
xF
PM10
01/30 11 12 11 12 10 13 11 18 17 13 19 14 21 17 22 24 30 30 25 21 23 18 16 16
xF
PM10
01/31 14 15 16 14 10 13 9 16 26 23 24 19 20 22 23 24 24# 30 1000# 22# 22 15 18 25
xF
PM10
菏代~るG2019/02A 代浮GOFA 代兜GPM10]gg/m3^
xF
PM10
ら戳 00 01 02 03 04 05 06 07 08 09 10 11 12 13 14 15 16 17 18 19 20 21 22 23
xF
PM10
02/01 24 14 12 9 10 7 3 8 11 16 11 16 9 9 13 16 18 17 14 12 9 13 10 8
xF
PM10
02/02 8 9 11 6 7 7 9 8 8 17 15 12 11 30 24 19 22 18 21 39 30 26 24 14
xF
PM10
02/03 17 13 13 15 10 8 16 10 13 24 39 38 21 23 41 48 50 52 58 56 52 39 26 26
xF
PM10
02/04 20 17 11 10 14 15 11 16 16 15 15 11 10 10 17 1000# 14 14 13 12 11 12 7 10
xF
PM10
02/05 15 6 4 8 6 9 9 10 9 5 10 8 8 8 14 15 4 15 12 18 20 15 14 15
xF
PM10
02/06 12 8 6 7 6 7 6 12 19 25 25 28 31 28 34 26 24 38 44 37 55 50 45 38
xF
PM10
02/07 32 25 22 19 14 16 15 12 18 15 21 20 18 22 29 31 34 34 33 36 27 24 27 25
xF
PM10
02/08 29 26 35 31 32 26 26 26 26 24 28 25 29 29 26 25 27 23 29 20 21 17 12 15
xF
PM10
02/09 11 15 7 1 5 10 9 10 12 16 19 20 18 20 23 17 26 23 28 23 16 11 10 8
xF
PM10
02/10 5 6 8 8 8 6 6 7 6 7 11 16 9 7 9 15 8 8 12 8 13 11 8 11
xF
PM10
02/11 9 6 7 7 7 5 13 14 15 20 20 24 24 23 21 28 18 14 11 10 5 5 4 2
xF
PM10
02/12 0* 2 1 1 4 3 1 6 9 7 8 11 9 11 15 8 8 10 8 12 11 20 19 15
xF
PM10
02/13 18 15 6 6 8 8 6 11 10 15 11 8 8 1000# 27 28 32 25 10 7 7 5 4 4
xF
PM10
02/14 0* 1 4 4 5 2 1 5 11 10 11 13 14 13 7 4 15 12 13 22 18 24 17 8
xF
PM10
02/15 9 6 3 6 9 7 11 15 9 13 15 17 14 16 14 11 20 25 25 29 28 28 9 16
xF
PM10
02/16 11 9 13 10 9 8 12 13 12 17 15 23 24 22 21 20 25 25 26 20 22 14 11 10
xF
PM10
02/17 6 3 4 4 3 2 2 4 3 17 22 20 14 13 21 12 13 13 20 12 20 8 3 2
xF
PM10
02/18 3 2 3 2 2 3 1 3 11 1000* 14A 8 5 13 12 9 15 16 17 17 30 32 21 24
xF
PM10
02/19 26 23 36 28 25 18 18 26 32 34 32 39 39 30 36 51 53 48 40 51 58 64 48 56
xF
PM10
02/20 38 37 31 33 29 31 27 29 33 31 28 27 73 33 37 33 29 25 1000# 30# 32 60 88 18*
xF
PM10
02/21 11 15 10 10 11 12 13 20 34 15 14 20 15 19 25 20 20 20 18 24 21 23 24 18
xF
PM10
02/22 17 11 13 12 13 14 12 20 23 25 23 30 27 33 29 29 30 33 24 26 17 14 9 12
xF
PM10
02/23 12 10 13 8 7 5 8 9 13 11 14 15 14 12 11 16 16 14 9 9 5 6 6 5
xF
PM10
02/24 3 9 6 5 5 4 3 3 13 11 9 13 11 8 6 9 6 13 18 10 6 6 4 0*
xF
PM10
02/25 3 4 8 7 5 0* 0* 5 14 12 9 6 7 19 16 24 25 20 15 13 8 6 7 3
xF
PM10
02/26 0* 2 5 9 9 11 13 16 17 19 23 26 27 23 24 33 31 42# 36 46 44 30 25 22
xF
PM10
02/27 14 13 13 11 15 14 18 19 21 26 20 27 28 28 20 25 23 15 16 18 17 26 25 11
xF
PM10
02/28 8 11 19 16 12 22 14 19 21 19 19 14 15 15 22 30 20 15 18 12 19 4 3 1
xF
PM10
菏代~るG2019/03A 代浮GOFA 代兜GPM10]gg/m3^
xF
PM10
ら戳 00 01 02 03 04 05 06 07 08 09 10 11 12 13 14 15 16 17 18 19 20 21 22 23
xF
PM10
03/01 0* 0* 2 7 6 5 6 8 15 8 25 19 10 17 20 19 24 22 21 15 17 20 11 12
xF
PM10
03/02 12 12 13 14 10 10 9 18 15 15 17 19 19 19 21 25 25 29 32 32 35 35 32 27
xF
PM10
03/03 20 20 25 14 11 18 11 22 21 34 52 43 39 44 45 38 44 73 53 32 21 21 18 25
xF
PM10
03/04 13 9 9 10 12 12 11 21 17 30 26 25 21 28 19 24 25 13 11 8 6 6 6 5
xF
PM10
03/05 7 4 2 4 4 6 7 7 10 8 11 20 22 26 30 33 31 35 41 34 38 31 30 31
xF
PM10
03/06 37 35 28 23 28 18 22 31 25 40 36 40 43 40 46 43 33 35 28 20 11 9 7 9
xF
PM10
03/07 4 2 6 5 3 4 4 7 5 3 3 6 9 7 8 1000# 7 13 11 14 18 32 24 21
xF
PM10
03/08 12 10 10 12 9 11 7 6 6 7 6 4 4 4 4 4 11 15 12 12 11 10 7 4
xF
PM10
03/09 4 4 4 4 5 5 5 8 33 27 22 17 12 7 9 12 27 35 37 13 24 16 15 14
xF
PM10
03/10 13 14 18 17 15 19 8 13 17 10 22 29 27 31 26 35 13 8 9 10 6 1 4 18
xF
PM10
03/11 20 3 11 11 9 10 11 17 19 22 24 31 27 30 31 30 22 20 14 14 10 21 20 21
xF
PM10
03/12 10 12 16 13 22 32 32 36 33 39 40 60 54 50 46 48 52 51 46 49 47 38 37 41
xF
PM10
03/13 42 35 32 27 33 30 29 28 30 25 29 32 29 29 28 31 33 32 22 25 22 22 18 21
xF
PM10
03/14 15 16 13 17 15 12 21 20 28 24 33 53 45 49 45 49 52 54 55 44 45 47 41 38
xF
PM10
03/15 35 32 39 41 35 26 17 22 18 21 20 21 19 19 21 25 21 17 15 13 19 21 22 24
xF
PM10
03/16 22 19 17 15 17 12 17 17 23 30 41 41 43 42 42 41 44 43 44 42 39 36 32 31
xF
PM10
03/17 25 32 25 25 25 24 25 22 24 35 39 37 36 34 30 33 38 41 39 47 42 37 29 33
xF
PM10
03/18 27 33 25 26 26 22 24 30 35 39 38 37 30 40 42 48 55 1000# 25 29 32 24 23 23
xF
PM10
03/19 25 19 23 22 28 30 28 30 34 39 48 30 35 42 32 22 16 9 6 2 1 0* 0* 0*
xF
PM10
03/20 0* 0* 1 1 0* 3 9 17 17 19 15 14 16 1000# 21 24 29 30 38 34 26 26 21 21
xF
PM10
03/21 12 20 11 21 20 22 19 27 34 22 21 20 19 23 24 19 44 34 38 39 40 28 33 32
xF
PM10
03/22 21 23 21 19 21 21 27 27 1000* 47A 48 39 37 39 37 51 36 38 40 30 17 9 6 2
xF
PM10
03/23 1 1 1 8 10 7 8 11 8 9 7 7 15 19 21 18 18 11 10 11 10 7 6 7
xF
PM10
03/24 11 9 14 11 8 5 6 11 9 11 16 8 17 20 15 16 11 17 17 12 12 13 9 8
xF
PM10
03/25 8 9 13 9 7 7 8 18 16 25 10 11 9 16 24 24 24 24 18 24 22 23 18 18
xF
PM10
03/26 14 17 10 11 11 8 16 23 24 26 28 21 22 18 24 30 1000# 11 16 8 17 16 10 7
xF
PM10
03/27 7 13 8 10 11 10 12 18 15 20 16 18 18 19 24 27 21 31 26 32 30 25 27 24
xF
PM10
03/28 15 19 17 26 22 24 24 23 27 21 27 27 28 34 29 35 35 50 52 45 41 37 31 39
xF
PM10
03/29 21 26 24 26 23 26 23 29 35 39 33 35 34 33 38 45 55 53 47 50 49 45 47 44
xF
PM10
03/30 37 34 24 26 24 18 16 20 30 24 19 19 18 23 17 18 14 22 26 20 19 21 5 7
xF
PM10
03/31 12 14 10 11 18 11 7 11 11 20 30 33 34 33 38 29 29 37 34 33 32 27 7 13
xF
PM10
菏代~るG2019/04A 代浮GOFA 代兜GPM10]gg/m3^
xF
PM10
ら戳 00 01 02 03 04 05 06 07 08 09 10 11 12 13 14 15 16 17 18 19 20 21 22 23
xF
PM10
04/01 7 7 7 6 3 4 10 10 14 15 15 16 18 17 16 13 11 11 1000# 1 6 7 4 3
xF
PM10
04/02 2 8 7 7 5 8 7 10 15 11 16 10 8 6 9 8 8 11 13 20 23 22 15 18
xF
PM10
04/03 7 10 13 10 12 13 12 16 23 11 11 12 9 7 7 14 11 12 19 15 15 11 11 12
xF
PM10
04/04 10 6 5 5 5 10 9 13 11 10 12 16 15 17 11 10 9 14 18 27 29 28 32 10
xF
PM10
04/05 11 8 5 15 10 16 16 15 20 17 8 14 11 9 23 28 39 29 13 13 9 6 15 15
xF
PM10
04/06 0* 2 2 1 1 0* 0* 1 5 7 8 10 14 11 24 20 22 18 20 21 25 23 21 15
xF
PM10
04/07 11 13 12 13 13 13 21 14 17 23 21 19 20 27 28 22 27 31 27 21 28 1000* 22A 22
xF
PM10
04/08 13 23 18 16 17 18 25 36 29 28 29 27 29 22 32 30 33 30 41 31 32 43 42 38
xF
PM10
04/09 29 36 29 28 29 33 31 39 39 27 26 21 21 36 30 1000# 20 37 30 49 40 17 23 23
xF
PM10
04/10 12 14 18 17 16 17 23 27 22 28 26 34 37 45 53 79 77 66 63 56 55 48 37 16
xF
PM10
04/11 1 2 2 4 7 5 2 3 12 7 4 6 12 15 21 27 35 27 42 49 34 20 27 23
xF
PM10
04/12 18 21 11 8 7 7 6 6 5 7 6 3 4 9 9 11 12 9 10 18 6 15 9 4
xF
PM10
04/13 5 5 3 5 6 8 9 7 5 6 10 7 10 8 10 10 14 12 15 18 18 15 20 16
xF
PM10
04/14 6 7 9 11 10 12 9 9 9 8 8 8 22 18 26 24 25 28 14 14 8 7 9 7
xF
PM10
04/15 4 5 4 2 3 20 24 30 29 27 37 38 37 42 35 37 42 1000# 26 16 15 19 16* 20
xF
PM10
04/16 15 10 11 8 11 15 10 15 31 12 14 12 6 10 28 21 24 21 16 9 17 12 13 12
xF
PM10
04/17 8 6 7 6 13 8 13 14 17 13 19 28 32 29 26 14 12 11 11 8 7 8 9 8
xF
PM10
04/18 5 5 9 5 9 12 10 9 15 17 30 29 28 32 31 32 39 24 25 23 29 23 20 19
xF
PM10
04/19 24 19 22 22 15 20 22 18 26 28 27 23 15 21 11 14 18 18 26 29 28 22 19 17
xF
PM10
04/20 17 18 15 12 16 14 13 17 18 16 27 25 27 27 20 22 26 26 29 29 29 25 32 25
xF
PM10
04/21 22 19 22 22 24 22 19 28 27 17 19 24 29 20 19 19 22 25 30 26 32 28 29 17
xF
PM10
04/22 15 22 23 23 26 24 25 32 23 27 23 22 15 24 20 23 19 25 19 23 25 34 30 25
xF
PM10
04/23 15 24 24 25 27 23 28 29 28 24 18 24 25 26 34 37 35 43 48 49 45 39 45 41
xF
PM10
04/24 21 22 28 29 27 21 31 30 28 39 42 22 19 23 28 25 26 35 41 39 35 41 28 34
xF
PM10
04/25 38 26 26 23 25 27 30 36 37 1000# 26 26 18 24 30 1000# 40 31 36 49 NA 51 39 36
xF
PM10
04/26 36 33 33 35 30 33 31 31 38 30 38 37 40 39 31 35 33 33# 1000# 27# 30 29 26 15
xF
PM10
04/27 16 24 15 17 17 20 23 23 18 24 25 24 30 26 20 24 19 17 10 11 11 12 9 3
xF
PM10
04/28 0* 0* 5 1 4 11 7 14 9 16 4 7 4 3 6 9 11 15 19 16 17 8 13 18
xF
PM10
04/29 9 11 10 14 11 13 12 12 18 18 17 3 11 15 16 17 23 12 16 17 15 17 16 16
xF
PM10
04/30 10 14 20 15 22 13 21 26 29 32 35 49 46 45 40 40 1000# 40 36 48 39 42 36 35
xF
PM10
菏代~るG2019/05A 代浮GOFA 代兜GPM10]gg/m3^
xF
PM10
ら戳 00 01 02 03 04 05 06 07 08 09 10 11 12 13 14 15 16 17 18 19 20 21 22 23
xF
PM10
05/01 27 32 38 28 29 26 20 27 21 26 41 45 35 31 23 27 22 14 10 8 20 19 11 6
xF
PM10
05/02 0* 11 18 16 17 20 19 25 29 26 28 36 40 24 30 33 34 30 46 42 38 21 19 13
xF
PM10
05/03 9 6 4 4 9 11 10 9 9 11 17 9 16 34 41 49 55 45 37 32 33 40 40 39
xF
PM10
05/04 28 33 31 34 27 27 24 14 20 19 22 17 40 38 41 45 42 42 34 35 33 31 37 25
xF
PM10
05/05 25 32 34 28 33 29 30 24 31 29 23 24 26 30 25 30 22 32 27 24 19 19 16 17
xF
PM10
05/06 16 11 13 16 15 14 14 16 17 17 10 12 8 11 14 10 16 11 12 14 15 8 14 12
xF
PM10
05/07 6 11 9 12 8 7 5 5 9 6 11 14 19 8 17 16 12 8 8 7 9 8 10 11
xF
PM10
05/08 9 10 9 7 11 13 9 11 13 17 11 11 19 16 29 30 35 31 22 19 17 21 25 20
xF
PM10
05/09 8 11 13 16 18 18 18 16 12 16 11 23 17 21 16 21 23 21 24 18 10 9 7 9
xF
PM10
05/10 2 2 5 8 6 8 4 2 11 7 4 7 4 14 18 16 14 9 6 4 9 11 11 10
xF
PM10
05/11 6 8 10 11 9 10 8 11 10 10 5 12 11 11 21 19 18 24 14 18 14 9 8 8
xF
PM10
05/12 3 2 15 8 14 19 9 11 8 6 9 17 12 14 14 10 7 11 13 7 11 13 8 6
xF
PM10
05/13 3 2 11 11 11 16 15 22 11 10 9 7 6 7 5 3 4 8 14 12 8 14 13 14
xF
PM10
05/14 13 15 19 17 16 21 18 17 23 22 17 13 20 18 20 13 16 17 18 34 36 34 36 23
xF
PM10
05/15 28 24 27 28 30 27 28 26 29 29 55 28 24 14 17 19 14 1000# 9# 19 22 21 16 12
xF
PM10
05/16 12 23 26 25 20 20 17 28 17 14 14 11 12 13 19 15 15 16 20 21 18 30 25 32
xF
PM10
05/17 12 28 25 25 21 30 24 27 21 19 20 14 18 16 20 21 23 15 18 26 21 24 24 22
xF
PM10
05/18 16 19 19 25 21 17 20 21 21 26 25 22 15 14 20 13 13 15 16 10 20 17 15 16
xF
PM10
05/19 11 20 16 21 21 18 21 13 16 6 12 7 8 10 9 11 10 14 20 16 20 22 19 19
xF
PM10
05/20 20 20 21 24 19 23 23 19 19 12 11 12 19 25 15 14 11 9 6 10 14 25 19 16
xF
PM10
05/21 9 7 10 17 16 24 26 27 33 45 43 59 56 62 53 42 61 56 56 58 64 48 56 58
xF
PM10
05/22 48 53 54 42 46 46 40 46 41 51 52 49 53 49 48 48 54 51 32 21 31 32 36 24
xF
PM10
05/23 20 21 21 21 25 22 21 21 30 18 13 23 18 18 17 17 19 17 18 10 12 12 13 14
xF
PM10
05/24 10 12 12 11 12 21 8 11 11 8 7 6 17 16 14 1000# 10 15 16 10 10 11 16 17
xF
PM10
05/25 1 4 8 7 5 5 7 19 15 13 19 28 22 24 34 38 31 44 25 32 23 28 28 23
xF
PM10
05/26 27 24 27 29 29 32 29 30 27 29 29 31 32 32 32 31 32 33 32 24 14 10 7 14
xF
PM10
05/27 13 21 17 18 16 24 17 19 13 9 6 6 10 6 7 9 14 16 11 14 14 17 16 8
xF
PM10
05/28 7 14 14 16 17 15 21 17 20 17 10 8 7 1000# 1 9 7 12 19 30 27 20 20 11
xF
PM10
05/29 6 5 9 15 17 12 16 16 32 31 30 29 36 39 29 35 28 1000# 6# 9 13 1000* 13A 10
xF
PM10
05/30 4 3 10 14 8 17 12 15 9 6 2 8 19 8 17 19 22 14 17 11 22 12 12 9