xF
O3
01/01 22 26 26 26 25 24 24 22 23 23 26 28 28 30 30 29 28 25 25 26 25 27 27 27
xF
O3
01/02 27 27 28 27 27 26 26 23 21 18 19 21 23 22 23 21 20 18 20 21 21# 23 23 22
xF
O3
01/03 22 21 20 19 19 18 17 16 16 16 18 19 24 27 26# 26 25 18 16 17 20 20 21 20
xF
O3
01/04 20 20 19 18 16 16 13 9.6 9.9 15 24 24 24 25# 25 24 23 20 13 4.5 4 3.9 4.2 6.8
xF
O3
01/05 8.8 9.5 9.2 9.3 9.1 9.6 7.4 7.2 6.2 9 19 19 19 20 20 19 18 15 14 9 9.9 17 20 18
xF
O3
01/06 18 16 14 13 13 12 12 12 11 16 19 24 26 29 31 31 32 30 27 25 26 27 27 27
xF
O3
01/07 26 26 26 25 24 22 20 18 16 18 25 30 31 31 30 30 29 28 27 26 26 26 20 20
xF
O3
01/08 19 18 17 16 16 14 12 11 13 15 24 22 25 29 30 29 29 29 30 28 23 21 25 25
xF
O3
01/09 26 25 26 26 26 26 26 25 28 29 29 29 30 30 30 29 29 28 28 24 24 23 24 25
xF
O3
01/10 23 23 22 20 19 17 15 14 14 21 29 31 32# 33 33 32 30 27 27 16 13 11 13 13
xF
O3
01/11 13 14 13 12 10 11 9.2 7.7 10 19 27 28 28 27 27 27 24 20 19 20 17 12 11 9.4
xF
O3
01/12 9.3 9.5 11 12 12 12 12 11 10 11 17 22 22 22 24 22 21 21 21 22 19 22 17 16
xF
O3
01/13 15 15 15 15 15 15 14 14 13 15 17 26 30 30 30 29 28 26 23 21 21 21 23 25
xF
O3
01/14 26 25 25 26 27 27 27 25 22 26 30 32 34 35 34 32 31 31 25 25 26 28 28 27
xF
O3
01/15 27 25 25 23 22 21 19 13 10 12 15 23 28 31 29 27 26 23 23 20 18 21 17 19
xF
O3
01/16 21 22 23 23 29 31 31 28 26 27 28 31 32 34 35 34 31 31 30 31 32 33 34 34
xF
O3
01/17 33 32 30 29 28 27 25 23 23 24 26 26 27 30 31 33 28 26 27 30 29 29 30 31
xF
O3
01/18 30 31 31 33 35 36 36 32 31 30 33 36 36 40 40 39 38 37 36 31 31 31 33 31
xF
O3
01/19 31 31 31 28 26 26 22 22 18 19 20 22 33 31 24 21 25 23 19 20 20 19 22 24
xF
O3
01/20 23 23 20 22 22 20 20 19 17 18 19 20 23 25 26 28 27 24 19 25 23 26 28 29
xF
O3
01/21 29 30 31 33 33 35 34 32 30 29 31 32 33 35 33 32 30 28 28 29 28 27 28 28
xF
O3
01/22 28 27 25 25 24 25 22 21 23 26 30 32 33 35 34 34 33 24 27 28 28 30 31 33
xF
O3
01/23 36 37 37 37 36 35 34 33 34 36 38 42 43 44 43 40 40 35 34 34 32 32 34 35
xF
O3
01/24 36 36 34 33 32 30 27 24 23 29 39 40 42 41 40 41# 42# 36# 39# 38# 34 35 36 36
xF
O3
01/25 36 36 33 27 25 24 21 19 19 23 34 38# 39# 40# 35# 39 36 31 29 28 23 33 29 29
xF
O3
01/26 32 35 40 35 43 38 38 36 36 35 34 34 34 34 31 31 32 31 32 34 33 34 35 35
xF
O3
01/27 35 35 34 34 33 32 30 29 27 26 27 28 29 31 32 31 27 26 27 28 27 26 27 27
xF
O3
01/28 26 25 23 24 21 20 17 16 16 17 20 28 30 30 30 29 28 27 25 25 22 16 16 18
xF
O3
01/29 20 22 19 21 19 19 18 16 16 27 26 31 32 32 32 32 31 30 28 25 27 29 23 27
xF
O3
01/30 32 30 29 28 25 25 23 20 18 18 26 35 36 35 33 33 28 21 21 23 22 20 21 20
xF
O3
01/31 19 20 20 20 18 19 18 17 19 22 28 30 30 28 28 27 26# 24 22 20 17 16 23 33
xF
O3
菏代~るG2019/02A 代浮GOFA 代兜GO3]ppb^
xF
O3
ら戳 00 01 02 03 04 05 06 07 08 09 10 11 12 13 14 15 16 17 18 19 20 21 22 23
xF
O3
02/01 36 37 38 38 35 34 32 29 27 27 27 28 29 29 26 25 25 24 25 26 26 27 27 29
xF
O3
02/02 29 29 29 29 27 25 24 21 21 23 22 23 30 34 33 32 32 27 25 19 15 15 18 22
xF
O3
02/03 18 20 15 16 15 15 13 10 12 19 26 27 26 25 25 24 25 22 23 23 22 16 14 11
xF
O3
02/04 9.4 9.9 11 11 11 11 10 11 13 16 25 27 28 29 28 26# 23 23 23 24 25 25 25 24
xF
O3
02/05 24 24 24 23 23 22 19 17 18 22 30 31 31 30 30 29 28 28 22 20 16 16 16 17
xF
O3
02/06 16 16 16 16 17 15 16 16 22 25 28 30 30 32 33 31 30 30 26 25 15 11 10 9.9
xF
O3
02/07 9.9 9.2 11 13 15 17 17 17 17 20 20 21 21 21 23 26 27 19 20 20 16 16 18 20
xF
O3
02/08 20 19 23 20 20 25 24 23 23 25 29 29 29 29 29 28 27 28 26 23 18 19 20 21
xF
O3
02/09 21 21 21 19 18 18 18 16 16 17 26 27 29 29 28 28 28 28 28 29 22 22 23 23
xF
O3
02/10 23 23 24 24 24 23 23 23 23 24 26 28 29 30 30 29 28 27 27 28 27 22 22 22
xF
O3
02/11 24 24 22 21 20 20 18 17 16 18 24 27 28 28 28 28 28 27 22 21 21 23 23 24
xF
O3
02/12 25 26 25 25 24 23 22 19 19 21 26 26 28 28 27 24 23 22 23 21 15 8.4 9.2 14
xF
O3
02/13 17 15 14 14 10 9.9 9.2 8.1 9 14 22 22 22# 25 26 26 26 25 25 24 22 21 22 22
xF
O3
02/14 21 22 20 20 19 17 16 15 15 23 24 25 26 28 27 28 25 22 24 25 25 26 21 22
xF
O3
02/15 24 24 24 22 20 16 13 13 15 19 22 22 22 23 23 22 21 19 17 12 5.7 7.2 12 11
xF
O3
02/16 12 11 11 12 12 12 12 11 14 18 21 24 27 26 26 27 26 26 27 27 21 21 24 25
xF
O3
02/17 23 23 24 24 24 28 27 26 26 29 31 32 32 32 31 31 30 29 26 26 26 27 27 27
xF
O3
02/18 27 27 26 25 24 22 18 17 19 20 24 27 26 24 21 20 20 17 15 15 12 16 15 16
xF
O3
02/19 19 19 19 19 20 15 10 9.9 14 20 21 21 21 21 20 21 23 21 23 23 23 22 26 24
xF
O3
02/20 25 22 17 16 16 16 14 12 13 18 24 25 26 26 25 20 17 16 15 14# 17 15 8.4 7.1
xF
O3
02/21 6.6 6.7 8.5 8.3 7.9 9 8.3 7.4 11 18 20 20 21 22 22 22 20 19 19 19 16 13 7.6 7.2
xF
O3
02/22 8.5 10 11 11 12 13 12 11 13 19 22 23 25 26 28 29 30 29 31 32 36 36 36 36
xF
O3
02/23 36 36 35 34 31 32 31 27 29 28 32 33 33 33 33 33 33 23 24 25 26 28 29 31
xF
O3
02/24 30 29 29 27 25 27 25 24 24 24 24 25 29 29 28 28 27 30 28 23 25 25 26 27
xF
O3
02/25 26 27 26 27 27 27 27 25 26 33 35 36 36 37 35 34 33 32 34 34 30 27 29 30
xF
O3
02/26 30 30 31 31 31 30 30 28 29 31 32 35 37 37 36 35 36 35 32 34 32 27 28 27
xF
O3
02/27 26 25 24 24 20 18 16 15 16 28 30 30 29 30 29 28 27 21 19 17 18 13 17 20
xF
O3
02/28 20 15 8.6 11 10 9 9.7 10 9.6 11 19 19 19 21 27 27 29 29 30 31 30 23 24 25
xF
O3
菏代~るG2019/03A 代浮GOFA 代兜GO3]ppb^
xF
O3
ら戳 00 01 02 03 04 05 06 07 08 09 10 11 12 13 14 15 16 17 18 19 20 21 22 23
xF
O3
03/01 24 24 24 23 22 20 20 18 19 23 28 30 33 33 32 32 32 31 24 23 21 19 20 22
xF
O3
03/02 22 20 19 19 17 14 13 13 13 24 29 27 25 24 23 24 23 23 23 21 20 15 9.3 11
xF
O3
03/03 10 11 12 13 14 15 15 14 18 23 23 23 26 28 26 26 26 30 33 33 33 35 35 35
xF
O3
03/04 31 28 28 27 27 26 24 20 24 32 32 33 34 34 35 37 33 25 26 27 28 29 31 32
xF
O3
03/05 34 33 30 31 31 31 30 27 27 28 33 37 39 37 35 35 33 30 28 28 25 24 23 21
xF
O3
03/06 20 18 18 20 18 18 18 16 16 24 27 28 31 33 33 34 35 35 34 34 34 36 37 37
xF
O3
03/07 34 34 34 34 34 34 33 30 27# 26 27 26 28 26# 28 30 29 29 32 36 41 45 46 46
xF
O3
03/08 46 45 45 44 44 44 42 40 37 35 35 33 32 30 30 31 27 23 25 24 23 23 23 25
xF
O3
03/09 23 23 21 19 19 22 25 19 17 21 24 31 33 31 30 28 25 24 24 19 21 21 17 17
xF
O3
03/10 18 17 15 14 16 17 17 17 24 27 27 29 30 31 30 30 29 29 29 28 28 27 32 36
xF
O3
03/11 39 33 36 37 38 36 36 35 35 33 32 31 31 32 29 27 26 24 24 26 27 30 33 35
xF
O3
03/12 35 37 37 38 38 39 38 36 35 36 42 53 52 52 51 48 47 41 36 39 38 36 34 33
xF
O3
03/13 30 30 30 29 28 27 24 22 20 20 20 34 41 41 40 36 38 38 35 36 36 38 37 35
xF
O3
03/14 35 35 35 36 34 32 29 23 22 24 33 43 43 43 42 39 38 35 33 27 30 28 28 27
xF
O3
03/15 26 25 24 23 28 34 33 36 36 35 34 33 37 37 39 40 40 30 36 34 36 38 41 45
xF
O3
03/16 47 46 45 42 41 38 35 33 36 41 48 48 48 48 49 49 48 48 47 38 37 36 36 36
xF
O3
03/17 34 34 32 31 30 28 27 27 28 37 39 39 38 36 35 34 33 34 34 33 32 24 25 24
xF
O3
03/18 23 25 22 20 19 17 15 15 15 20 28 29 28 28 25 23 22 21# 20 20 21 16 16 17
xF
O3
03/19 17 14 15 13 15 15 15 13 12 22 30 31 31 33 33 33 32 32 26 25 26 27 28 28
xF
O3
03/20 29 28 26 24 21 18 17 14 15 25 32 31 29 27# 23 19 17 14 11 11 11 10 8.5 8.5
xF
O3
03/21 11 6.6 7.8 12 13 13 13 13 13 16 16 17 19 19 20 20 19 17 17 16 12 13 12 10
xF
O3
03/22 13 15 17 16 17 16 15 13 14 22 25 28 29 31 31 31 30 28 30 27 27 27 27 30
xF
O3
03/23 28 28 28 29 29 28 29 27 27 24 25 26 33 34 34 34 32 26 26 31 31 30 32 33
xF
O3
03/24 35 35 37 38 36 35 35 34 34 34 35 34 37 36 37 31 30 30 28 27 26 25 24 24
xF
O3
03/25 24 23 20 19 19 15 13 13 16 22 26 27 26 25 24 25 24 24 26 26 27 27 27 29
xF
O3
03/26 30 32 32 32 23 22 21 27 30 32 33 33 34 35 34 33 30 22 20 20 20 22 24 23
xF
O3
03/27 24 24 25 24 21 19 15 14 16 25 33 34 34 32 31 28 27 22 20 24 24 24 23 21
xF
O3
03/28 16 18 19 14 16 12 15 15 15 18 20 20 18 19 19 19 21 19 17 18 17 13 11 15
xF
O3
03/29 17 19 18 17 18 18 18 18 20 24 25 27 28 28 27 27 28 27 27 28 28 25 15 18
xF
O3
03/30 22 19 19 19 31 38 37 37 39 33 37 39 36 38 39 38 37 32 31 30 28 25 26 28
xF
O3
03/31 26 28 30 29 30 31 33 34 34 39 41 41 43 43 44 44 42 37 35 39 38 37 39 41
xF
O3
菏代~るG2019/04A 代浮GOFA 代兜GO3]ppb^
xF
O3
ら戳 00 01 02 03 04 05 06 07 08 09 10 11 12 13 14 15 16 17 18 19 20 21 22 23
xF
O3
04/01 40 39 39 39 38 38 37 35 34 33 33 36 35 38 37 34 34 33# 33 32 33 35 37 38
xF
O3
04/02 38 38 37 35 35 34 33 30 28 37 38 38 36 35 36 35 36 33 31 31 31 30 28 25
xF
O3
04/03 22 19 18 20 19 19 17 15 18 29 30 29 30 28 28 26 27 26 25 22 27 29 30 29
xF
O3
04/04 29 26 28 26 26 26 23 21 24 30 29 29 30 30 31 30 25 24 22 20 19 21 19 19
xF
O3
04/05 18 18 17 14 11 9 9.3 12 15 18 21 25 25 21 23 26 28 29 31 32 32 34 34 34
xF
O3
04/06 25 29 29 29 29 28 25 25 29 34 32 33 34 33 34 33 33 33 29 23 23 18 18 19
xF
O3
04/07 20 17 18 18 17 18 17 19 26 30 32 31 31 34 35 31 32 31 32 31 30 25 25 25
xF
O3
04/08 24 22 22 21 19 18 17 20 24 31 31 30 31 31 29 28 30 29 25 25 23 12 12 12
xF
O3
04/09 13 16 16 16 17 15 19 19 21 23 20 18 17 17 16 15# 185# 8.4 9.2 12 12 11 4.1 3.8
xF
O3
04/10 6.2 8.4 7.9 9.3 11 12 13 13 14 16 18 19 25 24 27 27 23 26 29 30 31 31 32 31
xF
O3
04/11 31 32 32 32 31 25 24 26 31 34 34 35 35 35 37 32 28 25 24 24 26 31 37 39
xF
O3
04/12 39 38 36 34 33 32 31 29 30 35 36 37 39 39 40 40 40 39 38 36 33 33 35 35
xF
O3
04/13 35 36 36 35 35 34 32 29 30 33 38 37 37 37 36 36 35 33 32 31 30 26 20 24
xF
O3
04/14 21 17 19 19 19 20 17 17 20 30 33 33 34 35 33 32 31 32 32 32 33 33 30 32
xF
O3
04/15 31 31 33 33 34 45 44 38 38 39 40 43 43 41 39 40 38 34# 33 36 36 35 35 36
xF
O3
04/16 36 36 36 35 32 27 24 20 13 14 15 23 23 23 26 27 25 30 30 28 20 17 15 18
xF
O3
04/17 18 20 19 16 13 10 10 16 32 31 34 33 35 38 39 37 34 29 30 30 30 31 31 29
xF
O3
04/18 32 32 34 34 31 26 24 21 21 31 42 41 40 41 37 34 25 25 22 20 18 18 17 18
xF
O3
04/19 18 18 16 14 15 15 16 15 16 17 19 26 26 28 29 27 27 15 18 16 9.4 9.7 11 14
xF
O3
04/20 14 17 17 15 17 22 17 15 20 28 30 35 40 40 37 38 38 34 32 33 36 33 18 15
xF
O3
04/21 16 16 17 18 17 16 17 15 13 16 20 28 29 30 28 27 26 25 25 24 18 13 11 13
xF
O3
04/22 13 13 13 13 12 12 12 11 16 24 25 25 24 23 22 23 23 21 18 18 17 6.5 5.3 9.5
xF
O3
04/23 12 13 12 7.9 7 5.4 6.9 11 19 22 23 24 25 29 39 40 36 29 24 21 26 21 13 12
xF
O3
04/24 12 12 11 13 12 11 12 12 18 21 25 28 27 28 27 27 28 24 20 18 14 17 18 13
xF
O3
04/25 15 13 15 18 20 19 19 19 22 26# 28 29 30 29 28 25# 26 23 22 18 NA 16 16 16
xF
O3
04/26 17 20 20 20 19 20 18 17 20 26 25 26 27 29 31 31# 36# 35# 32# 27 31 31 29 31
xF
O3
04/27 29 28 27 27 26 23 22 24 27 31# 30 32 35 33 31 35 35 34 31 30 29 30 31 31
xF
O3
04/28 29 29 26 23 24 23 19 21 24 26 27 25 23 22 22 20 23 17 17 18 16 12 9.3 8
xF
O3
04/29 8.8 8.5 7.2 7.3 6.8 5.1 5.6 9 12 15 15 17 17 15 14 14 13 13 12 14 13 13 15 15
xF
O3
04/30 13 9.7 9.9 6.3 8.4 8.5 11 15 19 21 22 24 24 26 28 31 33 24# 19 17 18 18 18 19
xF
O3
菏代~るG2019/05A 代浮GOFA 代兜GO3]ppb^
xF
O3
ら戳 00 01 02 03 04 05 06 07 08 09 10 11 12 13 14 15 16 17 18 19 20 21 22 23
xF
O3
05/01 18 14 15 16 16 17 15 19 20 21 22 21 28 33 35 36 38 37 35 34 32 35 33 31
xF
O3
05/02 32 35 35 35 35 34 32 31 31 30 34 35 35 34 34 34 34 29 31 35 34 31 34 34
xF
O3
05/03 34 35 34 35 36 37 36 34 31 34 34 36 37 39 43 41 39 36 40 41 41 41 42 44
xF
O3
05/04 43 43 41 38 38 36 33 33 30 30 30 31 37 38 39 37 36 34 29 32 33 31 30 31
xF
O3
05/05 29 28 30 29 29 30 28 31 32 34 37 37 36 36 35 34 33 29 22 19 19 18 20 23
xF
O3
05/06 23 24 25 28 28 26 25 25 20 22 21 22 24 30 29 31 27 22 22 25 27 28 30 31
xF
O3
05/07 33 33 33 32 31 31 28 25 23 25 33 38 38 39 38 36 32 33 32 35 35 36 37 36
xF
O3
05/08 36 36 35 32 32 29 23 21 20 24 35 34 34 34 32 31 31 31 28 26 21 15 17 16
xF
O3
05/09 16 16 27 15 15 15 15 13 18 23 25 26 27 26 24 22 22 22 23 20 17 18 21 21
xF
O3
05/10 21 23 25 25 25 23 20 18 17 17 23 28 24 31 34 33 32 30 22 21 20 22 23 23
xF
O3
05/11 24 24 23 24 23 23 21 20 20 27 27 28 29 28 27 28 26 25 23 22 21 18 19 20
xF
O3
05/12 20 20 20 21 20 18 17 18 23 23 23 24 23 23 25 21 18 18 17 16 16 15 15 12
xF
O3
05/13 12 12 12 11 9.1 7.8 7.6 8.7 13 17 18 18 18 18 16 15 13 13 13 15 16 11 8 6.2
xF
O3
05/14 5.3 5.2 4.2 4.9 5.7 8 8.3 9.8 16 21 23 24 23 23 24 19 19 19 24 32 33 32 31 32
xF
O3
05/15 30 28 16 16 17 16 17 18 25 26 26 24 22 24 22 21 21 19 15 17# 13 16 12 9.8
xF
O3
05/16 8.6 9.1 9.9 9.2 7.6 8.3 7.1 7.9 14 21 22 23 22 22 20 18 16 17 15 15 17 6.2 8.9 8
xF
O3
05/17 6 6.6 6.2 6.7 6.4 6 4.6 10 18 20 20 19 20 21 23 22 20 16 15 16 18 17 17 16
xF
O3
05/18 10 9.9 7.9 8.7 8.4 6.8 7 7.2 8 10 11 8.8 6.7 8.6 7.7 7.5 7.2 8.6 11 11 9.2 8.3 8 7.9
xF
O3
05/19 8.7 10 10 10 9.2 9.7 8.6 12 19 24 28 25 29 32 31 32 28 24 21 23 20 16 12 10
xF
O3
05/20 9.2 9.3 9.5 8.1 7.9 7.6 8.5 13 21 23 24 24 22 21 20 23 26 17 11 18 32 34 34 33
xF
O3
05/21 31 32 35 37 38 39 36 33 29 32 34 39 43 41 38 43 39 33 31 29 42 48 50 48
xF
O3
05/22 44 44 43 42 36 32 29 26 41 53 52 52 50 48 47 44 42 41# 42# 37# 36 34 36 36
xF
O3
05/23 37 35 36 35 35 35 33 32 27 28 26 28 30 29 29 29 27 18 15 19 18 19 21 21
xF
O3
05/24 23 27 24 24 22 19 23 20 23 23 24 28 34 31 29 26 22 17 19 20 21 21 21 23
xF
O3
05/25 28 21 22 25 23 26 26 22 23 19 30 29 26 29 32 32 29 25 28 25 21 28 20 21
xF
O3
05/26 18 17 14 13 13 13 11 15 19 28 29 30 28 27 29 27 26 24 21 19 18 19 13 13
xF
O3
05/27 17 16 15 13 11 9.8 9.4 9.1 15 18 21 22 21 18 16 15 15 16 14 12 13 14 10 13
xF
O3
05/28 14 13 13 12 9.6 9.3 8.1 8.3 11 18 19 21 22 23# 20 16 14 14 14 23 26 28 22 23
xF
O3
05/29 26 26 28 28 29 26 26 32 32 33 34 36 36 38 35 33 29 27# 25 27 30 32 32 31
xF
O3
05/30 29 29 29 27 24 24 20 22 28 34 34 32 33 32 32 31 29 18 20 20 18 18 20 20