屏東
SO2
01/01 1.7 1.6 1.7 1.6 1.6 1.5 1.5 1.6 1.8 2 2.2 2.5 3.2 3.9 5.4 6 5 4.5 4.3 3 3 2.7 2.6 2.4
屏東
SO2
01/02 2.3 1.8 1.7 1.5 1.4 1.3 1.3 1.9 2 2.3 2.3 3.3 5.1 11 10 8.2 6.8 3.9 2 2 1.9 1.8 1.8 2.1
屏東
SO2
01/03 2.1 2.3 2.1 1.8 1.7 1.7 1.7 1.9 2.2 2.1 2.2 2.2 2.2 2.4 2.8 2.1 2.8 2.8 2.5 1.9 1.9 2 1.8 1.7
屏東
SO2
01/04 1.6 1.3 1.4 1.3 1.3 1.3 1.3 1.6 2.1 3.3 7.3 7.4 3.8 6.2 7 9.4 4.2 3.1 3.1 2.7 2.2 1.8 1.3 1.2
屏東
SO2
01/05 1.3 1.2 1.5 1.4 1.5 1.4 1.6 1.6 3.1 2.9 3.2 2.9 1.4 1.2 1.3 1.4 1.3 1.3 1.5 1.7 1.4 1.5 1.4 1.5
屏東
SO2
01/06 1.9 1.5 1.5 1.7 1.7 1.6 1.8 1.8 3.2 12 16 6.8 3.7 4.9 4.8 4 3.2 2.9 2.3 2 2.3 2.4 2.6 1.6
屏東
SO2
01/07 2.2 2.3 2.3 2.2 1.9 2 2 2.4 26 16 14 12 8.3# 9.7 6.1 5.2 4.9 3.9 2.9 2.7 2.8 2.8 3.1 3.4
屏東
SO2
01/08 2.9 1.8 1.8 1.8 1.6 1.8 1.6 1.8 4.2 6.1 4.8 1.8# 1.8 2.7 3.2 3 2.9 2.7 2.6 2.1 1.8 2.1 1.5 1.7
屏東
SO2
01/09 2 1.1 1.4 1.5 1.7 1.4 1.6 1.8 2.4 2.3 3.1 4 3 9.1 11 4.2 3.4 3.1 2.9 2.5 1.9 2.2 1.8 1.3
屏東
SO2
01/10 1.9 1.7 1.8 1.8 2.2 1.7 1.8 1.9 3 7.6 6.1 4.2 4.1 4.9 7.3 11 3.2 4.7 4.3 3.6 2.8 2.3 1.8 1.7
屏東
SO2
01/11 1.6 1.2 1 1 1.2 1.1 1.2 1.7 2 2.2 3.7 2.9 2.8 2.8 2.1 2.2 2.2 2.6 2.8 4.8 3.1 2.6 2.4 2.1
屏東
SO2
01/12 2 1.5 1.3 1.1 1.2 1.2 1.3 1.4 2 2.5 3.8 2.1 2.1 6 4.6 2.8 1.6 1.6 2.3 1.7 1.2 0.9 1 1
屏東
SO2
01/13 1.1 1.6 1.4 1.5 1.6 1.9 1.8 1.9 2.3 2.7 2.8 3.4 3.3 5.5 4.4 3.6 3.5 3.1 3 2.4 2.3 2.4 2.2 1.9
屏東
SO2
01/14 1.2 1.4 1.5 1.4 1.3 1.5 1.5 1.7 2.1 2.9 5.2 4.5 4.6 7 4.3 3.2 3.4 3.1 3.1 2.6 2 1.9 1.5 1.6
屏東
SO2
01/15 2 2.3 2.3 2.3 2.4 2.5 2.4 2.5 3.3 3.9 4.9 5.2 5.2 5.6 5.3 5.8 6.3 4.1 4.7 3.2 2.5 2.8 3.6 4.5
屏東
SO2
01/16 2.4 2.5 2.1 1.9 1.7 2 1.9 1.8 2.2 2.3 2.1 2.4 2 2.1 2.1 2.1 2 2 1.7 1.6 1.6 1.6 1.6 1.9
屏東
SO2
01/17 2.4 1.8 1.7 1.8 1.7 1.9 2 2 2.2 2.6 2.4 2.1 2.2 2.3 2.4 3.7 3.2 2.8 2.8 2.6 2.2 2.2 2.5 2.4
屏東
SO2
01/18 1.9 1.8 1.6 1.8 1.6 1.5 1.6 1.7 2.3 2.4 2.4# 51# 9.8# 4.9# 5.6 4.2 3.1 2.9 3.5 2.9 2.4 1.9 1.5 1.6
屏東
SO2
01/19 1.9 1.9 1.8 1.7 1.8 1.7 1.7 2.1 2.5 2.6 2.8 2.9 2.9 3.5 4.5 4.6 3.2 3.1 2.7 1.8 1.5 1.4 1.3 1.4
屏東
SO2
01/20 1.1 1 1 1 1.2 1.2 1.1 1.3 1.4 1.3 1.3 1.3 1.4 1.4 1.7 2.8 3.5 3.5 3.5 2.8 1.9 1.9 1.9 2.2
屏東
SO2
01/21 2.1 1.4 1.2 1.1 1.4 1.2 1.4 1.5 1.8 1.4 1.6 1.5# 1.7 1.6 1.7 1.8 1.4 2 1.2 1.6 1.9 1.4 1.1 0.9
屏東
SO2
01/22 0.9 2.1 2.3 2.2 1.9 1.8 1.9 1.9 2.1 2.1 2.1 2.1 2.1 2.6 2.8 2.9 2.7 2.5 2.1 2 1.8 2.8 2.5 2.5
屏東
SO2
01/23 2.8A 1.5 1.3 1.3 1.5 1.3 1.3 1.3 1.9 2.2 2.4 2.3 2 2.1 3.2 3.1 3.2 3.5 3.3 3 2.2 2 1.8 1.9
屏東
SO2
01/24 1.7 2 1.9 2 1.7 1.7 1.7 1.8 2.4 2.6 2.8 2.3 2.7 4.4 4.7 6.2 5.8 4.7 3.5 3.4 2.3 2.3 2.2 2.1
屏東
SO2
01/25 2.1 1.8 1.7 1.7 1.7 1.8 1.8 1.9 2.7 2.7 2.5 3 2.7 4.1 5.2 4.1 4.2 3.5 3.1 4 2.8 2.4 2.1 2.1
屏東
SO2
01/26 2.1 1.4 1.3 1.2 1.2 1.2 1.2 1.3 1.6 1.9 2.3 3.1 5.3 6.8 7.1 5.1 1.6 1.3 2 2.5 2.3 2.4 2.2 2.1
屏東
SO2
01/27 1.8 2.1 1.9 1.9 1.8 1.8 1.7 1.9 2 2.5 2.9 4 3.7 5.2 4.4 3.3 2.7 2.5 2.2 1.9 1.8 1.8 1.7 1.6
屏東
SO2
01/28 1.8 1.5 1.4 1.4 1.3 1.5 1.4 1.3 1.6 1.9 2 1.9 2.1 4.4 5.1 6.3 4.6 2.8 2.3 1.5 1.4 1.5 1.4 1.5
屏東
SO2
01/29 1.8 1.3 1.3 1.4 1.3 1.3 1.3 1.4 1.8 2.6 2.5 2.5 2.3 5.2 5.7 4.8 3.9 2.7 2.3 2.5 3.2 1.5 1.5 1.7
屏東
SO2
01/30 1 1.8 1.8 1.8 1.7 1.7 2 2.1 2.5 2.9 2.5 2.4 2.9 5.4 5.2 3.2 3.2 2.9 2.6 2.2 1.8 2 2 1.9
屏東
SO2
01/31 2.2 1.2 1.3 1.1 0.9 1 1.2 1.1 1.5 1.9 3.8 4.6 3.2# 2.8 1.9 2.9 3.5 2.8 2.5 2.1 1.8 1.6 1.4 1.2
屏東
SO2
監測年月：2019/02， 測站：潮州， 測項：SO2（ppb）
屏東
SO2
日期 00 01 02 03 04 05 06 07 08 09 10 11 12 13 14 15 16 17 18 19 20 21 22 23
屏東
SO2
02/01 1.4 1.4 1.3 1.5 1.3 1 1 1.2 1.9 2.7 3.5 6.6 7.5 3.3 2.7 2.6 2.2 2.2 2.1 1.5 1.5 1.2 1.5 1.2
屏東
SO2
02/02 1.1 1.9 1.9 1.9 1.7 1.5 1.5 1.7 2.1 4 5 4.9 4.2 3.2 3.1 2.9 3.7 3.3 5.1 3 2.2 1.9 1.7 1.5
屏東
SO2
02/03 1.7 1.1 0.9 1 1 0.9 1 1.1 1.6 1.7 1.9 1.2 1 1 1.1 1.1 1 1 1.1 1.2 1 0.9 1 1
屏東
SO2
02/04 1 1.1 1.1 1.2 1.2 1.2 1.3 1.4 1.5 1.7 1.7 2.1 1.8 1.6 1.7 1.6 1.6 1.5 1.4 1.3 1.3 1.3 1.4 1.3
屏東
SO2
02/05 1.3 1.5 1.5 1.5 1.4 1.3 1.6 1.6 1.6 1.6 1.7 1.6 1.5 1.4 1.3 1.2 1.2 1.3 1.9 2.2 1.6 1.5 1.5 1.2
屏東
SO2
02/06 1.7 1.4 1.5 1.5 1.4 1.2 1.5 1.5 1.7 1.9 2.2 3.1 4.8# 2.8 2.5 2.2 2.3 2.5 2.5 2 1.8 1.6 1.6 1.3
屏東
SO2
02/07 1.2 1.9 1.8 1.8 1.8 1.8 1.8 1.9 2.2 2.2 2 1.9 1.9 2 2.2 2.2 2.7 2.8 2.8 2.2 2.1 2.1 2 1.9
屏東
SO2
02/08 1.7 0.7 0.7 0.7 0.7 0.6 0.8 0.8 1 1.1 1.2 1.2 1.2 1.3 1.5 1.5 1.4 1.6 1.5 1.4 1.1 0.9 0.8 0.7
屏東
SO2
02/09 0.9 1.1 1.1 1 1.1 1 1.1 1.2 1.4 1.7 1.7 1.5 1.5 4.8 6.6 3.8 2.3 1.8 1.7 1.7 1.8 1.9 1.7 1.7
屏東
SO2
02/10 1.7 1.5 1.5 1.4 1.5 1.4 1.2 1.4 1.8 2.2 2.3 2.3 1.8 2.9 6.3 6 3.3 2.6 2.2 1.8 1.3 1.1 1.3 1.6
屏東
SO2
02/11 1.5 1.6 1.6 1.5 1.4 1.5 1.6 1.8 2.2 3.1 3.8 4 6.6 5.7 4.1 2.9 2.9 2.4 2.2 2.2 2.5 2.3 2.1 1.8
屏東
SO2
02/12 1.6 1.8 1.7 1.7 1.6 1.7 1.6 1.7 2 2.5 3 2.9 4.6 4.9 2.7 2.2 2.2 2.4 2.3 1.9 1.7 1.8 1.7 1.6
屏東
SO2
02/13 1.7 1 1 1 0.8 0.8 1.1 1.1 1.6 1.5 1.3 1.1 1.2 2.9 3 1.6 1.6 1.6 1.2 0.7 0.6 0.6 0.6 0.6
屏東
SO2
02/14 1.1 2.3 2.1 1.9 1.9 1.7 1.6 1.9 2.7 3.1 2.7 3 4.9 2.7 2 2 2.3 2.4 2.2 2.1 1.8 1.7 1.6 2.4
屏東
SO2
02/15 2.1 1.8 1.7 1.7 1.4 1.4 1.5 1.8 2.1 2.1 2.3 2.1 1.8 1.7 1.8 1.7 1.5 1.3 1.4 1.4 1.5 1.4 1.4 1.5
屏東
SO2
02/16 1.2 0.7 0.9 0.7 0.6 0.7 0.7 0.8 1 1.2 1 0.9 1.2 1.9 1.5 1.5 1.4 1.3 1.5 1.5 1 0.9 1.1 1.1
屏東
SO2
02/17 0.9 1.3 1.2 1.5 1.5 1.3 1.2 1.4 1.7 1.9 1.7 1.7 2.5 2.9 2.5 2.3 2.1 2.1 2.6 2.9 1.9 1.7 1.5 1.7
屏東
SO2
02/18 1.9 2.2 2.4 2.3 2.4 2.2 2.2 2.2 2.6 2.6 2.6 2.6 3.1 1.8 1.6 1.5 1.5 1.7 1.9 1.6 1.5 1.5 1.6 1.6
屏東
SO2
02/19 1.9 1.7 1.9 1.8 1.7 1.7 1.7 3.2 3.4 2.6 2.7 3.1 2.9 2.9# 2.3 2.3 2.1 2.2 2.2 2.2 2.2 1.9 1.8 1.8
屏東
SO2
02/20 1.4 1.7 1.7 1.6 1.7 1.9 1.8 2 2.1 2.3 2.3 2 1.9 2 1.9 2.1 2.2 1.8 2 2 1.9 1.8 1.5 1.6
屏東
SO2
02/21 1.9 1.5 1.5 1.6 1.7 1.6 1.7 1.9 2.2 2.7 2.9 1.9 1.9 2 1.9 1.9 1.9 2.1 2.2 1.9 1.7 1.7 1.6 1.4
屏東
SO2
02/22 1.5 1.3 1.3 1.3 1.5 1.5 1.6 1.8 2.1 2.1 2.3 1.9 2.1 2.6 3 2.6 2.9 2.2 2.1 2 2 1.9 2 2.4
屏東
SO2
02/23 2 1.8 1.6 1.5 2.1 1.6 1.5 1.7 1.8 2.3 2.2 3.7 10 7.6 2.5 2.7 2.7 2.1 1.6 1.8 1.8 1.7 1.5 1.7
屏東
SO2
02/24 2.2 2.1 2 1.9 1.9 1.9 2.2 2.1 2.5 2.6 4.3 5.7 4.6 3.9 3.6 3 2.8 2.1 1.9 1.7 1.7 1.7 1.6 1.7
屏東
SO2
02/25 1.5 1.9 1.9 1.8 1.8 1.9 1.8 1.8 2 2.2 2.1 2.2 2.1 2.5 2.1 2.2 2.8 2.7 2.6 2.9 3.8 3.2 3 2.8
屏東
SO2
02/26 2.4 1.4 1.3 1.2 1.3 1.3 1.3 1.4 2 2.1 2.5 2.5 4.2 5.7 5.3 4 3.5 3.2 2.4 1.9 1.7 1.7 1.5 1.5
屏東
SO2
02/27 0.9 1.6 1.4 1.4 1.5 1.4 1.4 1.6 2 2.1 2.2 1.9 2.9 3.1 3.1 2.3 2.1 2 1.9 1.9 1.9 1.7 1.4 1.4
屏東
SO2
02/28 1.7 1.1 1.2 1.2 1.3 1.4 1.5 1.6 2 2.2 1.8 1.6 1.5 2.4 2.2 1.6 1.8 1.4 1.6 2 2.1 2.4 2.3 2.4
屏東
SO2
監測年月：2019/03， 測站：潮州， 測項：SO2（ppb）
屏東
SO2
日期 00 01 02 03 04 05 06 07 08 09 10 11 12 13 14 15 16 17 18 19 20 21 22 23
屏東
SO2
03/01 1.6 2.1 2.1 2.1 2.2 2.2 2.3 2.7 2.8 3.2 4.4 4.8 3.6 3.2 3.3 3.2 4.4 3.5 3.2 2.9 2.6 2.2 2 2.1
屏東
SO2
03/02 2.3 1.4 1.3 1.3 1.4 1.3 1.4 1.4 1.7 2.1 2.9 2.6 2.3 2.2 1.7 1.3 1.3 1.3 1.4 1.2 1.3 1.2 1 1.1
屏東
SO2
03/03 1.2 1 0.8 0.8 0.9 0.9 1 1 1.2 1.2 1.3 1.1 1.1 1.3 4.4 1.3 1.2 1.3 1.2 1.2 1.1 1.1 1.1 1.1
屏東
SO2
03/04 1.6 0.8 0.8 0.8 0.9 0.8 0.7 1.1 1.9 3.1 6.7 3.3 2.4# 2.1 1.7 1.4 1.5 1.5 1.4 1.2 1.1 1.1 0.9 1
屏東
SO2
03/05 0.6 1.4 1.5 1.5 1.6 1.6 1.6 1.7 2 2.1 2.1 1.3 1.2 1.3 1.3 1.3 1.4 1.3 1.6 1.5 1.5 2.2 2.1 2.4
屏東
SO2
03/06 1.4 1.2 1.3 1.3 2 1.6 1.6 1.9 2.5 2.3 1.8 2.7 6 4.4 2.6 3.9 3.3 2.9 3.8 2.7 1.9 1.5 1.4 1.5
屏東
SO2
03/07 1.4 1.7 1.6 1.6 1.6 1.6 1.7 1.8 2 2.2 3 4.5 4 2.7 2.1 1.9 1.6 1.5 1.6 1.6 1.6 1.6 1.7 2
屏東
SO2
03/08 1.7 1 0.8 1 1 1 0.9 1.1 1.2 1.3 1.3 1.3 1.3 0.9 0.8 1 1.1 1 1.2 1.1 1 1 2.3 2
屏東
SO2
03/09 1.8 1.4 1.6 1.5 1.4 1.3 1.3 1.5 2.9 3 3.8 2.3 1.2 1.2 1.5 1.3 1.4 1.2 1.3 1 0.9 0.7 0.7 0.8
屏東
SO2
03/10 0.8 1.3 1.3 1.2 1.2 1.2 1.1 1.4 1.4 1.6 1.6 1.5 2.4 2.8 2.5 1.9 1.7 1.5 1.4 1.5 1.4 1.4 1.3 1.3
屏東
SO2
03/11 1.6 0.9 0.9 0.9 1 1 1 1 1 0.9 0.8 1 1.7# 3.9 2.9 2.5 1.7 1.5 1.4 1.3 1.3 1.2 1.7 1.5
屏東
SO2
03/12 0.7 1.5 1.3 1.1 1.1 1.2 1.2 1.5 3.5 4.7 3.5 2.9 72# 107# -4.2# 2.1 2 1.7 1.8 1.1 1 1 0.9 0.8
屏東
SO2
03/13 1.4 1.5 1.4 1.4 1.6 1.6 1.6 1.9 2.1 2 2 2 3.4 3.8 3.9 3.9 6.7 1.5 1.4 1.5 1.4 1.5 1.6 1.5
屏東
SO2
03/14 1.3 1.5 1.6 1.7 1.6 1.9 1.7 2 3.2 3.1 3.6 2.8 4.5 3.6 3.1 3.7 3.1 2.9 2.6 2.8 2.9 2.3 2 2.2
屏東
SO2
03/15 3.1 2.1 2.2 1.9 1.9 1.7 1.7 1.8 2.1 2.2 2.2 2.7 3.9 6.1 2.7 2.7 3 3.3 3 2.9 3.5 2.9 3 2.3
屏東
SO2
03/16 2.3 2 2.2 2 1.9 1.9 1.9 2.7 4 3.5 3.1 2.2 2.3 2.2 2.4 3.4 5.3 4.4 4 2.1 1.8 1.8 1.7 1.5
屏東
SO2
03/17 1.7 1.5 1.5 1.6 1.5 1.5 1.5 1.7 2.4 2.5 2.5 2.5 2.3 2.8 3 2.4 2.5 2.5 2.3 2.2 2.2 2.2 2.5 2.2
屏東
SO2
03/18 2.3 2.2 2 2 1.9 2 2 2.4 2.8 2.6 2.3 2.5 3.9 7.1 5.9 4.5 3 3 3.7 3.1 2.8 2.6 2.4 2.7
屏東
SO2
03/19 2.3 1.9 1.9 1.9 1.9 1.9 2.1 2.3 2.8 3.1 2.7 3 3.2 2.9 3.1 3 3.1 3.1 3.1 3 2.1 2.1 1.6 1.6
屏東
SO2
03/20 1.3 1.5 1.5 1.7 1.8 1.8 1.8 1.9 3.5 3.8 3.8 3.9 4.1 2.1 1.5 1.3 1.2 1.2 2 3.6 1.5 1.3 1.1 1.2
屏東
SO2
03/21 1.3 0.6 0.8 0.8 0.8 0.9 1.2 1.4 1.6 1.7 1.8 3.6 5.8 5.1 2.1 1.8 3 2.3 1.6 1.3 1.2 1.1 1.2 1.2
屏東
SO2
03/22 1 1.7 1.7 1.7 1.6 1.6 1.8 2.3 2.5 2.4 2.2 2.5# 2.3 8.8 11 7.6 2.7 5 2.2 1.6 1.1 1.2 1.6 1.2
屏東
SO2
03/23 1.8 1.8 1.5 1.4 1.8 1.7 1.5 1.8 2.5 3 4 2.6 2.3 2 1.7 1.5 1.4 1.4 1.4 1.6 1.4 1.3 1.6 1.8
屏東
SO2
03/24 2 2.2 1.9 1.7 1.7 1.6 1.8 1.8 2.1 2.6 5.6 4.7 3.8 2.4 2.6 2.3 2.4 2.1 2 1.9 1.7 1.6 1.6 1.4
屏東
SO2
03/25 1.2 1.4 1.4 1.5 1.5 1.5 1.5 1.7 3 3 2.6 2.5 2.3 2.3 2.3 2.1 2 2 2.2 2.9 2.6 2 1.8 1.8
屏東
SO2
03/26 1.3 1.7 1.5 1.5 1.4 1.5 1.8 2.2 2.5 4 7 4.8 4.2 4.5 3.7 3.5 3.6 3.3 3.3 2.8 3.3 2.2 1.6 1.7
屏東
SO2
03/27 2.2 1.7 1.8 1.9 1.8 1.7 1.7 2.1 2.4 2.3 2.4 2.3 2 1.8 2 1.7 1.7 1.7 1.6 1.7 1.6 1.5 1.6 1.6
屏東
SO2
03/28 1.4 1.8 1.8 1.8 1.7 1.8 1.9 2.1 2.2 2 2 2 2# 2.1 2.1 2.4 2.2 2.3 2.4 2.4 2 2.2 1.9 1.6
屏東
SO2
03/29 1.8 1.7 1.9 1.9 2.1 2.1 2.1 2.4 2.8# 2.2 1.1# 2.2 4.3# 5.5 4.8 5.8 10 8.6 5.9 3 2.6 2.4 2.6 2.6
屏東
SO2
03/30 2 1.7 1.3 1.3 1.6 1.8 1.8 2.1 2.1 2.1 2.2 1.8 1.8 2.9 2.3 2.7 2.8 2.7 2.5 2.2 2.1 1.7 1.5 1.4
屏東
SO2
03/31 1.5 1.1 1.1 1 1.2 1.3 1.3 1.6 2.1 2.3 2.4 3.2 3.9 3.2 13 11 3.3 2.6 2.3 1.7 1.6 1.3 1.6 2.7
屏東
SO2
監測年月：2019/04， 測站：潮州， 測項：SO2（ppb）
屏東
SO2
日期 00 01 02 03 04 05 06 07 08 09 10 11 12 13 14 15 16 17 18 19 20 21 22 23
屏東
SO2
04/01 2.2 2.8 2.4 3.1 3.4 2.9 2.8 3.4 3.9 4.3 5.2 5.5 7 5.4 3.8 4 3.9 4.1 3.2 3.9 4 3.6 3 2.8
屏東
SO2
04/02 3 2.4 3.5 3.1 2.7 2.2 2.8 3.3 5.4 4.5 3.3 4.1 4.1 3.6 3 3 2.2 1.9 2.1 1.8 1.8 1.9 1.7 1.5
屏東
SO2
04/03 1.5 1.6 1.7 1.6 1.7 1.8 1.9 2.7 3.1 3 2.5 2.1# 2.2 2 2 2.1 2.5 2.3 2.8 2.6 2.3 2.1 2.4 2.5
屏東
SO2
04/04 1.9 1.9 1.8 1.7 1.8 1.6 1.7 2 5.1 3.8 3.1 5 5.5 6.7 5.3 3 2.6 2.4 2 2.1 1.9 2.2 1.8 1.6
屏東
SO2
04/05 2 1.8 1.7 1.6 1.6 1.5 1.5 1.9 2.1 2.7 2.9 2.4 3.2 3.3 2.9 2.6 2.4 2.7 2.9 2.9 3.1 2.3 2.4 1.9
屏東
SO2
04/06 1.2 0.7 0.9 1 1.2 0.9 0.8 1.6 3.5 4.1 3.2 1.5 2.7 2.1 5 6.6 1.8 3.1 1.3 0.9 1.1 1.1 1.4 1.6
屏東
SO2
04/07 1.6 1.8 1.7 1.6 1.6 1.5 1.5 1.8 2.4 2.6 2.9 2.6 2.8 2.2 2.1 2.4 2.7 3 3 2.4 2.5 2.7 2.1 1.7
屏東
SO2
04/08 1.2 1.8 1.8 1.7 1.7 1.7 1.7 1.9 2.3 2.3 2.7 2.9# 0.1# 0.6# 4# 3.2 3 2.9 2.1 2.1 1.9 2 1.9 1.9
屏東
SO2
04/09 2 1.1 1 1.1 1 0.9 0.9 1.3 1.3 1.2 1.2 1 1.2 1.2 1 0.9 1 1.2 1.5 1.6 1.3 0.8 0.8 0.7
屏東
SO2
04/10 0.9 1 1 1.1 1 1 1 1.5 1.5 1.8 3.5 6.4 2.9 2.9 2.6 1.5 14 15 5.7 1.8 1.1 1.1 1 1.1
屏東
SO2
04/11 0.9 1.5 1.7 1.6 1.6 1.4 1 1.5 1.2 0.9 1.1 1.6 2.7 3.1 3.1 2.3 3.4 1.6 1.7 2 1.2 1.2 1 1.1
屏東
SO2
04/12 1.6 2.1 2.2 2.9 2.5 2 2 2.5 4.1 5.7 3.5 3.3 3.3 3.3 3.3 3.4 3.6 2.6 2 1.6 1.9 2.3 3.1 2.7
屏東
SO2
04/13 2.1 2.3 1.9 5.3 3 2.2 1.8 2 2.3 3.1 3.4 3.1 3.8 5 2.8 2.5 4.1 3.3 2.4 2.8 2.5 1.9 1.6 1.5
屏東
SO2
04/14 2 1.7 1.6 1.4 1.3 1.2 1.4 1.8 2.9 2.5 2.7 4.9 6 8.5 4.5 2.9 3 2.8 2.4 1.9 1.7 1.5 1.3 1.5
屏東
SO2
04/15 2.1 1.7 2.1 2.4 2.1 1.3 1.5 2.4 2.9 5 4.4 5.8 5.8 3.6 2.6 2.3 2.1 1.8 1.6 1.7 1.6 1.5 1.1 0.7
屏東
SO2
04/16 1 1.5 1.4 1.4 1.5 1.3 1.7 2.4 2.3 1.5 1.2 1.4 1.7 1.9 1.6 1.6 1.5 1.7 1.7 1.4 1.3 1.5 1.4 1.3
屏東
SO2
04/17 1.3 1 1 0.9 0.9 0.8 0.8 0.9 1 1.1 1.1 1.5 3.3 1.7 2.1 2.1 1.9 1.7 1.6 1.4 1.5 1.5 1.1 0.9
屏東
SO2
04/18 1.3 1.7 1.5 1.5 1.5 1.4 1.7 2.9 3.2 2.6 2.5# 2.1 1.8 1.9 1.9 1.8 1.9 2.1 2.2 2.3 1.8 1.8 1.6 1.4
屏東
SO2
04/19 1.5 1.4 1.4 1.4 1.5 1.7 1.4 1.4 1.4 1.5 1.8 1.8 1.7 1.6 1.6 1.7 1.5 1.5 1.5 1.6 1.7 1.8 1.7 1.9
屏東
SO2
04/20 1.5 1.4 1.5 1.4 1.3 1.1 1.2 1.3 1.5 1.6 1.4 1.5 1.7 2 2 1.9 1.6 1.7 2.5 1.9 1.8 1.9 1.5 1.3
屏東
SO2
04/21 1.2 1.4 1.4 1.5 1.4 1.4 1.4 1.4 1.6 1.5 1.6 2.3 3.3 5.1 6.8 1.7 1.6 3 3.7 2 2 1.8 1.7 1.5
屏東
SO2
04/22 1.2 2 1.9 1.9 1.9 1.8 1.6 1.9 4.7 6.6 5.1 4.9 4.4 4.3 7 5.6 2.3 2.2 2.3 2.3 2.4 2.3 2.2 2.1
屏東
SO2
04/23 2.5 1.3 1.3 1.3 1.4 1.4 1.4 1.7 2.6 2.5 1.9 3.3 4.9# 3.1# 5.7 3.2 2.2 2 1.8 2 2.2 2.6 1.9 1.8
屏東
SO2
04/24 1.4 2 1.9 1.9 2 1.8 2 2.6 3.5 3.9 4.1 4.5 2.9 2.4 2.7 3 3 3.3 2.5 2.2 2 1.8 1.9 2
屏東
SO2
04/25 2.1 1.7 1.6 1.5 1.5 1.5 1.5 2 2.3 2.4 2.2 2.7 2.6 2.6 2.5 2.3 3 2.5 1.8 1.8 2 1.9 1.9 1.9
屏東
SO2
04/26 1.8 1.4 1.5 1.6 1.3 1.5 1.4 1.8 2.4 2.3 2.2 2.4 4.1 2.9 1.7 1 1.1 1.6 1.4 1.5 1.1 1 0.9 0.9
屏東
SO2
04/27 1.1 1.6 1.7 1.8 1.7 1.6 1.7 1.8 1.9 2.2 2.3 2.6 2.7 2.8 3.4 4.1 7.8 5.2 3 2.4 2.1 2.2 2.4 2.4
屏東
SO2
04/28 1.8 2 2 2 2 2.1 2.9 2.2 2.4 3.1 6.2 4.3 6.6 3.1 2.6 2.5 2.5 2.2 2 2 1.8 1.9 1.8 1.9
屏東
SO2
04/29 2.2 1.7 1.6 1.5 1.6 1.5 1.6 1.7 2.7 2.6 2.2 2# 2 1.8 1.9 1.8 1.8 1.8 1.7 1.8 1.7 1.7 1.7 1.6
屏東
SO2
04/30 1.6 1.6 1.8 1.7 1.7 1.5 1.6 1.7 1.8 2.1 2.2 1.8 1.8 2.4 2.7 2.3 2.2 2.6 2.3 2.3 2.4 2 2 2
屏東
SO2
監測年月：2019/05， 測站：潮州， 測項：SO2（ppb）
屏東
SO2
日期 00 01 02 03 04 05 06 07 08 09 10 11 12 13 14 15 16 17 18 19 20 21 22 23
屏東
SO2
05/01 1.7 0.9 0.6 0.6 0.5 0.6 0.4 0.4 0.4 0.6 0.7 0.7 0.7 0.8 0.8 1.5 1.1 0.7 0.7 0.5 0.5 0.4 0.4 0.3
屏東
SO2
05/02 1.1 1.4 1.3 1.3 3 1.8 1.6 2 1.8 2.3 3.3 3.7 2.7 3.6# 3.7 3.1 1.8 1.3 1.2 1.5 1.3 1.3 1.2 1.3
屏東
SO2
05/03 1.4 1.2 1.1 1.2 1.2 1 1 1.2 1.1 3.7 8.5 5.5 3.1 2.3 1.7 0.9 0.8 0.7 0.7 0.7 0.8 0.9 0.8 0.7
屏東
SO2
05/04 1 1.1 1 1 0.9 0.8 0.7 0.8 0.8 0.9 1.2 1.9 1.8 2.2 1.8 1.9 2.2 1.6 1 0.8 0.8 0.8 0.9 0.9
屏東
SO2
05/05 1 1.4 1.4 1.4 1.4 1.4 1.3 1.4 1.4 1.6 2.1 2.8 4.6 5.9 5.7 7.9 9.3 8.8 5.5 2.2 1.5 1.3 1.3 1.3
屏東
SO2
05/06 1.6 1.7 1.6 1.5 1.6 1.4 1.4 1.5 1.6 1.8 1.6 1.7 1.7 1.5 1.6 1.7 1.6 1.5 1.4 1.4 1.3 1.3 1.3 1.4
屏東
SO2
05/07 1.3 1.1 1.1 1.1 1.2 1.2 1.4 1.5 1.7 1.6 2.4 2.6 2.6 2.9 2.5 3.4 2.4 2.1 1.4 1.2 1.1 1.1 1 1
屏東
SO2
05/08 1.3 1.2 1.1 1.2 1.2 1.2 1.2 1.2 1.4 1.4 1.9 2 1.8 2.7 4.2 3.2 5.2 4.7 2.8 2.1 2.3 2.9 2.5 1.9
屏東
SO2
05/09 1.5 1.3 1.3 1.2 1 1 1.1 2 1.8 2 2.2 1.6 1.6 1.5 1.7 1.7 2 2.4 2.4 3.8 1.9 1.5 1.3 1.3
屏東
SO2
05/10 1.9 1.7 1.5 1.4 1.4 1.2 0.9 1.1 1.3 2.1 2.1 2.1 2.8 6.3 2.5 2.4 2.4 2.4 3.2 1.5 1.2 1.2 1 0.9
屏東
SO2
05/11 1.1 1.2 1.2 1.2 1.3 1 1 1.3 1.8 3 2.7 3.1 4 3.7 3 2.5 2.8 2.5 2.3 8.7 2.6 2.4 1.8 1
屏東
SO2
05/12 1 1.9 1.7 1.6 1.6 1.5 1.5 1.9 3.1 5.9 5.7 3.5 3.1 3.4 3.4 2.6 2.6 2.6 2.5 2.6 2.8 2.3 2 1.7
屏東
SO2
05/13 2 0.8 0.8 0.8 0.8 0.4 0.6 1.5 1.4 1.6 2 5.2 5.3# 5.1 3.6 3.2 1.6 1.6 1.4 1.1 1.1 0.9 0.9 0.9
屏東
SO2
05/14 0.8 1.4 1.3 1.4 1.3 0.9 1 1.6 1.7 1.9 1.9 1.8 2.5 2.5 5.5 9.9 14 8.2 1.6 1.2 1.3 1.2 1.4 1.1
屏東
SO2
05/15 1.2 1.6 1.6 1.4 1.4 1.2 1.3 2 2.7 2.8 2.5 2.1 1.8 1.8 1.8 2 3.1 2.6 2.3 2.3 1.8 1.4 1.3 1.4
屏東
SO2
05/16 1.6 1.7 1.6 1.6 1.6 1.3 1.4 1.5 1.5 1.6 2.3 2.4 1.6 1.5 1.2 1.4 1.5 1.3 1.3 1.3 1.3 1.2 1.4 1
屏東
SO2
05/17 1.3 1.2 1.1 1.1 1.2 1 1.2 1.2 1.5 1.3 1.4 1.9 1.8 1.8 1.5 1.7 2.7 1.3 1.2 1.4 1.2 1.1 1 1.2
屏東
SO2
05/18 1.2 1.4 1.7 1.6 1.5 1.6 1.2 1.1 1.3 1.9 1.6 1.9 1.9 1.8 1.7 1.7 1.7 1.7 1.6 1.4 1.3 1.1 1 1
屏東
SO2
05/19 1.2 1.1 1.3 1.2 1.2 1 1 1.3 1.4 1.3 2.1 1.6 1.5 1.9 1.4 1.9 2.2 1.5 1.9 1.7 1.3 1.2 1.2 1.1
屏東
SO2
05/20 1.1 1.7 1.6 1.5 1.6 1.4 1.4 1.7 1.6 1.8 1.9 1.9 1.6 1.7 1.7 1.8 1.6 1.5 1.4 1.4 1.3 1.4 1.6 1.8
屏東
SO2
05/21 1.8 1.2 1.2 1.2 1.2 1.1 1.1 1.6 2.2 2.5 1.9 1.3 1.3 1.5 1.3 1.2 1.1 1.1 1.1 1.3 1.5 1.1 1.1 1.1
屏東
SO2
05/22 1.4 0.9 0.9 0.9 0.9 0.9 0.9 1.1 1.6 1.3 1.3 1.6 2.9 2.1 2 1.8 1.7 1.3 1 1 0.8 0.9 0.8 0.6
屏東
SO2
05/23 0.7 1.3 1.6 2.2 2.1 1.9 1.5 1.7 2.1 3.3 3.8 4.4 5.3 2.1 1.5 1.6 1.2 1.1 1.1 1.1 1.4 1.6 1.4 1.2
屏東
SO2
05/24 1.5 1.2 1.3 1.2 1.3 1.3 1.3 1.7 1.8 1.8 1.7 2.9 3.4 2.6# 3 2.2 1.4 1.3 1.1 1.1 1 1.2 1.1 1.1
屏東
SO2
05/25 0.6 1.3 1.2 1.3 1.3 1.3 1.4 1.2 1.5 1.9 2.1 3 3.8 4.2 5.6 5.1 6 3.4 2.3 1.6 1.4 1.3 1.3 1
屏東
SO2
05/26 1.7 0.7 0.6 0.7 0.7 0.6 0.8 0.9 2 2.7 2.4 2 1.9 1.5 1.3 1 1 0.8 0.9 0.8 0.9 1.4 1 0.8
屏東
SO2
05/27 0.2 1.5 1.5 1.5 1.4 1.3 1.3 2.6 2.4 2 1.4 1 1.1# 1.4# 1.3 1.6 1.5 1.4 1.5 2.1 2.4 2.1 1.9 1.5
屏東
SO2
05/28 1.9 1.6 1.4 1.3 1.2 1.1 1 1.5 3 2.4 1.6 2.2 3.7 1.6 1.5 1.2 1.2 1.2 1 1.1 1.1 1.1 1.1 1.2
屏東
SO2
05/29 1.5 1.4 1.3 1.4 1.3 1.3 1.4 1.6 2 1.6 1.7 1.6 1.5 1.4 1.6 1.4 1.3 1.1 1 1.1 1.1 1.1 1 1.1
屏東
SO2
05/30 0.8 1.1 1.2 1.2 1.2 1.2 1.4 1.7 2.3 2.5 2.9 3.2 3.5 2.6 2.4 2.2 2.2 2.2 2 1.8 1.5 1.5 1.4 1.4