2019/5/5
NO ppb 3.20 1.01 1.26 0.94 1.16 1.02 2.23 2.15 3.06 2.12 2.70 1.96 1.56 1.12 1.27 1.18 0.87 1.89 1.56 1.28 1.20 1.14 1.34 1.16 1.60 24 3.20
NO2 ppb 12.96 6.84 5.47 2.84 3.28 2.89 7.27 7.07 7.50 7.06 8.49 8.81 7.20 8.57 9.63 9.20 10.50 16.47 13.69 10.19 5.61 5.30 5.77 5.00 7.82 24 16.47
NOx ppb 16.16 7.86 6.74 3.78 4.44 3.91 9.50 9.23 10.55 9.18 11.19 10.77 8.77 9.69 10.90 10.38 11.37 18.36 15.25 11.47 6.81 6.44 7.11 6.16 9.42 24 18.36
SO2 ppb 1.73 1.46 1.42 1.09 1.30 1.40 1.21 1.65 2.14 1.48 3.11 2.03 1.97 1.96 3.14 3.72 1.73 1.83 1.58 1.48 1.40 1.39 1.47 1.37 1.79 24 3.72
CO ppm 0.45 0.45 0.45 0.38 0.36 0.33 0.47 0.61 0.43 0.42 0.42 0.48 0.48 0.50 0.52 0.51 0.58 0.65 0.64 0.64 0.56 0.52 0.49 0.48 0.49 24 0.65
CH4 ppm 2.02 1.97 1.88 1.81 2.03 2.21 1.84 1.98 1.91 1.81 1.86 1.92 1.88 1.90 1.88 1.87 1.89 1.93 1.95 2.30 1.89 2.59 2.68 2.22 2.01 24 2.68
THC ppm 2.13 2.08 1.97 1.86 2.08 2.27 1.92 2.06 1.98 1.88 1.95 2.03 1.98 2.00 2.00 1.98 2.01 2.07 2.09 2.40 1.96 2.64 2.74 2.29 2.10 24 2.74
NMHC ppm 0.11 0.11 0.09 0.05 0.05 0.05 0.08 0.07 0.07 0.07 0.08 0.11 0.10 0.11 0.12 0.11 0.12 0.14 0.13 0.09 0.08 0.05 0.05 0.07 0.09 24 0.14
O3 ppb 18.76 21.77 19.57 22.16 23.12 21.02 22.56 21.10 21.00 31.08 37.40 47.32 51.51 55.31 57.30 57.41 55.12 48.37 45.94 37.24 29.51 30.00 27.04 26.86 34.52 24 57.41
PM10 μg /m3 46.00 68.00 47.00 46.00 29.00 38.00 34.00 37.00 27.00 33.00 33.00 45.00 49.00 52.00 47.00 48.00 46.00 41.00 56.00 56.00 41.00 33.00 33.00 37.00 42.58 24 68.00
PM2.5 μg /m3 17.00 16.00 13.00 10.00 9.00 12.00 10.00 10.00 11.00 12.00 15.00 14.00 28.00 18.00 19.00 27.00 20.00 14.00 29.00 15.00 19.00 9.00 10.00 7.00 15.17 24 29.00
AT ℃ 20.30 19.50 19.30 19.30 19.20 19.10 20.40 22.00 23.20 25.50 26.20 24.80 25.70 25.60 25.50 25.20 24.70 23.90 22.80 21.80 21.00 20.30 20.30 20.50 22.34 24 26.20
RH % 88.10 91.20 92.10 86.20 88.10 87.40 80.20 70.30 65.30 55.00 56.10 68.00 62.80 62.60 64.40 65.20 66.00 71.10 79.90 88.20 91.90 94.60 95.10 94.60 77.68 24 95.10
WD degrees 111.70 86.40 80.70 79.90 76.90 78.60 72.60 48.70 87.70 333.90 305.20 293.40 286.50 351.20 359.70 343.10 301.00 278.40 275.20 91.20 98.30 95.60 88.70 51.50 178.17 24 359.70
WS m/s 0.60 0.80 1.20 1.00 0.90 0.80 0.70 0.60 0.80 1.10 1.50 1.30 1.10 1.50 1.60 1.60 1.20 1.30 0.50 0.70 0.80 0.60 0.50 0.50 0.97 24 1.60
RT ℃ 24.40 24.50 24.40 24.40 24.60 24.60 24.50 24.70 25.30 26.40 27.50 27.60 27.20 27.10 26.80 26.60 26.50 26.20 26.20 25.40 24.90 24.50 24.30 24.20 25.53 24 27.60
2019/5/6
NO ppb 1.39 1.91 1.32 1.04 1.08 1.04 1.28 4.92 1.53 1.97 3.11 3.25 3.71 5.52 2.58 1.30 1.38 1.09 0.98 1.02 1.29 1.38 1.33 1.22 1.94 24 5.52
NO2 ppb 9.77 18.12 16.76 9.25 6.57 7.94 12.34 19.21 5.83 7.39 10.94 10.30 12.43 18.34 9.55 9.27 9.53 9.85 6.70 10.21 6.60 3.55 14.14 14.47 10.79 24 19.21
NOx ppb 11.16 20.03 18.08 10.28 7.65 8.97 13.62 24.13 7.36 9.36 14.05 13.55 16.15 23.85 12.13 10.57 10.91 10.94 7.68 11.23 7.89 4.93 15.47 15.69 12.74 24 24.13
SO2 ppb 1.27 1.61 1.44 1.34 1.32 1.35 1.35 1.96 1.57 1.43 1.65 1.96 1.59 3.04 2.94 1.48 1.36 1.35 1.31 1.33 1.47 1.40 1.40 1.19 1.59 24 3.04
CO ppm 0.56 0.71 0.69 0.47 0.44 0.45 0.53 0.70 0.43 0.40 0.45 0.41 0.41 0.44 0.40 0.37 0.39 0.39 0.42 0.47 0.36 0.32 0.31 0.33 0.45 24 0.71
CH4 ppm 1.96 2.04 2.03 1.91 1.92 1.91 1.90 1.91 1.85 1.82 1.90 1.87 1.83 1.87 1.81 1.78 1.82 1.82 1.79 1.83 1.82 1.80 1.84 1.85 1.87 24 2.04
THC ppm 2.09 2.23 2.21 2.02 2.00 2.01 2.01 2.01 1.93 1.90 2.03 1.99 1.93 2.03 1.95 1.86 1.92 1.90 1.86 1.90 1.88 1.86 1.89 1.90 1.97 24 2.23
NMHC ppm 0.13 0.19 0.18 0.11 0.09 0.10 0.11 0.10 0.08 0.07 0.14 0.12 0.10 0.16 0.14 0.08 0.09 0.08 0.07 0.07 0.06 0.06 0.05 0.05 0.10 24 0.19
O3 ppb 18.35 14.10 16.26 24.33 28.66 27.16 25.00 21.28 25.38 28.58 20.93 20.96 24.37 17.74 24.14 26.95 27.17 31.33 31.79 31.54 32.73 34.33 34.17 27.24 25.60 24 34.33
PM10 μg /m3 36.00 51.00 77.00 73.00 54.00 40.00 41.00 29.00 27.00 14.00 13.00 13.00 16.00 20.00 22.00 23.00 21.00 12.00 18.00 15.00 12.00 7.00 9.00 14.00 27.38 24 77.00
PM2.5 μg /m3 8.00 27.00 29.00 30.00 16.00 15.00 12.00 11.00 14.00 9.00 4.00 3.00 3.00 2.00 4.00 3.00 1.00 1.00 1.00 H 1.00 1.00 1.00 2.00 2.00 8.33 23 30.00
AT ℃ 20.70 20.60 20.40 19.90 19.60 19.70 19.90 20.10 20.40 20.70 20.80 20.70 20.90 21.00 20.50 19.60 19.20 18.60 18.30 18.20 18.00 17.60 17.50 17.90 19.62 24 21.00
RH % 94.70 95.30 97.00 97.70 98.00 98.00 98.10 97.60 96.50 94.80 95.70 95.80 94.20 93.30 93.40 94.80 95.90 96.20 97.00 97.10 96.70 97.10 97.10 97.00 96.21 24 98.10
WD degrees 213.20 223.80 259.20 262.50 287.00 8.00 30.80 36.30 58.60 40.70 27.10 29.20 22.50 27.10 32.70 39.80 42.80 41.10 31.60 46.20 50.70 27.50 40.10 48.60 80.30 24 287.00
WS m/s 0.50 0.90 0.60 0.90 0.50 0.60 1.70 1.40 1.40 1.10 2.00 2.10 1.80 2.20 2.90 2.90 3.20 2.90 2.90 2.70 2.40 3.00 2.40 1.40 1.85 24 3.20
RT ℃ 24.60 24.80 24.80 24.70 24.80 24.80 24.60 24.30 24.20 24.20 24.30 24.40 24.70 25.00 24.90 24.80 24.60 24.50 24.00 23.40 23.20 23.20 23.20 23.30 24.30 24 25.00
