南投
PM10
01/01 28 26 21 25 23 25 24 31 28 24 28 35 27 28 27 25 37 31 28 22 19 15 18 22
南投
PM10
01/02 19 19 14 11 12 9 14 21 19 25 1000# 44 42 39 39 49 50 48 37 36 34 36 28 27
南投
PM10
01/03 32 32 27 28 24 23 17 20 22 23 28 37 47 54 58 54 48 46 47 40 39 35 39 60
南投
PM10
01/04 63 52 46 61 42 39 39 41 34 41 56 52 55 73 109 115 116 97 84 89 87 97 110 117
南投
PM10
01/05 133 79 74 85 81 59 60 70 83 96 84 75 52 59 38 40 42 66 93 71 63 60 57 64
南投
PM10
01/06 63 58 53 11 11 11 9 8 23 24 25 24 24 29 34 31 25 29 23 30 28 26 27 32
南投
PM10
01/07 31 31 30 34 26 37 35 40 54 44 1000# 35 48 53 61 52 60 67 63 59 65 57 52 71
南投
PM10
01/08 75 72 80 72 38 38 36 35 38 37 39 43 48 43 46 49 43 39 38 27 32 27 26 27
南投
PM10
01/09 27 26 24 24 36 49 26 22 23 31 42 58 65 56 61 59 62 59 61 48 50 49 50 42
南投
PM10
01/10 44 49 43 45 44 40 43 52 52 59 63 69 60 66 62 56 88 95 91 91 95 94 101 92
南投
PM10
01/11 88 104 84 81 60 49 53 60 75 61 51 61 59 73 87 56 41 48 50 58 61 62 48 48
南投
PM10
01/12 51 47 47 46 39 36 36 41 44 55 49 41 39 36 29 32 44 53 60 67 61 54 44 45
南投
PM10
01/13 43 43 32 24 27 34 34 31 33 37 41 38 33 43 46 52 51 54 48 44 41 32 27 30
南投
PM10
01/14 21 20 27 23 19 21 29 33 32 35 41 1000# 44 58 66 60 63 68 60 57 59 53 52 55
南投
PM10
01/15 56 53 57 60 65 68 64 72 75 77 74 68 62 76 1000# 69 87 97 94 74 73 70 53 48
南投
PM10
01/16 38 22 24 24 28 26 27 29 23 21 24 30 25 26 26 35 33 25 30 35 26 30 25 24
南投
PM10
01/17 27 19 14 10 15 13 17 22 19 30 30 43 45 39 37 36 38 41 45 44 47 50 50 47
南投
PM10
01/18 46 50 48 48 45 46 48 47 47 30 26 39 49 48 50 57 71 88 80 83 88 84 91 87
南投
PM10
01/19 87 93 72 88 108 113 101 89 95 92 93 72 54 38 58 55 37 39 38 37 NA NA NA NA
南投
PM10
01/20 NA NA NA NA NA NA NA NA NA NA NA NA NA NA NA NA NA NA NA NA NA NA 47 39
南投
PM10
01/21 32 26 21 22 28 24 26 28 27 31 29 1000# 36 31 32 47 51 51 47 44 39 39 34 37
南投
PM10
01/22 36 39 31 32 37 45 47 46 46 42 46 58 51 51 60 57 57 63 58 55 57 53 52 49
南投
PM10
01/23 51 47 50 46 40 48 48 48 53 40 44 44 50 52 68 69 76 96 89 86 97 84 83 81
南投
PM10
01/24 75 75 68 59 58 55 60 60 72 89 89 63 57 55 63 63 68 74 78 81 84 99 71 76
南投
PM10
01/25 68 57 57 47 43 45 45 52 54 45 33 50 46 55 59 1000# 88 98 102 107 105 102 97 89
南投
PM10
01/26 83 78 71 66 68 53 53 54 58 53 44 42 55 54 70 75 86 74 57 50 40 35 35 29
南投
PM10
01/27 31 26 26 24 27 27 25 28 35 32 39 44 42 51 53 54 54 57 55 47 48 56 48 46
南投
PM10
01/28 40 40 44 45 42 34 41 41 52 53 58 62# 70 64 76 68 55 56 59 60 55 63 63 55
南投
PM10
01/29 47 45 46 43 44 41 42 49 55 60 56 53 50 63 56 57 64 83 83 91 84 85 99 79
南投
PM10
01/30 84 72 81 58 71 69 67 77 84 76 71 73 65 41 37 34 34 38 46 54 44 43 40 43
南投
PM10
01/31 32 30 28 30 24 30 36 49 50 50 53 28 12 21 32 31 50 69 57 66 60 51 49 63
南投
PM10
監測年月：2019/02， 測站：南投， 測項：PM10（μg/m3）
南投
PM10
日期 00 01 02 03 04 05 06 07 08 09 10 11 12 13 14 15 16 17 18 19 20 21 22 23
南投
PM10
02/01 46 33 26 18 16 23 19 22 28 31 34 37 49 62 65 63 66 63 57 60 61 57 46 46
南投
PM10
02/02 42 42 42 45 41 42 44 42 59 76 93 77 83 79 90 98 101 111 108 111 116 114 118 129
南投
PM10
02/03 117 123 100 105 87 67 54 50 50 25 26 28 44 68 82 87 100 95 94 78 92 75 79 68
南投
PM10
02/04 62 63 64 59 56 61 54 56 54 70 77 63 52 44 43 41 57 66 61 66 63 67 57 64
南投
PM10
02/05 68 66 79 82 82 82 83 87 91 96 111 107 73 69 73 63 76 110 117 142 152 126 135 127
南投
PM10
02/06 116 109 91 75 72 53 57 64 67 64 58 1000# 46 45 62 61 66 65 73 97 80 82 78 69
南投
PM10
02/07 68 64 66 59 56 50 52 50 49 34 34 26 19 20 18 22 41 52 65 62 66 65 60 54
南投
PM10
02/08 52 66 74 66 65 55 48 47 45 40 38 44 36 39 36 34 35 31 35 36 36 39 41 42
南投
PM10
02/09 36 33 37 36 33 43 38 42 42 42 45 46 36 33 38 39 37 36 33 32 30 29 28 31
南投
PM10
02/10 29 27 21 20 20 24 25 25 32 35 37 42 42 37 41 42 38 40 47 35 45 40 44 42
南投
PM10
02/11 43 37 34 34 32 32 35 33 29 29 33 1000# 21 35 43 38 57 42 47 50 40 38 35 27
南投
PM10
02/12 26 19 24 24 27 28 27 34 35 43 48 31 41 40 47 53 54 48 51 52 48 53 53 68
南投
PM10
02/13 69 62 47 55 57 50 46 54 64 55 37 28 35 33 29 32 40 53 53 44 39 32 29 29
南投
PM10
02/14 33 32 38 36 34 34 36 42 45 47 52 49 41 44 41 54 56 78 68 67 71 67 64 61
南投
PM10
02/15 58 61 59 60 59 57 59 70 77 63 62 40 40 37 48 40 32 36 44 45 39 47 35 34
南投
PM10
02/16 28 24 39 36 40 37 37 40 54 40 23 31 70 74 61 72 63 54 43 53 60 42 38 31
南投
PM10
02/17 27 28 23 20 21 22 29 28 31 29 36 42 41 41 40 42 49 48 46 40 41 39 37 36
南投
PM10
02/18 31 34 36 37 39 42 42 50 54 63 67 1000# 54 58 56 51 51 57 64 66 67 71 68 87
南投
PM10
02/19 83 77 19 20 25 29 45 59 66 68 77 57 50 62 95 77 78 86 106 105 115 115 116 90
南投
PM10
02/20 89 90 86 84 77 72 67 67 59 69 56 80 61 90 98 106 106 102 99 86 97 112 132 133
南投
PM10
02/21 111 120 107 101 88 85 96 89 89 72 93 96 92 74 63 67 75 82 67 56 35 32 43 47
南投
PM10
02/22 50 32 36 49 56 58 72 82 65 71 69 62 61 55 43 55 46 49 39 38 29 24 26 27
南投
PM10
02/23 21 19 20 24 30 28 41 32 37 38 45 52 60 53 58 57 60 52 54 34 31 29 28 29
南投
PM10
02/24 30 34 32 28 32 30 21 30 24 27 23 28 28 30 21 18 15 20 17 22 27 30 34 27
南投
PM10
02/25 35 34 37 30 28 31 24 34 31 28 27 34 35 27 37 49 58 56 54 58 52 57 51 44
南投
PM10
02/26 48 55 39 36 38 49 53 49 54 65 59 71 68 67 66 64 71 91 95 74 68 66 66 68
南投
PM10
02/27 69 74 93 124 75 82 96 93 97 94 80 84 67# 1000# 60 55 62 61 46 42 44 50 42 46
南投
PM10
02/28 43 50 43 45 55 51 52 57 63 62 49 75 77 62 60 58 55 49 45 39 37 42 40 41
南投
PM10
監測年月：2019/03， 測站：南投， 測項：PM10（μg/m3）
南投
PM10
日期 00 01 02 03 04 05 06 07 08 09 10 11 12 13 14 15 16 17 18 19 20 21 22 23
南投
PM10
03/01 42 38 41 36 35 34 37 42 51 47 46 54 56 49 47 76 83 72 85 81 86 84 86 82
南投
PM10
03/02 81 82 99 115 101 100 115 107 90 74 94 107 111 85 90 89 111 129 168 149 139 142 142 135
南投
PM10
03/03 119 108 98 97 89 80 79 71 69 54 35 36 17 9 11 10 16 19 24 23 26 26 32 44
南投
PM10
03/04 41 44 45 40 33 34 33 41 28 29 45 1000# 32 40 46 48 53 62 69 71 88 69 66 61
南投
PM10
03/05 75 71 61 62 63 56 52 62 56 61 64 61 71 93 88 88 92 88 101 47 24 27 23 25
南投
PM10
03/06 31 31 32 29 31 28 27 28 28 28 29 19 33 32 36 41 37 33 33 30 30 33 32 39
南投
PM10
03/07 36 27 22 15 11 10 7 17 24 18 24 23 24 14 20 26 42 41 42 41 40 37 38 36
南投
PM10
03/08 31 28 27 27 27 19 20 23 22 29 38 33 26 17 18 20 32 24 30 36 28 35 36 40
南投
PM10
03/09 39 23 15 11 15 10 11 17 21 20 16 19 21 22 26 31 36 16 21 22 20 24 21 25
南投
PM10
03/10 25 21 15 17 12 12 10 12 15 19 12 32 27 28 29 37 36 39 40 33 30 30 32 26
南投
PM10
03/11 41 36 32 31 35 30 32 31 33 39 45 64 56 69 72 59 58 63 66 65 48 48 56 51
南投
PM10
03/12 48 52 54 41 51 57 50 57 70 51 42 31 34 44 64 69 68 64 68 74 67 69 63 61
南投
PM10
03/13 61 60 59 58 64 62 59 64 63 57 54 52 48 55 1000# 79 88 80 83 81 84 86 78 73
南投
PM10
03/14 63 61 53 52 48 42 41 46 47 77 94 92 75 63 81 87 88 80 80 82 84 77 65 60
南投
PM10
03/15 60 45 40 43 35 32 23 17 21 22 28 30 28 34 44 41 47 40 38 36 34 29 41 36
南投
PM10
03/16 36 29 40 40 41 46 51 57 71 72 79 70 61 60 72 55 38 37 50 55 62 59 54 62
南投
PM10
03/17 58 58 58 53 51 52 55 73 72 73 77 69 62 64 68 48 46 59 60 65 70 61 64 64
南投
PM10
03/18 64 69 75 67 65 63 70 64 76 74 75 65 58 52 56 67 94 76 75 87 84 77 78 76
南投
PM10
03/19 75 75 73 72 66 64 62 68 75 63 1000# 38 46 53 69 65 52 59 68 71 82 95 106 85
南投
PM10
03/20 88 69 69 63 62 52 57 66 69 77 92 75 79 84 84 90 94 95 64 62 47 42 44 47
南投
PM10
03/21 42 45 44 42 50 54 59 74 73 53 30 34 47 43 42 37 34 47 56 56 48 46 51 43
南投
PM10
03/22 45 45 42 35 32 31 37 42 49 54 60 55 96 76 67 71 77 85 78 69 58 59 46 40
南投
PM10
03/23 35 37 36 36 29 27 22 21 23 28 24 28 29 41 33 33 31 26 21 22 19 23 30 32
南投
PM10
03/24 32 31 21 17 19 24 17 21 21 28 27 23 26 23 16 25 18 24 27 34 39 40 46 47
南投
PM10
03/25 34 31 31 25 37 27 34 39 42 40 46 47 46 48 52 53 57 55 67 63 65 49 54 47
南投
PM10
03/26 45 48 41 28 28 22 29 28 32 35 39 45 47 49 51 37 59 84 81 66 67 84 70 72
南投
PM10
03/27 70 70 83 80 76 67 76 81 69 52 41 40 44 65 1000# 65 65 74 57 53 56 58 60 63
南投
PM10
03/28 66 68 63 65 63 64 61 64 60 50 40 18 28 34 35 45 47 45 46 37 35 46 43 44
南投
PM10
03/29 36 40 32 35 40 42 45 51 50 35 30 30 49 46 48 50 61 64 68 64 65 62 36 14
南投
PM10
03/30 11 10 15 17 17 22 19 19 23 24 37 32 36 36 32 49 51 60 63 56 62 61 62 63
南投
PM10
03/31 62 72 71 64 67 67 81 79 57 67 58 52 63 70 74 89 83 81 54 46 41 44 42 36
南投
PM10
監測年月：2019/04， 測站：南投， 測項：PM10（μg/m3）
南投
PM10
日期 00 01 02 03 04 05 06 07 08 09 10 11 12 13 14 15 16 17 18 19 20 21 22 23
南投
PM10
04/01 27 25 28 23 22 25 27 22 26 22 20 21 27 33 23 31 26 29 32 26 31 36 38 42
南投
PM10
04/02 44 42 43 42 40 35 40 39 56 57 62 68 75 69 1000# 73 71 74 77 82 91 91 77 79
南投
PM10
04/03 81 73 78 65 60 59 54 48 40 50 50 44 42 39 43 40 56 51 44 47 44 44 46 48
南投
PM10
04/04 47 47 43 46 48 46 44 48 52 46 58 59 76 81 77 82 80 77 65 70 69 59 53 62
南投
PM10
04/05 62 72 63 60 65 66 62 65 60 61 58 64 64 60 54 51 46 57 61 45 61 62 60 58
南投
PM10
04/06 59 61 60 54 50 47 50 58 69 72 65 70 63 72 66 58 62 63 69 68 77 76 70 78
南投
PM10
04/07 66 71 73 62 55 50 50 52 44 49 50 55 63 46 56 52 54 70 76 88 82 80 74 72
南投
PM10
04/08 70 61 60 59 56 52 60 59 50 53 51 41 42 45 59 1000# 46 56 56 45 54 45 48 54
南投
PM10
04/09 48 48 50 49 46 53 46 53 55 51 48 45 51 56 44 40 36 35 30 34 39 37 40 39
南投
PM10
04/10 38 42 34 34 32 32 40 47 53 51 41 43 42 37 38 36 37 36 36 38 35 47 46 49
南投
PM10
04/11 42 43 36 38 48 60 60 63 51 42 39 44 46 40 65 52 65 56 31 31 29 23 30 24
南投
PM10
04/12 19 13 14 22 22 24 20 25 33 35 35 41 36 43 54 61 52 57 55 53 44 47 45 44
南投
PM10
04/13 43 58 68 68 67 68 58 63 60 55 51 46 48 54 68 59 43 31 33 52 51 53 46 52
南投
PM10
04/14 46 44 41 45 44 50 53 42 41 36 38 27 22 23 22 23 27 30 37 42 37 27 34 33
南投
PM10
04/15 28 28 27 26 37 40 32 39 42 46 57 56 56 55 58 68 68 78 62 52 45 46 66 71
南投
PM10
04/16 65 68 60 67 40 33 35 43 33 21 23 NA 1000* 1000# 33 40 39 39 33 40 50 48 53 53
南投
PM10
04/17 53 59 59 49 45 50 47 49 44 27 29 36 32 33 40 32 43 44 38 50 60 64 69 75
南投
PM10
04/18 64 67 66 59 65 65 68 50 31 36 38 52 54 65 1000# 64 57 58 49 57 63 55 54 61
南投
PM10
04/19 61 58 60 62 57 54 49 32 37 35 32 24 29 51 64 30 6 16 15 21 15 14 13 11
南投
PM10
04/20 13 17 12 20 19 22 23 27 23 22 16 17 15 19 18 24 21 29 40 35 45 78 63 64
南投
PM10
04/21 65 63 37 13 10 14 19 22 19 18 22 18 18 18 26 27 33 28 36 33 30 30 33 34
南投
PM10
04/22 25 32 32 32 38 36 39 38 36 37 1000# 25 27 32 30 30 28 36 39 30 34 28 25 27
南投
PM10
04/23 25 23 27 29 28 37 37 32 26 22 32 29 30 30 25 22 31 27 26 23 29 31 26 26
南投
PM10
04/24 27 30 28 30 34 33 38 41 32 25 23 33 34 35 30 27 33 28 28 27 26 28 25 25
南投
PM10
04/25 31 29 28 32 32 33 38 34 30 28 34 34 36 25 35 1000# 32 24 26 30 27 27 25 31
南投
PM10
04/26 28 29 26 30 23 29 25 29 27 25 35 39 45 40 51 59 54 51 42 32 34 34 28 45
南投
PM10
04/27 45 53 52 46 50 42 44 38 32 26 34 51 64 55 54 56 63 56 54 54 55 50 57 45
南投
PM10
04/28 42 47 52 56 48 41 47 61 59 57 67 67 63 52 57 53 46 52 59 63 74 74 64 57
南投
PM10
04/29 55 58 57 46 47 58 54 44 36 35 40 38 42 46 45 49 46 41 48 44 47 44 48 60
南投
PM10
04/30 44 48 45 44 43 47 47 35 35 32 34 49 43 35 42 33 37 36 38 32 28 26 28 26
南投
PM10
監測年月：2019/05， 測站：南投， 測項：PM10（μg/m3）
南投
PM10
日期 00 01 02 03 04 05 06 07 08 09 10 11 12 13 14 15 16 17 18 19 20 21 22 23
南投
PM10
05/01 25 26 27 26 28 31 30 15 9 11 10 10 13 14 15 16 15 17 16 21 23 31 19 22
南投
PM10
05/02 19 25 31 34 33 35 30 27 36 42 1000# 49 47 55 38 30 22 21 22 23 17 18 19 30
南投
PM10
05/03 26 24 18 30 18 21 30 30 31 29 26 36 45 50 41 48 58 53 47 52 53 55 54 58
南投
PM10
05/04 52 54 53 49 59 52 48 42 19 20 18 15 25 22 29 32 38 39 38 50 46 49 46 37
南投
PM10
05/05 35 29 32 32 30 33 33 31 33 34 32 40 33 38 39 60 60 63 62 52 43 35 37 38
南投
PM10
05/06 30 41 46 37 49 49 44 33 30 20 24 23 9 9 14 1000# 21 34 21 18 13 17 17 19
南投
PM10
05/07 17 21 14 13 8 12 10 11 13 20 27 25 24 24 29 29 33 40 55 54 76 54 50 57
南投
PM10
05/08 58 57 54 46 49 61 62 60 69 72 47 42 48 58 64 30 37 43 56 58 69 64 64 71
南投
PM10
05/09 70 58 57 52 51 53 59 68 51 42 41 34 29 37 37 17 33 33 28 23 20 21 18 20
南投
PM10
05/10 21 21 25 24 19 20 16 11 11 20 17 28 23 27 26 26 24 23 33 44 54 52 53 58
南投
PM10
05/11 60 79 86 82 75 59 62 53 45 52 65 56 38 38 34 36 38 37 40 49 48 49 53 51
南投
PM10
05/12 47 45 34 54 63 58 54 55 38 36 30 42 50 64 64 64 66 62 54 49 55 62 60 56
南投
PM10
05/13 63 49 51 58 72 70 63 62 54 45 40 42 34 62 66 42 29 30 32 42 42 41 39 37
南投
PM10
05/14 37 34 37 38 36 40 42 47 28 24 21 24 30 35 36 35 37 30 36 32 27 35 37 32
南投
PM10
05/15 29 30 27 31 33 32 36 37 29 28 1000# 36 40 38 28 23 24 18 21 22 27 28 25 27
南投
PM10
05/16 1000* 1000* 1000* 1000* 1000* 1000* 1000* 1000* 1000* 1000* 1000* 1000* 1000# 19x 1000# 16 24 10 22 23 21 21 26 20
南投
PM10
05/17 29 25 24 27 29 23 30 30 28 29 29 29 24 23 21 15 19 16 23 27 23 28 31 29
南投
PM10
05/18 26 28 26 15 11 13 12 19 28 18 19 28 30 28 20 23 33 24 31 28 26 25 25 24
南投
PM10
05/19 20 21 21 20 26 25 30 33 23 19 22 24 13 18 16 18 20 22 21 23 23 26 26 29
南投
PM10
05/20 23 33 22 25 29 33 32 32 24 27 1000# 4 11 6 3 5 14 23 41 44 44 37 24 29
南投
PM10
05/21 30 40 34 30 34 32 42 31 36 40 40 45 41 46 59 68 62 71 84 84 64 62 65 67
南投
PM10
05/22 65 79 88 81 82 68 81 77 63 70 67 74 80 84 78 95 99 82 87 68 86 75 82 86
南投
PM10
05/23 94 98 82 78 73 80 88 84 38 19 19 16 20 24 24 26 32 48 35 41 41 49 46 46
南投
PM10
05/24 56 47 49 59 57 56 47 48 35 36 35 31 39 48 34 31 27 31 24 30 33 33 35 35
南投
PM10
05/25 30 29 22 32 31 28 28 31 21 15 19 32 35 35 31 33 35 29 25 26 27 33 36 34
南投
PM10
05/26 32 29 26 30 32 32 28 31 25 29 30 36 36 41 43 42 48 42 47 49 46 55 52 73
南投
PM10
05/27 56 51 54 51 49 46 48 48 43 47 57 47 40 28 14 9 9 9 16 16 20 18 19 23
南投
PM10
05/28 21 25 21 23 25 28 26 20 20 18 18 28 10 10 6 2 6 22 28 21 36 36 38 39
南投
PM10
05/29 34 38 35 29 30 25 35 35 31 33 40 46 44 46 49 1000# 47 42 44 42 38 42 34 37
南投
PM10
05/30 36 36 34 32 29 38 42 42 59 60 58 44 40 55 35 23 25 49 63 61 62 66 65 40
南投
SO2
01/01 1.6 1.4 1.4 1.4 1.5 1.4 1.6 1.8 2.3 2.5 2.4 2 1.6 1.2 1 0.8 0.9 1.3 1.4 1.5 1.7 1.5 1.4 1.5
南投
SO2
01/02 1.7 1.4 1.3 1.1 1 0.9 1 1.4 2 3 3.5 3.8 3.6 3 2.6 2.5 2.9 3.1 3.5 4.1 4.4 4.2 3.9 3.8
南投
SO2
01/03 2 1.7 1.5 1.2 1.1 1 1 1.3 1.7 1.7 1.7 1.4 1.5 1.7 1.9 2.1 2.4 2.9 3.5 3.4 3.6 3.5 3.2 2.9
南投
SO2
01/04 1.5 1.6 1.1 1 0.8 0.7 0.7 1.2 2 2.8 3.4 2.9 2.3 2.4 3.2 3.4 4.8 2.5 2 2.1 2.2 2.4 2.6 2.7
南投
SO2
01/05 2.8 2.4 3.1 2.6 2.4 2.7 3.5 3.7 4.1 4.1 3.5 3 1.7 1.3 0.7 0.5 0.3 2.6 3.6 3.1 3 2.5 2.6 2.4
南投
SO2
01/06 2.6 2 2.2 1.4 0.9 0.7 0.4 0.6 0.9 1.2 1.3 1.1 1 0.6 0.3 0.3 0.1 0.4 0.5 1 1.1 1.1 1.1 1.1
南投
SO2
01/07 1.9 1.9 1.4 1.3 1.3 1.8 2.1 2.3 2.8 3.2# 3.5 3.4 3.8 3.3 4.3 2.6 2.4 2.4 2.7 2.9 3.1 2.9 2.5 2.2
南投
SO2
01/08 1.4 1.2 1.3 1.2 1.2 0.8 0.8 1.7 2 1.8 2.1 2.3 1.6 1.3 1.3 1.3 1.4 1.7 2 2.4 2.5 2.5 2.2 2.1
南投
SO2
01/09 1.8 1.9 1.8 1.6 2 2.2 2.2 2.3 2.8 3.6 4.5 4.3 3.5 3 2.8 2.3 2.6 2.7 2.9 3.3 3.5 3.5 3.5 3.2
南投
SO2
01/10 2.6 3 3.2 3.1 3.2 2.9 2.9 3.6 4.5 5.5 4.7 4.3 3.5 3 2.5 2 8.5 2.7 3.1 3.4 3.4 2.9 3 2.9
南投
SO2
01/11 2.2 2 1.5 1.4 1.6 1.5 1.6 1.8 2.4 2.7 2.4 2.9 2 2.1 4.4 3.2 3.4 4.5 5.1 4.8 5.1 5.3 4.1 3.6
南投
SO2
01/12 2.1 1.4 0.9 0.7 0.5 0.2 0.2 0.9 1.5 2.2 1.9 1.7 1 0.3 -0.3x -0.4x 0.2 0.5 0.5 1.3 1.6 1.7 1.8 1.7
南投
SO2
01/13 2.7 2.3 2 1.7 1.4 1.3 0.9 1.1 1.3 1.5 1.8 1.5 1.2 1.3 0.7 0.7 0.7 0.8 0.9 1.1 1.5 1.5 1.4 1.1
南投
SO2
01/14 1.6 1.3 1.3 1.2 1.2 1.1 1.1 1.6 1.9 2.2 2.6 3.1 2.9 3.4 2.6 2.2 2.3 2.6 2.7 3 3.3 3.4 3.5 3.2
南投
SO2
01/15 1.9 1.9 4.2 1.7 1.1 0.7 0.8 1.1 1.1 2.1 2.6 2.5 1.9 2.1 1.7# 1.5 1.5 1.7 2.1 2.4 2 1.9 2 1.5
南投
SO2
01/16 2 1.9 1.5 1.3 1.4 1.2 1 1.2 1.9 2.1 2.5 2.9 2.9 3 2.6 2.8 2.6 2.7 2.8 3.1 3.5 3.7 3.6 2.9
南投
SO2
01/17 2 1.3 0.9 0.6 0.5 0.4 0.6 0.8 1.4 1.9 2.2 2.5 2.4 2.1 2.1 1.9 1.9 2.2 2.7 3.1 2.7 2.6 2.2 2
南投
SO2
01/18 2.6 1.2 1.1 1.1 0.9 0.8 0.9 0.9 1.4 1.7 1.8 1.7 1.5 1.3 1.6 2.2 2.4 4.1 6.2 7 4.4 4.2 4.1 3.8
南投
SO2
01/19 1.6 1.9 1.3 1.7 2.2 1.5 1.2 1.2 2 2.5 2.5 2.8 1.8 1.2 1.5 1 0.5 0.5 0.8 1.1 1.4# NA NA NA
南投
SO2
01/20 NA NA NA NA NA NA NA NA NA NA NA NA NA NA NA NA NA NA NA NA NA NA 1.9# 1.5
南投
SO2
01/21 2.1 1.5 1.3 0.9 0.7 0.7 0.7 1.3 1.7 2.2 2.3 2.1 2.2# 2# 1.8x 1.8# 1.6 1.5 1.6 1.7 1.9 1.8 1.6 1.5
南投
SO2
01/22 2.3 1.3 1.2 0.8 0.6 0.3 0.5 1 1.8 2.1 2.2# 2.1x 1.9# 1.6 1.9 1.8 1.9 2.4 2.5 2.5 2.6 2.3 2.1 1.7
南投
SO2
01/23 1 2 2 2 2 2.3 2 2.3 2.6 2.2 2.1 2.4 2.7 2.8 3.1 3.1 3.2 4.8 3.8 3.6 4 3.8 3.3 3.2
南投
SO2
01/24 2.2 2.2 1.4 1.3 1 0.9 1.1 1.5 2.5 3.5 4.5 3 2.2 1.7 1.6 1.5 2.2 2.5 2.8 3.5 3.5 3.6 3.3 2.7
南投
SO2
01/25 1.7 1.1 0.9 0.7 0.4 0.3 0.3 1.1 1.8 2 2.2 2.3 1.7 2.5# 2.8 4.8# 2.7# 2.8 3.2 3.7 3.6 3.4 3.2 3.1
南投
SO2
01/26 1.8 1.4 1.3 1.1 0.8 0.8 1.1 1.5 2.2 2.5 2.1 1.4 1.2 0.8 0.5 0.5 0.8 0.8 0.9 1.1 1 0.8 0.8 0.7
南投
SO2
01/27 1.4 1.2 1 1 1 0.9 0.9 1.3 1.8 2 2.1 2.3 2.3 1.9 1.6 1.5 1.5 1.7 2 2.4 2.5 2.6 2.4 2.4
南投
SO2
01/28 1.4 1.3 1.1 1.1 1.1 1.1 1.4 1.6 1.8# 1.8# 1.9 2 2.4 2.1 3.1 4.1 4.6 4.3 2.9 3 3.4 3.5 3.7 3.5
南投
SO2
01/29 2.5 1 0.6 0.4 0.3 0.1 0.2 0.5 1 1.7 2.2 2.2 1.7 2.1 0.9 0.7 0.8 3.3 3.7 3.5 3.4 3.7 3 2.6
南投
SO2
01/30 2 1.4 1.6 1.2 0.9 1 1.6 2.1 2.9 3 2.3 2.3 1.8 1 1 5.3 3.6 1.5 2.1 1.8 3.1 2.3 2.1 2
南投
SO2
01/31 1.5 1.2 0.8 0.5 0.4 0.5 0.9 1.8 2.7 2.6 2.5 1.6 0.8 0.6 0.9 0.9 4.4 7.7 3.8 3.3 4.3 3.2 2.7 2.5
南投
SO2
監測年月：2019/02， 測站：南投， 測項：SO2（ppb）
南投
SO2
日期 00 01 02 03 04 05 06 07 08 09 10 11 12 13 14 15 16 17 18 19 20 21 22 23
南投
SO2
02/01 2.4 1.1 0.9 0.6 0.5 0.6 0.5 0.8 1.3 1.4 1.8 1.9 1.9 1.8 1.8 1.8 1.9 2.4 2.6 2.6 2.9 2.9 2.7 2.6
南投
SO2
02/02 1.8 1.6 1.5 1.4 1.3 1.5 1.6 2 3 3.6 3.5 3.1 2.6 2.6 3.2 4.7 7.1 7.4 4.2 3.4 2.2 2.2 3.1 2.9
南投
SO2
02/03 2.7 1.5 1.3 1.1 1.1 0.8 0.9 1.3 1.8 1.9 1.9 1.5 1.5 1.5 2.8 2.3 3.1 2.5 1.6 1.1 1.2 1.2 1.4 1.4
南投
SO2
02/04 1.3 1.3 1.3 1.2 1.1 1.1 1.4 1.6 2.1 2.7 2.4 2.1 1.9 1.3 1 0.8 1.1 1.3 1.3 1.3 1.3 1.3 1.4 1.4
南投
SO2
02/05 1.9 1.8 1.8 1.7 1.6 1.4 1.2 1.2 1.4 1.6 2.4 2.1 1.6 1.5 1.4 1.3 2.8 4.4 2.5 1.5 1.4 1.5 1.5 1.6
南投
SO2
02/06 1.9 1.6 1.5 1.5 1.5 1.8 2 2.4 2.9 3 2.3# 1.8 1.6 1.9 3.2 2.7 2.1 2.7 4.4 5.2 4.5 3.1 2.9 2.8
南投
SO2
02/07 2.1 1.5 1.5 1.3 1.3 1.1 1.3 1.3 1.6 1.6 1.3 1 0.7 0.4 0.4 0.5 1.2 1.5 2 1.9 2.3 2.4 2.4 2.4
南投
SO2
02/08 1.7 1.5 1.4 1 0.9 0.7 0.9 1.1 1.4 1.7 1.7 1.7 1.4 1.1 1 0.9 0.8 0.9 0.9 0.9 1.1 1.1 1.1 1.2
南投
SO2
02/09 1.5 1.2 1.1 1 1.1 1.6 1.4 1.8 2.2 2.3 2.3 2.3 1.9 1.6 1.4 1.4 1.2 1.2 1.3 1.6 1.6 1.8 1.7 1.6
南投
SO2
02/10 1.4 1.3 1.2 1.2 1.1 1.1 1 1.1 1.2 1.5 1.9 2.1 2 1.7 1.5 1.3 1.4 1.6 1.7 1.7 1.7 1.8 1.9 1.8
南投
SO2
02/11 1.7 1.6 1.4 1.4 1.4 1.3 1.3 1.6 2.1 2.6 2.7 2.3 2 2 1.8 1.8 2.5 2.4 2.8 3.6 3.5 3.1 3 2.9
南投
SO2
02/12 2 1.4 1.2 0.9 0.9 0.9 1 1.7 2.4 3 3.1 2.2 1.6 1.3 1.1 1.2 1.2 1.4 1.7 2.1 2 2.2 2.2 3.9
南投
SO2
02/13 3.8 1.8 1.5 1.6 1.9 1.7 1.9 2.5 3.9 3.1 2.6 1.7 1.2 0.9 0.7 0.8 0.9 1.2 1.6 2.2 2.3 2.3 1.8 1.5
南投
SO2
02/14 1.6 1.6 1.5 1.6 1.7 1.6 1.8 2.1 2.7 2.9 2.7 2 1.5 1.4 1.1 1.2 1.4 2.1 2 2.5 2.6 3 2.5 2.4
南投
SO2
02/15 2.2 1.5 1.5 1.3 1.2 1.2 1.7 2 2.5 2.8 2.3 1.7 1.3 1.7 1.2 1.2 1.2 1.1 2 2.7 2.8 3.1 2.8 2.6
南投
SO2
02/16 1.2 1.2 1.4 1.1 1.1 1.1 1.2 1.4 2 2.7 2 1.3 3.8 2.7 1.2 1 0.9 0.9 1.1 1.5 1.9 1.8 1.9 1.9
南投
SO2
02/17 2.2 1.5 1.4 1.1 1.1 1.3 1.3 1.4 1.6 1.8 1.8 1.4 1.1 0.8 0.9 0.9 1.1 1.3 1.5 1.6 1.7 1.8 1.8 1.8
南投
SO2
02/18 1.9 1.5 1.4 1.3 1.4 1.5 1.7 2 2.5 2.3# 2.2 2.2 2.2 2.1 1.9 1.8 2.1 3.9 3 6.2 3.8 3.9 3.8 4.8
南投
SO2
02/19 3.1 2 1.1 0.3 0x -0.1x 0.3 1.4 2.8 4.6 6.6 6.2 5.2 5.3 4.1 5.8 4.5 4.5 8.8 4.1 4.6 5.1 5.6 4.8
南投
SO2
02/20 2.1 1.2 0.6 0.1 -0.2x -0.5x -0.6* -0.2x -0.1# 1.9 1.4 1.9 3.1 2.7 4.7 2.1 2.2 3.1 3.2 5.6 17 3.6 3.2 2.9
南投
SO2
02/21 4.8 2.3 2.2 2 1.8 1.9 1.6 1.3 1.4 1.4 1.8 1.9 2 2.9 2.6 2 2.7 3.3 2.6 1.9 1.6 1.5 1.3 1
南投
SO2
02/22 1.5 2.1 1.8 1.3 1.1 1.1 1.2 2.1 2.5 2.8 2.9 2.6 2.2 1.7 1.4 1.4 1.3 1.4 1.8 2.4 2.4 2.6 2.5 2.2
南投
SO2
02/23 1.8 1.3 0.9 0.8 0.6 0.5 0.4 0.8 1.5 1.9 2 2.1 1.8 1.5 1.4 1.5 1.4 1.7 1.8 1.8 2 2.2 2.2 1.9
南投
SO2
02/24 2 2 2.2 1.9 2 1.8 1.7 1.6 1.6 1.7 1.8 1.8 1.7 1.7 1.6 1.4 1.5 1.5 1.7 1.9 2 2.2 2.3 2.2
南投
SO2
02/25 1.7 1.5 1.2 1.2 1.1 1 1.2 1.5 2.5 2.6 2.3 1.9 1.4 1.1 1.2 1.6 2.1 1.8 2.2 2.8 2.9 2.9 2.7 2.5
南投
SO2
02/26 2.2 1.3 1.2 1.2 1.1 1.1 1 1.5 1.8 2 2 2.2 1.9 1.7 1.6 2 4.7 6.5 4.9 2.8 2.4 2.6 2.4 2.4
南投
SO2
02/27 2 3 2.3 2.2 3 3 2.5 2.7 3.2 3.4 3 2.8 2.2 2.2 3.2 2.6 2.5 2.5 2.9 2.8 3.3 4.2 3.2 2.9
南投
SO2
02/28 2.2 1.3 0.9 0.8 1.9 1.6 1.6 2.1 2.8 2.8 2.3 3 1.9 1.1 0.7 0.7 0.7 0.8 1.1 1.1 1.3 1.6 2 1.9
南投
SO2
監測年月：2019/03， 測站：南投， 測項：SO2（ppb）
南投
SO2
日期 00 01 02 03 04 05 06 07 08 09 10 11 12 13 14 15 16 17 18 19 20 21 22 23
南投
SO2
03/01 2.6 1.9 1.9 2 2 1.5 1.5 1.8 2.3 2.7 2.8 2.4 2.1 2.3 3.5 2.6 1.9 1.5 2 2.1 2.2 2.4 2.7 2.6
南投
SO2
03/02 2.5 1.7 1.5 1.4 1.4 1.4 1.7 2 2.1 2 3.1 4.2 2.7 3.5 3.9 3.6 2 5.2 5.1 5.2 4.7 4.1 3.8 3.5
南投
SO2
03/03 2.2 1.6 1.2 1 0.9 0.9 1.1 1.2 1.7 1.8 1.7 3.1 0.9 0.7 0.7 0.6 0.6 0.7 0.9 1.2 1.9 2.3 2.6 2.4
南投
SO2
03/04 2.2 1.3 1.1 1 1.3 1.2 1.1 1.3 1.4 1.4# 1.9 1.3 1.1 1.1 1.2 1.1 2 9.8 16 4.8 2.8 2.7 2.7 2.9
南投
SO2
03/05 3.2 1.5 1.4 1.1 0.7 0.6 0.7 1.1 1.5 1.9 1.8 1.4 1.5 1.7 1.6 3.3 2.3 2.9 1.7 1.2 1 0.8 1 0.5
南投
SO2
03/06 1.4 1.6 1.9 1.8 1.7 1.7 1.7 1.9 2.4 2.5 2.4 1.9 1.9 1.9 1.8 1.8 1.8 1.9 2.5 3 2.6 2.5 2.3 2.6
南投
SO2
03/07 2.1 1.2 0.8 0.6 0.3 0 0.1 0.2 0.6 1.3 2 1.9 1.9 1.9 1.5 2.1 2.1 1.9 1.8 1.8 1.8 2 1.9 1.5
南投
SO2
03/08 0.8 1.2 1 0.7 0.7 0.7 1 1.3 1.8 2.6 3.6 4.1 3.6 3.6 4.3 2.3 2.3 2.5 3 3.7 3.7 3.2 2.9 3.1
南投
SO2
03/09 2 1.6 1.9 2.2 2.5 2.4 2.5 3 4 4.7 4.8 4 3.3 2.6 1.9 1.6 1.8 2.3 2 1.9 1.9 2.2 2.7 2.8
南投
SO2
03/10 1.8 1 0.1x -0.6* -0.9* -1.1* -1.1* -0.8* -0.3x 0.1# 1.2 1.2 0.9 0.8 0.9 1.2 2.8 1.9 1.8 1.7 1.9 2.1 1.8 2
南投
SO2
03/11 2.9 1.8 1.8 2 1.9 2.1 2.5 2.8 3.4 3.4 4 5.1 4.8 4.6 4.3 3.8 3.6 3.5 4 4.4 4.3 4.3 4.1 3.9
南投
SO2
03/12 2.8 1.5 1.7 1.5 2.1 1.7 1.4 1.8 2.6 2.3 1.6 0.5 -0.1x -0.5x 0.9x 2.9# 2.9 3.1 4 4.5 4.7 4.4 4.2 4
南投
SO2
03/13 4.4 1.5 1.3 1.1 1 1.1 1.3 2.1 3 2.9 2.4 1.9 2.3 1.7 2.2 2.4# 3.2 2.9 3.5 3.2 3.3 3.6 3.5 3
南投
SO2
03/14 2 1.3 1 0.7 0.6 0.4 0.4 0.8 1.4 3 3 2.4 1.1 0.9 2.1 3.6 3 2.3 1.9 2 2.2 2.2 1.8 1.5
南投
SO2
03/15 2.5 1.9 1.8 1.6 1.4 1.3 1.2 1.5 2.5 3.3 3.4 3.2 2.8 2.6 2.5 2.9 3.6 3.7 3.8 4.5 4.1 4 4.2 3.6
南投
SO2
03/16 2.4 1.4 1.7 1.7 1.7 1.9 2 2.3 2.8 2.8 2.3 2.2 1.6 1.2 0.9 1.2 1 1 1.3 1.7 1.9 2.1 2.2 2.2
南投
SO2
03/17 2 1.4 1.2 1 0.7 0.8 1 2.5 2.1 2.5 2.6 2.4 1.9 1.7 1.8 1 0.8 1 1.3 1.6 2 1.8 1.5 1.6
南投
SO2
03/18 1.4 1.7 1.6 1.6 1.5 1.4 2 2.3 3.2 3.8 3.7 3 2.1 1.5 1.4 1.8 3.3 7.1 6.5 6.2 4.5 3.9 3.7 3.3
南投
SO2
03/19 2 1.7 1.6 1.4 1.1 1.2 1.5 2 3.1 3.2# 2.4 3.1# 4.1# 3.2 2.9 2.6 1.4# 1.3 2.3 2.7 2.8 3.1 3.3 2.5
南投
SO2
03/20 1.9 1.5 1.1 1 0.9 0.8 1 1.3 2.1 3.1 2.9 1.7 0.9 0.8 0.6 0.7 0.5 0.5 0.7 2.8 2.4 2 0.5 0.3
南投
SO2
03/21 1.9 2 1.8 1.8 1.6 1.5 1.5 2.5 3.2 3.2 2.7 2.1 1.8 1.6 1.1 0.8 1 7.6 2.9 2 1.8 2.5 1.7 1.6
南投
SO2
03/22 2.1 1.6 1.4 1.3 1.2 1.1 1.5 2.2 2.6 3.4 3.6 2.5 3.5 2 1.6 1.6 2 1.9 2.4 2.5 2.8 2.9 2.9 2.5
南投
SO2
03/23 2.4 1.7 2.2 1.3 1.1 1 0.9 1 1.1 1.3 1.5 1.7 1.7 1.6 1.4 1.4 1.4 1.5 1.7 1.6 1.4 1.2 0.9 0.8
南投
SO2
03/24 1.1 2.2 1.7 1.7 1.6 1.6 1.6 1.8 1.9 2.4 2.4 2.6 2.7 2.9 2.6 2.6 2.1 2 2.2 2.4 2.6 2.7 2.9 2.9
南投
SO2
03/25 1.9 1.5 1.2 1 1.3 1.4 1.4 1.9 2.7 4.5 5.2 4.4 4.1 4 3.5 3.6 3.9 4 4.5 5.4 6.3 6.3 6.3 6.3
南投
SO2
03/26 2.8 0.9 0.6 0.2 -0.2x -0.7* -0.8* -1.2* 2.2# 2.3 2 1.9 1.4 1.5 1.5 1.3 3.5 14 6.5 4.2 4 3.5 2.9 3
南投
SO2
03/27 4.9 1 0.8 0.5 0.4 0.1 0.1 0.7 0.9 0.9 0.6 0.3 0.3 0.4 0.9 1.5# 2.4# 3.7 3.6 3.1 3.9 3 2.5 2.3
南投
SO2
03/28 1.3 1.2 1 0.8 0.8 0.7 0.9 1.4 2.1 2.2 1.8 1.2 1.3 0.9 0.9 1 1.2 1.2 1.4 1.1 1.1 1.3 1.3 1.5
南投
SO2
03/29 1.5 1.5 1.4 1.3 1.2 1.2 1.1 1.5 1.8 1.8 1.7 2.2 2.2 2.6 3 4.4 3.9 3.7 3.1 2.9 2.6 2 2.1 1.2
南投
SO2
03/30 1.4 1.4 1.3 1.3 1.3 1.6 1.9 2.1 2.2 2 2.9 2.8 2.6 2.6 2.4 2.3 2 2.4 2.6 2.8 2.9 3 2.6 2.7
南投
SO2
03/31 2 1.7 1.6 2.1 2.4 2.3 2.4 2.8 3.2 2.8 2.4 2.1 2.6 2.6 2.2 2.6 2.1 2 1.8 1.9 1.9 2.1 2.1 2.2
南投
SO2
監測年月：2019/04， 測站：南投， 測項：SO2（ppb）
南投
SO2
日期 00 01 02 03 04 05 06 07 08 09 10 11 12 13 14 15 16 17 18 19 20 21 22 23
南投
SO2
04/01 1.8 1.9 1.5 1.6 1.3 1.3 1.3 1.4 1.8 2.2 2.4 2.5 2.6 2.7 2.8 3 2.6 2.8 3 3.1 3.2 3.3 3.3 3.2
南投
SO2
04/02 2.2 1 0.9 0.8 0.8 0.8 0.9 1.4 2.9 3 2.1 1.5 1.3# 1.1 0.2 0.8 1.2 1.2 1.1 1.6 2.1 2.3 2.3 1.9
南投
SO2
04/03 1.6 1.5 1.4 1 0.7 0.6 0.6 0.6 1.1 1.3 1.5 1.8 1.3 0.9 0.9 0.9 0.4 0.5 0.6 0.9 1.2 1.5 1.6 1.5
南投
SO2
04/04 1.8 1.5 1.7 1.5 1.5 1.5 1.6 2.1 2.4 2.4 2.6 2.4 1.8 1.9 1.8 1.4 4 1.3 1.1 1.5 1.6 1.7 1.7 1.7
南投
SO2
04/05 1.7 1.9 2.1 2.1 2.5 2.4 2.8 2.7 2.9 3.1 2.7 2.4 2 1.6 1.9 1.7 1.9 2.6 2.9 2.4 2.7 2.9 2.9 2.7
南投
SO2
04/06 2.1 1 0.9 0.9 0.8 0.7 0.9 1.1 1.5 1.3 1.5 1.4 1 2.4 5.6 3.7 1.4 1.2 2.3 2.2 1.4 1.6 1.4 1.5
南投
SO2
04/07 1.6 2 1.9 1.5 1.4 1.4 1.3 1.5 1.5 1.6 1.7 1.7 1.2 1.5 2.2 2.5 3.6 12 21 2.7 2.7 2.8 2.7 2.5
南投
SO2
04/08 2.3 1.3 1.2 0.9 0.9 0.7 1.1 1.3 1.4 1.4 1.4 1.9 1.2 1.6 2 1.6 1.7# 5 4.1 6.5 2.8 2.2 1.9 1.4
南投
SO2
04/09 2.1 1.7 1.3 1.2 1.3 1.1 1.3 1.5 1.6 1.9 1.8 1.9 2 2.1 1.9 1.6 1.4 1.3 1.3 1.3 1.3 1.5 1.4 1.5
南投
SO2
04/10 1.8 1.9 1.8 1.6 1.6 1.7 1.6 1.8 1.7# 1.9 2.6 2.1 1.9 1.9 1.9 2.2 3.6 5 3.7 2.8 2.8 3.5 2.9 2.9
南投
SO2
04/11 1.9 2 1.8 1.8 1.6 2.8 3.6 4.3 3.2 2.6 2.7 2.6 2.2 2.2 3.2 3.2 2.7 2 2.3 2.9 2.8 3 3.2 3
南投
SO2
04/12 2.2 1.4 1.1 0.8 0.8 0.8 0.6 1 1.6 1.8 1.7 1.3 1.2 1.6 2.6 2.2 1.4 1.8 2.2 2.6 2.6 2.7 2.6 2.2
南投
SO2
04/13 1.3 1.8 1.6 1.7 2.3 2.3 2.1 2 1.9 1.9 2.1 1.7 1.5 1.1 1 0.5 0.6 0.9 1.5 1.8 2.2 2.3 2.3 2.3
南投
SO2
04/14 2 1.6 1.7 1.3 0.8 0.8 0.7 0.8 1 0.9 0.8 0.6 0.5 0.3 0.1 0 0 0.2 0.3 0.9 0.9 1.1 1.1 0.9
南投
SO2
04/15 1.5 1.6 1.5 1.4 1.4 1.3 1.6 1.7 2.2 2.8 3.1 3.1 3.1 3 3.1 2.7 2.6 2.9 3 3.5 4 4.2 4.3 4
南投
SO2
04/16 1.9 1.2 1.1 1.8 1.5 1.1 1.1 1 1 1.3 2.3 1.8 1.6 1.3 1.4 1.7 1.5 1.7 1.9 2.2 3.1 3.9 3.8 3.8
南投
SO2
04/17 2.4 1.9 1.7 1.4 0.4x -0.1x -0.4x -0.3x 1.5# 1.2 1.2 1 0.8 1 1.3 1.6 1.9 1.9 2 3.1 3.4 3.5 3.7 3.8
南投
SO2
04/18 4.3 2.1 1.7 1.7 1.7 1.6 1.8 1.8 0.9 1.1 1 1.4 1.5# 1.7 2 2.2 2.3 2.4 2.9 3.4 3 3.3 2.9 2.5
南投
SO2
04/19 2.5 0.9 0.9 1 0.8 0.6 0.5 0.2 0.5 0.6 0.5 0.3 0.2 0.7 0.9# 1.5# 1.1# 0.9# 1.2 1.6 1.6 1.4 0.9 0.5
南投
SO2
04/20 0.6 1.6 1.6 1.5 1.4 1.4 1.6 2.2 2.7 2.7 2.1 1.5 0.9 0.8 0.8 1.1 0.8 1.2 2.1 2.4 2.6 4.2 2.7 2.9
南投
SO2
04/21 2.2 1.8 2.4 1.6 0.6 0.5 0.7 1.2 1.4 1.8 2 1.7 0.8 0.5 0.3 0.4 0.8 0.9 1.3 1.7 1.9 2 1.8 1.6
南投
SO2
04/22 1.6 1.2 1.1 0.8 0.8 0.7 0.8 1.2 1.6 1.8 1.4 1.2 0.7 0.8 0.8 1.5 1.4 2 3.2 1.4 1 0.9 0.7 0.7
南投
SO2
04/23 1.2 1.3 1.3 1.6 1.5 2.2 2.7 3 3.1 3 2.8 2.7 2.6 2.6 2.6 2.7 2.8 3.1 3 3.1 3.3 3.4 3.4 3.1
南投
SO2
04/24 2 1.4 1.6 1.4 1.5 1.7 1.6 1.8 1.8 1.8 1.6 1.5 1.5 1.3 1.4 1.3 1.5 1.7 1.9 2 1.9 1.9 2 1.6
南投
SO2
04/25 2 1.8 1.7 1.7 1.5 1.5 1.7 2 2.2 2.1 1.9 1.8 1.9 1.7 1.7 1.6 1.5 1.5 1.8 2.2 2.6 2.7 3.1 2.8
南投
SO2
04/26 1.2 1.5 1.2 1.2 1.2 1.3 1.3 1.5 1.7 2 2.3 2.2 1.8 1.9 2.6 2.6 7.1 3.8 2.7 2.3 2.1 1.8 1.7 1.8
南投
SO2
04/27 2.4 1.7 1.9 1.7 1.6 1.5 1.4 1.5 1.5 1.5 1.5 2.1 2.3 1.8 2 2.5 4.3 3.1 3 2.4 2.7 2.6 2.9 2.8
南投
SO2
04/28 1.9 1.8 1.6 1.7 1.7 1.6 4.1 6.9 4.1 2.1 2.4 1.7 1.3 1 1.5 3.4 4.4 2.5 1.5 1.9 3 3.3 2.6 2.4
南投
SO2
04/29 1.8 1.7 1.4 1.2 1.3 1.2 1.3 1.5 1.4 1.9 2 1.5 1.4 1.4 2 4.7 5.6 4 4.6 3 3.2 2.7 2.7 2.6
南投
SO2
04/30 2.2 1.7 1.5 1.4 1.3 1.3 1.5 1.3 1.3 1.4 1.4 1.3 1.1 1 1.2 0.8 0.9 1.2 1.3 1.3 1.3 1.5 1.3 1.3
南投
SO2
監測年月：2019/05， 測站：南投， 測項：SO2（ppb）
南投
SO2
日期 00 01 02 03 04 05 06 07 08 09 10 11 12 13 14 15 16 17 18 19 20 21 22 23
南投
SO2
05/01 1.6 1.8 1.6 1.5 1.5 1.4 1.6 1.9 2.2 2.4 2.5 2.4 2.6 2.9 3.1 3.1 3.7 3.6 3.7 3.9 3.8 3.7 3.5 3.4
南投
SO2
05/02 2.4 1.5 1.6 1.4 1.2 1.5 1.8 2.4 3.2 3.7# 3.6 3.7 3.8 4.3 3.9 3.2 3.9 3.5 2.8 2.7 2.8 2.4 2.2 2.1
南投
SO2
05/03 1.5 1.7 2.1 2.8 2.6 2.3 2.3 2.2 2.5 2.8 2.9 2.6 2.5 2.2 1.7 1.4 0.8 0.8 0.8 1.6 2 2 1.9 1.7
南投
SO2
05/04 1.5 1.2 1 0.8 0.5 0.4 0.4 0.6 0.6 0.6 0.4 0.4 0.6 0.2 0.1 0.1 0.1 0.2 0.5 0.9 1 1.3 1.3 1
南投
SO2
05/05 1.3 0.8 0.7 0.5 0.4 0.5 0.9 1.5 1.6 1.7 1.9 2.1 1.3 0.8 1 1.5 2.8 2.7 2.7 2.4 1.9 1.2 1.1 0.9
南投
SO2
05/06 1.5 1.9 1.8 1.7 2 2.1 2.2 2.4 2.7 3 3.7 4.1 3.8 3.4 3 2.8 3.1 3.8 4 4.1 3.9 3.9 3.7 3.3
南投
SO2
05/07 1.8 1.3 1 1 1.1 1 0.8 0.9 1.3 1.6 2 2.1 2.1 1.9 1.8 1.5 1.6 1.9 3.6 3.4 4.4 4 3.9 4.1
南投
SO2
05/08 2.6 2.1 1.9 1.9 1.9 2.1 2.2 2.7 3.5 4.6 3.5 2.5 2.4 1.9 1.8 1 1.1 1.7 2.5 2.7 2.7 2.8 2.8 2.9
南投
SO2
05/09 2.3 2 2 1.9 1.9 1.9 2.4 2.7 2.7 2.5 2.4 2 1.7 1.1 1.1 1 1.4 1.8 2.5 2.7 2.7 2.2 1.8 1.4
南投
SO2
05/10 1.8 1.3 1.4 1.6 1.7 1.7 1.7 1.9 1.7 1.6 1.5 1.4 1.5 1.7 2.5 2 1.3 0.8 1.1 2.2 3 3.1 3.1 3.1
南投
SO2
05/11 2.5 2.4 1.9 1.7 1.7 1.8 1.8 1.9 1.9 1.8 1.7 1.5 1.7 1.6 1.4 1.4 2.8 2.4 1.8 2.1 2.4 2.4 2.2 2.3
南投
SO2
05/12 2.2 1.8 1.6 2.3 3.2 2.7 2.6 2.6 2.4 2.1 1.7 1.8 1.9 2.6 2.3 5.1 9.9 7.5 6.3 5.7 4.6 3.9 3.6 2.8
南投
SO2
05/13 2.8 1.8 1.6 1.8 1.7 1.4 1.4 1.5 1.5 1.5 1.6 1.7 1.4 2 2.3 2.1 2.1 2.5 2.3 2.3 2.8 3 3 2.8
南投
SO2
05/14 1.7 1.6 1.2 1.2 1.1 1 1.2 1.6 1.8 1.7 1.3 1 1.2 1.6 1.5 2.4 2.6 2.4 3.3 3.6 2.7 2.8 2.8 2.5
南投
SO2
05/15 2.4 1.5 1.5 1.4 1.3 1.2 1.3 1.5 1.6 1.3 0.9# 1.9 2.1 2.1 1.3 1.1 0.9 1 1.2 1.5 1.5A 1.5 1.3 1
南投
SO2
05/16 2.1 1.4 1.3 1.1 1 1 1.2 1.5 2 2.1 2 2.2 2.1 1.5# 1.5 1.4 1.6 1.6 1.8 2 2.3 2.3 2.3 2.3
南投
SO2
05/17 1.4 1.6 1.5 1.4 1.5 1.5 1.7 2.4 3 3.5 3.2 2.9 2.6 2.1 1.8 1.7 1.6 1.4 1.9 2.5 2.8 2.9 2.9 2.7
南投
SO2
05/18 1.9 1.1 0.9 0.8 0.4 0.3 0.4 0.9 1.1 1.2 1.3 1.1 1 0.7 0.6 0.4 0.6 0.5 0.8 1 1.3 1.4 1.6 1.4
南投
SO2
05/19 1.5 1.1 0.9 0.9 0.9 0.8 1.1 1.6 1.9 1.8 1.6 1.4 1.4 1.2 1.1 0.9 0.9 1.1 1.4 1.8 2.2 2.6 2.7 2.4
南投
SO2
05/20 1.3 0.6 0.4 0.1 0.1 0.1 0.5 0.7 1.1 1 1.3 1.1 1 0.6 0.7 0.6 2.8 1.9 2.7 3.5 3.4 3.5 3 2.2
南投
SO2
05/21 2.1 1.5 1.6 1.7 1.6 1.6 1.8 2.4 2.9 3.1 3.4 3.4 3.4 3.2 3.2 3.2 3.1 3.4 4 4.3 4.1 4.2 4.1 4.2
南投
SO2
05/22 2.7 2.3 1.9 1.7 1.5 1.7 2.6 2.4 2 1.7 1.5 1.4 1.6 1.3 0.8 1.1 3.8 3.8 3.2 2.9 3.5 2.9 3.1 3
南投
SO2
05/23 2.5 2.2 1.6 1.3 1.4 2.8 3.6 3.7 2.3 2.1 2.2 2.5 2.4 1.9 1.4 0.8 0.9 1.6 1.3 1.5 1.6 1.4 1.2 1.1
南投
SO2
05/24 2.2 2 1.8 1.7 1.7 1.8 1.8 1.9 2.1 2 2.2 3 2.8 2.4 1.8 1.7 1.9 2.5 2.7 2.6 2.3 2.3 2.2 2.2
南投
SO2
05/25 2.5 1.1 1 0.9 0.8 0.8 0.7 1.1 1.3 1.3 1.8 2 2.6 1.7 1.4 5.3 2.6 1.1 1.1 1.5 1.6 2 2.1 2
南投
SO2
05/26 1.3 1.5 1.3 1.1 1 1 1.1 1.2 1.2 1.1 1.2 1.5 2.1 1.2 1.5 2.1 2.6 2 2 2.7 2.6 2.4 2.7 3.4
南投
SO2
05/27 2.9 2.2 2.2 2.1 1.9 1.8 2 2.7 3.9 4.4 6.1 6.8 2.9 2.3 1.7 1.6 1.5 1.5 1.6 1.7 1.9 2.1 2.2 2
南投
SO2
05/28 1.9 1.2 1.1 1.1 1.1 1.2 1.3 1.5 1.9 2.4 3.2 3.2 2.6 3 2.3 1.9 1.7 2.6 3.2 3.2 3.3 3.1 3.1 2.9
南投
SO2
05/29 2.1 0.8 0.7 0.6 0.6 0.7 0.8 0.8 1.6 1.8 2.1 2.1 1.6 1.1# 0.6 0.8 1 1.5 1.9 1.6 1.8 2 2.1 1.6
南投
SO2
05/30 1.6 2 1.9 1.7 1.8 1.8 2 2.6 2.9 3.1 2.7 2 1.9 2.4 2.6 3.1 3.8 5.3 6.6 8.4 9.5 5 3.7 2.4
南投
CO
01/01 0.48 0.46 0.46 0.43 0.4 0.37 0.48 0.61 0.53 0.43 0.41 0.39 0.33 0.32 0.36 0.38 0.38 0.45 0.45 0.45 0.38 0.37 0.36 0.38
南投
CO
01/02 0.37 0.33 0.3 0.27 0.25 0.25 0.31 0.51 0.97 0.85 1.13 0.71 0.55 0.42 0.4 0.46 0.57 0.76 0.64 0.63 0.65 0.58 0.54 0.55
南投
CO
01/03 0.5 0.46 0.48 0.44 0.41 0.4 0.39 0.57 0.65 0.53 0.52 0.55 0.63 0.63 0.62 0.61 0.64 0.82 0.83 0.71 0.7 0.68 0.68 0.58
南投
CO
01/04 0.54 0.49 0.46 0.44 0.41 0.41 0.46 0.69 0.95 0.77 0.53 0.41 0.46 0.49 0.62 0.63 0.65 0.63 0.59 0.63 0.67 0.69 0.66 0.65
南投
CO
01/05 0.69 0.69 0.71 0.68 0.68 0.73 0.78 0.91 0.88 1 0.64 0.6 0.46 0.44 0.38 0.4 0.45 0.75 0.8 0.66 0.61 0.66 0.68 0.7
南投
CO
01/06 0.7 0.66 0.69 0.53 0.47 0.47 0.5 0.54 0.59 0.6 0.58 0.57 0.51 0.52 0.54 0.57 0.62 0.67 0.66 0.64 0.67 0.61 0.62 0.57
南投
CO
01/07 0.58 0.57 0.58 0.59 0.58 0.55 0.57 0.69 0.94 0.96# 0.75 0.56 0.58 0.52 0.53 0.49 0.52 0.69 0.64 0.62 0.61 0.52 0.46 0.53
南投
CO
01/08 0.53 0.52 0.52 0.48 0.32 0.31 0.35 0.54 1.21 0.81 0.74 0.53 0.44 0.43 0.46 0.49 0.49 0.54 0.56 0.59 0.53 0.5 0.42 0.41
南投
CO
01/09 0.42 0.42 0.39 0.38 0.38 0.4 0.39 0.59 0.84 0.76 0.8 0.63 0.52 0.49 0.48 0.48 0.58 0.76 0.68 0.7 0.71 0.69 0.68 0.69
南投
CO
01/10 0.67 0.65 0.67 0.63 0.62 0.65 0.75 0.9 1.04 0.85 0.86 0.74 0.57 0.46 0.43 0.39 0.55 0.6 0.57 0.54 0.6 0.6 0.61 0.55
南投
CO
01/11 0.51 0.57 0.52 0.58 0.52 0.51 0.54 0.69 0.84 0.68 0.55 0.51 0.49 0.5 0.56 0.57 0.48 0.64 0.63 0.73 0.79 0.88 0.63 0.55
南投
CO
01/12 0.55 0.49 0.46 0.46 0.38 0.39 0.5 0.69 0.64 0.67 0.57 0.45 0.42 0.3 0.28 0.31 0.39 0.55 0.61 0.69 0.69 0.68 0.66 0.7
南投
CO
01/13 0.7 0.69 0.65 0.59 0.57 0.59 0.63 0.68 0.7 0.7 0.69 0.64 0.51 0.53 0.55 0.59 0.63 0.67 0.69 0.66 0.66 0.62 0.59 0.54
南投
CO
01/14 0.54 0.49 0.48 0.46 0.45 0.45 0.53 0.69 0.7 0.85 0.82 0.69 0.65 0.58 0.55 0.53 0.59 0.74 0.65 0.66 0.67 0.66 0.64 0.6
南投
CO
01/15 0.62 0.59 0.52 0.37 0.34 0.37 0.46 0.55 0.59 0.71 0.85 0.68 0.46 0.45 0.46# 0.47 0.53 0.58 0.61 0.49 0.46 0.47 0.45 0.4
南投
CO
01/16 0.37 0.38 0.33 0.3 0.33 0.31 0.42 0.67 1.02 0.92 0.92 0.72 0.67 0.61 0.57 0.59 0.62 0.71 0.72 0.76 0.83 0.75 0.63 0.51
南投
CO
01/17 0.49 0.33 0.33 0.29 0.29 0.31 0.39 0.55 0.92 0.74 0.58 0.54 0.5 0.49 0.51 0.53 0.56 0.66 0.67 0.63 0.57 0.54 0.48 0.45
南投
CO
01/18 0.45 0.4 0.39 0.38 0.38 0.39 0.42 0.57 0.67 0.51 0.4 0.38 0.39 0.37 0.34 0.4 0.56 0.76 0.76 0.8 0.75 0.66 0.57 0.52
南投
CO
01/19 0.51 0.5 0.51 0.57 0.51 0.51 0.54 0.65 0.7 0.68 0.69 0.65 0.45 0.39 0.41 0.43 0.37 0.52 0.55 0.47 0.55# NA NA NA
南投
CO
01/20 NA NA NA NA NA NA NA NA NA NA NA NA NA NA NA NA NA NA NA NA NA NA 0.65# 0.58
南投
CO
01/21 0.54 0.53 0.53 0.52 0.5 0.49 0.53 0.71 0.61 0.68# 0.61 0.64 0.56 0.53 0.47 0.4# 0.41 0.44 0.43 0.43 0.43 0.41 0.36 0.32
南投
CO
01/22 0.32 0.35 0.31 0.28 0.25 0.3 0.35 0.53 0.59 0.57 0.52# 0.5x 0.55# 0.5 0.51 0.55 0.59 0.71 0.65 0.64 0.65 0.58 0.55 0.6
南投
CO
01/23 0.56 0.55 0.54 0.5 0.43 0.4 0.43 0.51 0.55 0.5 0.49 0.48 0.53 0.43 0.47 0.46 0.53 0.7 0.73 0.67 0.65 0.76 0.66 0.63
南投
CO
01/24 0.53 0.66 0.52 0.47 0.43 0.48 0.55 0.73 0.89 0.75 0.71 0.63 0.47 0.4 0.45 0.43 0.52 0.73 0.74 0.87 0.82 0.73 0.55 0.52
南投
CO
01/25 0.55 0.46 0.45 0.41 0.37 0.39 0.46 0.79 0.78 0.58 0.47 0.52 0.46 0.45 0.44 0.51# 0.56# 0.71 0.72 0.74 0.74 0.71 0.71 0.7
南投
CO
01/26 0.64 0.58 0.52 0.49 0.48 0.46 0.59 0.63 0.63 0.54 0.4 0.35 0.33 0.32 0.35 0.38 0.46 0.49 0.44 0.4 0.36 0.31 0.27 0.25
南投
CO
01/27 0.23 0.2 0.19 0.19 0.18 0.19 0.25 0.32 0.34 0.37 0.38 0.36 0.34 0.32 0.31 0.31 0.36 0.44 0.46 0.44 0.43 0.54 0.47 0.46
南投
CO
01/28 0.42 0.41 0.37 0.38 0.36 0.37 0.48 0.57 0.55# 0.57# 0.44 0.46 0.49 0.44 0.48 0.52 0.52 0.6 0.54 0.54 0.58 0.55 0.67 0.52
南投
CO
01/29 0.45 0.43 0.4 0.38 0.38 0.36 0.45 0.63 0.69 0.79 0.64 0.48 0.42 0.44 0.36 0.37 0.44 0.7 0.82 0.69 0.72 0.66 0.59 0.48
南投
CO
01/30 0.52 0.49 0.53 0.42 0.4 0.45 0.5 0.68 0.81 0.57 0.52 0.52 0.49 0.34 0.32 0.36 0.48 0.56 0.68 0.65 0.71 0.57 0.5 0.48
南投
CO
01/31 0.41 0.3 0.27 0.27 0.28 0.38 0.52 0.99 0.6 0.56 0.44 0.36 0.19 0.22 0.26 0.27 0.48 0.77 0.71 0.6 0.57 0.52 0.45 0.48
南投
CO
監測年月：2019/02， 測站：南投， 測項：CO（ppm）
南投
CO
日期 00 01 02 03 04 05 06 07 08 09 10 11 12 13 14 15 16 17 18 19 20 21 22 23
南投
CO
02/01 0.41 0.44 0.46 0.44 0.41 0.39 0.42 0.54 0.56 0.57 0.58 0.56 0.56 0.54 0.58 0.65 0.73 0.82 0.78 0.82 0.85 0.82 0.71 0.67
南投
CO
02/02 0.67 0.66 0.64 0.65 0.69 0.74 0.74 0.97 1.09 0.89 0.76 0.67 0.64 0.6 0.59 0.66 0.79 0.92 0.78 0.8 0.73 0.77 0.85 0.9
南投
CO
02/03 0.83 0.85 0.76 0.75 0.7 0.6 0.71 0.83 0.91 0.57 0.6 0.34 0.37 0.37 0.47 0.52 0.64 0.63 0.69 0.61 0.75 0.69 0.69 0.56
南投
CO
02/04 0.49 0.53 0.49 0.44 0.43 0.48 0.57 0.71 0.58 0.61 0.78 0.82 0.67 0.62 0.61 0.59 0.8 0.89 0.93 0.99 1.02 0.97 0.94 0.95
南投
CO
02/05 0.89 0.82 0.79 0.76 0.74 0.68 0.66 0.69 0.74 0.82 0.9 0.84 0.66 0.67 0.65 0.62 0.61 0.56 0.5 0.39 0.39 0.39 0.38 0.44
南投
CO
02/06 0.4 0.39 0.41 0.42 0.45 0.45 0.54 0.65 0.64 0.51 0.4# 0.3 0.35 0.35 0.44 0.41 0.44 0.47 0.54 0.65 0.68 0.75 0.6 0.55
南投
CO
02/07 0.54 0.48 0.44 0.42 0.39 0.44 0.46 0.48 0.53 0.39 0.27 0.24 0.21 0.18 0.2 0.2 0.3 0.37 0.49 0.59 0.69 0.61 0.53 0.48
南投
CO
02/08 0.47 0.48 0.44 0.42 0.42 0.43 0.48 0.55 0.54 0.53 0.51 0.42 0.36 0.35 0.36 0.36 0.38 0.39 0.37 0.36 0.38 0.38 0.38 0.37
南投
CO
02/09 0.35 0.32 0.32 0.33 0.33 0.37 0.44 0.51 0.53 0.48 0.48 0.48 0.34 0.34 0.35 0.36 0.35 0.36 0.4 0.41 0.4 0.35 0.32 0.32
南投
CO
02/10 0.37 0.31 0.27 0.23 0.21 0.22 0.27 0.28 0.42 0.38 0.4 0.42 0.37 0.33 0.35 0.37 0.4 0.45 0.46 0.43 0.43 0.42 0.4 0.41
南投
CO
02/11 0.43 0.32 0.3 0.29 0.28 0.26 0.31 0.48 0.71 1.03 0.74 0.46 0.34 0.36 0.34 0.35 0.47 0.48 0.54 0.69 0.54 0.51 0.51 0.39
南投
CO
02/12 0.38 0.34 0.32 0.34 0.33 0.37 0.46 0.68 0.8 0.83 0.78 0.36 0.33 0.34 0.36 0.39 0.44 0.49 0.52 0.53 0.54 0.51 0.49 0.62
南投
CO
02/13 0.67 0.58 0.47 0.55 0.55 0.5 0.6 0.83 1.04 0.78 0.57 0.35 0.36 0.32 0.32 0.34 0.43 0.56 0.59 0.63 0.55 0.46 0.38 0.37
南投
CO
02/14 0.36 0.33 0.35 0.35 0.36 0.36 0.42 0.55 0.8 0.65 0.59 0.39 0.3 0.32 0.31 0.36 0.42 0.62 0.59 0.59 0.59 0.63 0.54 0.5
南投
CO
02/15 0.5 0.46 0.45 0.46 0.47 0.51 0.59 0.72 0.99 0.65 0.56 0.36 0.36 0.29 0.31 0.27 0.33 0.43 0.58 0.7 0.66 0.61 0.41 0.38
南投
CO
02/16 0.33 0.27 0.36 0.32 0.33 0.35 0.44 0.51 0.59 0.48 0.26 0.24 0.52 0.46 0.39 0.43 0.49 0.51 0.55 0.57 0.62 0.58 0.52 0.48
南投
CO
02/17 0.47 0.42 0.4 0.37 0.39 0.43 0.45 0.52 0.5 0.49 0.47 0.44 0.41 0.37 0.36 0.39 0.44 0.45 0.45 0.46 0.45 0.43 0.43 0.37
南投
CO
02/18 0.36 0.37 0.38 0.39 0.4 0.42 0.48 0.59 0.58 0.53# 0.83 0.6 0.51 0.43 0.45 0.43 0.45 0.58 0.63 0.56 0.59 0.7 0.67 0.63
南投
CO
02/19 0.61 0.42 0.28 0.25 0.27 0.31 0.49 0.86 1.1 1.28 1.31 0.74 0.51 0.45 0.57 0.46 0.52 0.65 0.62 0.65 0.92 0.94 0.93 0.61
南投
CO
02/20 0.57 0.48 0.47 0.43 0.38 0.37 0.4 0.61 0.52 0.42 0.35 0.43 0.35 0.39 0.47 0.5 0.51 0.49 0.61 0.6 0.62 0.68 0.67 0.63
南投
CO
02/21 0.6 0.66 0.65 0.63 0.6 0.53 0.54 0.58 0.71 0.45 0.63 0.64 0.54 0.43 0.38 0.39 0.51 0.68 0.61 0.49 0.45 0.44 0.41 0.41
南投
CO
02/22 0.4 0.42 0.39 0.37 0.39 0.4 0.47 0.71 0.75 0.8 0.73 0.49 0.42 0.37 0.33 0.37 0.4 0.52 0.59 0.64 0.56 0.53 0.5 0.48
南投
CO
02/23 0.49 0.36 0.36 0.39 0.41 0.41 0.43 0.65 0.97 1.01 0.83 0.64 0.64 0.59 0.6 0.65 0.67 0.72 0.67 0.59 0.6 0.58 0.57 0.56
南投
CO
02/24 0.57 0.54 0.53 0.48 0.48 0.42 0.42 0.51 0.47 0.5 0.51 0.58 0.54 0.48 0.42 0.46 0.48 0.52 0.54 0.56 0.61 0.6 0.6 0.52
南投
CO
02/25 0.5 0.47 0.47 0.45 0.43 0.42 0.49 0.67 0.88 0.74 0.56 0.54 0.42 0.36 0.37 0.46 0.5 0.53 0.59 0.67 0.59 0.53 0.43 0.39
南投
CO
02/26 0.41 0.45 0.34 0.31 0.31 0.35 0.46 0.59 1.21 0.98 0.85 0.57 0.55 0.5 0.45 0.43 0.52 0.7 0.69 0.53 0.5 0.48 0.44 0.44
南投
CO
02/27 0.46 0.45 0.44 0.44 0.44 0.45 0.51 0.68 0.69 0.9 0.72 0.63 0.5 0.45 0.45 0.44 0.47 0.6 0.53 0.61 0.59 0.67 0.6 0.5
南投
CO
02/28 0.5 0.44 0.4 0.41 0.53 0.48 0.59 0.69 0.63 0.56 0.38 0.51 0.43 0.37 0.35 0.38 0.43 0.47 0.5 0.51 0.5 0.51 0.49 0.49
南投
CO
監測年月：2019/03， 測站：南投， 測項：CO（ppm）
南投
CO
日期 00 01 02 03 04 05 06 07 08 09 10 11 12 13 14 15 16 17 18 19 20 21 22 23
南投
CO
03/01 0.49 0.47 0.44 0.36 0.35 0.36 0.41 0.54 0.5 0.51 0.52 0.53 0.45 0.4 0.38 0.47 0.46 0.49 0.55 0.57 0.57 0.56 0.56 0.54
南投
CO
03/02 0.54 0.53 0.5 0.48 0.49 0.5 0.58 0.64 0.62 0.56 0.55 0.58 0.54 0.48 0.49 0.48 0.6 0.87 0.9 0.79 0.83 0.88 0.86 0.74
南投
CO
03/03 0.66 0.55 0.49 0.47 0.45 0.45 0.5 0.63 0.6 0.48 0.35 0.45 0.48 0.37 0.39 0.42 0.43 0.53 0.57 0.61 0.74 0.66 0.58 0.43
南投
CO
03/04 0.41 0.44 0.41 0.41 0.34 0.33 0.37 0.54 0.53 0.58# 0.59 0.4 0.38 0.39 0.45 0.49 0.56 0.75 0.77 0.84 0.78 0.72 0.67 0.63
南投
CO
03/05 0.82 0.56 0.52 0.49 0.49 0.48 0.52 0.7 0.68 0.64 0.55 0.46 0.47 0.54 0.53 0.57 0.6 0.68 0.59 0.53 0.5 0.51 0.5 0.5
南投
CO
03/06 0.52 0.52 0.5 0.49 0.48 0.52 0.53 0.72 0.6 0.53 0.46 0.38 0.4 0.42 0.44 0.46 0.46 0.51 0.55 0.5 0.46 0.51 0.5 0.54
南投
CO
03/07 0.51 0.45 0.36 0.38 0.38 0.38 0.42 0.57 0.97 1.2 0.8 0.54 0.57 0.44 0.44 0.54 0.6 0.58 0.58 0.64 0.74 0.7 0.57 0.56
南投
CO
03/08 0.47 0.48 0.46 0.44 0.45 0.48 0.55 0.78 1.02 0.98 1 0.98 0.74 0.66 0.45 0.56 0.58 0.68 0.62 0.59 0.53 0.52 0.47 0.5
南投
CO
03/09 0.54 0.52 0.61 0.6 0.58 0.56 0.63 0.84 1.07 0.85 0.64 0.54 0.52 0.46 0.5 0.6 0.72 0.5 0.52 0.57 0.56 0.68 0.62 0.54
南投
CO
03/10 0.48 0.32 0.2 0.19 0.18 0.18 0.23 0.49 0.4 0.4 0.34 0.38 0.34 0.35 0.43 0.56 0.55 0.55 0.59 0.56 0.58 0.59 0.63 0.64
南投
CO
03/11 0.54 0.57 0.57 0.58 0.59 0.64 0.73 0.57 0.94 0.94 0.88 0.84 0.75 0.83 0.74 0.59 0.61 0.77 0.86 0.75 0.74 0.8 0.78 0.74
南投
CO
03/12 0.79 0.75 0.75 0.64 0.61 0.58 0.68 0.92 1.07 0.84 0.42 0.35 0.35 0.36 0.45 0.43 0.46 0.58 0.66 0.73 0.77 0.65 0.52 0.47
南投
CO
03/13 0.49 0.45 0.46 0.41 0.43 0.43 0.59 0.83 0.72 0.54 0.5 0.41 0.43 0.39 0.4 0.46# 0.47 0.57 0.79 0.77 0.77 0.77 0.62 0.49
南投
CO
03/14 0.45 0.4 0.36 0.35 0.31 0.31 0.39 0.53 0.68 0.54 0.47 0.52 0.41 0.37 0.44 0.46 0.48 0.55 0.51 0.46 0.5 0.48 0.33 0.32
南投
CO
03/15 0.37 0.3 0.27 0.27 0.26 0.28 0.32 0.45 1.11 0.79 0.77 0.5 0.44 0.42 0.44 0.48 0.59 0.62 0.62 0.66 0.52 0.5 0.58 0.56
南投
CO
03/16 0.59 0.56 0.57 0.56 0.53 0.58 0.65 0.74 0.64 0.61 0.65 0.48 0.43 0.41 0.44 0.34 0.35 0.38 0.52 0.52 0.57 0.58 0.5 0.53
南投
CO
03/17 0.46 0.42 0.38 0.37 0.35 0.38 0.48 0.58 0.57 0.59 0.58 0.56 0.46 0.45 0.48 0.42 0.41 0.46 0.48 0.53 0.56 0.47 0.45 0.48
南投
CO
03/18 0.47 0.45 0.45 0.44 0.44 0.44 0.51 0.65 0.96 0.82 0.6 0.55 0.48 0.4 0.44 0.51 0.6 0.77 0.8 0.79 0.86 0.73 0.65 0.59
南投
CO
03/19 0.55 0.53 0.45 0.44 0.42 0.46 0.53 0.7 0.96 1.05# 0.61 0.47 0.45 0.46 0.49 0.46 0.5 0.6 0.79 0.69 0.66 0.65 0.57 0.52
南投
CO
03/20 0.55 0.44 0.42 0.43 0.41 0.4 0.57 0.83 0.88 0.79 0.49 0.42 0.42 0.42 0.43 0.44 0.46 0.54 0.43 0.43 0.33 0.29 0.31 0.35
南投
CO
03/21 0.32 0.33 0.31 0.31 0.32 0.35 0.47 0.8 0.57 0.37 0.25 0.27 0.28 0.25 0.22 0.23 0.28 0.4 0.32 0.31 0.41 0.32 0.29 0.29
南投
CO
03/22 0.26 0.26 0.23 0.21 0.2 0.24 0.4 0.5 0.44 0.45 0.45 0.36 0.51 0.39 0.35 0.4 0.46 0.57 0.6 0.62 0.58 0.51 0.47 0.4
南投
CO
03/23 0.38 0.41 0.35 0.31 0.28 0.26 0.29 0.35 0.38 0.45 0.4 0.42 0.4 0.45 0.37 0.35 0.39 0.38 0.38 0.36 0.3 0.27 0.26 0.26
南投
CO
03/24 0.26 0.26 0.22 0.21 0.21 0.23 0.27 0.3 0.38 0.42 0.44 0.45 0.47 0.49 0.39 0.38 0.39 0.46 0.5 0.46 0.49 0.54 0.59 0.57
南投
CO
03/25 0.44 0.37 0.38 0.33 0.36 0.37 0.46 0.75 1.07 0.55 1.73 0.81 0.71 0.65 0.69 0.8 0.83 0.93 1.17 1.14 1.32 0.9 1.01 0.99
南投
CO
03/26 0.96 0.57 0.67 0.57 0.4 0.41 0.43 0.51 0.61 0.54 0.5 0.47 0.38 0.37 0.37 0.34 0.51 0.69 0.69 0.64 0.59 0.82 0.67 0.67
南投
CO
03/27 0.51 0.52 0.52 0.49 0.47 0.44 0.58 0.73 1.08 0.54 0.46 0.35 0.39 0.45 0.47 0.47 0.48 0.6 0.53 0.46 0.48 0.56 0.49 0.44
南投
CO
03/28 0.39 0.36 0.36 0.35 0.34 0.37 0.49 0.74 0.6 0.37 0.31 0.25 0.28 0.28 0.29 0.3 0.33 0.36 0.35 0.3 0.34 0.31 0.32 0.27
南投
CO
03/29 0.23 0.23 0.21 0.23 0.25 0.27 0.34 0.5 0.39 0.33 0.26 0.27 0.29 0.25 0.25 0.27 0.32 0.37 0.39 0.36 0.3 0.3 0.24 0.24
南投
CO
03/30 0.25 0.25 0.25 0.24 0.25 0.3 0.4 0.4 0.42 0.4 0.52 0.49 0.43 0.39 0.37 0.42 0.41 0.44 0.52 0.53 0.54 0.56 0.54 0.5
南投
CO
03/31 0.46 0.4 0.39 0.51 0.51 0.48 0.53 0.63 0.55 0.46 0.44 0.41 0.4 0.41 0.45 0.53 0.51 0.54 0.47 0.46 0.48 0.45 0.41 0.37
南投
CO
監測年月：2019/04， 測站：南投， 測項：CO（ppm）
南投
CO
日期 00 01 02 03 04 05 06 07 08 09 10 11 12 13 14 15 16 17 18 19 20 21 22 23
南投
CO
04/01 0.31 0.34 0.31 0.28 0.25 0.24 0.31 0.46 0.47 0.53 0.51 0.55 0.49 0.51 0.47 0.48 0.45 0.59 0.56 0.54 0.56 0.56 0.52 0.51
南投
CO
04/02 0.54 0.47 0.46 0.45 0.44 0.47 0.54 0.73 0.77 0.65 0.65 0.48 0.52# 0.45 0.37 0.45 0.47 0.52 0.59 0.67 0.74 0.66 0.63 0.56
南投
CO
04/03 0.53 0.44 0.47 0.3 0.27 0.29 0.34 0.48 0.94 0.91 0.64 0.46 0.39 0.36 0.37 0.38 0.34 0.4 0.45 0.52 0.57 0.52 0.49 0.52
南投
CO
04/04 0.48 0.46 0.45 0.43 0.43 0.43 0.52 0.66 0.57 0.49 0.49 0.5 0.43 0.42 0.42 0.41 0.43 0.38 0.4 0.44 0.42 0.39 0.37 0.39
南投
CO
04/05 0.39 0.39 0.4 0.42 0.43 0.46 0.56 0.56 0.53 0.51 0.44 0.42 0.39 0.39 0.37 0.38 0.4 0.46 0.53 0.58 0.61 0.65 0.55 0.51
南投
CO
04/06 0.51 0.44 0.45 0.39 0.4 0.39 0.43 0.51 0.47 0.43 0.44 0.43 0.42 0.49 0.47 0.43 0.44 0.43 0.49 0.48 0.53 0.54 0.52 0.51
南投
CO
04/07 0.47 0.44 0.43 0.4 0.36 0.35 0.39 0.48 0.41 0.38 0.41 0.41 0.36 0.35 0.38 0.39 0.43 0.53 0.61 0.64 0.63 0.56 0.54 0.47
南投
CO
04/08 0.46 0.39 0.37 0.36 0.34 0.34 0.43 0.51 0.46 0.35 0.41 0.35 0.33 0.33 0.33 0.34 0.33# 0.39 0.38 0.34 0.28 0.28 0.29 0.29
南投
CO
04/09 0.24 0.3 0.29 0.29 0.28 0.3 0.39 0.49 0.4 0.37 0.32 0.33 0.32 0.32 0.24 0.21 0.23 0.25 0.26 0.27 0.28 0.27 0.27 0.26
南投
CO
04/10 0.26 0.27 0.26 0.23 0.22 0.25 0.34 0.34 0.3 0.29 0.29 0.26 0.25 0.24 0.25 0.26 0.3 0.39 0.37 0.33 0.35 0.36 0.36 0.37
南投
CO
04/11 0.34 0.32 0.28 0.27 0.25 0.39 0.53 0.61 0.38 0.31 0.3 0.3 0.3 0.26 0.25 0.29 0.42 0.48 0.46 0.52 0.45 0.39 0.43 0.46
南投
CO
04/12 0.34 0.3 0.3 0.3 0.32 0.29 0.33 0.48 0.52 0.56 0.53 0.44 0.42 0.4 0.45 0.48 0.48 0.55 0.55 0.64 0.58 0.58 0.5 0.45
南投
CO
04/13 0.49 0.5 0.48 0.49 0.54 0.5 0.49 0.48 0.47 0.47 0.46 0.45 0.4 0.43 0.39 0.33 0.39 0.45 0.49 0.55 0.63 0.54 0.53 0.5
南投
CO
04/14 0.48 0.55 0.38 0.29 0.3 0.32 0.44 0.46 0.47 0.4 0.4 0.37 0.33 0.27 0.27 0.24 0.28 0.34 0.36 0.43 0.44 0.4 0.35 0.36
南投
CO
04/15 0.32 0.35 0.3 0.32 0.32 0.34 0.35 0.43 0.73 0.76 0.73 0.52 0.51 0.53 0.52 0.53 0.59 0.79 0.65 0.67 0.75 0.73 0.57 0.53
南投
CO
04/16 0.51 0.45 0.48 0.51 0.37 0.35 0.37 0.51 0.68 1.12 0.61 0.54 0.56 0.55 0.56 0.58 0.71 0.72 0.72 0.79 0.91 0.86 0.64 0.67
南投
CO
04/17 0.77 0.61 0.57 0.37 0.29 0.28 0.37 0.42 0.49 0.38 0.4 0.4 0.37 0.36 0.43 0.42 0.46 0.54 0.61 0.73 0.72 0.65 0.54 0.51
南投
CO
04/18 0.46 0.46 0.45 0.4 0.42 0.43 0.49 0.42 0.33 0.6 0.77 0.43 0.43# 0.43 0.47 0.46 0.53 0.6 0.64 0.66 0.66 0.67 0.62 0.56
南投
CO
04/19 0.57 0.5 0.53 0.65 0.62 0.54 0.48 0.37 0.49 0.44 0.42 0.32 0.38 0.56 0.64 0.3# 0.31# 0.63# 0.64 0.55 0.45 0.43 0.32 0.26
南投
CO
04/20 0.26 0.28 0.24 0.25 0.25 0.29 0.41 0.59 0.49 0.54 0.31 0.31 0.27 0.26 0.29 0.35 0.33 0.49 0.67 0.58 0.61 0.56 0.62 0.57
南投
CO
04/21 0.54 0.45 0.33 0.2 0.21 0.27 0.38 0.41 0.46 0.41 0.36 0.31 0.23 0.22 0.31 0.33 0.46 0.45 0.46 0.48 0.42 0.4 0.32 0.34
南投
CO
04/22 0.25 0.22 0.22 0.21 0.2 0.23 0.35 0.49 0.37 0.34 0.22 0.28 0.25 0.22 0.21 0.23 0.24 0.31 0.27 0.22 0.22 0.21 0.16 0.16
南投
CO
04/23 0.14 0.15 0.16 0.16 0.17 0.21 0.31 0.31 0.22 0.21 0.25 0.22 0.24 0.22 0.21 0.2 0.24 0.27 0.26 0.23 0.24 0.25 0.19 0.17
南投
CO
04/24 0.2 0.17 0.17 0.17 0.18 0.23 0.31 0.35 0.26 0.18 0.19 0.22 0.22 0.18 0.18 0.17 0.22 0.25 0.25 0.24 0.23 0.2 0.18 0.18
南投
CO
04/25 0.19 0.2 0.19 0.18 0.18 0.22 0.3 0.34 0.23 0.21 0.21 0.2 0.21 0.16 0.14 0.16 0.2 0.27 0.31 0.36 0.31 0.33 0.26 0.24
南投
CO
04/26 0.21 0.17 0.16 0.16 0.15 0.18 0.24 0.32 0.23 0.26 0.24 0.26 0.27 0.22 0.35 0.4 0.52 0.5 0.41 0.38 0.33 0.32 0.27 0.25
南投
CO
04/27 0.26 0.28 0.29 0.25 0.25 0.23 0.31 0.3 0.28 0.25 0.28 0.37 0.46 0.42 0.42 0.43 0.49 0.5 0.48 0.48 0.51 0.53 0.52 0.47
南投
CO
04/28 0.46 0.47 0.49 0.46 0.41 0.42 0.51 0.65 0.49 0.42 0.53 0.44 0.38 0.31 0.33 0.39 0.42 0.41 0.42 0.5 0.59 0.53 0.44 0.4
南投
CO
04/29 0.42 0.41 0.36 0.33 0.32 0.36 0.41 0.38 0.39 0.32 0.33 0.29 0.31 0.31 0.27 0.28 0.29 0.36 0.35 0.32 0.36 0.36 0.31 0.31
南投
CO
04/30 0.27 0.25 0.25 0.24 0.24 0.27 0.36 0.3 0.28 0.26 0.23 0.25 0.23 0.18 0.17 0.19 0.25 0.27 0.27 0.25 0.29 0.22 0.21 0.2
南投
CO
監測年月：2019/05， 測站：南投， 測項：CO（ppm）
南投
CO
日期 00 01 02 03 04 05 06 07 08 09 10 11 12 13 14 15 16 17 18 19 20 21 22 23
南投
CO
05/01 0.19 0.13 0.13 0.13 0.14 0.16 0.24 0.28 0.49 0.32 0.34 0.35 0.5 0.53 0.55 0.58 0.64 0.69 0.66 0.68 0.66 0.6 0.54 0.5
南投
CO
05/02 0.47 0.49 0.52 0.51 0.5 0.49 0.59 0.74 1.4 0.68# 0.65 0.67 0.82 0.64 0.58 0.56 0.66 0.63 0.55 0.57 0.55 0.52 0.44 0.56
南投
CO
05/03 0.67 0.67 0.64 0.67 0.6 0.58 0.54 0.61 0.88 0.7 0.7 0.67 0.76 0.6 0.54 0.49 0.57 0.66 0.68 0.63 0.53 0.49 0.5 0.54
南投
CO
05/04 0.52 0.46 0.42 0.38 0.38 0.41 0.48 0.51 0.36 0.39 0.35 0.34 0.3 0.28 0.28 0.27 0.27 0.3 0.33 0.42 0.47 0.39 0.42 0.32
南投
CO
05/05 0.26 0.28 0.26 0.24 0.25 0.27 0.44 0.43 0.47 0.43 0.37 0.4 0.33 0.33 0.36 0.48 0.53 0.54 0.5 0.47 0.44 0.36 0.36 0.3
南投
CO
05/06 0.32 0.33 0.33 0.31 0.4 0.45 0.52 0.64 0.9 1.39 1.03 0.66 0.45 0.43 0.44 0.45 0.58 0.63 0.48 0.44 0.39 0.48 0.38 0.31
南投
CO
05/07 0.29 0.27 0.25 0.28 0.22 0.23 0.28 0.39 0.67 0.57 0.96 0.64 0.38 0.35 0.4 0.46 0.47 0.46 0.56 0.53 0.59 0.48 0.52 0.52
南投
CO
05/08 0.5 0.47 0.47 0.46 0.43 0.46 0.54 0.79 1.65 1.95 0.5 0.55 0.62 0.55 0.52 0.42 0.49 0.58 0.7 0.72 0.7 0.66 0.59 0.61
南投
CO
05/09 0.55 0.48 0.5 0.5 0.51 0.55 0.68 0.83 0.87 0.75 0.81 0.57 0.49 0.45 0.49 0.49 0.6 0.67 0.68 0.69 0.56 0.37 0.35 0.34
南投
CO
05/10 0.39 0.4 0.41 0.41 0.41 0.45 0.46 0.54 0.44 0.49 0.51 0.54 0.43 0.41 0.43 0.42 0.39 0.38 0.78 0.67 0.55 0.51 0.43 0.44
南投
CO
05/11 0.46 0.48 0.45 0.45 0.46 0.44 0.52 0.47 0.44 0.5 0.56 0.51 0.44 0.36 0.31 0.33 0.47 0.45 0.42 0.45 0.47 0.46 0.47 0.44
南投
CO
05/12 0.41 0.43 0.35 0.46 0.5 0.47 0.53 0.51 0.45 0.44 0.37 0.4 0.4 0.45 0.42 0.69 1.09 0.85 0.73 0.59 0.7 0.69 0.58 0.57
南投
CO
05/13 0.53 0.53 0.51 0.42 0.37 0.35 0.43 0.43 0.4 0.47 0.29 0.3 0.28 0.3 0.31 0.29 0.33 0.4 0.4 0.5 0.52 0.48 0.38 0.36
南投
CO
05/14 0.3 0.27 0.27 0.24 0.24 0.27 0.33 0.41 0.28 0.26 0.22 0.25 0.26 0.22 0.22 0.24 0.3 0.35 0.4 0.41 0.36 0.37 0.36 0.3
南投
CO
05/15 0.29 0.29 0.27 0.26 0.25 0.27 0.31 0.34 0.33 0.32 0.28# 0.33 0.31 0.24 0.18 0.19 0.21 0.23 0.33 0.35 0.35 0.33 0.23 0.21
南投
CO
05/16 0.2 0.18 0.18 0.16 0.14 0.16 0.23 0.31 0.29 0.21 0.24 0.29 0.27 0.23# 0.23 0.26 0.34 0.29 0.45 0.31 0.4 0.27 0.29 0.23
南投
CO
05/17 0.21 0.17 0.16 0.17 0.15 0.19 0.32 0.61 0.49 0.32 0.31 0.35 0.24 0.14 0.21 0.18 0.17 0.25 0.48 0.4 0.26 0.37 0.3 0.28
南投
CO
05/18 0.24 0.16 0.16 0.13 0.12 0.15 0.21 0.32 0.22 0.25 0.25 0.15 0.15 0.13 0.15 0.16 0.19 0.21 0.3 0.25 0.36 0.28 0.27 0.22
南投
CO
05/19 0.18 0.17 0.16 0.16 0.16 0.19 0.29 0.43 0.34 0.24 0.24 0.26 0.23 0.21 0.19 0.2 0.24 0.28 0.36 0.44 0.42 0.44 0.34 0.24
南投
CO
05/20 0.18 0.18 0.14 0.14 0.14 0.18 0.31 0.37 0.29 0.38 0.73 0.28 0.24 0.26 0.27 0.29 0.49 0.61 0.8 0.8 0.75 0.6 0.4 0.4
南投
CO
05/21 0.4 0.38 0.4 0.35 0.34 0.4 0.48 0.51 0.65 0.85 0.84 0.67 0.59 0.64 0.7 0.69 0.83 0.86 0.94 0.93 0.73 0.68 0.71 0.68
南投
CO
05/22 0.68 0.65 0.65 0.6 0.57 0.69 0.73 0.69 0.58 0.41 0.42 0.47 0.51 0.45 0.48 0.56 0.68 0.76 0.7 0.73 0.87 0.78 0.69 0.71
南投
CO
05/23 0.69 0.69 0.58 0.55 0.58 0.6 0.65 0.85 1.57 1.3 1.01 0.71 0.64 0.58 0.58 0.55 0.62 0.65 0.54 0.59 0.54 0.65 0.56 0.57
南投
CO
05/24 0.58 0.49 0.47 0.47 0.49 0.53 0.62 0.68 0.51 0.63 0.42 0.38 0.38 0.34 0.33 0.35 0.38 0.48 0.43 0.46 0.5 0.46 0.41 0.37
南投
CO
05/25 0.34 0.33 0.32 0.3 0.3 0.32 0.39 0.48 0.39 0.28 0.31 0.39 0.39 0.31 0.29 0.49 0.42 0.37 0.37 0.42 0.44 0.5 0.48 0.41
南投
CO
05/26 0.4 0.36 0.31 0.33 0.33 0.32 0.39 0.37 0.33 0.38 0.38 0.36 0.34 0.38 0.38 0.41 0.44 0.49 0.54 0.54 0.56 0.55 0.48 0.51
南投
CO
05/27 0.5 0.42 0.42 0.43 0.36 0.4 0.46 0.54 0.83 0.4 0.47 0.42 0.39 0.3 0.26 0.25 0.33 0.3 0.34 0.4 0.32 0.37 0.28 0.23
南投
CO
05/28 0.21 0.18 0.17 0.16 0.16 0.19 0.27 0.3 0.4 0.34 0.3 0.44 0.29 0.36 0.23 0.17 0.31 0.57 0.57 0.46 0.44 0.38 0.35 0.34
南投
CO
05/29 0.33 0.33 0.29 0.26 0.26 0.26 0.31 0.43 0.85 0.62 0.63 0.51 0.42 0.38# 0.39 0.42 0.41 0.45 0.49 0.49 0.48 0.44 0.36 0.34
南投
CO
05/30 0.34 0.31 0.28 0.26 0.29 0.36 0.4 0.53 0.7 0.56 0.54 0.4 0.34 0.32 0.3 0.29 0.32 0.52 0.56 0.72 0.76 0.53 0.44 0.31
南投
O3
01/01 2.1 1.4 1.4 1.3 1.5 1.7 1.3 1.9 5.7 13 19 26 35 42 41 32 27 22 17 15 16 14 14 14
南投
O3
01/02 12 13 14 16 16 17 11 4.6 6 9.6 7.4 11 16 19 22 24 16 5.3 4.2 3 2.1 3.1 2 1.7
南投
O3
01/03 2.8 3 1.8 2.7 2.5 4.3 5.4 5.2 7.7 10 11 12 15 27 24 22 13 4.7 1.6 2.5 1.5 1.6 1.3 3.2
南投
O3
01/04 3.1 4 5.3 5.6 3.3 2.5 1.5 1.9 3.1 7.9 27 39 48 59 53 48 31 15 8.1 6.9 4.1 3.9 4.7 4.4
南投
O3
01/05 4.4 1.4 1.5 1.2 1.1 1.7 1.4 1.9 7 18 29 41 46 52 46 46 33 20 6 3.9 3.5 1.7 1.3 1.3
南投
O3
01/06 1.4 1.1 1.2 3.2 4.7 4 2.9 3.8 5.2 6.5 11 17 28 35 40 36 29 22 18 14 12 10 7.5 9
南投
O3
01/07 7.5 8.3 5 3 1.6 2.7 1.9 3.4 6.6 12 14# 23 41 49 44 45 40 23 15 13 15 19 19 15
南投
O3
01/08 14 12 10 11 14 16 15 11 11 14 19 29 33 37 38 36 26 17 12 9.3 8.9 8.7 9.7 10
南投
O3
01/09 4.6 5.1 5.7 6.2 6.4 6.6 7.9 7.7 8.1 9.5 12 23 35 43 53 55 45 28 19 15 11 9.3 5.6 3.8
南投
O3
01/10 2.6 1.8 1.6 2.9 4.2 2 1.5 3.1 6.5 17 28 37 42 48 44 40 28 14 9 6.7 3.6 4.9 3.6 3.7
南投
O3
01/11 3 1.9 3.1 3 2.3 2.3 1.9 2.7 6.3 16 28 46 62 61 44 29 21 13 4.7 2.1 1.4 1.4 1.4 1.3
南投
O3
01/12 1.3 2.6 2.5 1.6 4.8 3.9 2.4 2.2 6 11 24 29 34 37 32 29 28 21 11 2.4 1.3 1.2 1.4 1.5
南投
O3
01/13 1.3 1.3 1.3 3.9 5.9 6 5.5 7 8 12 18 27 37 44 43 40 27 18 12 10 8.2 8.6 7.6 9.8
南投
O3
01/14 8.9 11 13 14 15 12 5.7 3.2 6.5 9.2 14 20 23 33 43 46 37 25 21 17 13 11 8.3 6.8
南投
O3
01/15 2.9 3 6.4 15 17 17 11 9.2 9.6 13 21 31 44 41# 35 31 24 19 17 18 17 15 17 18
南投
O3
01/16 19 22 23 23 21 23 23 18 16 16 15 17 19 21 20 16 14 11 8.9 6.1 3.3 4.6 12 16
南投
O3
01/17 14 16 17 19 17 20 17 14 14 16 19 21 28 31 30 30 22 14 9.6 11 13 13 15 16
南投
O3
01/18 15 18 19 19 17 9.8 7.5 5.6 7.4 11 22 35 42 47 50 51 49 29 16 17 11 11 10 11
南投
O3
01/19 8.2 11 4.9 4.4 9.9 8.9 6.5 5.7 7.3 15 26 34 41 39 40 38 39 32 29 23 17# NA NA NA
南投
O3
01/20 NA NA NA NA NA NA NA NA NA NA NA NA NA NA NA NA NA NA NA NA NA NA 1# 1x
南投
O3
01/21 1x 1x 1x 1x 1x 1x 1x 1x 1x 1x 1# NA 21# 25# 32 27 21 16 14 13 9.6 7.2 11 15
南投
O3
01/22 16 18 17 19 24 29 26 19 15 19 22 25 26 32# 29 27 26 17 12 13 11 10 9.9 3.6
南投
O3
01/23 2.7 1.3 1.6 5.9 8.3 16 9.9 11 14 16 19 27 34 54 62 63 51 39 25 24 21 6.6 6 5.9
南投
O3
01/24 7.5 3.1 2.5 3.3 4.5 1.4 0.9 2.1 4.3 17 26 40 54 59 63 62 55 40 18 10 8.7 5.5 7.5 6.8
南投
O3
01/25 1.8 5.4 4.9 4.3 7.9 2.9 4.1 3.4 8.1 21 35 39 58 59# 50 58 50 42 32 25 12 8.8 5.2 1.6
南投
O3
01/26 4 2.3 4 2.5 4.1 2.3 0.8 2.3 8.8 25 34 40 44 45 43 39 35 29 25 25 24 24 28 28
南投
O3
01/27 30 29 29 27 25 24 17 21 20 21 26 31 39 47 52 53 45 32 25 17 14 7.5 5.6 3.4
南投
O3
01/28 3.1 2.4 4.1 1.9 1.6 1.2 0.8 2.4 7.9 14# 39# 44 62 66 58 48 34 23 20 15 9.3 3.4 1.7 5.8
南投
O3
01/29 6.1 9.9 5.7 8.1 6.1 9 5.3 5.8 14 27 40 49 58 57 54 52 47 31 18 11 3.4 4.5 5.3 11
南投
O3
01/30 3.4 3.5 1.8 2.6 1.7 1.6 1.4 2.9 8.9 20 32 45 56 48 44 37 34 25 18 7.5 10 12 11 7.6
南投
O3
01/31 12 16 20 18 18 11 8.5 7.8 18 21 28 39 41 46 46 40 35 28 24 28 24 19 21 17
南投
O3
監測年月：2019/02， 測站：南投， 測項：O3（ppb）
南投
O3
日期 00 01 02 03 04 05 06 07 08 09 10 11 12 13 14 15 16 17 18 19 20 21 22 23
南投
O3
02/01 21 25 28 29 27 26 24 20 19 20 21 28 34 35 28 25 19 13 9.3 5.8 1.3 1.6 3 3.1
南投
O3
02/02 3.6 4.3 3.5 1.7 1.2 1.2 1.1 3 6.1 14 33 50 67 70 65 52 42 32 30 25 18 14 8.3 4.2
南投
O3
02/03 3.3 2 3.9 3.2 1.8 5 4.7 11 18 32 40 41 49 52 63 56 45 40 31 22 13 8.4 5 6.2
南投
O3
02/04 5.3 1.9 2.3 1.4 2.2 2.7 1.2 2 6.1 12 16 25 39 42 43 41 38 29 21 16 12 12 12 9.2
南投
O3
02/05 10 11 11 12 14 15 17 17 15 14 18 28 36 39 42 44 42 25 26 24 23 20 20 18
南投
O3
02/06 20 19 18 13 8.3 6.8 5.4 5.4 11 22 28# 35 44 45 48 44 42 41 33 24 19 8.6 8.2 9.7
南投
O3
02/07 5.9 4.7 7.8 5.9 6.7 3.7 2.4 6.5 13 23 33 38 41 42 42 44 44 41 38 28 14 9.8 12 11
南投
O3
02/08 7.2 11 18 19 19 16 14 13 15 20 29 35 41 44 43 43 37 29 23 19 17 15 13 11
南投
O3
02/09 13 13 13 9.3 9 7.5 3.1 5.5 12 20 19 21 29 31 31 31 24 21 16 13 11 12 13 12
南投
O3
02/10 8.9 11 12 15 16 15 11 11 11 9.5 14 21 29 37 43 41 33 26 21 17 14 12 12 9.3
南投
O3
02/11 7.5 9.6 12 12 12 12 12 12 15 20 24 27 36 39 36 33 26 18 13 9 6.5 3.1 2.5 6.3
南投
O3
02/12 7.3 6.4 6.2 3.7 3.3 1.9 1.6 2.9 7.2 15 24 34 41 47 50 51 41 32 23 18 17 16 13 8.5
南投
O3
02/13 5.3 4.2 4.7 2.7 3 2.2 2.1 3.2 8.9 22 26 31 34 35 34 31 28 27 18 8.1 7.8 8.7 13 12
南投
O3
02/14 10 9.6 10 8.5 8.6 5.8 4.6 4.6 8.5 18 29 43 48 43 44 38 29 21 15 10 8.2 6.2 7.3 7
南投
O3
02/15 7.6 9.1 8.9 7.1 4.7 2.1 1.9 3.4 8.1 21 31 38 50 52 46 38 32 27 21 8.2 5.9 3.9 7.6 8.5
南投
O3
02/16 8.5 8 5.2 3.8 4.5 4.9 2.8 4.1 7.5 21 33 40 43 48 50 43 28 22 16 12 7 6.2 7.3 10
南投
O3
02/17 13 13 14 17 18 14 14 11 16 19 25 36 44 47 48 47 42 32 22 18 15 13 12 14
南投
O3
02/18 13 12 8.8 5.9 6.1 2.9 2.4 4.6 12 16 22# 30 39 56 56 54 35 25 19 14 10 4.2 2.5 2.5
南投
O3
02/19 3.1 9.2 20 18 15 12 4.5 3.5 4.6 6.6 10 15 20 41 50 39 36 32 30 15 6.4 2.6 2.3 2.5
南投
O3
02/20 3.1 4.8 4.2 4.1 3.7 4.1 2.6 3.8 11 28 35 48 46 50 53 44 39 40 29 25 20 11 6.6 6.8
南投
O3
02/21 5.2 2 2 1.8 1.8 2.3 3.2 5.6 9.8 18 24 30 31 40 43 43 36 26 16 14 17 15 15 12
南投
O3
02/22 10 8.1 12 21 18 13 7.9 6.5 11 12 24 40 46 49 42 40 30 20 14 12 13 12 11 10
南投
O3
02/23 11 17 25 30 30 26 21 17 19 21 23 32 38 39 37 29 20 13 12 14 14 11 10 9.9
南投
O3
02/24 8.2 7.9 7 10 8.4 9.7 9 5.9 9.1 10 11 12 13 12 15 17 16 11 9 4.4 4.3 7.3 9.2 13
南投
O3
02/25 15 15 13 14 13 16 14 7.7 13 24 31 37 55 58 63 58 47 38 27 19 14 12 13 13
南投
O3
02/26 9 6.7 13 19 18 11 6.5 9.8 15 17 25 35 44 53 58 67 64 49 28 27 21 18 22 19
南投
O3
02/27 17 17 15 14 9.8 9.7 19 17 19 26 39 49 61 63 61 57 55 41 33 26 18 11 14 12
南投
O3
02/28 9 10 9.3 9 6.5 4.2 3.2 5.6 16 27 37 42 48 53 50 44 40 30 20 22 19 14 9.5 7.9
南投
O3
監測年月：2019/03， 測站：南投， 測項：O3（ppb）
南投
O3
日期 00 01 02 03 04 05 06 07 08 09 10 11 12 13 14 15 16 17 18 19 20 21 22 23
南投
O3
03/01 6.8 6.6 7.1 13 13 14 11 7.8 12 16 21 33 46 54 52 49 37 30 23 15 13 12 11 11
南投
O3
03/02 7.3 3.1 5.2 7.9 5.5 4.6 3.6 6.4 12 24 34 49 57 53 54 52 47 29 29 26 20 14 12 14
南投
O3
03/03 14 14 15 13 11 11 8.1 9 16 26 30 27 30 29 27 26 22 17 11 10 2.3 2.8 6.6 12
南投
O3
03/04 11 8.8 10 9.2 12 14 9.6 6.5 9.9 13 29# 38 50 57 62 63 62 49 38 28 23 19 19 13
南投
O3
03/05 7.9 7.4 10 14 12 6.8 7.6 7.9 9.9 15 27 43 59 64 63 57 51 43 33 34 31 27 25 22
南投
O3
03/06 20 18 18 16 15 14 11 7.9 13 21 26 30 34 35 32 30 33 28 23 21 25 20 18 13
南投
O3
03/07 13 13 19 21 29 27 26 24 17 20 20 20 15 17 16 15 15 18 25 26 21 20 27 28
南投
O3
03/08 34 33 33 33 32 29 19 11 12 14 11 14 16 20 27 24 22 19 13 10 11 8.5 7.5 5.8
南投
O3
03/09 3.9 4.4 2.4 2.3 2.7 3.8 2.5 2.6 2.8 4.7 11 17 17 23 22 14 11 15 14 10 11 8.4 6.2 6.6
南投
O3
03/10 7.2 20 33 32 33 35 33 20 16 25 31 34 35 31 26 21 19 13 12 8.8 5.8 3.9 2.8 2.6
南投
O3
03/11 4.5 2.6 3 2.1 2.2 2.4 2.2 5 4.2 3.6 3.6 4.2 6.5 6.5 13 18 15 11 8.5 8.4 4.9 2.6 2.4 2.1
南投
O3
03/12 2.2 2.2 2 3.3 2.4 2.1 2.5 4.2 9.4 18 35 42 49 54 70 72 63 52 44 31 19 21 23 24
南投
O3
03/13 18 17 14 14 12 15 3.9 5.9 18 43 53# 55# 56 61 65# 64 59 53 38 28 23 19 16 20
南投
O3
03/14 17 13 13 11 11 10 8.4 8.9 12 29 43 52 60 60 63 51 44 38 35 34 32 28 31 31
南投
O3
03/15 28 28 29 29 31 28 25 22 18 17 20 30 38 41 36 31 25 21 20 19 21 17 11 9.8
南投
O3
03/16 5.1 5.4 3.6 3.5 3.5 2.3 2.8 3.7 13 22 28 44 44 46 47 47 42 43 37 30 23 20 20 14
南投
O3
03/17 15 14 13 14 13 9.9 5.9 9.1 11 19 33 44 43 44 44 45 44 35 37 36 31 26 21 16
南投
O3
03/18 11 12 11 12 8.7 5.9 4 3.2 4.8 12 18 27 39 46 51 54 48 32 23 17 12 14 11 9
南投
O3
03/19 9.1 6.4 8.8 7.2 8.1 3.9 3.3 4 11 21# 35 49 57 67 71 62 52 44 32 27 22 25 26 18
南投
O3
03/20 14 12 8.8 6 5.9 8.1 6.3 8.2 13 22 39 46 52 56 57 59 56 49 35 29 19 13 8 4
南投
O3
03/21 2.9 4 1.9 2.7 3.7 4.6 6.8 6.6 15 24 28 33 37 41 43 41 31 19 16 14 8.5 11 7.7 4.9
南投
O3
03/22 5.7 3.1 2.3 4 4 2.7 2.7 4.9 13 25 35 37 37 47 52 50 44 32 23 15 12 12 12 14
南投
O3
03/23 14 11 15 18 20 22 20 18 18 14 16 19 21 20 24 23 20 20 19 19 24 27 26 23
南投
O3
03/24 20 18 23 22 21 18 20 21 18 10 8.8 6.3 7.9 7.9 17 23 22 15 13 12 10 5.7 2.5 2.4
南投
O3
03/25 4.9 7.5 3.7 4.8 8.1 4.5 4.2 3.8 4.5 7.7 6.1 6.6 5 7.8 6.6 6.7 7.2 6.5 2.9 2.2 1.9 1.9 2.2 2.3
南投
O3
03/26 2 3.8 2.4 3.9 5.8 7.7 4.3 5.9 12 19 26 35 48 60 66 60 59 49 37 28 25 8.3 5 4.9
南投
O3
03/27 5.1 3.2 4.1 6.8 5.4 6.9 3.4 4.7 16 34 45 52 57 64 64 62 55 48 33 31 31 24 20 16
南投
O3
03/28 13 13 11 9.9 12 8.1 5.6 6.5 20 30 32 29 35 39 41 41 37 31 27 19 16 15 11 12
南投
O3
03/29 15 13 12 9 6.4 7.7 9.1 12 22 25 29 34 35 35 34 31 28 27 25 23 23 22 28 34
南投
O3
03/30 35 31 27 23 19 20 18 19 19 23 23 28 41 54 54 55 50 47 42 37 28 22 18 15
南投
O3
03/31 14 13 13 8 8.3 7 6.7 6.9 14 27 38 47 51 57 60 61 55 46 35 29 23 21 22 23
南投
O3
監測年月：2019/04， 測站：南投， 測項：O3（ppb）
南投
O3
日期 00 01 02 03 04 05 06 07 08 09 10 11 12 13 14 15 16 17 18 19 20 21 22 23
南投
O3
04/01 30 29 28 26 29 30 28 19 15 10 12 12 15 13 16 17 16 12 6.7 8.8 8.2 5.3 5.9 5.4
南投
O3
04/02 4.3 3.9 3.2 2.8 2.8 2.3 2.9 4.1 7.4 11 18 36 42 58# 54 51 49 34 29 26 21 12 6 7.5
南投
O3
04/03 10 13 9.9 21 24 20 16 19 17 23 24 33 41 39 37 39 31 31 27 24 22 15 11 5.8
南投
O3
04/04 3.9 2.8 2.2 2.3 2.7 2.8 2.9 4.7 9.3 20 34 44 47 52 55 50 41 34 32 30 27 24 23 21
南投
O3
04/05 19 15 12 12 9.9 7.7 5.8 9.6 13 20 30 36 45 46 50 50 48 44 37 29 17 8.8 12 9.5
南投
O3
04/06 4.6 4.3 3.6 4.5 2.3 3.1 3.6 6.1 24 40 46 50 53 60 63 63 60 54 47 44 30 28 17 14
南投
O3
04/07 11 12 14 9.5 9.5 12 10 14 32 46 50 51 50 50 53 55 55 49 43 29 22 18 15 16
南投
O3
04/08 13 15 14 10 11 9.2 8.2 9.6 21 34 40 49 48 50 48 46 42 35 27 21 20 17 12 8.3
南投
O3
04/09 4.6 7.4 4.8 7.4 11 9 4.6 13 23 32 38 43 44 47 35 26 21 18 15 13 13 12 10 9.3
南投
O3
04/10 7.8 4.4 4.1 2.4 2.6 3.8 8.4 14 22 25 25 31 34 36 36 32 26 21 17 16 11 12 13 11
南投
O3
04/11 12 8.6 8.1 4.2 5.9 5 4.5 5.8 13 22 30 34 43 42 31 27 24 24 21 19 16 17 15 13
南投
O3
04/12 17 22 22 18 17 18 16 14 17 21 27 39 49 55 59 50 36 29 26 23 18 15 14 13
南投
O3
04/13 12 11 12 9 9.5 14 18 17 21 27 40 49 53 55 42 31 26 20 20 16 9 10 7 6.8
南投
O3
04/14 7.1 6.8 14 17 16 12 7.5 12 13 23 36 40 40 40 40 39 35 33 32 29 24 21 22 22
南投
O3
04/15 22 21 24 30 35 33 30 27 22 22 25 28 28 29 37 39 38 22 15 8.6 7.7 6.8 11 11
南投
O3
04/16 11 13 8.7 8.1 21 22 23 17 13 14 15 16 16# 6.6# 14 19 12 9.7 9.8 2.2 1.4 2.4 4.1 4.2
南投
O3
04/17 3.4 3.2 6.4 16 26 24 21 18 20 31 40 50 61 63 66 68 62 49 41 29 18 14 17 15
南投
O3
04/18 13 12 12 19 20 20 15 22 26 41 46 51 56# 60 35 47 45 40 34 26 16 13 12 9.6
南投
O3
04/19 8.4 7.3 7.2 5.9 5.4 17 14 23 22 26 30# 35x 36# 48# 47# 39x 36x 35# 21# 15 17 18 22 22
南投
O3
04/20 21 19 19 20 17 14 7.6 8.2 23 34 35 30 36 35 32 34 38 32 21 14 12 22 22 18
南投
O3
04/21 16 13 20 32 30 22 18 17 12 9.7 14 15 22 25 22 15 14 12 5.8 3.9 6.5 7.1 5.8 4.1
南投
O3
04/22 7.3 6.4 4.6 5.2 5.3 6.2 3.5 5.7 13 23 28 31 32 33 33 28 22 16 11 11 12 11 11 10
南投
O3
04/23 11 20 13 11 7.8 8.1 4.9 7.4 15 21 28 33 40 42 36 30 26 19 16 16 15 12 13 12
南投
O3
04/24 9.4 4.7 3.2 3.7 3.4 3 7.3 11 17 22 27 35 36 34 32 27 23 20 15 12 10 10 8.9 7.8
南投
O3
04/25 5.8 5.2 8 4.1 5.3 5.6 6.9 10 21 24 30 34 38 34 340# 30# 24 20 16 10 11 9.6 8.7 6.2
南投
O3
04/26 5.8 6.3 5.1 3.4 2.6 2.2 3.7 8.3 16 26 38 49 50 49 61 65 50 46 42 38 37 33 29 35
南投
O3
04/27 26 19 18 14 14 16 12 13 21 29 40 52 61 64 62 62 58 48 39 31 26 20 19 18
南投
O3
04/28 14 11 3.9 3.3 7.7 6.4 6.6 15 25 33 40 49 49 46 46 44 43 43 37 28 15 18 15 11
南投
O3
04/29 7 6.8 6.2 9.8 8.5 8.1 5.8 11 21 31 38 42 47 47 44 46 45 34 27 27 24 17 17 11
南投
O3
04/30 13 11 6.2 5.2 2.8 4.3 5.3 15 22 28 34 38 35 31 28 24 20 19 18 17 14 13 12 11
南投
O3
監測年月：2019/05， 測站：南投， 測項：O3（ppb）
南投
O3
日期 00 01 02 03 04 05 06 07 08 09 10 11 12 13 14 15 16 17 18 19 20 21 22 23
南投
O3
05/01 8.4 12 13 9.9 11 9.6 6.4 11 11 17 23 23 22 24 23 23 21 19 19 14 12 11 13 14
南投
O3
05/02 15 12 11 6.7 4.5 6.4 4.8 2.7 2.7 3.7# 4.9 4.1 3.7 8.5 7.9 14 12 11 21 11 9.5 9.6 18 9.1
南投
O3
05/03 2.3 2.5 3.7 2 5.8 5.2 5.4 8.6 10 11 11 17 18 36 45 53 53 40 33 27 26 19 14 9.6
南投
O3
05/04 9.1 7.7 8.6 11 14 9.1 13 22 37 39 42 46 51 48 49 46 45 43 43 35 27 20 12 15
南投
O3
05/05 15 14 12 12 10 7.4 6.1 11 16 25 33 41 45 47 52 55 49 41 37 32 31 31 26 25
南投
O3
05/06 25 26 21 17 24 25 21 13 13 12 13 18 26 24 24 24 16 8 10 14 17 14 13 17
南投
O3
05/07 17 19 17 14 16 18 18 21 23 22 23 27 25 26 31 26 24 22 19 13 9 11 10 7.4
南投
O3
05/08 5.3 5.7 3.2 3.1 4.3 5.2 4.3 2.9 5 11 25 26 30 52# 39 22 19 20 17 12 8.2 6.4 6.3 4.5
南投
O3
05/09 4.6 5.4 4 2.9 2.3 3 2.6 4.2 11 22 28 24 28 32 32 31 22 13 10 11 12 18 18 18
南投
O3
05/10 17 15 12 10 8.7 6.2 9.2 13 22 25 32 26 26 30 38 44 42 38 21 19 30 26 24 20
南投
O3
05/11 16 17 16 11 9 9.1 7 11 18 29 46 57 57 56 54 55 49 44 40 36 31 27 16 17
南投
O3
05/12 14 10 8.6 6.5 4.5 6.4 6.7 14 25 36 41 47 50 57 58 56 41 36 30 25 19 15 19 14
南投
O3
05/13 12 11 7.8 5.9 8.9 9.5 7.8 15 20 32 40 43 42 47 47 41 34 28 25 18 12 7.3 9.5 7.1
南投
O3
05/14 10 7.7 5.1 8.1 6.6 4.6 6 8.4 19 28 30 33 36 37 39 38 31 26 24 14 8.2 6.8 4.7 7.1
南投
O3
05/15 4.5 1.8 2.7 2 2.8 3.4 3.7 9.5 17 24# 33 41 44 37 20 23 26 26 21 16 13 10 11 9.3
南投
O3
05/16 8 9.8 6.8 4.5 5.3 3.1 3.1 6.1 12 16 14 15 15 16# 15 16 11 12 8.5 9.7 6.8 7.1 5.3 5
南投
O3
05/17 4.1 4.6 4.3 2.6 5.6 4.4 3 2.2 4 13 16 14 17 15 9.9 13 15 12 4.3 3.9 5.4 2.5 1.9 2.4
南投
O3
05/18 2.3 3.3 2.2 9.9 10 8.1 7.1 6.1 12 12 16 17 17 17 17 17 16 15 11 12 7.2 7.8 7 8.7
南投
O3
05/19 9.8 9.7 8.5 7.6 7.3 5.7 4.6 5.9 12 19 23 18 18 16 18 18 18 13 12 8.5 5.4 3.2 3.7 4.6
南投
O3
05/20 5.6 4.6 3.6 3.9 3.7 4.2 4.3 5.6 11 18 10 18 25 36 33 34 22 14 13 9.3 7.1 10 14 16
南投
O3
05/21 12 9.8 7.8 8.6 8.8 7.5 7 12 14 10 8.9 6.1 11 12 16 21 14 17 17 11 6.5 4.9 4.2 4.7
南投
O3
05/22 3.8 3.8 4.2 6.7 8.7 3.3 5.3 19 38 40 49 52 52 58 59 59 48 50 40 33 20 18 23 17
南投
O3
05/23 14 12 10 12 9.3 25 18 18 20 23 20 23 32 37 42 47 51 40 38 32 31 17 14 14
南投
O3
05/24 11 12 13 10 8.5 7.2 5.2 11 24 24 38 44 52 51 46 45 41 37 36 30 21 21 18 16
南投
O3
05/25 16 16 15 11 9.7 8.3 9 13 22 33 39 46 45 44 39 34 35 31 28 24 17 10 6.3 7.9
南投
O3
05/26 7.1 6.2 8.7 4.2 3 6 5.5 12 21 29 36 43 47 51 55 55 53 47 40 30 24 19 18 17
南投
O3
05/27 13 11 9.4 7.9 9.8 7.2 8.2 14 28 33 28 23 23 27 26 30 28 26 20 13 11 8.5 8.5 7.4
南投
O3
05/28 7.4 4.6 4.1 5.1 4.9 2.8 3 4.9 6.3 15 19 9.4 9.5 6.7 17 21 20 20 14 9.5 12 15 14 14
南投
O3
05/29 13 12 13 13 11 13 11 10 11 9.8 15 25 44 56# 51# 45 34 28 21 18 16 14 15 14
南投
O3
05/30 13 11 12 13 11 6.1 5.9 9.3 20 42 58 49 52 65 55 44 40 38 31 21 16 19 17 13
南投
NO2
01/01 21 14 14 14 12 9.9 9 8.6 13 14 13 12 11 8.2 11 13 13 17 19 19 18 18 17 17
南投
NO2
01/02 17 16 14 12 12 11 18 23 25 22 25# 29 25 21 21 25 33 41 37 36 35 32 30 29
南投
NO2
01/03 25 22 23 19 19 16 16 20 17 16 19 22 24 24 29 27 30 35 37 31 32 30 28 25
南投
NO2
01/04 23 19 16 15 13 14 14 11 12 13 13 8.8 9.3 12 18 22 28 30 33 33 35 34 31 29
南投
NO2
01/05 28 27 29 26 23 23 20 21 26 27 21 21 15 15 13 15 20 30 42 34 31 33 31 31
南投
NO2
01/06 30 26 24 19 14 14 15 14 13 14 13 13 11 11 11 13 15 18 20 22 23 22 23 20
南投
NO2
01/07 21 19 18 16 14 19 21 18 19 21# 20 19 19 21 21 19 28 34 33 29 24 19 15 16
南投
NO2
01/08 15 14 13 13 11 11 12 19 21 18 18 20 18 17 20 22 25 26 28 27 25 23 20 18
南投
NO2
01/09 18 18 17 16 15 16 19 23 25 26 26 23 20 18 17 18 23 31 30 30 31 31 32 31
南投
NO2
01/10 30 30 31 27 26 26 25 25 26 21 23 27 20 17 16 15 24 31 29 29 32 28 29 25
南投
NO2
01/11 21 26 22 24 18 17 16 15 22 20 17 17 14 16 20 23 30 40 38 38 37 31 26 22
南投
NO2
01/12 22 18 17 17 12 12 13 16 20 24 21 17 16 8.6 8 9.4 14 23 30 35 33 29 27 27
南投
NO2
01/13 26 22 21 18 15 15 15 14 14 14 15 13 11 9.9 11 12 15 18 21 21 22 20 21 17
南投
NO2
01/14 17 15 13 13 13 15 16 16 20# 17 19 23 25 25 23 22 23 30 29 29 31 29 30 29
南投
NO2
01/15 26 25 23 14 12 13 18 20 17 21 24 27 18 17 20# 22 26 26 24 21 20 20 18 15
南投
NO2
01/16 15 11 9.6 11 13 11 12 21 24 26 28 27 25 24 23 28 29 31 32 32 34 29 21 15
南投
NO2
01/17 15 11 11 8.3 8.8 9.8 14 19 22 21 19 20 18 18 20 20 23 28 30 27 23 21 18 17
南投
NO2
01/18 18 16 14 13 14 19 21 16 15 11 8.9 9.7 9.1 9.1 8.2 12 19 37 48 36 34 29 24 21
南投
NO2
01/19 20 16 15 21 16 17 16 15 18 22 25 28 17 15 16 19 13 17 19 19 23# NA NA NA
南投
NO2
01/20 NA NA NA NA NA NA NA NA NA NA NA NA NA NA NA NA NA NA NA NA NA NA 18# 14
南投
NO2
01/21 11 9.6 8.9 7.3 7.6 8.6 12 20 23 24 21 22 20 20 16 18# 20 23 23 23 24 25 21 15
南投
NO2
01/22 15 14 13 11 9.2 8 10 19 24 22 20# 19x 20# 17 18 21 23 31 32 29 29 29 23 22
南投
NO2
01/23 19 18 16 16 17 16 25 25 19 14 16 18 23 15 16 15 21 27 37 32 31 36 34 27
南投
NO2
01/24 18 31 20 15 12 15 15 14 20 28 30 26 17 15 17 18 20 30 48 42 38 36 26 24
南投
NO2
01/25 26 13 15 13 9.5 12 13 16 17 18 15 20 17 18 17 12# 24# 31 34 35 39 35 30 26
南投
NO2
01/26 21 17 14 12 10 10 11 14 21 20 15 12 11 10 11 14 16 20 19 18 16 15 11 11
南投
NO2
01/27 9.3 8.3 7.6 7.7 7.9 8.7 14 13 15 16 15 13 12 11 11 10 14 20 21 24 26 28 23 22
南投
NO2
01/28 18 16 13 14 12 11 10 11 12# 15# 13x 18# 12# 12 16 18 27 35 34 34 36 39 33 23
南投
NO2
01/29 20 13 13 11 11 9.5 15 16 16 20 19 16 13 21 16 16 19 29 34 40 41 35 32 22
南投
NO2
01/30 27 23 28 18 21 22 21 19 22 23 21 20 17 11 12 21 23 30 37 45 32 25 22 26
南投
NO2
01/31 18 11 8.6 8.9 9.1 15 22 31 25 28 22 9.1 4.1 7.4 10 10 28 41 37 29 31 32 26 24
南投
NO2
監測年月：2019/02， 測站：南投， 測項：NO2（ppb）
南投
NO2
日期 00 01 02 03 04 05 06 07 08 09 10 11 12 13 14 15 16 17 18 19 20 21 22 23
南投
NO2
02/01 16 12 11 10 9.3 10 12 18 20 20 21 18 17 17 21 27 33 35 37 39 41 37 33 32
南投
NO2
02/02 31 29 30 30 27 24 20 19 24 28 24 18 14 12 13 17 24 32 28 28 28 27 29 29
南投
NO2
02/03 23 22 15 17 17 16 16 14 15 10 10 6.1 7.2 7.2 9.7 12 18 17 18 17 21 20 21 15
南投
NO2
02/04 13 18 17 13 13 12 11 9.9 11 14 15 16 12 11 12 14 16 19 19 19 21 19 18 20
南投
NO2
02/05 19 16 16 15 12 12 12 11 13 13 13 11 8.6 9.2 8.9 8.2 13 21 16 14 14 16 14 15
南投
NO2
02/06 13 8.2 7.9 8.8 12 9.9 12 16 14 12 11# 6.4 6.9 6.3 8.1 9.2 9.3 11 18 23 24 27 24 16
南投
NO2
02/07 19 17 12 11 9.1 10 12 10 11 7.6 3.8 4 3.7 3.4 4.6 4.9 7.4 8.7 13 17 25 26 19 17
南投
NO2
02/08 17 15 12 9.4 8.7 10 11 12 12 11 10 9.5 8.2 8.6 9.4 10 13 14 16 16 17 18 19 19
南投
NO2
02/09 16 13 11 12 11 15 17 17 14 13 18 19 12 9.9 11 12 15 16 17 18 19 19 16 16
南投
NO2
02/10 19 17 15 13 12 12 15 15 12 12 14 14 14 11 11 13 16 20 20 19 19 20 19 21
南投
NO2
02/11 22 16 12 10 9.9 11 13 17 17 16 16 15 13 14 14 15 20 23 26 29 28 31 28 23
南投
NO2
02/12 21 19 16 15 15 14 13 16 17 21 23 15 15 15 16 16 19 20 24 24 23 21 23 26
南投
NO2
02/13 21 16 12 16 17 12 13 14 22 18 16 13 14 13 13 16 21 25 30 33 30 26 18 17
南投
NO2
02/14 18 18 16 18 16 18 19 18 19 19 19 14 11 13 12 17 22 30 30 30 29 29 24 22
南投
NO2
02/15 23 18 16 17 16 16 16 15 18 17 17 13 12 8.2 9.1 9.8 13 18 23 29 30 30 18 16
南投
NO2
02/16 14 11 16 14 14 12 13 13 15 12 5.1 4.8 15 14 12 15 20 25 26 29 31 27 25 21
南投
NO2
02/17 17 14 14 9.6 9.2 14 12 15 13 13 13 11 9.3 8.2 9 11 15 18 20 20 21 21 21 17
南投
NO2
02/18 16 15 15 14 15 15 17 14 12 11# 21 22 16# 12 14 14 20 25 27 27 28 30 29 26
南投
NO2
02/19 24 17 9 7 8.7 9.8 15 16 19 24 30 25 22 17 26 21 24 28 24 32 36 32 30 24
南投
NO2
02/20 22 17 16 14 11 10 11 12 13 9.2 7.2 15 9.2 11 14 22 25 24 28 21 23 27 28 25
南投
NO2
02/21 23 27 25 20 15 19 21 18 18 11 18 16 18 13 10 12 18 26 30 22 15 15 14 15
南投
NO2
02/22 14 17 15 12 12 14 17 21 21 25 23 16 16 13 12 16 18 22 27 29 24 23 22 21
南投
NO2
02/23 21 12 10 7.6 7.7 8.1 11 20 20 19 23 22 21 19 20 26 28 31 29 24 23 25 24 22
南投
NO2
02/24 23 20 21 16 17 16 16 18 15 14 14 17 20 19 19 21 19 22 23 27 26 27 24 18
南投
NO2
02/25 16 13 14 13 13 12 14 21 23 21 16 14 11 10 9.9 15 21 23 28 29 30 29 23 20
南投
NO2
02/26 21 19 14 13 11 15 19 22 15 16 17 19 19 17 17 13 17 25 33 25 23 24 18 18
南投
NO2
02/27 17 16 16 14 18 21 18 22 21 21 19 19 13 13 13 13 15 20 19 23 29 29 21 19
南投
NO2
02/28 19 16 13 12 20 18 18 17 18 17 10 16 14 11 11 14 17 21 27 23 23 24 25 25
南投
NO2
監測年月：2019/03， 測站：南投， 測項：NO2（ppb）
南投
NO2
日期 00 01 02 03 04 05 06 07 08 09 10 11 12 13 14 15 16 17 18 19 20 21 22 23
南投
NO2
03/01 24 22 20 16 15 14 15 18 17 18 18 19 16 11 10 13 16 22 27 33 30 27 25 22
南投
NO2
03/02 23 20 17 15 13 14 19 16 14 11 13 13 10 7.7 8.1 9.9 14 29 25 24 25 26 26 19
南投
NO2
03/03 15 12 11 10 9.3 8.9 11 14 11 7.8 6.5 12 11 11 12 13 13 16 19 19 26 25 23 19
南投
NO2
03/04 17 16 14 13 11 11 14 18 9.4 12# 19 13 11 11 12 14 15 22 26 29 27 25 21 20
南投
NO2
03/05 33 22 14 10 11 14 15 17 21 20 15 12 8.4 12 9.9 12 19 22 20 13 12 13 12 10
南投
NO2
03/06 9.9 9.8 11 10 9 11 12 15 9.7 9.4 8.5 9.9 13 14 15 18 16 19 23 20 16 20 17 19
南投
NO2
03/07 17 15 13 12 9.6 9.4 13 20 27 27 29 28 32 31 33 36 36 33 26 24 27 26 19 17
南投
NO2
03/08 13 14 12 12 13 12 19 26 31 32 37 35 31 25 16 22 31 31 33 33 27 28 27 27
南投
NO2
03/09 27 26 29 28 26 21 22 23 24 26 28 20 21 18 20 27 34 27 28 31 27 26 25 20
南投
NO2
03/10 17 12 7.1 5.8 4.9 5.1 6.9 18 18 12 12 14 13 14 17 24 22 26 26 25 27 30 30 27
南投
NO2
03/11 21 20 23 22 21 21 23 20 23 24 25 30 27 33 33 28 34 40 40 36 36 36 35 31
南投
NO2
03/12 31 28 25 23 28 26 25 25 26 17 9.5 6.6 6.7 7.1 13 15 18 25 29 33 32 24 18 14
南投
NO2
03/13 16 13 15 11 14 14 22 24 22 13 10 9.7 9 7.9 9 13# 18 21 34 34 30 28 22 15
南投
NO2
03/14 13 11 7.6 8.1 8.8 9.2 12 17 22 18 14 15 9.5 10 13 16 20 25 26 20 18 19 14 12
南投
NO2
03/15 13 13 11 9.9 9.2 9.5 13 19 26 28 25 21 17 17 22 28 33 34 34 30 30 33 33 33
南投
NO2
03/16 32 26 30 26 23 25 23 22 17 19 22 13 11 11 13 11 12 13 19 22 24 24 21 24
南投
NO2
03/17 19 19 16 12 11 16 21 22 20 19 17 16 14 15 16 14 14 21 21 20 21 20 21 18
南投
NO2
03/18 17 13 15 12 12 11 16 16 22 22 22 17 12 10 13 16 19 30 37 33 31 26 24 20
南投
NO2
03/19 16 17 12 12 11 13 12 16 25 21# 15 12 12 12 16 17 18 25 34 33 31 24 19 18
南投
NO2
03/20 20 14 17 17 14 12 19 22 23 21 10 8.1 7.9 9 9 11 13 14 12 13 11 10 13 16
南投
NO2
03/21 18 14 14 14 13 13 15 19 15 8.9 5.6 5.9 9.4 6.1 5.7 6.4 7.8 14 12 13 17 12 13 14
南投
NO2
03/22 12 11 9.6 9.4 7.8 9 9.8 9.4 13 14 14 14 19 13 12 15 17 27 31 33 31 26 24 19
南投
NO2
03/23 18 19 14 12 9.9 10 12 16 16 22 22 20 18 20 17 18 21 20 20 18 14 12 10 10
南投
NO2
03/24 8.7 12 11 11 10 12 14 14 17 19 20 19 18 18 13 13 14 19 21 19 21 24 24 24
南投
NO2
03/25 19 12 14 11 9.6 12 11 14 18 17 23 28 30 26 32 35 41 40 43 38 32 22 20 20
南投
NO2
03/26 23 25 28 24 14 14 13 11 14 16 17 18 15 13 13 9.9 16 26 30 29 28 33 28 24
南投
NO2
03/27 16 17 15 11 9.5 8.2 13 15 16 11 7.7 5.9 8.6 12 13 12 17 18 18 17 16 17 15 14
南投
NO2
03/28 14 13 9.5 8.5 8.9 10 14 17 16 8.6 6.9 4.2 5.7 5.6 6.2 7 7.8 10 10 8.6 10 12 13 12
南投
NO2
03/29 8.3 9 7.8 10 11 9.6 12 13 9.5 4.9 4.4 5.3 6.3 6 6.1 7.8 9.5 10 11 11 9.6 8.7 8.3 6.6
南投
NO2
03/30 4.7 5.5 5.7 5.8 7.6 11 16 16 14 11 19 19 15 11 11 15 17 19 21 22 26 26 21 18
南投
NO2
03/31 18 18 13 18 18 15 14 17 15 13 9.6 7.6 7.8 9.6 12 13 15 19 22 21 25 24 20 16
南投
NO2
監測年月：2019/04， 測站：南投， 測項：NO2（ppb）
南投
NO2
日期 00 01 02 03 04 05 06 07 08 09 10 11 12 13 14 15 16 17 18 19 20 21 22 23
南投
NO2
04/01 12 11 10 10 9.4 10 12 21 25 30 26 28 27 30 28 28 30 34 40 34 32 34 30 28
南投
NO2
04/02 29 24 22 20 19 19 16 16 19 21 20 12 14# 11 9.1 16# 18 27 28 27 27 28 23 17
南投
NO2
04/03 22 19 21 11 8 12 15 18 21 13 19 18 14 14 15 15 17 17 19 21 21 24 23 22
南投
NO2
04/04 17 16 18 13 14 12 10 13 16 14 14 15 13 13 12 15 15 18 16 16 16 15 14 13
南投
NO2
04/05 12 11 12 12 13 14 17 16 14 14 11 11 7.2 7.6 6.3 7.8 9.4 12 16 17 21 27 18 15
南投
NO2
04/06 17 17 16 13 13 12 9.8 11 7.5 6.9 7.2 6.9 6.5 8.1 9.1 7.7 8.2 8.8 11 10 17 15 18 18
南投
NO2
04/07 16 14 13 13 14 6.7 11 13 7 4.7 5.3 5.3 4.8 5 6.1 6 7.2 10 14 20 23 23 20 14
南投
NO2
04/08 15 9.3 9.9 12 9 9 12 13 12 6 8 7.2 4.9 5.1 5.8 6.8 7.7# 12 15 10 8.5 11 12 13
南投
NO2
04/09 17 13 16 13 8.7 8.3 16 14 10 8.4 5.8 6.1 6 6.1 5.1 4.9 5.3 5.8 6.5 7.2 7.7 8 9.3 9.7
南投
NO2
04/10 9.4 14 12 13 12 10 11 10 7.9 7.7 7.9 5.7 5.4 5.2 5.8 6.2 8.2 11 13 11 13 13 11 14
南投
NO2
04/11 11 11 9.8 14 15 16 18 17 10 7.5 6.8 6.2 5.8 5.9 7.6 12 20 20 22 22 22 19 18 19
南投
NO2
04/12 15 11 9.6 10 10 12 14 18 16 15 17 16 13 11 13 18 26 30 30 29 30 30 28 23
南投
NO2
04/13 19 18 17 16 18 17 15 16 16 16 13 11 9.4 11 18 16 19 23 21 22 26 22 21 20
南投
NO2
04/14 17 19 15 10 9.4 10 12 11 12 9.4 10 10 9.2 7 6.1 5.8 7.5 10 14 15 16 16 14 12
南投
NO2
04/15 11 9.3 9 7.6 7.7 8.3 12 17 23 21 26 27 27 27 23 26 25 39 36 38 35 33 25 21
南投
NO2
04/16 20 13 14 20 11 10 12 16 24 25 26 26 21 28 22 22 30 31 25 30 34 41 34 31
南投
NO2
04/17 32 26 22 19 8.1 9.1 13 16 11 7.4 8.6 11 11 12 13 11 12 20 24 24 29 30 22 20
南投
NO2
04/18 15 13 11 7.4 8.7 11 17 9.8 6.8 6.6 7.3 12 8.9# 9.6 12 12 16 20 20 23 26 24 20 19
南投
NO2
04/19 18 15 13 18 18 11 11 9.1 14 12 8.6 6.8 13 19 25 187# 8.3# 17# 19 21 14 14 9.2 7
南投
NO2
04/20 6.3 7.1 6.9 5.8 5.8 7.4 15 16 9.7 8.8 4.6 5.8 5.2 5.6 9.1 11 7.2 14 20 23 22 18 16 16
南投
NO2
04/21 12 7.5 5.8 3.1 2.3 5.9 8.8 8.7 8.5 8.2 5.5 4.6 2.9 3.6 6.6 12 11 11 16 16 11 12 9.8 11
南投
NO2
04/22 6.6 6.4 7.4 5.8 5.8 7.5 8.4 9.4 7.6 8.1 4.3 6.5 5 4.3 4.5 5.7 6.4 9.6 9.9 7.6 6.4 7 5.9 5.8
南投
NO2
04/23 3.8 1.5 3.1 5.4 7.6 7.4 9.6 7.8 4.3 3.4 3.7 3.5 4.1 3.7 4.2 4.3 5.5 7.1 7.3 6.5 8.7 10 8.4 6.3
南投
NO2
04/24 6.7 12 13 9.4 11 10 9.8 8.7 6 3.9 4.4 4.9 4.7 4.6 4.7 4.7 6.3 7.1 8.1 7.4 8.5 7.2 7.9 9.2
南投
NO2
04/25 11 13 9.5 12 11 13 11 9.1 5.2 4.5 4.9 5.1 5.3 4.6 4 4.6 5.1 7 10 16 12 14 13 15
南投
NO2
04/26 14 8.6 8.4 9.6 8.6 9.9 11 8.7 5.9 5.6 7.4 8.2 8.2 4.9 9.6 14 19 16 14 14 12 12 10 4.9
南投
NO2
04/27 7.2 8.5 8.8 8.9 7.5 9.4 11 9.6 6.9 5 7 10 11 10 11 9.6 12 14 15 17 18 22 20 18
南投
NO2
04/28 18 17 19 20 15 15 16 16 11 9.6 12 10 9 7.3 7.1 8.3 10 13 15 17 27 20 18 16
南投
NO2
04/29 17 15 14 8.8 8.7 12 12 10 7.5 6.5 5.4 5 6.1 5.7 6.5 8.2 8.5 11 15 13 13 15 11 16
南投
NO2
04/30 9.5 9.4 12 13 13 15 13 6.6 5.8 5.8 5 5.3 4.6 4 4.2 4.9 6.6 6.6 6.7 6.5 8.9 8.4 7.6 7.8
南投
NO2
監測年月：2019/05， 測站：南投， 測項：NO2（ppb）
南投
NO2
日期 00 01 02 03 04 05 06 07 08 09 10 11 12 13 14 15 16 17 18 19 20 21 22 23
南投
NO2
05/01 9.6 6.5 4.7 5.9 4.2 5.3 9 12 13 9 8.1 12 16 16 17 17 21 24 23 23 24 22 17 16
南投
NO2
05/02 14 14 14 13 13 15 20 21 24 23# 25 28 31 35 34 30 36 38 25 29 27 24 16 22
南投
NO2
05/03 33 32 29 29 22 21 21 21 27 25 27 25 32 23 18 15 18 19 18 20 26 31 30 29
南投
NO2
05/04 25 15 12 9.4 9.1 10 9.9 11 6.8 6.4 5.8 5.5 5.1 4.7 5.5 5.6 6.2 7.1 8.3 13 17 17 19 13
南投
NO2
05/05 9.1 7.9 7.3 5.4 5.7 7.1 9.9 8.6 8.6 7.6 8.1 7.1 5.5 5.9 6.8 10 9.7 14 18 18 14 9.7 9.1 6
南投
NO2
05/06 7.3 5.9 5.8 3.8 6 7.6 13 22 19 19 23 23 13 15 15 16 25 29 24 22 17 18 17 13
南投
NO2
05/07 12 10 12 12 9.6 9.9 12 17 19 20 22 20 19 19 21 23 24 23 26 29 26 24 24 24
南投
NO2
05/08 23 18 19 17 15 15 15 19 22 24 16 13 17 15 23 22 29 28 33 36 34 31 27 26
南投
NO2
05/09 23 22 23 23 23 22 20 21 17 18 21 25 19 20 21 19 28 34 35 30 24 15 13 12
南投
NO2
05/10 11 10 11 11 11 15 16 15 8 12 14 21 19 19 13 10 11 8.6 23 26 24 21 18 17
南投
NO2
05/11 17 14 10 9.8 9.9 9.1 10 8.5 10 13 14 13 10 9.7 9.3 9.5 12 12 14 18 19 17 16 13
南投
NO2
05/12 11 13 7.8 14 16 13 11 8.9 5.7 6.1 5.9 6.8 6.6 8.1 7.3 9.1 16 16 18 19 19 19 13 13
南投
NO2
05/13 12 9.5 9.7 12 11 12 10 8.3 6.4 6.4 4.3 5.2 4.5 6.8 7.3 7.6 8 11 11 16 19 21 14 14
南投
NO2
05/14 10 11 12 8.3 10 11 11 12 7.2 5.8 4.3 5.4 6.6 6.2 6 7.5 9.6 11 17 16 15 17 17 12
南投
NO2
05/15 13 15 11 12 9.2 7.7 8.4 8.8 9.5 8.2 6.2# 8.8 8.1 6.8 5.2 5.4 6.8 6.6 9.7 11 13 12 8 7.4
南投
NO2
05/16 7.1 3.9 5 5.3 3.8 6.1 5.7 6.5 6 4.7 4.6 6.5 8.2 11# 8.2 8 13 8.9 14 9 10 7.7 7.9 6.7
南投
NO2
05/17 7 5.7 5.9 7.7 4.3 6.7 7.3 9.7 9.1 7.7 8.4 12 5.7 3.5 7.4 5.7 4.7 7.6 16 13 9.6 10 9.9 11
南投
NO2
05/18 9 5.1 6.3 5 3.2 3.9 6.2 8.6 4.1 5.7 7.4 3.2 3.3 2.9 3.2 3.7 4.5 4.7 8.1 7.2 11 9.3 9.2 7.6
南投
NO2
05/19 5.3 3.1 3 2.5 2.7 3.7 5.3 5.7 4.6 2.8 3.4 5.4 5.7 5.7 4.1 5 4.9 7.6 9.2 10 11 13 9.7 6.9
南投
NO2
05/20 3.6 4.1 4.4 4.8 4.4 3.9 5.5 5.5 5 6.1 16# 13# 9.7 9.4 9.3 9.4 20 30 34 34 30 24 18 14
南投
NO2
05/21 16 12 12 11 13 14 16 17 19 25 27 33 32 33 37 32 37 38 41 46 35 33 32 28
南投
NO2
05/22 28 23 20 14 12 18 21 14 7.9 9 8.2 10 11 9.5 12 16 32 29 32 32 34 31 23 24
南投
NO2
05/23 20 17 10 7.7 9.5 14 22 23 25 25 29 28 18 11 11 12 19 27 20 22 19 22 18 14
南投
NO2
05/24 15 9.9 7.7 8.1 8.6 9.9 9.4 9.4 8.9 14 9.7 8.2 6.7 6.9 7.3 9.8 11 13 11 15 16 14 11 11
南投
NO2
05/25 9.4 6.4 5.3 5.6 6.4 6.9 6.8 9.6 9.5 6 6.2 8.6 8.5 6.1 5.5 12 9.2 10 11 14 17 18 19 14
南投
NO2
05/26 14 9.7 5.8 7.6 11 8.7 6.7 5.2 4.1 5.8 5.5 4.3 5.3 5.7 6 6.3 8.4 12 15 18 16 17 13 14
南投
NO2
05/27 12 9.2 12 11 6.7 10 11 14 6.4 7.8 12 13 13 8.8 8.1 6.3 11 9.9 8.7 11 10 11 9.9 7.3
南投
NO2
05/28 7.8 8 8.7 6 5.5 7.3 8 6.6 9.7 10 9.8 21 14 20 8.5 6.1 11 24 27 21 19 16 14 14
南投
NO2
05/29 14 15 12 11 13 13 16 17 20 22 20 17 14 14# 14 21 24 24 27 27 27 26 21 19
南投
NO2
05/30 19 18 17 15 16 18 20 19 19 15 14 11 7.3 8.6 7.5 7.8 8.3 14 18 23 24 17 15 12
