xい
O3
01/01 15 15 22 24 26 23 24 24 26 27 34 37 39 39 39 38 33 27 26 25 24 22 19 20
xい
O3
01/02 24 27 27 30 29 27 21 17 14 16 22 24 30 32 28 24 21 14 11 11 9.8 8.3 7.1 6.3
xい
O3
01/03 12 7.4 11 18 19 20 21 15 17 18 19 18 18 21 21 21 18 13 8 10 7 2.6 1.6 1.5
xい
O3
01/04 1.6 1.5 1.7 3.2 3.8 4# 2.3 3 4.7 14 38 46 62 61 47 33 26 19 12 6.1 1.7 1.6 1.6 1.6
xい
O3
01/05 2.4 6.7 2.8 1.5 1.5 1.8# 1.7 2.9 4.9 8.6 24 39 46 43 39 34 16 7.9 6.9 3.7 2.3 1.6 1.6 1.6
xい
O3
01/06 1.5 1.6 6.1 8.2 7.3 6.2 7.1 6.8 10 16 22 27 32 36 38 37 35 27 25 21 20 16 17 17
xい
O3
01/07 14 12 11 6.2 5.2 12 12 6.2 7.6 15 23 29 38 47 54 49 43 34 30 35 34 31 26 23
xい
O3
01/08 27 29 28 28 29 28 26 20 19 23 25 26 29 31 35# 31 30 23 19 19 19 19 16 16
xい
O3
01/09 16 20 22 26 27 23 23 15 17 16 19 27 42 52 59 49 41 33 27 22 19 12 3.6 3.7
xい
O3
01/10 6.8 11 19 19 15 7.9 5.1 7.2 13 19 26 30 33# 36 36 30 25 20 16 12 13 12 8.4 3.5
xい
O3
01/11 4.1 12 19 14 8 3.6 2.1 3.9 6.1 14 19 27 44 34 33 21 21 8.4 1.9 1.9 1.7 1.9 1.9 1.9
xい
O3
01/12 1.6 1.6 1.5 1.7 1.7 1.6 1.4 3.7 6.8 13 22 31 36 35 36 41 31 17 8.1 3.1 2.2 2 1.8 1.5
xい
O3
01/13 4.6 8.7 10 11 12 14 12 15 17 21 28 34 41 43 42 34 27 20 16 16 16 16 17 19
xい
O3
01/14 21 22 24 26 28 28 23 16 11 14 22 26 32 48 53 46 40 34 28 22 18 15 13 21
xい
O3
01/15 25 27 29 32 28 25 17 5.1 10 15 23 34 35 36 40 36 31 30 29 30 29 27 28 32
xい
O3
01/16 34 36 36 36 38 39# 38 31 31 28 30 31 35 32 30 30 28 22 18 15 19 24 25 26
xい
O3
01/17 27 30 28 29 31 30 27 26 25 27 27 32 33 36 35 33 27 21 20 20 21 25 26 28
xい
O3
01/18 31 30 28 25 22 16 9.9 4.3 4.9 9.3 16 23 43 58 66 57 53 41 28 7.8 2.6 9.4 12 12
xい
O3
01/19 10 11 3.3 15 24 19 14 8 12 20 40 46 48 53 52 48 38 20 10 2.2 2.1 2.1 2.1 3
xい
O3
01/20 5.7 3.9 2.1 4.2 5.2 3.7 2.5 3.3 9.3 14 19 30 41 46 46 38 31 22 16 24 27 31 35 39
xい
O3
01/21 41 43 45 44 43 41 36 32 30 31 32 31 35 37 37 35 30 26 20 20 18 23 23 26
xい
O3
01/22 31 31 34 38 42 39 36 33 30 30 38 37 38 39 39# 35 32 25 21 23 29 30 27 26
xい
O3
01/23 28 31 39 38 39 37 31 23 18 20 27 47 55 66 68# 66 57 45 35 30 25 20 17 7.1
xい
O3
01/24 12 17 5.6 3.1 7.4 20 23 22 25 36 49 55 61 69 70 66 56 42 34 17 9.9 15 4.4 2
xい
O3
01/25 1.8 1.7 1.8 4.9 18 18 11 5.9 7.8 11 26 48 56 70 72 72 64 56 49 41 35 28 25 30
xい
O3
01/26 36 41 42 40 45 47 44 43 40 41 43 46 49 50 49 46 43 38 35 34 34 35 36 38
xい
O3
01/27 36 39 39 38 37 37 33 31 30 32 36 42 49 53 53 50 41 32 27 22 17 8.5 4.6 7.9
xい
O3
01/28 2.9 1.8 1.9 1.9 3.6 5.3 2.3 6.2 7.8 14 27 50 47 52 51 50 49 39 23 16 11 2.7 1.8 1.8
xい
O3
01/29 2.7 6.6 4.9 1.5 1.1 1.7 2.4 4 5.7 18 24 47 46 59 60 55 46 37 32 27 16 4.3 1.8 1.7
xい
O3
01/30 1.7 1.7 1.6 1.6 9.5 24 21 15 11 16 32 44 56 65 52 42 50 40 19 6 2.5 2.5 2.4 1.8
xい
O3
01/31 2.4 2.9 12 14 20 15 12 20 24 21 28 46 54 62 56 59 65 51 44 41 37 32 26 32
xい
O3
菏代~るG2019/02A 代浮G┚A 代兜GO3]ppb^
xい
O3
ら戳 00 01 02 03 04 05 06 07 08 09 10 11 12 13 14 15 16 17 18 19 20 21 22 23
xい
O3
02/01 38 41 40 39 37 36 35 32 30 34 35 37 40 36 34 30 24 14 14 15 17 14 9.8 8.7
xい
O3
02/02 14 15 17 21 18 3.4 2.7 3.9 8.6 21 39 63 70 68 64 59 57 48 37 32 27 11 2.6 1.9
xい
O3
02/03 2.6 3.1 2 2 2.6 2.1 2 4.4 15 30 56 61 66 72 74 72 61 48 41 34 35 27 11 7.1
xい
O3
02/04 3.2 2.6 2.9 2.4 11 20 16 10 13 18 26 37 44 52 54 52 42 32 26 21 24 24 24 22
xい
O3
02/05 24 24 25 25 27 31 28 26 23 23 30 46 58 70 71 61 49 41 38 37 33 33 33 29
xい
O3
02/06 29 28 24 21 16 16 21 25 33 35 40 48# 59 49 28 18 38 49 45 39 30 25 30 23
xい
O3
02/07 12 8 11 6.1 10 9.6 6.8 7.9 11 27 38 43 46 44 45# 414# 237# 36 34 35 31 24 27 24
xい
O3
02/08 26 26 28 25 24 22 21 20 22 12 7.9 25 21 23 29 31 28 25 21 22 21 18 15 12
xい
O3
02/09 7.3 3.7 5.6 9.3 18 16 24 20 19 28 30 27 26 20 18 16 18 18 17 17 19 20 18 18
xい
O3
02/10 21 21 22 24 24 23 22 22 19 18 22 23 28 30 34 35 32 25 22 19 19 17 15 16
xい
O3
02/11 18 18 18 20 19 24 26 22 22 18 21 21 20 21 20 18 21 14 16 11 12 15 14 14
xい
O3
02/12 14 14 14 15 14 13 14 13 14 19 21 21 29 31 16 29 34 32 32 28 26 24 15 3.2
xい
O3
02/13 4 2.8 3.1 17 22 18 11 7.8 11 13 17 15 20 23 28 29 36 21 15 15 19 18 17 19
xい
O3
02/14 19 18 15 7.3 8 21 18 15 18 23 31 37 32 29 28 23 24 19 15 15 16 12 16 17
xい
O3
02/15 21 17 10 7 4.3 11 5.9 6.2 9.4 22 40 50 58 36 28 31 29 26 12 3.2 3.1 2.5 1.8 1.5
xい
O3
02/16 1.6 14 14 8.8 8.9 9.8 8.1 6.8 7.2 13 35 26 22 32 31 26 21 17 13 11 14 16 18 20
xい
O3
02/17 21 24 23 26 27 24 22 26 25 25 26 29 32 31 37 37 33 24 23 21 20 21 20 21
xい
O3
02/18 16 15 15 12 12 16 12 9.3 11 15 25 31 36 41 30 31 27 22 17 6.4 2.4 2.6 1.7 1.7
xい
O3
02/19 1.9 20 26 20 16 8.5 3.2 2.5 3.7 5.2 6 7.7 20 30 35 40 39 28 16 11 8.4 2.5 1.8 1.8
xい
O3
02/20 1.6 1.6 1.6 1.6 1.6 1.7 8.1 9.4 11 18 6.7# 51 33 29 39 53 49 34 15 9.3 8 4.2 3.1 6.6
xい
O3
02/21 4.6 4.5 2.2 2.5 4 9.9 7.2 6.1 7.2 12 8.4 15 28 35 30 29 25 20 15 19 19 8.1 6.4 8.8
xい
O3
02/22 9.2 28 33 32 26 21 12 10 22 21 24 20 24 22 23 25 18 22 21 19 19 16 18 20
xい
O3
02/23 26 32 31 38 36 33 29 21 19 23 9.6 19 33 31 25 21 18 16 18 20 18 17 18 21
xい
O3
02/24 15 16 15 19 22 24 18 17 22 15 19 19 20 22 26 19 20 13 23 15 20 23 22 27
xい
O3
02/25 26 25 27 30 31 30 18 31 30 36 37 41 40 43 52 40 35 29 26 20 21 21 24 26
xい
O3
02/26 24 25 32 31 23 29 24 14 12 17 30 39 37 25# 83# 38# 45 36 29 34 32 25 19 9
xい
O3
02/27 10 9.4 11 12 21 38 45 30 16 17 23 16 48 58 55 42 36 31 25 31 32 14 5.3 2.4
xい
O3
02/28 1.7 2.1 2.6 21 29 20 15 11 15 21 19 30 31 40 34 38 37 30 26 21 17 17 13 13
xい
O3
菏代~るG2019/03A 代浮G┚A 代兜GO3]ppb^
xい
O3
ら戳 00 01 02 03 04 05 06 07 08 09 10 11 12 13 14 15 16 17 18 19 20 21 22 23
xい
O3
03/01 12 15 23 21 21 15 10 15 16 22 27 37 49 46 37 29 28 32 29 25 24 23 22 17
xい
O3
03/02 13 14 15 14 11 6.7 7 8.2 15 21 28 37 50 67 58 44 49 40 35 32 19 13 14 16
xい
O3
03/03 16 19 16 16 16 13 7.7 7 17 30 27 29 32 33 32 29 24 18 8.9 6.1 5.6 23 17 19
xい
O3
03/04 17 26 20 27 25 21 21 19 22 23 30 39 46 44 45 55 52 56 40 29 9.4 2.3 1.9 5.1
xい
O3
03/05 13 13 2.3 3.3 2.9 5.9 10 7 4.6 15 26 38# 23 48 80 65 54 26 30 35 38 32 25 19
xい
O3
03/06 14 33 31 32 33 32 18 12 14 23 33 28 24 22 19 18 29 31 25 29 29 23 18 22
xい
O3
03/07 25 30 31 40 45 43 41 33 33 30 30 28 35 30 33 27 28 34 36 38 37 38 42 43
xい
O3
03/08 46 47 46 49 47 37 38 24 17 17 18 15 21 18 21 22 26 18 18 18 15 16 9.6 1.8
xい
O3
03/09 3.3 4.5 2.1 4.4 2.5 5.9 2.4 17 25 21 14 16 19 22 11 14 20 20 15 6 2.3 1.6 1.4 1.4
xい
O3
03/10 4.4 24 41 36 39 40 26 22 22 19 35 39 33 34 25 17 20 17 8.8 6.6 12 5.9 3 3.7
xい
O3
03/11 1.8 7.4 12 11 17 6.9 19 21 6.8 4.2 9 9.4 17 24 30 22 19 19 9.6 11 9.7 12 16 13
xい
O3
03/12 6 6 9.3 6.5 1.7 1.6 3 5.8 7.1 21 46 58 58 86 89 78 74 70 56 45 36 23 5.2 14
xい
O3
03/13 22 15 2.5 1.7 1.6 2.2 22 19 26 41 58 74 79 82 85 82 74 58 41 32 20 9.8 10 17
xい
O3
03/14 15 6.8 3.3 12 20 12 13 13 20 30 35 55 73 76 62 63 59 54 52 49 40 44 44 44
xい
O3
03/15 41 42 41 44 46 45 42 37 33 33 40 51 56 52 49 41 38 37 34 39 36 32 22 18
xい
O3
03/16 17 8.4 4 4.4 3.7 1.7 2.3 4.4 8 22 36 54 64 66 69 68 60 47 39 37 38 34 23 27
xい
O3
03/17 19 19 16 25 13 16 26 28 25 28 35 41 43 49 49 51 53 56 56 46 39 38 26 20
xい
O3
03/18 14 16 19 14 9.2 5.2 4.5 7.3 7.3 12 16 25 34 50 65 54 51 42 29 19 6.6 4 3.1 3.5
xい
O3
03/19 22 6.6 2 1.6 1.6 6.1# 14 19 20 27 52 72 71 73 71 67 67 55 53 47 25 8.5 3.5 11
xい
O3
03/20 17 14 16 16 12 4.3 5.2 7.1 16 24 35 53 67 71 70 63# 62 44 35 27 14 12 13 9.6
xい
O3
03/21 8.4 7.8 6.3 4.8 6.4 17 13 15 18 24 31 37 46 47 48 39 27 19 11 8.5 8.8 9.5 12 12
xい
O3
03/22 7.8 7.8 5.7 10 8.5 9.8 13 15 21 26 32 47 53 60 61 57 44 34 25 23 21 23 20 26
xい
O3
03/23 23 27 31 31 33 33 32 30 26 28 33 36 32 37 34 34 33 33 30 34 38 39 39 37
xい
O3
03/24 33 34 39 41 37 30 32 27 18 8.2 13 7.4 10 13 11 21 17 7 11 19 12 8 2.4 1.9
xい
O3
03/25 1.6 2 3.7 5.7 3.6 3.6 4.4 3.4 2.7 2.9 3.4 3.7 5.9 31 34 13 10 18 16 17 15 8.2 3.2 15
xい
O3
03/26 26 29 31 30 26 22 23 21 22 28 37 44 56 68 70 59 60 45 40 41 28 27 12 5.9
xい
O3
03/27 2.7 1.9 5.1 8.4 4.9 6.6 9.7 17 24 45 69 77 76 81 63 55 60 45 38 38 43 42 29 31
xい
O3
03/28 30 30 20 12 5.1 11 11 11 24 35 38 40 43 44 43 39 32 31 27 22 21 18 16 18
xい
O3
03/29 19 18 18 16 16 16 14 12 21 26 34 40 44 43 46 42 41 39 35 35 33 36 47 48
xい
O3
03/30 44 39 35 30 36 44 33 26 22 32 46 54 63 77 75 69 68 64 49 35 25 16 11 13
xい
O3
03/31 8.1 9.9 15 20 21 20 17 33 35 39 55 62 71 79 79 74 64 52 44 42 39 34 40 43
xい
O3
菏代~るG2019/04A 代浮G┚A 代兜GO3]ppb^
xい
O3
ら戳 00 01 02 03 04 05 06 07 08 09 10 11 12 13 14 15 16 17 18 19 20 21 22 23
xい
O3
04/01 41 38 43 43 44 42 33 25 21 25 26 27 25 34 31# 32 26 21 22 19 17 8.6 3 1.8
xい
O3
04/02 1.6 1.5 1.5 1.7 1.9 1.8 2.2 3.7 5.1 6.7 22 43 60 69 75 70 57 51 44 39 29 28 19 27
xい
O3
04/03 40 43 44 37 33 37 35 33 25 28 34 41 43 45 42 44 46 44 40 38 30 27 31 25
xい
O3
04/04 15 9 12 11 10 2.2 4.1 4.7 15 36 42 53 56 58 66 55 51 50 44 42 40 36 29 21
xい
O3
04/05 19 16 13 19 20 21 31 36 38 37 40 51 57 59 61 60 58 48 39 32 17 9.9 2 1.6
xい
O3
04/06 1.8 1.6 1.9 5.7 4 10 7 11 27 44 63 72 82 71 71 79 76 67 62 55 48 37 32 28
xい
O3
04/07 25 28 38 38 32 27 22 30 48 59 67 66 66 72 75 73 71 69 67 58 52 47 43 41
xい
O3
04/08 47 35 21 22 26 25 16 12 32 47 57 70 77 78 71 60 55 48 32 25 22 20 17 17
xい
O3
04/09 14 19 21 22 15 11 13 17 23 38 41 49 51 49 44 33 27 20 14 16 17 18 17 17
xい
O3
04/10 16 13 12 7.5 7.7 8.7 8.3 12 16 22 31 39 45 47 44 42 37 22 11 19 17 18 16 18
xい
O3
04/11 16 11 4.7 11 12 19 15 13 18 25 35 39 45 49 41 42 42 35 33 28 29 31 23 30
xい
O3
04/12 33 30 26 30 29 33# 29 25 28 32 45 53 60 60 61 54 49 42 34 28 30 27 23 19
xい
O3
04/13 10 9.3 9.2 21 31 24 22 34 36 37 43 57 69 56 49 43 37 30 12 5.5 22 22 6.6 4.6
xい
O3
04/14 15 27 27 26 19 17 14 13 17 33 43 49 52 52 50 50 50 49 46 37 33 34 34 34
xい
O3
04/15 34 42 51 51 50 49 47 38 39 43 44 43 44 42 42 36 29 26 25 18 17 16 8 1.7
xい
O3
04/16 1.9 2.1 12 36 37 38 26 21 22 16 9# 7.7 11 11 11 7.5 6.1 3.4 1.7 14 24 18 10 9.8
xい
O3
04/17 20 36 41 44 44 40# 34 33 35 45 63# 66 72 81 79 74 69 62 51 40 22 9.3 2.4 9.6
xい
O3
04/18 11 18 21 33 37 37 30 32 42 61 71 70 77 76 63 60 58 51 43 29 25 30 13 13
xい
O3
04/19 9.7 27 32 37 37 35 34 35 32 39 39 33 46 55 57 40 36 36 23 22 25 25 23 28
xい
O3
04/20 27 29 26 23 18 22# 24 24 32 49 36 37 50 49 47 46 33 22 17 9.1 30 44 35 25
xい
O3
04/21 22 19 46 54 51 36 30 27 24 18 18 25 30 34 28 22 14 4.8 1.8 3.4 6.4 10 12 15
xい
O3
04/22 7.8 7.3 10 10 7.2 5 8.6 12 14 24 37 40 44 44 44 38 27 19 13 13 13 8.3 9.3 11
xい
O3
04/23 15 18 17 15 10 8.7 8 11 19 28 34 46 52 50 44 33 27 23 16 15 17 17 16 18
xい
O3
04/24 16 13 13 12 6.6 4.2 7.3 11 19 26 29 33 38 37 35 27 27 21 14 13 12 11 11 13
xい
O3
04/25 13 14 18 14 11 12 14 15 22 28 34 40 41 34 27 29 26 23 18 15 13 8.7 6.5 5.5
xい
O3
04/26 5.7 1.8 2.1 1.6 4.7 3.6 8.4 13 23 42 48 72# 84 86 84 71 69 59 44 35 37 33 22 35
xい
O3
04/27 24 24 24 22 26 24 21 25 38 54 63 80 78 78 74 72 64 53 45 38 34 29 27 22
xい
O3
04/28 19 16 12 12 9.8 10 19 32 38 44 46 53 69 59 60 63 57 48 38 30 21 23 20 19
xい
O3
04/29 19 16 14 17 22 8.4 9 22 33 40 56 69 70 66 57 49 46 36 37 43 35 30 32 28
xい
O3
04/30 27 26 22 23 20 20 20 21 25 30 36 41 33 34 32 28# 25 21 15 14 16 16 15 16
xい
O3
菏代~るG2019/05A 代浮G┚A 代兜GO3]ppb^
xい
O3
ら戳 00 01 02 03 04 05 06 07 08 09 10 11 12 13 14 15 16 17 18 19 20 21 22 23
xい
O3
05/01 16 17 18 19 16 15 14 22 35 31 34 35 35 37 35 35 38 34 25 25 25 26 21 18
xい
O3
05/02 20 20 22 19 19 18 12 8.8 21 13 5.9 5.7 6.8 23 22 17 15 13 9.1 8 10 10 11 6.8
xい
O3
05/03 4.7 2.2 12 27 32 25 35 23 13 37 42 53 59 65 72 70 63 56 49 40 34 22 11 1.7
xい
O3
05/04 1.7 1.7 2.7 16 6.5 3.9 20 33 38 50 59 63 66 71 70 67 72 86 84 77 72 55 53 49
xい
O3
05/05 40 29 22 21 20 27 13 15 20 36 53 57 62 72 70 66 62 56 56 48 30 29 36 34
xい
O3
05/06 35 34 31 31 36 36 29 22 15 22 30 25 21 20 22 23 19# 21 26 28 28 31 34 31
xい
O3
05/07 27 30 29 30 32 36 40 40 37 38 41 39 40 37 40 38 40 35 24 20 29 26 14 7.7
xい
O3
05/08 4.1 1.8 1.8 2.4 4.8 3.5 4.3 4.8 8.1 19 36 36 44 46 30 33 33 31 24 23 19 13 6.6 9.3
xい
O3
05/09 8.6 7 11 10 6.2 4.4 4.4 9.2 14 22 30 35 29 30 30 27 23 16 18 15 20 14 6.4 3
xい
O3
05/10 18 12 25 9.4 7.7 11 7.3 7.6 12 26 29 37 42 47 51 45 55 55 57 48 42 32 22 9.1
xい
O3
05/11 3 8.9 6.2 9.1 10 9.8 12 15 22 38 52 63 67 65 63 60 62 58 50 42 31 23 6.9 14
xい
O3
05/12 12 17 14 14 17 11 15 23 37 53 60 73 79 72 70 61 54 47 40 42 17 18 20 23
xい
O3
05/13 15 13 15 16 16 17 22 24 27 43 60 68 66 59 50 45 42 32 28 28 23 16 12 14
xい
O3
05/14 13 12 12 15 12 14 12 17 24 35 44 48 55 55 51 43 30 40 24 12 10 14 12 6
xい
O3
05/15 6.5 5.7 7.3 3.3 4.1 5 9.7 17 26 41 57 60 59 51 32 29 30 31 28 25 19 14 13 18
xい
O3
05/16 17 17 16 15 16 13 13 12 19 19 19 21 17 14 21 22 19 15 5.2 4.8 4.8 5 6.7 7.5
xい
O3
05/17 8.5 10 12 13 14 14 9.7 3.9 4.7 4.6 6.6# 7.7# 22# 18 14 17 15 10 4 5.8 5.9 7.6 7.2 7.6
xい
O3
05/18 9.8 10 7.6 8.4 13 18 11 7.4 6.2 11 16# 20# 19 17 18 17 16 15 11 13 12 11 12 14
xい
O3
05/19 16 18 18 15 12 11 8 12 16 24 27 24 31 27 24 21 23 18 11 9.2 4.5 4.3 5.4 8.3
xい
O3
05/20 11 8.4 8 9 7.6 4.9# 4.5 3.2 6.5 21 30 24 42 42 33 27 33 29 21 23 26 30 32 30
xい
O3
05/21 25 20 18 24 23 32 26 26 17 18 26 39# 31 38 31 21 31 32 13 19 18 3.9 1.7 1.5
xい
O3
05/22 1.6 1.8 2.3 3.5 3.2 8.3 8.8 16 47 64 69 72 83 88 88 71 65 60 53 45 39 40 37 15
xい
O3
05/23 11 9.5 22 18 9.3 44 48 50 39 45 41 33# 48 53 55 62 61 59 47 53 64 50 34 20
xい
O3
05/24 20 20 12 11 11 9 9 18 31 39 63 78 80 72 58 48 52 42 20 40 35 31 24 29
xい
O3
05/25 47 47 41 34 25 17 14 13 27 40 49 46 47 49 46 44 43 39 35 33 28 30 9.4 10
xい
O3
05/26 12 11 6.4 5.9 7.1 6.3 8.9 17 31 49 59 65 71 67 62 62 61 53 44 40 37 15 5.7 5.3
xい
O3
05/27 13 12 16 36 17 7.9 7.5 13 34 47 29 24 28 38 33# 40 41 36 27 22 14 17 12 13
xい
O3
05/28 8.5 10 11 10 11 5.3 8.8 5.9 6.5 14 12 14 12 15 20 19 33 30 25 28 26 24 25 25
xい
O3
05/29 24 28 27 25 27 28 27 24 22 23 34 43 52 58 58 51 44 40 34 34 31 27 29 32
xい
O3
05/30 31 27 24 21 18 10 8 12 26 50 68 90 90 79 65 52 50 36 32 32 26 15 9.3 16
xい
O3
05/31 15 14 9.7 6.4 4.2 7.9 11 16 32 47 65 60 57 42 35 31 33 41 29 17 16 18 15 15
