台東
PM10
01/01 5 8 15 13 14 13 15 10 9 21 24 21 15 23 24 15 19 14 15 7 7 10 7 5
台東
PM10
01/02 3 0* 0* 3 3 2 1 0* 4 8 9 6 7 7 7 5 2 4 4 2 2 1 0* 0*
台東
PM10
01/03 1 4 10 7 7 4 3 10 17 17 14 11 10 14 30 19 19 18 5 13 10 6 4 9
台東
PM10
01/04 9 5 6 5 4 4 8 13 11 15 21 19 12 11 16 18 27 24 38 32 24 24 16 17
台東
PM10
01/05 14 13 10 11 7 5 8 8 8 13 23 32 28 19 26 35 38 31 29 23 11 20 5 4
台東
PM10
01/06 8 6 1 0* 0* 3 6 4 7 5 11 9 12 14 13 12 15 14 12 8 4 3 6 3
台東
PM10
01/07 2 5 5 3 1 3 10 6 9 10 6 14 18 14 13 11 11 7 23 18 19 14 14 11
台東
PM10
01/08 11 7 5 5 6 7 5 6 9 12 18 22 21 22 27 21 15 16 8 6 4 1 0* 0*
台東
PM10
01/09 0* 0* 1 4 3 5 3 7 13 13 13 14 11 15 17 13 17 20 17 12 10 9 11 7
台東
PM10
01/10 8 10 6 7 9 7 6 8 9 15 13 10 10# 1000# 7 18 12 16 9 17 20 19 12 10
台東
PM10
01/11 9 6 9 9 11 7 6 9 19 12 21 11 10 12 12 24 24 22 23 22 26 16 17 17
台東
PM10
01/12 12 12 9 18 13 10 9 11 13 15 16 20 20 21 24 23 10 13 12 11 12 10 5 0*
台東
PM10
01/13 2 4 3 3 3 1 1 5 14 11 9 14 11 15 13 16 13 12 16 6 6 7 5 1
台東
PM10
01/14 0* 0* 0* 0* 0* 2 5 7 10 17 19 16 16 14 18 15 16 22 14 11 14 9 11 16
台東
PM10
01/15 11 11 8 12 10 8 14 18 18 23 1000# 1000# 0# 0# 0# 1000# 6# 11# 14 8 5 6 6 5
台東
PM10
01/16 2 1 8 6 2 2 1 3 26 32 36 28 8 21 16 10 8 8 8 5 7 6 5 6
台東
PM10
01/17 2 3 5 5 5 5 7 17 11 11 12 10 20 16 11 20 17 17 17 16 14 16 18 16
台東
PM10
01/18 17 17 15 21 31 33 36 48 32 36 40 39 36 41 40 39 35 40 29 29 26 31 29 33
台東
PM10
01/19 24 24 26 22 19 19 16 23 22 29 24 17 21 25 57 22 22 24 26 28 15 15 11 14
台東
PM10
01/20 11 9 12 12 15 9 12 9 9 7 11 9 9 7 9 8 6 9 6 7 8 5 15 15
台東
PM10
01/21 18 12 12 8 5 5 4 3 14 17 13 11 11 11 8 11 15 12 9 8 14 11 12 12
台東
PM10
01/22 11 13 10 6 8 8 8 9 14 17 21 16 18 21 31 25 23 19 10 13 10 10 16 19
台東
PM10
01/23 18 19 24 24 26 30 30 29 40 47 42 50 48 49 47 42 38 39 39 38 41 42 43 46
台東
PM10
01/24 41 42 40 43 37 38 35 33 29 33 32 25 31 33 26 27 25 25 24 26 39 42 43 43
台東
PM10
01/25 40 39 38 35 27 28 23 22 24 18 22 20 27 28 1000# 24 34 30 27 29 27 19 18 17
台東
PM10
01/26 17 23 29 22 34 31 31 33 33 36 39 34 27 26 33 24 30 22 16 25 37 37 30 32
台東
PM10
01/27 22 21 23 22 20 18 21 23 15 14 20 14 11 9 11 13 13 11 9 11 9 14 11 7
台東
PM10
01/28 7 7 7 5 5 6 6 15 12 12 12 12 8 12 11 9 9 8 8 8 6 9 9 10
台東
PM10
01/29 11 8 11 10 13 11 12 13 16 10 13 9 6 13 14 15 13 14 16 12 11 16 19 13
台東
PM10
01/30 11 12 11 12 10 13 11 18 17 13 19 14 21 17 22 24 30 30 25 21 23 18 16 16
台東
PM10
01/31 14 15 16 14 10 13 9 16 26 23 24 19 20 22 23 24 24# 30 1000# 22# 22 15 18 25
台東
PM10
監測年月：2019/02， 測站：臺東， 測項：PM10（μg/m3）
台東
PM10
日期 00 01 02 03 04 05 06 07 08 09 10 11 12 13 14 15 16 17 18 19 20 21 22 23
台東
PM10
02/01 24 14 12 9 10 7 3 8 11 16 11 16 9 9 13 16 18 17 14 12 9 13 10 8
台東
PM10
02/02 8 9 11 6 7 7 9 8 8 17 15 12 11 30 24 19 22 18 21 39 30 26 24 14
台東
PM10
02/03 17 13 13 15 10 8 16 10 13 24 39 38 21 23 41 48 50 52 58 56 52 39 26 26
台東
PM10
02/04 20 17 11 10 14 15 11 16 16 15 15 11 10 10 17 1000# 14 14 13 12 11 12 7 10
台東
PM10
02/05 15 6 4 8 6 9 9 10 9 5 10 8 8 8 14 15 4 15 12 18 20 15 14 15
台東
PM10
02/06 12 8 6 7 6 7 6 12 19 25 25 28 31 28 34 26 24 38 44 37 55 50 45 38
台東
PM10
02/07 32 25 22 19 14 16 15 12 18 15 21 20 18 22 29 31 34 34 33 36 27 24 27 25
台東
PM10
02/08 29 26 35 31 32 26 26 26 26 24 28 25 29 29 26 25 27 23 29 20 21 17 12 15
台東
PM10
02/09 11 15 7 1 5 10 9 10 12 16 19 20 18 20 23 17 26 23 28 23 16 11 10 8
台東
PM10
02/10 5 6 8 8 8 6 6 7 6 7 11 16 9 7 9 15 8 8 12 8 13 11 8 11
台東
PM10
02/11 9 6 7 7 7 5 13 14 15 20 20 24 24 23 21 28 18 14 11 10 5 5 4 2
台東
PM10
02/12 0* 2 1 1 4 3 1 6 9 7 8 11 9 11 15 8 8 10 8 12 11 20 19 15
台東
PM10
02/13 18 15 6 6 8 8 6 11 10 15 11 8 8 1000# 27 28 32 25 10 7 7 5 4 4
台東
PM10
02/14 0* 1 4 4 5 2 1 5 11 10 11 13 14 13 7 4 15 12 13 22 18 24 17 8
台東
PM10
02/15 9 6 3 6 9 7 11 15 9 13 15 17 14 16 14 11 20 25 25 29 28 28 9 16
台東
PM10
02/16 11 9 13 10 9 8 12 13 12 17 15 23 24 22 21 20 25 25 26 20 22 14 11 10
台東
PM10
02/17 6 3 4 4 3 2 2 4 3 17 22 20 14 13 21 12 13 13 20 12 20 8 3 2
台東
PM10
02/18 3 2 3 2 2 3 1 3 11 1000* 14A 8 5 13 12 9 15 16 17 17 30 32 21 24
台東
PM10
02/19 26 23 36 28 25 18 18 26 32 34 32 39 39 30 36 51 53 48 40 51 58 64 48 56
台東
PM10
02/20 38 37 31 33 29 31 27 29 33 31 28 27 73 33 37 33 29 25 1000# 30# 32 60 88 18*
台東
PM10
02/21 11 15 10 10 11 12 13 20 34 15 14 20 15 19 25 20 20 20 18 24 21 23 24 18
台東
PM10
02/22 17 11 13 12 13 14 12 20 23 25 23 30 27 33 29 29 30 33 24 26 17 14 9 12
台東
PM10
02/23 12 10 13 8 7 5 8 9 13 11 14 15 14 12 11 16 16 14 9 9 5 6 6 5
台東
PM10
02/24 3 9 6 5 5 4 3 3 13 11 9 13 11 8 6 9 6 13 18 10 6 6 4 0*
台東
PM10
02/25 3 4 8 7 5 0* 0* 5 14 12 9 6 7 19 16 24 25 20 15 13 8 6 7 3
台東
PM10
02/26 0* 2 5 9 9 11 13 16 17 19 23 26 27 23 24 33 31 42# 36 46 44 30 25 22
台東
PM10
02/27 14 13 13 11 15 14 18 19 21 26 20 27 28 28 20 25 23 15 16 18 17 26 25 11
台東
PM10
02/28 8 11 19 16 12 22 14 19 21 19 19 14 15 15 22 30 20 15 18 12 19 4 3 1
台東
PM10
監測年月：2019/03， 測站：臺東， 測項：PM10（μg/m3）
台東
PM10
日期 00 01 02 03 04 05 06 07 08 09 10 11 12 13 14 15 16 17 18 19 20 21 22 23
台東
PM10
03/01 0* 0* 2 7 6 5 6 8 15 8 25 19 10 17 20 19 24 22 21 15 17 20 11 12
台東
PM10
03/02 12 12 13 14 10 10 9 18 15 15 17 19 19 19 21 25 25 29 32 32 35 35 32 27
台東
PM10
03/03 20 20 25 14 11 18 11 22 21 34 52 43 39 44 45 38 44 73 53 32 21 21 18 25
台東
PM10
03/04 13 9 9 10 12 12 11 21 17 30 26 25 21 28 19 24 25 13 11 8 6 6 6 5
台東
PM10
03/05 7 4 2 4 4 6 7 7 10 8 11 20 22 26 30 33 31 35 41 34 38 31 30 31
台東
PM10
03/06 37 35 28 23 28 18 22 31 25 40 36 40 43 40 46 43 33 35 28 20 11 9 7 9
台東
PM10
03/07 4 2 6 5 3 4 4 7 5 3 3 6 9 7 8 1000# 7 13 11 14 18 32 24 21
台東
PM10
03/08 12 10 10 12 9 11 7 6 6 7 6 4 4 4 4 4 11 15 12 12 11 10 7 4
台東
PM10
03/09 4 4 4 4 5 5 5 8 33 27 22 17 12 7 9 12 27 35 37 13 24 16 15 14
台東
PM10
03/10 13 14 18 17 15 19 8 13 17 10 22 29 27 31 26 35 13 8 9 10 6 1 4 18
台東
PM10
03/11 20 3 11 11 9 10 11 17 19 22 24 31 27 30 31 30 22 20 14 14 10 21 20 21
台東
PM10
03/12 10 12 16 13 22 32 32 36 33 39 40 60 54 50 46 48 52 51 46 49 47 38 37 41
台東
PM10
03/13 42 35 32 27 33 30 29 28 30 25 29 32 29 29 28 31 33 32 22 25 22 22 18 21
台東
PM10
03/14 15 16 13 17 15 12 21 20 28 24 33 53 45 49 45 49 52 54 55 44 45 47 41 38
台東
PM10
03/15 35 32 39 41 35 26 17 22 18 21 20 21 19 19 21 25 21 17 15 13 19 21 22 24
台東
PM10
03/16 22 19 17 15 17 12 17 17 23 30 41 41 43 42 42 41 44 43 44 42 39 36 32 31
台東
PM10
03/17 25 32 25 25 25 24 25 22 24 35 39 37 36 34 30 33 38 41 39 47 42 37 29 33
台東
PM10
03/18 27 33 25 26 26 22 24 30 35 39 38 37 30 40 42 48 55 1000# 25 29 32 24 23 23
台東
PM10
03/19 25 19 23 22 28 30 28 30 34 39 48 30 35 42 32 22 16 9 6 2 1 0* 0* 0*
台東
PM10
03/20 0* 0* 1 1 0* 3 9 17 17 19 15 14 16 1000# 21 24 29 30 38 34 26 26 21 21
台東
PM10
03/21 12 20 11 21 20 22 19 27 34 22 21 20 19 23 24 19 44 34 38 39 40 28 33 32
台東
PM10
03/22 21 23 21 19 21 21 27 27 1000* 47A 48 39 37 39 37 51 36 38 40 30 17 9 6 2
台東
PM10
03/23 1 1 1 8 10 7 8 11 8 9 7 7 15 19 21 18 18 11 10 11 10 7 6 7
台東
PM10
03/24 11 9 14 11 8 5 6 11 9 11 16 8 17 20 15 16 11 17 17 12 12 13 9 8
台東
PM10
03/25 8 9 13 9 7 7 8 18 16 25 10 11 9 16 24 24 24 24 18 24 22 23 18 18
台東
PM10
03/26 14 17 10 11 11 8 16 23 24 26 28 21 22 18 24 30 1000# 11 16 8 17 16 10 7
台東
PM10
03/27 7 13 8 10 11 10 12 18 15 20 16 18 18 19 24 27 21 31 26 32 30 25 27 24
台東
PM10
03/28 15 19 17 26 22 24 24 23 27 21 27 27 28 34 29 35 35 50 52 45 41 37 31 39
台東
PM10
03/29 21 26 24 26 23 26 23 29 35 39 33 35 34 33 38 45 55 53 47 50 49 45 47 44
台東
PM10
03/30 37 34 24 26 24 18 16 20 30 24 19 19 18 23 17 18 14 22 26 20 19 21 5 7
台東
PM10
03/31 12 14 10 11 18 11 7 11 11 20 30 33 34 33 38 29 29 37 34 33 32 27 7 13
台東
PM10
監測年月：2019/04， 測站：臺東， 測項：PM10（μg/m3）
台東
PM10
日期 00 01 02 03 04 05 06 07 08 09 10 11 12 13 14 15 16 17 18 19 20 21 22 23
台東
PM10
04/01 7 7 7 6 3 4 10 10 14 15 15 16 18 17 16 13 11 11 1000# 1 6 7 4 3
台東
PM10
04/02 2 8 7 7 5 8 7 10 15 11 16 10 8 6 9 8 8 11 13 20 23 22 15 18
台東
PM10
04/03 7 10 13 10 12 13 12 16 23 11 11 12 9 7 7 14 11 12 19 15 15 11 11 12
台東
PM10
04/04 10 6 5 5 5 10 9 13 11 10 12 16 15 17 11 10 9 14 18 27 29 28 32 10
台東
PM10
04/05 11 8 5 15 10 16 16 15 20 17 8 14 11 9 23 28 39 29 13 13 9 6 15 15
台東
PM10
04/06 0* 2 2 1 1 0* 0* 1 5 7 8 10 14 11 24 20 22 18 20 21 25 23 21 15
台東
PM10
04/07 11 13 12 13 13 13 21 14 17 23 21 19 20 27 28 22 27 31 27 21 28 1000* 22A 22
台東
PM10
04/08 13 23 18 16 17 18 25 36 29 28 29 27 29 22 32 30 33 30 41 31 32 43 42 38
台東
PM10
04/09 29 36 29 28 29 33 31 39 39 27 26 21 21 36 30 1000# 20 37 30 49 40 17 23 23
台東
PM10
04/10 12 14 18 17 16 17 23 27 22 28 26 34 37 45 53 79 77 66 63 56 55 48 37 16
台東
PM10
04/11 1 2 2 4 7 5 2 3 12 7 4 6 12 15 21 27 35 27 42 49 34 20 27 23
台東
PM10
04/12 18 21 11 8 7 7 6 6 5 7 6 3 4 9 9 11 12 9 10 18 6 15 9 4
台東
PM10
04/13 5 5 3 5 6 8 9 7 5 6 10 7 10 8 10 10 14 12 15 18 18 15 20 16
台東
PM10
04/14 6 7 9 11 10 12 9 9 9 8 8 8 22 18 26 24 25 28 14 14 8 7 9 7
台東
PM10
04/15 4 5 4 2 3 20 24 30 29 27 37 38 37 42 35 37 42 1000# 26 16 15 19 16* 20
台東
PM10
04/16 15 10 11 8 11 15 10 15 31 12 14 12 6 10 28 21 24 21 16 9 17 12 13 12
台東
PM10
04/17 8 6 7 6 13 8 13 14 17 13 19 28 32 29 26 14 12 11 11 8 7 8 9 8
台東
PM10
04/18 5 5 9 5 9 12 10 9 15 17 30 29 28 32 31 32 39 24 25 23 29 23 20 19
台東
PM10
04/19 24 19 22 22 15 20 22 18 26 28 27 23 15 21 11 14 18 18 26 29 28 22 19 17
台東
PM10
04/20 17 18 15 12 16 14 13 17 18 16 27 25 27 27 20 22 26 26 29 29 29 25 32 25
台東
PM10
04/21 22 19 22 22 24 22 19 28 27 17 19 24 29 20 19 19 22 25 30 26 32 28 29 17
台東
PM10
04/22 15 22 23 23 26 24 25 32 23 27 23 22 15 24 20 23 19 25 19 23 25 34 30 25
台東
PM10
04/23 15 24 24 25 27 23 28 29 28 24 18 24 25 26 34 37 35 43 48 49 45 39 45 41
台東
PM10
04/24 21 22 28 29 27 21 31 30 28 39 42 22 19 23 28 25 26 35 41 39 35 41 28 34
台東
PM10
04/25 38 26 26 23 25 27 30 36 37 1000# 26 26 18 24 30 1000# 40 31 36 49 NA 51 39 36
台東
PM10
04/26 36 33 33 35 30 33 31 31 38 30 38 37 40 39 31 35 33 33# 1000# 27# 30 29 26 15
台東
PM10
04/27 16 24 15 17 17 20 23 23 18 24 25 24 30 26 20 24 19 17 10 11 11 12 9 3
台東
PM10
04/28 0* 0* 5 1 4 11 7 14 9 16 4 7 4 3 6 9 11 15 19 16 17 8 13 18
台東
PM10
04/29 9 11 10 14 11 13 12 12 18 18 17 3 11 15 16 17 23 12 16 17 15 17 16 16
台東
PM10
04/30 10 14 20 15 22 13 21 26 29 32 35 49 46 45 40 40 1000# 40 36 48 39 42 36 35
台東
PM10
監測年月：2019/05， 測站：臺東， 測項：PM10（μg/m3）
台東
PM10
日期 00 01 02 03 04 05 06 07 08 09 10 11 12 13 14 15 16 17 18 19 20 21 22 23
台東
PM10
05/01 27 32 38 28 29 26 20 27 21 26 41 45 35 31 23 27 22 14 10 8 20 19 11 6
台東
PM10
05/02 0* 11 18 16 17 20 19 25 29 26 28 36 40 24 30 33 34 30 46 42 38 21 19 13
台東
PM10
05/03 9 6 4 4 9 11 10 9 9 11 17 9 16 34 41 49 55 45 37 32 33 40 40 39
台東
PM10
05/04 28 33 31 34 27 27 24 14 20 19 22 17 40 38 41 45 42 42 34 35 33 31 37 25
台東
PM10
05/05 25 32 34 28 33 29 30 24 31 29 23 24 26 30 25 30 22 32 27 24 19 19 16 17
台東
PM10
05/06 16 11 13 16 15 14 14 16 17 17 10 12 8 11 14 10 16 11 12 14 15 8 14 12
台東
PM10
05/07 6 11 9 12 8 7 5 5 9 6 11 14 19 8 17 16 12 8 8 7 9 8 10 11
台東
PM10
05/08 9 10 9 7 11 13 9 11 13 17 11 11 19 16 29 30 35 31 22 19 17 21 25 20
台東
PM10
05/09 8 11 13 16 18 18 18 16 12 16 11 23 17 21 16 21 23 21 24 18 10 9 7 9
台東
PM10
05/10 2 2 5 8 6 8 4 2 11 7 4 7 4 14 18 16 14 9 6 4 9 11 11 10
台東
PM10
05/11 6 8 10 11 9 10 8 11 10 10 5 12 11 11 21 19 18 24 14 18 14 9 8 8
台東
PM10
05/12 3 2 15 8 14 19 9 11 8 6 9 17 12 14 14 10 7 11 13 7 11 13 8 6
台東
PM10
05/13 3 2 11 11 11 16 15 22 11 10 9 7 6 7 5 3 4 8 14 12 8 14 13 14
台東
PM10
05/14 13 15 19 17 16 21 18 17 23 22 17 13 20 18 20 13 16 17 18 34 36 34 36 23
台東
PM10
05/15 28 24 27 28 30 27 28 26 29 29 55 28 24 14 17 19 14 1000# 9# 19 22 21 16 12
台東
PM10
05/16 12 23 26 25 20 20 17 28 17 14 14 11 12 13 19 15 15 16 20 21 18 30 25 32
台東
PM10
05/17 12 28 25 25 21 30 24 27 21 19 20 14 18 16 20 21 23 15 18 26 21 24 24 22
台東
PM10
05/18 16 19 19 25 21 17 20 21 21 26 25 22 15 14 20 13 13 15 16 10 20 17 15 16
台東
PM10
05/19 11 20 16 21 21 18 21 13 16 6 12 7 8 10 9 11 10 14 20 16 20 22 19 19
台東
PM10
05/20 20 20 21 24 19 23 23 19 19 12 11 12 19 25 15 14 11 9 6 10 14 25 19 16
台東
PM10
05/21 9 7 10 17 16 24 26 27 33 45 43 59 56 62 53 42 61 56 56 58 64 48 56 58
台東
PM10
05/22 48 53 54 42 46 46 40 46 41 51 52 49 53 49 48 48 54 51 32 21 31 32 36 24
台東
PM10
05/23 20 21 21 21 25 22 21 21 30 18 13 23 18 18 17 17 19 17 18 10 12 12 13 14
台東
PM10
05/24 10 12 12 11 12 21 8 11 11 8 7 6 17 16 14 1000# 10 15 16 10 10 11 16 17
台東
PM10
05/25 1 4 8 7 5 5 7 19 15 13 19 28 22 24 34 38 31 44 25 32 23 28 28 23
台東
PM10
05/26 27 24 27 29 29 32 29 30 27 29 29 31 32 32 32 31 32 33 32 24 14 10 7 14
台東
PM10
05/27 13 21 17 18 16 24 17 19 13 9 6 6 10 6 7 9 14 16 11 14 14 17 16 8
台東
PM10
05/28 7 14 14 16 17 15 21 17 20 17 10 8 7 1000# 1 9 7 12 19 30 27 20 20 11
台東
PM10
05/29 6 5 9 15 17 12 16 16 32 31 30 29 36 39 29 35 28 1000# 6# 9 13 1000* 13A 10
台東
PM10
05/30 4 3 10 14 8 17 12 15 9 6 2 8 19 8 17 19 22 14 17 11 22 12 12 9
台東
SO2
01/01 1.4 1.3 1.3 1.3 1.3 1.4 1.4 1.5 1.5 1.5 1.4 1.2 1.2 1.3 1.2 1.2 1.2 1.2 1.2 1.2 1.2 1.1 1.2 1.1
台東
SO2
01/02 1.1 1.1 1 1.1 1.1 1.1 1 1.1 1.2 1.3 1.3 1.3 1.3 1.2 1.2 1.2 1.3 1.3 1.2 1.1# 1 1 0.9 0.9
台東
SO2
01/03 1 1 0.9 1 1.1 1 1.1 1.2 1.2 1.2 1.2 1.2 1.2 1.2# 1.2 1.1 1.1 1.2 1.3 1.3 1.3 1.4 1.4 1.3
台東
SO2
01/04 1 1 1 0.9 1 0.9 1 1 1.1 1.1 1.1 1 0.9 1 0.9 1.3# 1.3 1.4 1.7 1.6 1.5 1.5 1.4 1.2
台東
SO2
01/05 1.4 0.9 0.9 0.8 0.8 0.8 0.9 0.8 1 1.1 1.1 1.2 1 0.9 0.9 0.9 1 1.1 1.1 1 0.9 0.8 0.8 0.8
台東
SO2
01/06 0.7 1.1 1 1 1.1 1.1 1.2 1.2 1.2 1.1 1.1 1.1 1.2 1.2 1.1 1.1 1.1 1.2 1.2 1.2 1.2 1.2 1.2 1.2
台東
SO2
01/07 1.2 1 0.9 0.9 1 1.1 1.1 1.1 1.3 1.2 1.1 1.1 1.2 1.2 1.6 1.2 1 1.1 1 0.9 1 0.9 1 0.9
台東
SO2
01/08 1 1.3 1.3 1.3 1.3 1.2 1.3 1.3 1.4 1.5 1.5 1.7 1.6 1.5 1.3 1.3 1.3 1.4 1.3 1.3 1.3 1.4 1.4 1.3
台東
SO2
01/09 1.2 1.3 1.2 1.2 1.3 1.2 1.2 1.3 1.2 1.3 1.2 1.3 1.3 1.3 1.3 1.3 1.3 1.3 1.2 1.4 1.3 1.3 1.4 1.4
台東
SO2
01/10 1.5 1.1 1 0.9 1 0.9 0.9 0.9 1 1 1 1 1.1# 1.1 1 1 1 1 1 1.1 1.2 1.2 1.1 1
台東
SO2
01/11 0.9 1 1.1 1.1 1.1 1.1 1.1 1.1 1.2 1.1 1.2 1.2 1.1 1.2 1.2 1.6 1.4 1.5 1.4 1.3 1.3 1.3 1.2 1.3
台東
SO2
01/12 1.3 0.9 1 0.9 1 0.9 0.9 0.9 1 1.2 1.1 1.1 1.1 1.1 1.2 1.1 1 1 1 1 0.9 0.9 1 1
台東
SO2
01/13 1 1.3 1.3 1.3 1.2 1.3 1.3 1.3 1.2 1.3 1.4 1.4 1.3 1.2 1.2 1.2 1.2 1.2 1.2 1.2 1.2 1.2 1.2 1.1
台東
SO2
01/14 1 1.1 1.1 1 1.1 1 1.1 1.1 1.2 1.2 1.1 1.1 1.1 1.1 1.2 1.3 1.2 1.2 1.2 1.2 1.1 1.1 1.1 1.1
台東
SO2
01/15 1.2 1.5 1.5 1.5 1.6 1.5 1.7 1.6 1.8 1.7 1.8 1.7 1.7 1.6 1.6 1.7 1.6 1.7 1.7 1.6 1.6 1.6 1.5 1.5
台東
SO2
01/16 1.5 1 1 1 0.9 1 1 1.1 1.1 1.1 1.1 1.1 1.1 1 1 1 1.1 1.1 1.1 1.1 1.1 1.1 1.1 1.1
台東
SO2
01/17 1 1.1 1.1 1.1 1.2 1.3 1.2 1.3 1.2 1.4 1.2 1.2 1.2 1.1 1.1 1.1 1.1 1.2 1.1 1.1 1.1 1.1 1 1
台東
SO2
01/18 1 1 1 0.9 0.9 1 1 1.1 1.1 1.2 1.1 1.1 1.1 1.1 1 1 1 1 1 1 1 1 1 0.9
台東
SO2
01/19 0.9 1 0.9 0.9 0.9 0.9 0.9 0.9 1 1 1.1 1 1 1 1.1 1.2 1.1 1.1 1.1 1.1 1 1 0.9 0.8
台東
SO2
01/20 0.6 0.8 0.7 0.7 0.8 0.7 0.8 0.7 0.8 0.8 0.8 0.8 0.8 0.9 0.8 0.8 0.8 0.9 0.8 0.8 0.8 0.8 0.8 0.8
台東
SO2
01/21 1.1 1 1 1 0.9 1 1 1.1 1.2 1.1 1.1 1.2 1.1 1.1 1.1 1.2 1.2 1.2 1.1 1.1 1.5 1.2 1.1 1.1
台東
SO2
01/22 1 1.5 1.4 1.4 1.4 1.4 1.3 1.4 1.5 1.4 1.5 1.5 1.5 1.4 1.4 1.3 1.3 1.4 1.4 1.4 1.4 1.4 1.4 1.5
台東
SO2
01/23 1.7 1.6 1.6 1.5 1.6 1.6 1.5 1.5 1.7 1.8 2 1.9 2 2 2 1.7 1.6 1.7 1.8 1.8 1.8 1.8 1.9 1.9
台東
SO2
01/24 1.7 1.1 1 1 1 0.9 0.9 1 0.9 1.1 1.1 1.1 1.1 1.1 0.9# 1# 1# 0.9# 0.9 0.8 1# 1.2 1.1 1.2
台東
SO2
01/25 1.1 0.9 0.8 0.6 0.6 0.6 0.6 0.6 0.6 0.7 0.7 0.7 0.6# 0.8# 0.7# 0.2 0.1 0.6 0.7 0.6 0.6 0.5 0.5 0.6
台東
SO2
01/26 0.4 1.1 1.1 1 1 1 1.1 1.1 1# 1.1 1.1 1.1 1 1.1 1 1 1 1 1 1 1 0.9 0.9 0.9
台東
SO2
01/27 1.3 1.4 1.4 1.4 1.4 1.4 1.4 1.4 1.5 1.5 1.5 1.5 1.6 1.4 1.4 1.5 1.5 1.4 1.5 1.5 1.6 1.6 1.6 1.6
台東
SO2
01/28 1.3 1.5 1.5 1.5 1.4 1.3 1.3 1.5 1.4 1.4 1.4 1.4 1.4 1.4 1.3 1.4 1.3 1.5 1.3 1.3 1.4 1.4 1.4 1.4
台東
SO2
01/29 1.3 0.7 0.6 0.6 0.7 0.6 0.7 0.7 0.8 0.7 0.8 0.7 0.7 0.7 0.7 0.8 0.7 0.7 0.8 0.8 0.7 0.7 0.8 0.7
台東
SO2
01/30 0.6 1.1 1.1 1.1 1.1 1.1 1.1 1.2 1.2 1.4 1.3 1.3 1.4 1.4 1.3 1.3 1.5 1.4 1.4 1.3 1.3 1.4 1.2 1.3
台東
SO2
01/31 1.1 1.1 1 1 1 1.1 1 1.1 1.2 1.2 1.3 1.3 1.3 1.3 1.4 1.3 1.6# 1.4 1.3 1.2 1.2 1.2 1.1 1
台東
SO2
監測年月：2019/02， 測站：臺東， 測項：SO2（ppb）
台東
SO2
日期 00 01 02 03 04 05 06 07 08 09 10 11 12 13 14 15 16 17 18 19 20 21 22 23
台東
SO2
02/01 0.9 1.2 1 1.1 1.1 1.1 1.1 1.1 1.2 1.2 1.3 1.3 1.3 1.3 1.4 1.4 1.5 1.4 1.3 1.2 1.2 1.2 1.2 1.1
台東
SO2
02/02 1.1 1.2 1.2 1.2 1.2 1.3 1.2 1.2 1.2 1.3 1.4 1.5 1.4 1.4 1.3 1.3 1.4 1.3 1.4 1.5 1.5 1.4 1.6 1.4
台東
SO2
02/03 1.5 1 0.9 0.9 0.9 1 1 1 1.2 1.7 1.3 1.2 1.2 1.2 1.1 1.1 1.1 1.2 1.3 1.1 1.1 1.2 1.1 1.1
台東
SO2
02/04 1 1.2 1.1 1.2 1.2 1.2 1.2 1.2 1.2 1.2 1.3 1.3 1.3 1.3 1.3 1.4# 1.5 1.6 1.4 1.3 1.2 1.2 1.2 1.2
台東
SO2
02/05 2.1 1.4 1.3 1.3 1.3 1.3 1.3 1.4 1.5 1.4 1.4 1.4 1.4 1.4 1.5 1.5 1.5 1.5 1.4 1.3 1.4 1.4 1.4 1.3
台東
SO2
02/06 1.4 1.1 1 1 1.1 1 1 1.1 1.1 1.2 1.3 1.6 1.3 1.3 1.4 1.4 1.5 1.7 1.4 1.5 1.9 1.8 1.5 1.4
台東
SO2
02/07 1.2 1 1 1 0.9 0.9 0.8 0.9 1 0.9 1 1 1 1 1 1.1 1.4 2.3 1.7 1.6 1.3 1.1 1 0.9
台東
SO2
02/08 1.1 1.1 1.1 1.1 1.1 1 1.1 1.1 1.2 1.2 1.3 1.2 1.2 1.1 1.2 1.1 1.2 1.1 1.1 1.1 1.1 1.1 1.1 1.1
台東
SO2
02/09 0.8 1.5 1.3 1.1 1.1 1 1.1 1.1 1.1 1.2 1.2 1.2 1.3 1.2 1.2 1.3 1.2 1.2 1.4 1.1 1.1 1.1 1.1 1
台東
SO2
02/10 1.1 1.2 1.1 1.2 1.1 1.1 1.2 1.1 1.2 1.2 1.3 1.4 1.4 1.3 1.3 1.2 1.2 1.2 1.2 1.2 1.3 1.3 1.2 1.2
台東
SO2
02/11 1.2 1.5 1.4 1.4 1.5 1.5 1.6 1.7 1.9 1.8 1.7 1.6 1.5 1.5 1.5 1.4 1.4 1.3 1.4 1.4 1.4 1.4 1.2 1.4
台東
SO2
02/12 1.4 1.2 1.1 1.1 1.1 1.1 1.1 1.1 1.2 1.2 1.3 1.4 1.5 1.3 1.3 1.2 1.2 1.3 1.2 1.3 1.2 1.6 1.9 1.7
台東
SO2
02/13 1.7 1.4 1.1 1.1 1 1 1 1 1.1 1 1.1 1.1 1.1 1.1# 1.1 1.1 1.2 1.1 1 1 1 1 0.9 0.9
台東
SO2
02/14 0.8 0.9 0.9 0.9 0.9 0.9 0.9 0.9 0.9 1 1 1.1 1.1 1.1 1 1.1 1 1 1.1 1 1 1 0.9 1
台東
SO2
02/15 0.9 1.5 1.4 1.4 1.4 1.3 1.4 1.4 1.6 1.6 1.6 1.7 1.6 1.7 1.7 1.6 1.5 1.6 1.7 1.9 2.5 2.2 1.7 1.5
台東
SO2
02/16 1.7 1.1 1.1 1.1 1.1 1.1 1 1.1 1.1 1.1 1.3 1.3 1.4 1.2 1.2 1.2 1.2 1.2 1.2 1.1 1.2 1.1 1.1 1
台東
SO2
02/17 0.9 1.1 1 1 1.1 1.1 1.1 1.1 1.1 1.2 1.1 1.2 1.1 1.1 1.2 1.2 1.2 1.2 2 1.3 2.5 1.3 1.2 1.2
台東
SO2
02/18 1.3 1 0.9 1 1 0.9 1 1.1 1 1.1 1.2 1.1 1.1 1.1 1.1 1.1 1.2 1.1 1.2 1.2 1.2 1.1 1 1
台東
SO2
02/19 0.9 1.1 1 1 1 1.1 1.2 1.4 1.7 1.7 1.6 1.3 1.4 1.2 1.3 3.1 2.4 1.7 1.4 1.5 1.4 1.4 1.4 1.4
台東
SO2
02/20 1.5 1 1.2 1.2 1.2 1.2 1.2 1.2 1.2 2 1.4 2 8.9 1.3 1.6 1.7 1.7 1.2 1.5# 1.9 1.1 4 7 1.6
台東
SO2
02/21 1 1.1 0.9 1 0.9 0.9 0.9 1 1.1 1.2 1.1 1 1.1 1.1 1.2 1.2 1.2 1.2 1.2 1.1 1.3 1.3 1.4 1.1
台東
SO2
02/22 0.9 1.1 0.9 0.9 1 1 0.9 1.1 1.1 1.1 1.3 1.2 1.2 1.3 1.2 1.2 1.1 1.3 1.1 1 0.9 0.9 0.9 0.9
台東
SO2
02/23 1 0.7 0.7 0.7 0.7 0.7 0.7 0.7 0.8 0.8 0.8 0.8 0.8 0.8 0.8 0.8 0.8 0.9 0.8 0.8 0.8 0.8 0.8 0.8
台東
SO2
02/24 0.6 1.1 1 0.9 1.1 1 1 1.1 1.1 1 1.1 1.1 1.1 1.1 1.1 1.1 1.1 1.1 1.1 1 1 1.1 1 1
台東
SO2
02/25 1.2 1.4 1.3 1.4 1.4 1.4 1.4 1.5 1.6 1.5 1.5 1.5 1.5 1.5 1.5 1.5 1.4 1.5 1.4 1.4 1.4 1.4 1.4 1.3
台東
SO2
02/26 1.3 0.9 0.9 0.9 0.9 1 0.9 1 1.1 1.1 1.1 1.2 1.3 1.2 1.3 1.2 1.1 1.1 1 0.9 1 1 1 0.9
台東
SO2
02/27 0.9 0.9 0.9 0.9 0.9 0.9 1 1 1.1 1 1 1.1 1.2 1.2 1.2 1.2 1.3 1.1 1.1 1.2 1.1 1.4 1.1 1.1
台東
SO2
02/28 1.1 1.4 1.7 1.8 1.6 1.5 1.5 1.4 1.5 1.6 1.4 1.4 1.4 1.5 1.4 1.4 1.3 1.4 1.3 1.3 1.3 1.3 1.4 1.3
台東
SO2
監測年月：2019/03， 測站：臺東， 測項：SO2（ppb）
台東
SO2
日期 00 01 02 03 04 05 06 07 08 09 10 11 12 13 14 15 16 17 18 19 20 21 22 23
台東
SO2
03/01 1.4 1 0.9 1 0.9 0.9 1 1 1 1.1 1.1 1.1 1.1 1.2 1.2 1.1 1.2 1.1 1 1.1 1 1 1 1
台東
SO2
03/02 1 0.7 0.7 0.7 0.7 0.7 0.8 0.8 1 0.9 1 0.9 1 1 0.9 0.9 1 0.9 1.1 1.1 1 1.2 1.9 1.4
台東
SO2
03/03 1.4 6.8 2.9 1.1 1 1 1.1 1.1 3.5 1.7 1.4 1.2 1.1 1.1 1 1 1.1 0.9 1 1 1 1 1 1
台東
SO2
03/04 0.9 1.1 1 1.1 1.1 1 1 1.1 1.2 1.2 1.2 1.3 1.3 1.2 1.3 1.4 1.2 1.1 1.2 1.2 1.1 1.1 1.1 1
台東
SO2
03/05 1 1 1 1 1 1 1.1 1.1 1.1 1.2 1.1 1.2 1.2 1.2 1.2 1.3 1.3 1.2 1.4 1.6 1.4 1.2 1.1 1.1
台東
SO2
03/06 1.1 1.3 1.3 1.2 1.3 1.3 1.2 1.2 1.3 1.4 1.4 1.5 1.4 1.4 1.3 1.4 1.4 1.3 1.3 1.2 1.2 1.2 1.1 1.1
台東
SO2
03/07 1.4 1 0.9 0.9 0.9 0.9 0.9 0.9 1# 1.1 1.1 1.1 1# 1.1 1.1 1.1 1.1 1.1 1.1 1.1 1 1 1 0.9
台東
SO2
03/08 1.1 1 0.9 0.9 0.9 0.9 0.9 0.9 1 1.1 1 1.1 1.1 1.1 1.1 1.1 1.2 1.3 1.3 1.1 1.1 1.1 1 1.1
台東
SO2
03/09 0.7 0.9 0.8 0.8 0.8 0.7 0.8 0.8 1 1.2 1.4 1.3 0.9 0.9 0.9 0.9 1 0.9 0.9 0.9 0.8 0.8 0.9 0.9
台東
SO2
03/10 1 1.3 1.2 1.2 1.1 1.1 1.1 1 1.1 1.1 1.2 1.2 1.2 1.2 1.1 1.1 1 1.1 1.1 1 1.1 1.1 1 1
台東
SO2
03/11 1.2 0.6 0.6 0.6 0.6 0.6 0.7 0.7 0.7 0.7 0.8 0.8 0.9 0.9 0.9 0.8 0.8 0.7 0.9 0.7 0.7 0.7 0.7 0.7
台東
SO2
03/12 0.6 0.8 0.7 0.7 0.7 0.7 0.8 0.8 0.9 1 1.2 1.5 1.5 1.5 1.3 1.3 1.3 1.3 1.1 1 1 0.8 0.8 0.7
台東
SO2
03/13 0.7 0.9 1 0.9 0.9 0.9 0.9 0.9 1 0.9 0.9 1 1 1 1 1.2 1.1 1.1 0.9# 0.9 0.9 0.9 0.9 0.9
台東
SO2
03/14 0.7 1 1 1 1 1 1 1.1 1.2 1.2 1.3 1.3 1.3 1.2 1.2 1.2 1.3 1.3 1.3 1.3 1.2 1.2 1.2 1.1
台東
SO2
03/15 1.1 1 0.8 0.9 0.9 0.9 0.9 0.9 0.9 0.9 0.9 1.1 0.9 1.1 1 0.9 0.9 0.9 1 0.9 1 0.9 1.1 1.3
台東
SO2
03/16 1.4 1.3 1.2 1.2 1.2 1.2 1.1 1.2 1.4 1.6 1.8 1.9 1.7 1.8 1.7 1.7 1.7 1.7 1.6 1.5 1.5 1.4 1.4 1.3
台東
SO2
03/17 0.9 1.5 1.4 1.4 1.4 1.3 1.3 1.3 1.4 1.4 1.5 1.5 1.5 1.4 1.5 1.5 1.5 1.5 1.5 1.4 1.5 1.5 1.4 1.4
台東
SO2
03/18 1.5 1.2 1.1 1 1 1.1 1 1 1.2 1.2 1.2 1.2 1.2 1.2 1.2 1.2 1.2 1.2# 1.1 1.1 1 1 1 0.9
台東
SO2
03/19 1.2 0.9 0.9 1 0.9 1 1 1.1 1.1 1 1 1 1.1 1 0.9 0.9 0.9 0.9 0.9 0.9 0.9 1 1 0.8
台東
SO2
03/20 0.7 1.1 1.2 1.2 1.1 1.1 1.2 1.3 1.4 1.4 1.3 1.3 1.3 1.3# 1.3 1.5 1.4 1.4 1.4 1.4 1.3 1.2 1.3 1.4
台東
SO2
03/21 1.3 1.1 1 0.9 1 0.9 1 1.1 1.1 1.1 1.1 1.1 1.1 1.1 1.1 1.1 1.2 1.3 1.7 1.2 1.2 1.4 1.3 1.2
台東
SO2
03/22 1.1 0.7 0.6 0.7 0.7 0.8 0.8 0.8 1 1 0.8 0.8 0.7 0.8 0.7 0.7 0.6 0.7 0.7 0.6 0.6 0.6 0.6 0.6
台東
SO2
03/23 0.6 1.1 1 1 1 1 1 1 1.1 1.1 1.1 1.1 1.1 1 1 1.1 1.1 1 1 1.1 1 1 1 0.9
台東
SO2
03/24 1.1 1.2 1.2 1.1 1.2 1.3 1.3 1.3 1.4 1.5 1.4 1.3 1.3 1.3 1.3 1.3 1.4 1.3 1.3 1.4 1.3 1.4 1.4 1.3
台東
SO2
03/25 1.3 1.1 1.1 1.1 1.1 1.1 1.2 1.2 1.7 1.8 1.4 1.2 1.2 1.2 1.3 1.3 1.2 1.3 1.2 1.2 1.3 1.2 1.2 1.4
台東
SO2
03/26 1.2 1.2 1.1 1.1 1.2 1.1 1.2 1.2 1.2 1.1 1.2 1.2 1.2 1.2 1.2 1.2 1.2 1.2 1.2 1.2 1.1 1.1 1.1 1
台東
SO2
03/27 1.1 1 0.9 0.9 1 0.9 0.9 1 1.1 1.1 1.2 1.1 1 1.1 1.2 1.1 1.1 1.2 1.4 1.2 1.6 1.2 1.1 1.1
台東
SO2
03/28 1 1.3 1.2 1.4 1.5 1.3 1.4 1.3 1.4 1.4 1.6 1.5 1.4 1.5 1.5 1.4 1.4 1.5 1.5 1.4 1.3 1.3 1.5 1.4
台東
SO2
03/29 1.1 1.2 1.1 1.1 1.1 1.1 1.1 1.2 1.3 1.5 1.5 1.4 1.4 1.4 1.4 1.3 1.3 1.4 1.5 1.3 1.3 1.3 1.3 1.2
台東
SO2
03/30 1.5 1.4 1.3 1.2 1.2 1.2 1.2 1.2 1.3 1.3 1.3 1.3 1.4 1.4 1.3 1.4 1.4 1.4 1.5 1.5 1.5 1.3 1.3 1.3
台東
SO2
03/31 1.2 1 1 1 1.1 1.1 1 1 1.1 1 1.1 1.1 1.1 1.1 1.1 1.1 1 1.1 1.1 1.2 1.2 1.2 1.1 1.1
台東
SO2
監測年月：2019/04， 測站：臺東， 測項：SO2（ppb）
台東
SO2
日期 00 01 02 03 04 05 06 07 08 09 10 11 12 13 14 15 16 17 18 19 20 21 22 23
台東
SO2
04/01 1.4 1.3 1.3 1.2 1.1 1.2 1.2 1.2 1.3 1.3 1.3 1.3 1.3 1.3 1.3 1.3 1.3# 1.4 -0.1# 1.2# 1.3# 1.3 1.3 1.3
台東
SO2
04/02 1 0.8 0.8 0.8 0.8 0.8 0.8 0.9 1 0.9 1.1 1 0.9 0.9 0.9 0.9 1 0.9 0.9 0.9 0.9 0.9 0.9 0.9
台東
SO2
04/03 1 0.9 0.9 0.9 0.9 0.9 0.8 1 1 0.9 0.9 0.9 0.9 0.9 0.8 0.9 0.9 0.9 0.9 0.8 0.9 0.8 0.8 0.8
台東
SO2
04/04 0.9 0.9 0.9 0.9 0.9 0.9 1 1 1 1 1.1 1.2 1.2 1.2 1.2 1.2 1.1 1.2 1.3 1.2 1.3 1.2 1.1 1.1
台東
SO2
04/05 0.7 1 0.9 1 1.1 2.3 1.5 1.2 1.2 1.4 1.6 1.5 1.3 1.1 1.3 1.1 1.1 1.1 1 1 1 1 0.9 1
台東
SO2
04/06 1.2 1.2 1.2 1.2 1.2 1.2 1.2 1.2 1.2 1.3 1.3 1.3 1.4 1.4 2.2 1.5 1.7 1.8 2 1.7 1.5 1.5 1.4 1.2
台東
SO2
04/07 1.2 1.1 1 1.1 1 1 1.1 1.2 1.2 1.3 1.3 1.2 1.3 1.5 1.6 1.3 1.4 1.2 1.2 1.2 1.1 1.2 1.2 1.2
台東
SO2
04/08 1.3 1.3 1.1 1.1 1.1 1.1 1.1 1.2 1.2 1.4 1.4 1.6 1.7 1.5 1.4 1.4 1.4 1.3 1.4 1.4 1.4 1.8 1.7 1.3
台東
SO2
04/09 1.2 1.1 1 1.5 1.3 1.2 1.1 1.2 1.8 1.3 1.2 1.3 1.3 1.4 1.3 1.2 1.3 1.2 1.3 1.2 1.2 1.2 2 1.3
台東
SO2
04/10 0.9 1.5 1.5 1.6 1.6 2.3 1.9 1.6 2.2 2.5 2.5 2.3 2.2 1.7 1.7 1.6 1.7 1.7 1.6 1.5 1.5 1.5 1.4 1.5
台東
SO2
04/11 1.6 1.1 1 1.1 1.1 1.2 1.2 1.2 1.2 1.2 1.2 1.2 1.2 1.3 1.4 1.4 1.4 1.3 1.2 1.2 1.2 1.1 1.1 1.1
台東
SO2
04/12 1.2 1.1 1 1 1 1 1 1.1 1.1 1.1 1.2 1.1 1.2 1.1 1.1 1.1 1.1 1.2 1 1.1 1.1 1.1 1.1 1.1
台東
SO2
04/13 1.1 1.1 1.1 1.1 1 1.1 1.1 1.2 1.2 1.2 1.2 1.2 1.2 1.1 1.1 1.1 1.2 1.2 1.3 1.2 1.2 1.3 1.4 1.4
台東
SO2
04/14 1.2 1.4 1.4 1.4 1.4 1.3 1.3 1.3 1.3 1.4 1.4 1.5 2.2 1.7 1.5 1.3 1.4 1.3 1.3 1.3 1.3 1.2 1.2 1.2
台東
SO2
04/15 1.3 1# 1 1 1 1 1 1 1.1 1.1 1.1 1.2 1.1 1.2 1.2 1.1 1.2# 1.2# 1.1 1.1 1.1 1.1 1 1.2
台東
SO2
04/16 1.3 0.8 0.7 0.8 0.7 0.8 0.8 0.9 1 1 1.1 1.1 1 1.2 1 0.9 0.9 0.9 0.8 0.8 0.9 0.8 0.9 0.9
台東
SO2
04/17 0.7 1.4 1.3 1.2 1.3 1.2 1.3 1.3 1.2 1.3 1.3 1.4 1.4 1.3 1.2 1.2 1.2 1.3 1.3 1.2 1.2 1.2 1.2 1.2
台東
SO2
04/18 1.2 1.1 1.1 1.2 1.1 1.1 1.1 1.2 1.2 1.3 1.3 1.3 1.5 1.6 1.5 1.4 1.5 1.3 1.3 1.3 1.3 1.3 1.2 1.2
台東
SO2
04/19 1.4 1.2 1.2 1.2 1.2 1.1 1.1 1.2 1.2 1.4 1.3 1.3 1.3 1.3 1.2 1.3 1.4 1.8 1.6 1.5 3.2 1.9 1.5 1.4
台東
SO2
04/20 1.4 1.2 1.1 1 1 1 1 1 1.1 1.1 1.4 1.7 1.7 1.5 1.4 1.5 1.6 1.5 1.4 1.4 1.4 1.3 1.5 1.1
台東
SO2
04/21 1.3 1.2 1.2 1.2 1.2 1.2 1.2 1.3 1.2 1.2 1.3 1.5 1.4 1.2 1.3 1.3 1.4 1.4 1.4 1.3 1.3 1.7 2 1.4
台東
SO2
04/22 1.3 1.2 1.2 1.1 1.2 1.1 1.2 1.3 1.4 1.4 1.8 1.5 1.4 1.3 1.4 1.4 1.4 1.3 1.3 1.3 1.2 1.8 1.5 1.5
台東
SO2
04/23 1.3 0.9 0.9 0.9 0.9 0.9 1 1.1 1.2 1.1 1.2 1.2 1.2 1.4 2.1 1.9 1.6 1.5 1.3 1 1.1 1.2 1.2 1.2
台東
SO2
04/24 0.9 0.8 0.8 0.8 0.8 0.8 0.9 0.9 1.1 1.2 1.3 1.1 1.3 1.4 1.2 1.2 1.2 1.2 1.1 1.1 1.1 1 1 1
台東
SO2
04/25 1.2 1.2 1.1 1.1 1.1 1.1 1.2 1.2 1.3 1.4# 1.5 1.4 1.3 1.4 1.2 1.1# 1.2 1.2# 1.1# 1.8# NA 1.2 1.3 1.3
台東
SO2
04/26 1.3 1.4 1.3 1.4 1.3 1.3 1.3 1.4 1.6 1.5 1.6 1.6 1.6 1.6 1.5# 1.6# 1.5 1.5 1.4# 1.4# 1.2 1.3 1.2 1.3
台東
SO2
04/27 1.2 1.1 1.2 1.2 1.2 1.1 1 1.1 1.2 1.2 1.2 1.1 1.1 1 1 1 1 1 1 1 1 1.1 1.1 1
台東
SO2
04/28 1.1 1.1 1 1 1 1 1.1 1.5 1.4 1.2 1.1 1.1 1.1 1.1 1.3 1.3 1.8 1.4 1.6 1.5 1.5 1.3 1.3 1.2
台東
SO2
04/29 1.2 1.1 1.1 1.1 1.1 1.1 1.2 1.3 1.4 1.2 1.3 1.4 1.5 1.3 1.3 1.3 1.2 1.3 1.4 1.3 1.3 1.5 1.4 1.3
台東
SO2
04/30 1.2 1.5 1.4 1.5 1.5 1.4 1.6 1.6 1.8 1.8 1.7 1.6 1.5 1.6 1.5 1.5 1.6# 1.6 1.5 1.6 1.5 1.6 1.5 1.5
台東
SO2
監測年月：2019/05， 測站：臺東， 測項：SO2（ppb）
台東
SO2
日期 00 01 02 03 04 05 06 07 08 09 10 11 12 13 14 15 16 17 18 19 20 21 22 23
台東
SO2
05/01 1.5 1.5 1.2 1.1 1.1 1.3 1.2 1.1 1.2 1.2 1.3 1.2 1.1 1.1 1.1 1 1 1.1 1 1.1 1 1 1 1
台東
SO2
05/02 1 1.2 1.1 1.1 1.1 1.2 1.2 1.2 1.2 1.3 1.3 1.3 1.3 1.3 1.3 1.3 1.3 1.3 1.2 1.3 1.2 1.2 1.2 1.1
台東
SO2
05/03 1 1.1 1 1 1 1.1 1 1.1 1.1 1.2 1.1 1.1 1.1 1.1 1.1 1.2 1.2 1.2 1.1 1.2 1.3 1.2 1.1 1
台東
SO2
05/04 0.9 1 1 0.9 0.9 0.9 0.9 0.9 0.9 1 1 1.1 1.1 1.1 1.1 1.1 1.1 1 1.1 1.1 1 1 1 1
台東
SO2
05/05 1 1.4 1.3 1.3 1.3 1.3 1.3 1.4 1.4 1.5 1.5 1.5 1.6 1.5 1.5 1.4 1.6 1.8 1.5 1.5 1.4 1.4 1.3 1.3
台東
SO2
05/06 1.3 0.8 0.7 0.7 0.7 0.7 0.8 0.7 0.8 0.8 0.8 0.8 0.8 0.8 0.8 0.8 0.8 0.9 0.8 0.9 0.8 0.8 0.7 0.7
台東
SO2
05/07 0.7 1.1 1.1 1.1 1.1 1.1 1.1 1.2 1.2 1.2 1.2 1.3 1.2 1.1 1.2 1.2 1.3 1.3 1.2 1.2 1.2 1.2 1.1 1.1
台東
SO2
05/08 1.1 1 1 0.9 0.9 0.9 1 1 1 1.1 1 1 1 1 1.2 1.2 1.2 1.1 1.1 1.1 1.1 1.2 1.1 1.2
台東
SO2
05/09 1 1.4 1.3 1.2 1.3 1.2 1.3 1.3 1.3 1.4 1.4 1.4 1.4 1.4 1.3 1.4 1.4 1.4 1.4 1.3 1.3 1.3 1.3 1.3
台東
SO2
05/10 1.2 1 1 1 1 1 1 1.1 1.2 1.3 1.1 1.1 1.1 1.1 1.1 1.1 1 1.1 1.1 1.1 1.1 1 1.1 1.1
台東
SO2
05/11 0.9 1.4 1.3 1.3 1.4 1.3 1.4 1.4 1.4 1.4 1.4 1.4 1.5 1.6 1.5 1.4 1.4 1.8 1.5 1.4 1.4 1.4 1.4 1.4
台東
SO2
05/12 1.5 1.3 1.2 1.2 1.2 1.3 1.2 1.3 1.3 1.4 1.6 1.5 1.5 1.5 1.5 1.3 1.3 1.3 1.4 1.3 1.2 1.3 1.3 1.2
台東
SO2
05/13 1.2 1.3 1.3 1.3 1.3 1.3 1.3 1.4 1.4 1.4 1.5 1.6 1.5 1.6 1.4 1.3 1.4 1.4 1.3 1.4 1.4 1.4 1.3 1.4
台東
SO2
05/14 1.3 1.1 1 1 1 1 1 1 1.2 1.1 1.3 1.2 1.2 1.2 1.3 1 1.1 1.1 1.2 1.3 1.6 1.4 1.1 1.3
台東
SO2
05/15 1.1 1.2 1.1 1 1 1 1 1 1.2 1.1 1.1 1.1 1.1 1 1 1.1 1.1 1.2 1.1# 1# 1.1 1 1 1
台東
SO2
05/16 0.8 1.1 1 1 1 1.1 1.1 1.1 1.2 1.1 1.1 1.1 1.1 1.1 1 1.2 1.2 1.3 1.3 1.2 1.2 1.2 1.1 1.1
台東
SO2
05/17 1.3 1.2 1.1 1.1 1.1 1.2 1.2 1.2 1.2 1.2 1.3 1.2 1.2 1.3 1.4 1.5 1.4 1.3 1.4 1.4 1.6 1.6 1.4 1.3
台東
SO2
05/18 1.2 1.1 1 1 1 1 1 1.1 1.1 1.2 1.1 1.1 1.1 1.1 1.1 1.1 1.1 1.1 1.1 1.1 1.1 1.1 1.2 1.1
台東
SO2
05/19 0.9 1.2 1.2 1.1 1.1 1.1 1.2 1.2 1.3 1.4 1.3 1.4 1.3 1.4 1.5 1.4 1.3 1.3 1.4 1.3 1.4 1.3 1.3 1.3
台東
SO2
05/20 1.3 0.9 0.9 0.8 0.8 0.8 0.9 1 1.1 1.1 1.2 1.1 1 0.9 1 0.9 1 1 1.1 1 0.8 0.8 0.8 0.8
台東
SO2
05/21 0.8 1.2 1.2 1.2 1.2 1.2 1.2 1.3 1.4 1.4 1.4 1.6 1.5 1.5 1.5 1.5 1.6 1.5 1.6 1.4 1.4 1.3 1.3 1.5
台東
SO2
05/22 1.4 1.2 1.1 1.1 1 1 1.1 1.1 1.4 1.5 1.5 1.6 1.6 1.6 1.5 1.5 1.6# 1.6 1.2 1.1 1 1 1 0.9
台東
SO2
05/23 1.1 1.1 1 1 1 1 1.1 1.1 1.1 1.1 1.2 1.1 1.1 1.2 1.1 1.1 1.2 1.3 1.3 1.2 1.3 1.2 1.1 1.1
台東
SO2
05/24 0.9 1.5 1.4 1.5 1.5 1.5 1.5 1.5 1.6 1.6 1.6 1.6 1.6 1.6 1.7 1.6 1.6 1.7 1.6 1.6 1.5 1.5 1.5 1.4
台東
SO2
05/25 1.3 0.8 0.8 0.8 0.8 0.8 0.8 0.9 0.9 0.9 0.9 1 1 1 1 1 1 0.9 0.9 0.9 0.9 0.9 1 1
台東
SO2
05/26 1.2 1.1 1.1 1.2 1.1 1.2 1.2 1.2 1.2 1.2 1.4 1.4 1.4 1.2 1.5 1.3 1.3 1.3 1.2 1.1 1.1 1.1 1.1 1.2
台東
SO2
05/27 1 0.9 0.8 0.9 0.9 0.9 1 1 1.1 1 1 1.1 1 1.1 1.1 1.1 1.2 1.1 1 0.9 1.3 2.3 1.5 1.3
台東
SO2
05/28 1.1 0.9 0.9 0.8 0.8 0.8 0.8 0.8 0.9 0.8 0.8 0.8 0.8 0.9# 0.7 0.9 1.1 0.8 0.8 0.8 0.7 0.6 0.7 0.6
台東
SO2
05/29 0.7 0.7 0.7 0.6 0.6 0.6 0.6 0.7 0.7 0.8 0.8 0.8 0.7 0.7 0.6 0.6 0.8 0.7# 0.7# 0.7 0.7 0.7 0.6 0.6
台東
SO2
05/30 0.5 1 1 1 1 1 1 1 1.1 1.1 1.1 1.1 1 1.1 1.1 1.1 1.2 1.2 1.1 1.1 1.1 1.1 1.1 1
台東
CO
01/01 0.22 0.19 0.18 0.18 0.18 0.19 0.21 0.24 0.26 0.26 0.24 0.24 0.24 0.23 0.22 0.23 0.23 0.29 0.31 0.28 0.27 0.25 0.22 0.21
台東
CO
01/02 0.21 0.19 0.19 0.19 0.19 0.2 0.22 0.32 0.38 0.39 0.36 0.35 0.4 0.36 0.33 0.35 0.37 0.54 0.42 0.33# 0.35 0.31 0.3 0.28
台東
CO
01/03 0.26 0.26 0.25 0.25 0.25 0.26 0.29 0.39 0.55 0.43 0.43 0.49 0.39 0.35# 0.4 0.42 0.39 0.67 0.59 0.52 0.47 0.45 0.39 0.37
台東
CO
01/04 0.34 0.33 0.32 0.3 0.33 0.31 0.37 0.48 0.5 0.41 0.41 0.36 0.38 0.32 0.31# 0.34 0.4 0.61 0.84 0.82 0.82 0.74 0.56 0.38
台東
CO
01/05 0.31 0.23 0.2 0.2 0.2 0.21 0.26 0.33 0.45 0.35 0.37 0.43 0.39 0.33 0.35 0.4 0.42 0.52 0.53 0.53 0.35 0.24 0.3 0.32
台東
CO
01/06 0.32 0.31 0.34 0.35 0.37 0.37 0.41 0.46 0.5 0.4 0.38 0.37 0.36 0.31 0.39 0.43 0.44 0.45 0.48 0.52 0.48 0.44 0.4 0.38
台東
CO
01/07 0.38 0.39 0.39 0.38 0.38 0.39 0.42 0.52 0.57 0.55 0.47 0.43 0.43 0.38 0.4 0.41 0.42 0.47 0.42 0.39 0.39 0.36 0.37 0.33
台東
CO
01/08 0.32 0.29 0.29 0.29 0.29 0.28 0.32 0.41 0.47 0.43 0.4 0.44 0.41 0.36 0.34 0.33 0.33 0.37 0.33 0.32 0.39 0.42 0.31 0.29
台東
CO
01/09 0.28 0.26 0.26 0.26 0.27 0.28 0.36 0.47 0.44 0.41 0.42 0.44 0.43 0.41 0.41 0.41 0.41 0.44 0.4 0.46 0.46 0.43 0.37 0.34
台東
CO
01/10 0.33 0.34 0.33 0.33 0.32 0.32 0.35 0.45 0.5 0.46 0.49 0.47 0.42# 0.42 0.43 0.46 0.48 0.65 0.56 0.78 0.76 0.71 0.54 0.42
台東
CO
01/11 0.37 0.31 0.29 0.28 0.28 0.28 0.35 0.45 0.45 0.38 0.44 0.41 0.37 0.37 0.35 0.45 0.41 0.59 0.53 0.47 0.47 0.47 0.38 0.39
台東
CO
01/12 0.3 0.24 0.24 0.22 0.2 0.2 0.22 0.24 0.27 0.34 0.29 0.33 0.29 0.28 0.31 0.3 0.33 0.32 0.32 0.27 0.36 0.33 0.37 0.4
台東
CO
01/13 0.39 0.4 0.41 0.43 0.44 0.47 0.5 0.53 0.57 0.6 0.59 0.55 0.47 0.44 0.41 0.42 0.43 0.44 0.49 0.51 0.47 0.45 0.41 0.37
台東
CO
01/14 0.37 0.39 0.38 0.38 0.38 0.38 0.42 0.5 0.56 0.48 0.47 0.45 0.45 0.41 0.43 0.48 0.49 0.52 0.56 0.51 0.45 0.43 0.4 0.38
台東
CO
01/15 0.36 0.35 0.35 0.35 0.35 0.35 0.38 0.54 0.72 0.58 0.61 0.46 0.41 0.37 0.4 0.47 0.45 0.61 0.45 0.41 0.42 0.36 0.35 0.3
台東
CO
01/16 0.29 0.3 0.29 0.3 0.31 0.31 0.35 0.47 0.51 0.51 0.53 0.55 0.59 0.5 0.53 0.57 0.57 0.62 0.54 0.47 0.48 0.5 0.48 0.47
台東
CO
01/17 0.45 0.41 0.39 0.39 0.37 0.35 0.37 0.5 0.51 0.46 0.41 0.44 0.49 0.41 0.45 0.42 0.45 0.58 0.5 0.45 0.44 0.43 0.36 0.35
台東
CO
01/18 0.33 0.31 0.32 0.32 0.32 0.32 0.34 0.44 0.48 0.47 0.4 0.34 0.36 0.33 0.31 0.32 0.35 0.37 0.34 0.41 0.39 0.37 0.3 0.28
台東
CO
01/19 0.24 0.23 0.22 0.22 0.22 0.23 0.25 0.32 0.36 0.37 0.35 0.35 0.31 0.34 0.34 0.42 0.38 0.46 0.42 0.37 0.36 0.32 0.27 0.24
台東
CO
01/20 0.22 0.17 0.17 0.17 0.16 0.17 0.19 0.22 0.29 0.26 0.26 0.25 0.24 0.23 0.21 0.21 0.21 0.28 0.33 0.32 0.4 0.51 0.5 0.47
台東
CO
01/21 0.45 0.46 0.46 0.47 0.49 0.54 0.57 0.67 0.69 0.66 0.6 0.58 0.6 0.46 0.52 0.54 0.54 0.61 0.55 0.48 0.47 0.42 0.36 0.33
台東
CO
01/22 0.32 0.29 0.29 0.28 0.28 0.28 0.32 0.38 0.42 0.4 0.35 0.38 0.37 0.36 0.37 0.38 0.39 0.6 0.46 0.44 0.44 0.41 0.37 0.36
台東
CO
01/23 0.36 0.34 0.34 0.34 0.34 0.35 0.37 0.43 0.5 0.47 0.48 0.45 0.44 0.4 0.42 0.42 0.41 0.57 0.52 0.45 0.42 0.41 0.37 0.35
台東
CO
01/24 0.34 0.34 0.34 0.34 0.34 0.34 0.36 0.44 0.51 0.52 0.46 0.45 0.41 0.4 0.42# 0.41# 0.44# 0.48 0.41 0.43 0.53 0.46 0.4 0.36
台東
CO
01/25 0.35 0.32 0.31 0.3 0.28 0.28 0.3 0.38 0.41 0.41 0.42 0.41 0.42# 0.37# 0.34 0.33 0.42 0.6 0.5 0.42 0.42 0.31 0.33 0.29
台東
CO
01/26 0.27 0.26 0.25 0.26 0.25 0.27 0.3 0.37 0.38# 0.36 0.34 0.32 0.3 0.27 0.28 0.28 0.32 0.39 0.37 0.38 0.39 0.34 0.29 0.25
台東
CO
01/27 0.23 0.22 0.22 0.22 0.21 0.2 0.22 0.25 0.3 0.3 0.3 0.28 0.27 0.27 0.25 0.26 0.32 0.33 0.28 0.27 0.26 0.24 0.21 0.19
台東
CO
01/28 0.18 0.21 0.2 0.2 0.19 0.19 0.22 0.33 0.39 0.37 0.39 0.4 0.38 0.35 0.34 0.39 0.4 0.38 0.33 0.28 0.37 0.41 0.32 0.26
台東
CO
01/29 0.22 0.19 0.19 0.18 0.18 0.19 0.22 0.3 0.34 0.36 0.37 0.33 0.32 0.31 0.36 0.36 0.38 0.42 0.42 0.41 0.34 0.34 0.4 0.24
台東
CO
01/30 0.22 0.21 0.21 0.21 0.21 0.22 0.25 0.41 0.44 0.4 0.4 0.4 0.38 0.34 0.39 0.39 0.46 0.75 0.61 0.56 0.48 0.46 0.34 0.29
台東
CO
01/31 0.24 0.24 0.22 0.22 0.22 0.22 0.26 0.37 0.49 0.48 0.48 0.38 0.36 0.36 0.39 0.38 0.41# 0.5 0.52 0.51 0.52 0.44 0.35 0.35
台東
CO
監測年月：2019/02， 測站：臺東， 測項：CO（ppm）
台東
CO
日期 00 01 02 03 04 05 06 07 08 09 10 11 12 13 14 15 16 17 18 19 20 21 22 23
台東
CO
02/01 0.37 0.36 0.4 0.39 0.4 0.41 0.43 0.47 0.55 0.52 0.58 0.56 0.53 0.5 0.55 0.6 0.6 0.67 0.55 0.52 0.5 0.47 0.44 0.38
台東
CO
02/02 0.37 0.37 0.36 0.36 0.37 0.37 0.4 0.46 0.51 0.5 0.6 0.56 0.43 0.36 0.39 0.37 0.4 0.51 0.54 0.72 0.73 0.64 0.57 0.37
台東
CO
02/03 0.33 0.28 0.27 0.25 0.28 0.29 0.34 0.45 0.55 0.55 0.57 0.43 0.41 0.42 0.4 0.35 0.36 0.37 0.29 0.28 0.3 0.32 0.33 0.32
台東
CO
02/04 0.3 0.2 0.19 0.18 0.2 0.22 0.26 0.33 0.34 0.39 0.62 0.65 0.68 0.68 0.68 0.71# 0.74 0.81 0.77 0.72 0.74 0.74 0.72 0.69
台東
CO
02/05 0.69 0.66 0.65 0.64 0.63 0.62 0.64 0.68 0.69 0.64 0.62 0.61 0.59 0.64 0.63 0.62 0.63 0.64 0.6 0.64 0.68 0.65 0.62 0.59
台東
CO
02/06 0.56 0.5 0.48 0.46 0.42 0.41 0.43 0.4 0.38 0.39 0.37 0.39 0.37 0.36 0.36 0.36 0.41 0.47 0.48 0.44 0.71 0.68 0.57 0.51
台東
CO
02/07 0.43 0.4 0.33 0.3 0.27 0.25 0.25 0.27 0.29 0.29 0.3 0.3 0.3 0.29 0.31 0.35 0.37 0.4 0.32 0.29 0.39 0.39 0.35 0.33
台東
CO
02/08 0.31 0.26 0.28 0.27 0.29 0.33 0.37 0.39 0.46 0.42 0.37 0.38 0.37 0.36 0.36 0.39 0.41 0.36 0.39 0.39 0.46 0.43 0.42 0.35
台東
CO
02/09 0.33 0.37 0.31 0.3 0.29 0.28 0.31 0.35 0.38 0.37 0.33 0.35 0.33 0.31 0.32 0.31 0.32 0.33 0.32 0.28 0.35 0.34 0.3 0.26
台東
CO
02/10 0.27 0.24 0.23 0.23 0.23 0.24 0.24 0.27 0.31 0.31 0.32 0.29 0.3 0.27 0.27 0.27 0.28 0.32 0.31 0.28 0.32 0.36 0.29 0.25
台東
CO
02/11 0.23 0.23 0.23 0.23 0.23 0.23 0.26 0.36 0.41 0.4 0.39 0.39 0.36 0.33 0.34 0.34 0.34 0.36 0.42 0.4 0.4 0.36 0.29 0.28
台東
CO
02/12 0.26 0.24 0.23 0.23 0.23 0.23 0.27 0.36 0.41 0.36 0.37 0.37 0.36 0.33 0.34 0.35 0.41 0.46 0.39 0.4 0.53 0.56 0.45 0.33
台東
CO
02/13 0.28 0.28 0.26 0.24 0.23 0.24 0.26 0.36 0.37 0.33 0.34 0.36 0.33 0.32# 0.33 0.33 0.35 0.38 0.31 0.3 0.32 0.31 0.27 0.26
台東
CO
02/14 0.26 0.23 0.22 0.22 0.22 0.25 0.28 0.38 0.37 0.34 0.38 0.4 0.37 0.36 0.37 0.38 0.41 0.53 0.46 0.35 0.36 0.31 0.29 0.29
台東
CO
02/15 0.27 0.23 0.22 0.22 0.21 0.2 0.25 0.35 0.41 0.34 0.38 0.43 0.4 0.28 0.29 0.29 0.29 0.46 0.54 0.58 0.68 0.48 0.27 0.24
台東
CO
02/16 0.18 0.19 0.17 0.17 0.17 0.17 0.19 0.25 0.24 0.27 0.27 0.3 0.3 0.3 0.3 0.31 0.35 0.38 0.36 0.32 0.41 0.4 0.34 0.29
台東
CO
02/17 0.3 0.29 0.28 0.29 0.3 0.3 0.32 0.36 0.38 0.37 0.38 0.37 0.37 0.33 0.33 0.32 0.35 0.34 0.4 0.38 0.35 0.33 0.3 0.28
台東
CO
02/18 0.28 0.27 0.26 0.26 0.27 0.28 0.35 0.4 0.45 0.38 0.37 0.36 0.35 0.34 0.35 0.32 0.37 0.51 0.54 0.4 0.44 0.29 0.23 0.22
台東
CO
02/19 0.2 0.18 0.19 0.18 0.19 0.22 0.31 0.48 0.51 0.46 0.42 0.38 0.36 0.3 0.32 0.31 0.41 0.65 0.54 0.62 0.43 0.39 0.31 0.27
台東
CO
02/20 0.24 0.23 0.25 0.23 0.23 0.25 0.27 0.38 0.41 0.37 0.3 0.34 0.33 0.29 0.31 0.36 0.4 0.37 0.43# 0.44 0.37 0.46 0.52 0.31
台東
CO
02/21 0.25 0.17 0.14 0.11 0.15 0.13 0.18 0.32 0.36 0.35 0.3 0.24 0.27 0.2 0.21 0.25 0.33 0.44 0.37 0.36 0.4 0.45 0.53 0.29
台東
CO
02/22 0.22 0.17 0.14 0.14 0.15 0.15 0.16 0.24 0.27 0.25 0.25 0.25 0.25 0.28 0.33 0.35 0.38 0.42 0.39 0.35 0.34 0.33 0.3 0.29
台東
CO
02/23 0.29 0.29 0.3 0.32 0.33 0.36 0.4 0.53 0.57 0.54 0.55 0.59 0.56 0.53 0.57 0.58 0.53 0.68 0.64 0.58 0.57 0.55 0.51 0.46
台東
CO
02/24 0.44 0.46 0.45 0.45 0.44 0.43 0.44 0.47 0.46 0.47 0.45 0.43 0.38 0.35 0.35 0.37 0.37 0.37 0.38 0.4 0.36 0.35 0.33 0.32
台東
CO
02/25 0.32 0.31 0.31 0.33 0.34 0.36 0.4 0.51 0.57 0.47 0.45 0.45 0.4 0.36 0.38 0.41 0.41 0.42 0.35 0.34 0.35 0.39 0.33 0.3
台東
CO
02/26 0.29 0.27 0.26 0.26 0.26 0.28 0.31 0.4 0.42 0.4 0.4 0.39 0.37 0.35 0.36 0.37 0.39 0.43 0.41 0.36 0.36 0.36 0.3 0.3
台東
CO
02/27 0.27 0.27 0.27 0.27 0.27 0.27 0.34 0.45 0.45 0.4 0.39 0.42 0.39 0.34 0.33 0.37 0.33 0.45 0.45 0.51 0.47 0.53 0.34 0.24
台東
CO
02/28 0.21 0.24 0.26 0.23 0.24 0.24 0.27 0.27 0.31 0.3 0.25 0.26 0.24 0.27 0.32 0.35 0.31 0.33 0.28 0.28 0.29 0.35 0.31 0.28
台東
CO
監測年月：2019/03， 測站：臺東， 測項：CO（ppm）
台東
CO
日期 00 01 02 03 04 05 06 07 08 09 10 11 12 13 14 15 16 17 18 19 20 21 22 23
台東
CO
03/01 0.26 0.32 0.31 0.31 0.33 0.33 0.37 0.43 0.44 0.44 0.45 0.43 0.39 0.39 0.41 0.42 0.46 0.45 0.49 0.48 0.48 0.44 0.39 0.37
台東
CO
03/02 0.34 0.3 0.29 0.28 0.28 0.28 0.32 0.37 0.41 0.39 0.42 0.4 0.39 0.35 0.38 0.34 0.44 0.48 0.46 0.49 0.51 0.52 0.62 0.43
台東
CO
03/03 0.41 0.49 0.35 0.27 0.24 0.26 0.28 0.35 0.4 0.44 0.43 0.33 0.31 0.3 0.3 0.31 0.29 0.33 0.3 0.31 0.3 0.28 0.27 0.26
台東
CO
03/04 0.27 0.25 0.24 0.24 0.24 0.25 0.29 0.42 0.45 0.44 0.45 0.44 0.44 0.44 0.46 0.45 0.47 0.62 0.53 0.52 0.5 0.5 0.47 0.47
台東
CO
03/05 0.48 0.44 0.44 0.46 0.46 0.47 0.5 0.59 0.68 0.63 0.56 0.53 0.48 0.46 0.5 0.51 0.53 0.63 0.66 0.6 0.64 0.51 0.41 0.34
台東
CO
03/06 0.21 0.19 0.19 0.18 0.21 0.25 0.28 0.38 0.43 0.42 0.41 0.4 0.35 0.3 0.31 0.34 0.38 0.42 0.39 0.38 0.37 0.39 0.4 0.41
台東
CO
03/07 0.41 0.39 0.39 0.4 0.4 0.4 0.43 0.52 0.58# 0.54 0.55 0.55 0.57# 0.52 0.47 0.42 0.43 0.54 0.45 0.44 0.51 0.56 0.56 0.54
台東
CO
03/08 0.5 0.46 0.44 0.44 0.44 0.45 0.47 0.54 0.61 0.6 0.58 0.61 0.62 0.57 0.55 0.51 0.61 0.86 0.75 0.63 0.72 0.58 0.45 0.4
台東
CO
03/09 0.38 0.37 0.36 0.35 0.35 0.34 0.37 0.46 0.49 0.51 0.5 0.53 0.47 0.39 0.37 0.36 0.39 0.39 0.37 0.38 0.34 0.36 0.41 0.37
台東
CO
03/10 0.37 0.37 0.37 0.35 0.33 0.32 0.34 0.39 0.31 0.31 0.39 0.45 0.42 0.28 0.28 0.29 0.33 0.35 0.35 0.35 0.35 0.36 0.35 0.34
台東
CO
03/11 0.34 0.38 0.37 0.36 0.37 0.37 0.41 0.49 0.59 0.55 0.57 0.57 0.61 0.53 0.58 0.55 0.53 0.64 0.51 0.43 0.43 0.38 0.34 0.3
台東
CO
03/12 0.28 0.27 0.27 0.27 0.28 0.3 0.34 0.45 0.5 0.45 0.45 0.45 0.45 0.39 0.39 0.42 0.43 0.59 0.51 0.45 0.42 0.38 0.35 0.31
台東
CO
03/13 0.31 0.28 0.27 0.27 0.26 0.27 0.29 0.36 0.45 0.39 0.41 0.5 0.42 0.36 0.37 0.54 0.4 0.47 0.35# 0.32 0.31 0.3 0.28 0.25
台東
CO
03/14 0.24 0.25 0.24 0.25 0.24 0.25 0.29 0.43 0.51 0.42 0.38 0.37 0.34 0.31 0.3 0.37 0.39 0.48 0.45 0.5 0.47 0.41 0.32 0.27
台東
CO
03/15 0.24 0.24 0.24 0.24 0.24 0.24 0.27 0.32 0.34 0.38 0.38 0.4 0.37 0.37 0.34 0.35 0.35 0.58 0.37 0.4 0.35 0.31 0.27 0.25
台東
CO
03/16 0.23 0.23 0.22 0.23 0.23 0.23 0.25 0.29 0.33 0.32 0.32 0.31 0.3 0.29 0.29 0.29 0.32 0.33 0.33 0.4 0.37 0.34 0.29 0.27
台東
CO
03/17 0.24 0.24 0.23 0.23 0.23 0.23 0.25 0.3 0.31 0.38 0.37 0.35 0.32 0.31 0.3 0.33 0.36 0.37 0.37 0.33 0.41 0.41 0.32 0.3
台東
CO
03/18 0.28 0.28 0.27 0.26 0.27 0.28 0.36 0.46 0.58 0.5 0.52 0.36 0.41 0.4 0.46 0.46 0.45 0.49# 0.44 0.39 0.33 0.37 0.32 0.29
台東
CO
03/19 0.28 0.24 0.24 0.24 0.24 0.26 0.3 0.43 0.47 0.41 0.38 0.4 0.4 0.36 0.37 0.38 0.38 0.4 0.43 0.43 0.4 0.37 0.31 0.29
台東
CO
03/20 0.28 0.27 0.27 0.28 0.27 0.28 0.32 0.47 0.55 0.46 0.43 0.42 0.43 0.37# 0.35 0.35 0.38 0.41 0.34 0.34 0.32 0.32 0.33 0.31
台東
CO
03/21 0.25 0.31 0.22 0.22 0.23 0.24 0.28 0.38 0.39 0.31 0.31 0.32 0.29 0.25 0.27 0.3 0.33 0.38 0.37 0.34 0.54 0.51 0.5 0.4
台東
CO
03/22 0.28 0.22 0.22 0.24 0.23 0.25 0.33 0.46 0.74 0.42 0.41 0.38 0.37 0.33 0.33 0.35 0.41 0.51 0.38 0.39 0.37 0.36 0.33 0.32
台東
CO
03/23 0.32 0.27 0.26 0.25 0.25 0.26 0.27 0.32 0.34 0.41 0.36 0.36 0.28 0.25 0.24 0.24 0.24 0.33 0.32 0.24 0.25 0.25 0.22 0.2
台東
CO
03/24 0.17 0.17 0.18 0.18 0.19 0.2 0.21 0.26 0.28 0.29 0.3 0.32 0.31 0.3 0.28 0.31 0.33 0.33 0.39 0.35 0.37 0.32 0.28 0.25
台東
CO
03/25 0.23 0.22 0.22 0.21 0.21 0.23 0.27 0.39 0.45 0.55 0.4 0.36 0.37 0.32 0.32 0.31 0.32 0.32 0.29 0.29 0.29 0.29 0.28 0.27
台東
CO
03/26 0.27 0.28 0.27 0.27 0.3 0.31 0.36 0.37 0.4 0.41 0.42 0.42 0.41 0.39 0.4 0.44 0.42 0.56 0.49 0.46 0.44 0.42 0.36 0.35
台東
CO
03/27 0.33 0.32 0.32 0.32 0.32 0.33 0.35 0.4 0.46 0.39 0.44 0.41 0.37 0.37 0.38 0.46 0.45 0.61 0.57 0.39 0.37 0.34 0.33 0.28
台東
CO
03/28 0.28 0.24 0.24 0.27 0.25 0.29 0.32 0.44 0.51 0.43 0.46 0.42 0.42 0.3 0.32 0.33 0.35 0.57 0.59 0.33 0.32 0.5 0.64 0.39
台東
CO
03/29 0.31 0.27 0.26 0.26 0.27 0.28 0.33 0.43 0.51 0.48 0.4 0.41 0.36 0.33 0.34 0.36 0.4 0.51 0.5 0.48 0.43 0.5 0.56 0.39
台東
CO
03/30 0.29 0.25 0.25 0.26 0.26 0.28 0.3 0.32 0.32 0.37 0.41 0.36 0.41 0.45 0.38 0.37 0.41 0.46 0.46 0.45 0.41 0.37 0.36 0.34
台東
CO
03/31 0.33 0.29 0.28 0.28 0.27 0.3 0.3 0.33 0.32 0.29 0.29 0.31 0.28 0.28 0.3 0.3 0.31 0.35 0.37 0.35 0.36 0.35 0.31 0.29
台東
CO
監測年月：2019/04， 測站：臺東， 測項：CO（ppm）
台東
CO
日期 00 01 02 03 04 05 06 07 08 09 10 11 12 13 14 15 16 17 18 19 20 21 22 23
台東
CO
04/01 0.27 0.27 0.26 0.25 0.25 0.25 0.28 0.35 0.41 0.38 0.37 0.36 0.37 0.32 0.34 0.39 0.39# 0.55 0.4 0.35 0.34 0.31 0.27 0.26
台東
CO
04/02 0.26 0.23 0.22 0.22 0.22 0.23 0.27 0.36 0.49 0.35 0.36 0.34 0.32 0.29 0.3 0.33 0.33 0.46 0.41 0.39 0.36 0.35 0.34 0.29
台東
CO
04/03 0.28 0.27 0.26 0.25 0.24 0.25 0.29 0.42 0.48 0.34 0.37 0.36 0.34 0.33 0.34 0.4 0.34 0.41 0.35 0.36 0.3 0.29 0.25 0.24
台東
CO
04/04 0.24 0.26 0.25 0.25 0.27 0.28 0.31 0.39 0.34 0.38 0.36 0.35 0.33 0.28 0.29 0.28 0.38 0.47 0.47 0.51 0.54 0.41 0.4 0.26
台東
CO
04/05 0.22 0.21 0.26 0.32 0.31 0.36 0.4 0.38 0.47 0.59 0.35 0.37 0.33 0.26 0.28 0.29 0.33 0.35 0.38 0.39 0.37 0.35 0.33 0.33
台東
CO
04/06 0.35 0.31 0.3 0.3 0.3 0.31 0.35 0.38 0.38 0.39 0.4 0.41 0.39 0.37 0.38 0.39 0.39 0.44 0.42 0.48 0.49 0.5 0.45 0.36
台東
CO
04/07 0.32 0.29 0.27 0.26 0.27 0.28 0.31 0.33 0.33 0.4 0.35 0.36 0.36 0.37 0.38 0.36 0.35 0.36 0.35 0.35 0.36 0.46 0.35 0.32
台東
CO
04/08 0.32 0.28 0.26 0.26 0.26 0.27 0.32 0.42 0.46 0.42 0.42 0.42 0.4 0.38 0.38 0.44 0.42 0.5 0.53 0.47 0.45 0.6 0.5 0.4
台東
CO
04/09 0.37 0.33 0.32 0.31 0.32 0.35 0.42 0.57 0.69 0.47 0.43 0.4 0.39 0.33 0.29 0.29 0.3 0.37 0.34 0.33 0.33 0.31 0.38 0.33
台東
CO
04/10 0.26 0.18 0.17 0.18 0.18 0.2 0.29 0.4 0.38 0.28 0.3 0.3 0.28 0.25 0.27 0.26 0.25 0.3 0.3 0.32 0.35 0.33 0.3 0.27
台東
CO
04/11 0.28 0.3 0.29 0.29 0.29 0.32 0.35 0.41 0.41 0.38 0.35 0.35 0.38 0.37 0.34 0.36 0.34 0.41 0.36 0.41 0.34 0.3 0.26 0.25
台東
CO
04/12 0.25 0.21 0.21 0.21 0.22 0.22 0.24 0.31 0.38 0.34 0.35 0.36 0.36 0.35 0.37 0.38 0.38 0.41 0.38 0.37 0.43 0.4 0.32 0.29
台東
CO
04/13 0.26 0.25 0.24 0.24 0.23 0.24 0.27 0.34 0.37 0.33 0.34 0.3 0.31 0.27 0.29 0.27 0.3 0.37 0.33 0.32 0.38 0.47 0.42 0.31
台東
CO
04/14 0.28 0.27 0.24 0.23 0.22 0.24 0.25 0.28 0.29 0.3 0.3 0.32 0.31 0.3 0.31 0.3 0.31 0.32 0.3 0.26 0.25 0.23 0.26 0.24
台東
CO
04/15 0.22 0.21# 0.22 0.22 0.23 0.26 0.27 0.36 0.37 0.34 0.38 0.37 0.38 0.39 0.37 0.39 0.43# 0.58# 0.45 0.39 0.36 0.33 0.3 0.28
台東
CO
04/16 0.27 0.29 0.28 0.29 0.29 0.3 0.35 0.49 0.7 0.51 0.62 0.52 0.53 0.51 0.45 0.51 0.51 0.44 0.39 0.37 0.43 0.43 0.43 0.32
台東
CO
04/17 0.3 0.29 0.28 0.28 0.28 0.31 0.37 0.48 0.42 0.41 0.4 0.49 0.49 0.46 0.43 0.46 0.47 0.65 0.54 0.48 0.44 0.4 0.37 0.35
台東
CO
04/18 0.33 0.3 0.29 0.29 0.29 0.31 0.33 0.4 0.47 0.41 0.39 0.39 0.38 0.32 0.36 0.4 0.52 0.63 0.57 0.54 0.49 0.44 0.35 0.29
台東
CO
04/19 0.28 0.26 0.27 0.27 0.26 0.28 0.33 0.38 0.49 0.47 0.45 0.41 0.38 0.36 0.39 0.48 0.46 0.79 0.59 0.67 0.72 0.66 0.45 0.31
台東
CO
04/20 0.31 0.25 0.25 0.24 0.23 0.26 0.3 0.37 0.36 0.34 0.39 0.43 0.42 0.36 0.35 0.38 0.42 0.47 0.46 0.44 0.38 0.45 0.52 0.41
台東
CO
04/21 0.32 0.3 0.27 0.27 0.28 0.3 0.34 0.4 0.41 0.39 0.46 0.42 0.39 0.3 0.29 0.27 0.3 0.37 0.38 0.36 0.49 0.45 0.45 0.33
台東
CO
04/22 0.27 0.22 0.22 0.23 0.23 0.25 0.29 0.4 0.43 0.39 0.4 0.41 0.4 0.34 0.35 0.3 0.32 0.43 0.37 0.36 0.37 0.51 0.48 0.31
台東
CO
04/23 0.26 0.23 0.23 0.22 0.24 0.27 0.35 0.4 0.55 0.39 0.3 0.31 0.3 0.29 0.35 0.39 0.36 0.47 0.4 0.31 0.33 0.4 0.56 0.37
台東
CO
04/24 0.26 0.22 0.23 0.22 0.22 0.25 0.32 0.39 0.56 0.52 0.37 0.32 0.25 0.23 0.23 0.27 0.27 0.33 0.33 0.32 0.42 0.3 0.28 0.34
台東
CO
04/25 0.35 0.26 0.24 0.23 0.24 0.25 0.32 0.42 0.46 0.41# 0.41 0.31 0.31 0.29 0.28 0.31# 0.32 0.39 0.37 0.41 NA 0.49 0.39 0.35
台東
CO
04/26 0.27 0.22 0.2 0.19 0.18 0.18 0.22 0.31 0.4 0.28 0.29 0.33 0.3 0.29 0.31# 0.36# 0.33 0.37 0.39 0.4# 0.35 0.33 0.29 0.24
台東
CO
04/27 0.21 0.2 0.2 0.19 0.19 0.21 0.24 0.29 0.33 0.36 0.37 0.34 0.31 0.29 0.28 0.34 0.35 0.39 0.41 0.43 0.39 0.34 0.35 0.32
台東
CO
04/28 0.35 0.27 0.25 0.21 0.19 0.24 0.32 0.42 0.43 0.3 0.28 0.27 0.21 0.2 0.19 0.2 0.2 0.26 0.25 0.21 0.22 0.25 0.22 0.21
台東
CO
04/29 0.15 0.16 0.15 0.15 0.16 0.18 0.26 0.34 0.39 0.27 0.25 0.25 0.27 0.24 0.25 0.24 0.28 0.37 0.33 0.31 0.34 0.3 0.2 0.18
台東
CO
04/30 0.19 0.15 0.15 0.15 0.14 0.18 0.24 0.31 0.51 0.31 0.24 0.31 0.24 0.24 0.23 0.24 0.28# 0.34 0.33 0.39 0.31 0.28 0.22 0.18
台東
CO
監測年月：2019/05， 測站：臺東， 測項：CO（ppm）
台東
CO
日期 00 01 02 03 04 05 06 07 08 09 10 11 12 13 14 15 16 17 18 19 20 21 22 23
台東
CO
05/01 0.17 0.3 0.17 0.16 0.16 0.2 0.28 0.27 0.36 0.3 0.32 0.36 0.32 0.31 0.37 0.4 0.4 0.42 0.4 0.36 0.35 0.31 0.29 0.29
台東
CO
05/02 0.25 0.22 0.22 0.22 0.21 0.23 0.26 0.33 0.4 0.38 0.38 0.43 0.49 0.36 0.35 0.4 0.41 0.62 0.53 0.48 0.42 0.38 0.37 0.32
台東
CO
05/03 0.31 0.3 0.3 0.3 0.3 0.32 0.35 0.45 0.55 0.47 0.47 0.39 0.43 0.34 0.31 0.37 0.41 0.57 0.41 0.35 0.34 0.3 0.26 0.23
台東
CO
05/04 0.22 0.18 0.18 0.18 0.18 0.19 0.21 0.26 0.33 0.34 0.33 0.32 0.3 0.25 0.24 0.26 0.27 0.29 0.38 0.32 0.27 0.27 0.23 0.2
台東
CO
05/05 0.19 0.2 0.19 0.18 0.18 0.19 0.21 0.24 0.27 0.26 0.24 0.28 0.27 0.26 0.27 0.26 0.25 0.38 0.42 0.34 0.31 0.29 0.25 0.2
台東
CO
05/06 0.19 0.19 0.19 0.19 0.19 0.2 0.25 0.3 0.45 0.35 0.38 0.37 0.41 0.27 0.31 0.25 0.38 0.58 0.36 0.3 0.28 0.25 0.24 0.2
台東
CO
05/07 0.19 0.18 0.18 0.19 0.19 0.21 0.24 0.34 0.44 0.42 0.31 0.34 0.31 0.26 0.28 0.28 0.39 0.45 0.38 0.31 0.29 0.26 0.23 0.21
台東
CO
05/08 0.2 0.19 0.19 0.19 0.19 0.2 0.23 0.33 0.46 0.36 0.35 0.43 0.36 0.32 0.37 0.37 0.4 0.4 0.4 0.42 0.54 0.54 0.43 0.32
台東
CO
05/09 0.26 0.21 0.17 0.2 0.19 0.2 0.24 0.32 0.4 0.35 0.27 0.29 0.26 0.24 0.3 0.29 0.36 0.42 0.36 0.34 0.31 0.29 0.24 0.21
台東
CO
05/10 0.2 0.2 0.2 0.2 0.2 0.22 0.28 0.38 0.45 0.38 0.36 0.43 0.44 0.31 0.33 0.34 0.3 0.36 0.39 0.4 0.42 0.38 0.32 0.27
台東
CO
05/11 0.24 0.22 0.22 0.22 0.21 0.23 0.26 0.3 0.33 0.32 0.29 0.3 0.28 0.28 0.3 0.28 0.33 0.37 0.31 0.3 0.31 0.32 0.27 0.24
台東
CO
05/12 0.22 0.18 0.18 0.18 0.18 0.2 0.21 0.25 0.24 0.24 0.23 0.25 0.24 0.23 0.2 0.2 0.22 0.27 0.28 0.23 0.24 0.25 0.19 0.21
台東
CO
05/13 0.18 0.17 0.16 0.17 0.17 0.19 0.24 0.36 0.32 0.28 0.25 0.25 0.24 0.25 0.28 0.31 0.36 0.43 0.35 0.29 0.27 0.29 0.27 0.27
台東
CO
05/14 0.22 0.22 0.21 0.19 0.2 0.22 0.26 0.34 0.38 0.32 0.32 0.35 0.32 0.25 0.27 0.26 0.32 0.35 0.3 0.32 0.32 0.33 0.28 0.24
台東
CO
05/15 0.23 0.2 0.21 0.2 0.21 0.21 0.25 0.3 0.4 0.27 0.3 0.33 0.39 0.26 0.29 0.3 0.32 0.47 0.39# 0.34 0.38 0.29 0.26 0.24
台東
CO
05/16 0.21 0.21 0.2 0.2 0.2 0.25 0.26 0.31 0.35 0.3 0.31 0.31 0.3 0.28 0.29 0.34 0.36 0.39 0.36 0.31 0.3 0.5 0.33 0.27
台東
CO
05/17 0.26 0.21 0.2 0.2 0.19 0.25 0.31 0.33 0.33 0.26 0.27 0.27 0.28 0.24 0.25 0.32 0.31 0.37 0.41 0.38 0.36 0.32 0.25 0.22
台東
CO
05/18 0.2 0.2 0.19 0.19 0.2 0.22 0.25 0.32 0.32 0.34 0.36 0.47 0.32 0.29 0.29 0.3 0.35 0.34 0.35 0.41 0.39 0.37 0.34 0.27
台東
CO
05/19 0.23 0.15 0.16 0.16 0.14 0.16 0.21 0.2 0.24 0.24 0.23 0.21 0.22 0.21 0.22 0.23 0.23 0.25 0.32 0.26 0.27 0.3 0.3 0.28
台東
CO
05/20 0.24 0.21 0.19 0.18 0.18 0.2 0.25 0.32 0.48 0.31 0.27 0.34 0.33 0.26 0.26 0.28 0.34 0.59 0.58 0.37 0.32 0.26 0.23 0.22
台東
CO
05/21 0.22 0.19 0.2 0.19 0.19 0.21 0.24 0.32 0.49 0.36 0.39 0.38 0.4 0.37 0.35 0.35 0.48 0.61 0.5 0.41 0.31 0.29 0.27 0.25
台東
CO
05/22 0.24 0.25 0.24 0.24 0.25 0.27 0.32 0.44 0.43 0.38 0.39 0.38 0.39 0.34 0.38 0.42 0.35# 0.49 0.39 0.37 0.34 0.34 0.27 0.25
台東
CO
05/23 0.23 0.22 0.22 0.22 0.22 0.22 0.27 0.36 0.51 0.37 0.35 0.38 0.33 0.32 0.3 0.28 0.36 0.7 0.65 0.39 0.42 0.34 0.28 0.25
台東
CO
05/24 0.24 0.22 0.23 0.22 0.24 0.24 0.27 0.38 0.42 0.36 0.4 0.37 0.33 0.4 0.46 0.4 0.5 0.65 0.5 0.38 0.39 0.39 0.35 0.26
台東
CO
05/25 0.2 0.21 0.21 0.2 0.21 0.21 0.25 0.36 0.32 0.4 0.39 0.41 0.49 0.34 0.26 0.26 0.3 0.41 0.31 0.37 0.38 0.29 0.3 0.25
台東
CO
05/26 0.23 0.2 0.2 0.21 0.21 0.23 0.26 0.28 0.31 0.25 0.24 0.25 0.29 0.24 0.22 0.23 0.23 0.3 0.33 0.31 0.34 0.24 0.29 0.24
台東
CO
05/27 0.19 0.2 0.19 0.2 0.21 0.23 0.31 0.4 0.48 0.41 0.32 0.28 0.32 0.42 0.35 0.51 0.45 0.4 0.35 0.36 0.35 0.29 0.26 0.23
台東
CO
05/28 0.2 0.2 0.19 0.19 0.2 0.22 0.28 0.33 0.43 0.29 0.29 0.25 0.28 0.26# 0.27 0.33 0.43 0.54 0.38 0.37 0.28 0.3 0.3 0.25
台東
CO
05/29 0.24 0.23 0.21 0.21 0.21 0.24 0.26 0.26 0.29 0.27 0.27 0.3 0.3 0.2 0.24 0.25 0.32 0.42# 0.39# 0.28 0.25 0.23 0.2 0.19
台東
CO
05/30 0.18 0.15 0.15 0.15 0.16 0.18 0.22 0.25 0.29 0.27 0.27 0.29 0.26 0.25 0.25 0.28 0.32 0.63 0.56 0.5 0.41 0.34 0.26 0.2
台東
O3
01/01 22 26 26 26 25 24 24 22 23 23 26 28 28 30 30 29 28 25 25 26 25 27 27 27
台東
O3
01/02 27 27 28 27 27 26 26 23 21 18 19 21 23 22 23 21 20 18 20 21 21# 23 23 22
台東
O3
01/03 22 21 20 19 19 18 17 16 16 16 18 19 24 27 26# 26 25 18 16 17 20 20 21 20
台東
O3
01/04 20 20 19 18 16 16 13 9.6 9.9 15 24 24 24 25# 25 24 23 20 13 4.5 4 3.9 4.2 6.8
台東
O3
01/05 8.8 9.5 9.2 9.3 9.1 9.6 7.4 7.2 6.2 9 19 19 19 20 20 19 18 15 14 9 9.9 17 20 18
台東
O3
01/06 18 16 14 13 13 12 12 12 11 16 19 24 26 29 31 31 32 30 27 25 26 27 27 27
台東
O3
01/07 26 26 26 25 24 22 20 18 16 18 25 30 31 31 30 30 29 28 27 26 26 26 20 20
台東
O3
01/08 19 18 17 16 16 14 12 11 13 15 24 22 25 29 30 29 29 29 30 28 23 21 25 25
台東
O3
01/09 26 25 26 26 26 26 26 25 28 29 29 29 30 30 30 29 29 28 28 24 24 23 24 25
台東
O3
01/10 23 23 22 20 19 17 15 14 14 21 29 31 32# 33 33 32 30 27 27 16 13 11 13 13
台東
O3
01/11 13 14 13 12 10 11 9.2 7.7 10 19 27 28 28 27 27 27 24 20 19 20 17 12 11 9.4
台東
O3
01/12 9.3 9.5 11 12 12 12 12 11 10 11 17 22 22 22 24 22 21 21 21 22 19 22 17 16
台東
O3
01/13 15 15 15 15 15 15 14 14 13 15 17 26 30 30 30 29 28 26 23 21 21 21 23 25
台東
O3
01/14 26 25 25 26 27 27 27 25 22 26 30 32 34 35 34 32 31 31 25 25 26 28 28 27
台東
O3
01/15 27 25 25 23 22 21 19 13 10 12 15 23 28 31 29 27 26 23 23 20 18 21 17 19
台東
O3
01/16 21 22 23 23 29 31 31 28 26 27 28 31 32 34 35 34 31 31 30 31 32 33 34 34
台東
O3
01/17 33 32 30 29 28 27 25 23 23 24 26 26 27 30 31 33 28 26 27 30 29 29 30 31
台東
O3
01/18 30 31 31 33 35 36 36 32 31 30 33 36 36 40 40 39 38 37 36 31 31 31 33 31
台東
O3
01/19 31 31 31 28 26 26 22 22 18 19 20 22 33 31 24 21 25 23 19 20 20 19 22 24
台東
O3
01/20 23 23 20 22 22 20 20 19 17 18 19 20 23 25 26 28 27 24 19 25 23 26 28 29
台東
O3
01/21 29 30 31 33 33 35 34 32 30 29 31 32 33 35 33 32 30 28 28 29 28 27 28 28
台東
O3
01/22 28 27 25 25 24 25 22 21 23 26 30 32 33 35 34 34 33 24 27 28 28 30 31 33
台東
O3
01/23 36 37 37 37 36 35 34 33 34 36 38 42 43 44 43 40 40 35 34 34 32 32 34 35
台東
O3
01/24 36 36 34 33 32 30 27 24 23 29 39 40 42 41 40 41# 42# 36# 39# 38# 34 35 36 36
台東
O3
01/25 36 36 33 27 25 24 21 19 19 23 34 38# 39# 40# 35# 39 36 31 29 28 23 33 29 29
台東
O3
01/26 32 35 40 35 43 38 38 36 36 35 34 34 34 34 31 31 32 31 32 34 33 34 35 35
台東
O3
01/27 35 35 34 34 33 32 30 29 27 26 27 28 29 31 32 31 27 26 27 28 27 26 27 27
台東
O3
01/28 26 25 23 24 21 20 17 16 16 17 20 28 30 30 30 29 28 27 25 25 22 16 16 18
台東
O3
01/29 20 22 19 21 19 19 18 16 16 27 26 31 32 32 32 32 31 30 28 25 27 29 23 27
台東
O3
01/30 32 30 29 28 25 25 23 20 18 18 26 35 36 35 33 33 28 21 21 23 22 20 21 20
台東
O3
01/31 19 20 20 20 18 19 18 17 19 22 28 30 30 28 28 27 26# 24 22 20 17 16 23 33
台東
O3
監測年月：2019/02， 測站：臺東， 測項：O3（ppb）
台東
O3
日期 00 01 02 03 04 05 06 07 08 09 10 11 12 13 14 15 16 17 18 19 20 21 22 23
台東
O3
02/01 36 37 38 38 35 34 32 29 27 27 27 28 29 29 26 25 25 24 25 26 26 27 27 29
台東
O3
02/02 29 29 29 29 27 25 24 21 21 23 22 23 30 34 33 32 32 27 25 19 15 15 18 22
台東
O3
02/03 18 20 15 16 15 15 13 10 12 19 26 27 26 25 25 24 25 22 23 23 22 16 14 11
台東
O3
02/04 9.4 9.9 11 11 11 11 10 11 13 16 25 27 28 29 28 26# 23 23 23 24 25 25 25 24
台東
O3
02/05 24 24 24 23 23 22 19 17 18 22 30 31 31 30 30 29 28 28 22 20 16 16 16 17
台東
O3
02/06 16 16 16 16 17 15 16 16 22 25 28 30 30 32 33 31 30 30 26 25 15 11 10 9.9
台東
O3
02/07 9.9 9.2 11 13 15 17 17 17 17 20 20 21 21 21 23 26 27 19 20 20 16 16 18 20
台東
O3
02/08 20 19 23 20 20 25 24 23 23 25 29 29 29 29 29 28 27 28 26 23 18 19 20 21
台東
O3
02/09 21 21 21 19 18 18 18 16 16 17 26 27 29 29 28 28 28 28 28 29 22 22 23 23
台東
O3
02/10 23 23 24 24 24 23 23 23 23 24 26 28 29 30 30 29 28 27 27 28 27 22 22 22
台東
O3
02/11 24 24 22 21 20 20 18 17 16 18 24 27 28 28 28 28 28 27 22 21 21 23 23 24
台東
O3
02/12 25 26 25 25 24 23 22 19 19 21 26 26 28 28 27 24 23 22 23 21 15 8.4 9.2 14
台東
O3
02/13 17 15 14 14 10 9.9 9.2 8.1 9 14 22 22 22# 25 26 26 26 25 25 24 22 21 22 22
台東
O3
02/14 21 22 20 20 19 17 16 15 15 23 24 25 26 28 27 28 25 22 24 25 25 26 21 22
台東
O3
02/15 24 24 24 22 20 16 13 13 15 19 22 22 22 23 23 22 21 19 17 12 5.7 7.2 12 11
台東
O3
02/16 12 11 11 12 12 12 12 11 14 18 21 24 27 26 26 27 26 26 27 27 21 21 24 25
台東
O3
02/17 23 23 24 24 24 28 27 26 26 29 31 32 32 32 31 31 30 29 26 26 26 27 27 27
台東
O3
02/18 27 27 26 25 24 22 18 17 19 20 24 27 26 24 21 20 20 17 15 15 12 16 15 16
台東
O3
02/19 19 19 19 19 20 15 10 9.9 14 20 21 21 21 21 20 21 23 21 23 23 23 22 26 24
台東
O3
02/20 25 22 17 16 16 16 14 12 13 18 24 25 26 26 25 20 17 16 15 14# 17 15 8.4 7.1
台東
O3
02/21 6.6 6.7 8.5 8.3 7.9 9 8.3 7.4 11 18 20 20 21 22 22 22 20 19 19 19 16 13 7.6 7.2
台東
O3
02/22 8.5 10 11 11 12 13 12 11 13 19 22 23 25 26 28 29 30 29 31 32 36 36 36 36
台東
O3
02/23 36 36 35 34 31 32 31 27 29 28 32 33 33 33 33 33 33 23 24 25 26 28 29 31
台東
O3
02/24 30 29 29 27 25 27 25 24 24 24 24 25 29 29 28 28 27 30 28 23 25 25 26 27
台東
O3
02/25 26 27 26 27 27 27 27 25 26 33 35 36 36 37 35 34 33 32 34 34 30 27 29 30
台東
O3
02/26 30 30 31 31 31 30 30 28 29 31 32 35 37 37 36 35 36 35 32 34 32 27 28 27
台東
O3
02/27 26 25 24 24 20 18 16 15 16 28 30 30 29 30 29 28 27 21 19 17 18 13 17 20
台東
O3
02/28 20 15 8.6 11 10 9 9.7 10 9.6 11 19 19 19 21 27 27 29 29 30 31 30 23 24 25
台東
O3
監測年月：2019/03， 測站：臺東， 測項：O3（ppb）
台東
O3
日期 00 01 02 03 04 05 06 07 08 09 10 11 12 13 14 15 16 17 18 19 20 21 22 23
台東
O3
03/01 24 24 24 23 22 20 20 18 19 23 28 30 33 33 32 32 32 31 24 23 21 19 20 22
台東
O3
03/02 22 20 19 19 17 14 13 13 13 24 29 27 25 24 23 24 23 23 23 21 20 15 9.3 11
台東
O3
03/03 10 11 12 13 14 15 15 14 18 23 23 23 26 28 26 26 26 30 33 33 33 35 35 35
台東
O3
03/04 31 28 28 27 27 26 24 20 24 32 32 33 34 34 35 37 33 25 26 27 28 29 31 32
台東
O3
03/05 34 33 30 31 31 31 30 27 27 28 33 37 39 37 35 35 33 30 28 28 25 24 23 21
台東
O3
03/06 20 18 18 20 18 18 18 16 16 24 27 28 31 33 33 34 35 35 34 34 34 36 37 37
台東
O3
03/07 34 34 34 34 34 34 33 30 27# 26 27 26 28 26# 28 30 29 29 32 36 41 45 46 46
台東
O3
03/08 46 45 45 44 44 44 42 40 37 35 35 33 32 30 30 31 27 23 25 24 23 23 23 25
台東
O3
03/09 23 23 21 19 19 22 25 19 17 21 24 31 33 31 30 28 25 24 24 19 21 21 17 17
台東
O3
03/10 18 17 15 14 16 17 17 17 24 27 27 29 30 31 30 30 29 29 29 28 28 27 32 36
台東
O3
03/11 39 33 36 37 38 36 36 35 35 33 32 31 31 32 29 27 26 24 24 26 27 30 33 35
台東
O3
03/12 35 37 37 38 38 39 38 36 35 36 42 53 52 52 51 48 47 41 36 39 38 36 34 33
台東
O3
03/13 30 30 30 29 28 27 24 22 20 20 20 34 41 41 40 36 38 38 35 36 36 38 37 35
台東
O3
03/14 35 35 35 36 34 32 29 23 22 24 33 43 43 43 42 39 38 35 33 27 30 28 28 27
台東
O3
03/15 26 25 24 23 28 34 33 36 36 35 34 33 37 37 39 40 40 30 36 34 36 38 41 45
台東
O3
03/16 47 46 45 42 41 38 35 33 36 41 48 48 48 48 49 49 48 48 47 38 37 36 36 36
台東
O3
03/17 34 34 32 31 30 28 27 27 28 37 39 39 38 36 35 34 33 34 34 33 32 24 25 24
台東
O3
03/18 23 25 22 20 19 17 15 15 15 20 28 29 28 28 25 23 22 21# 20 20 21 16 16 17
台東
O3
03/19 17 14 15 13 15 15 15 13 12 22 30 31 31 33 33 33 32 32 26 25 26 27 28 28
台東
O3
03/20 29 28 26 24 21 18 17 14 15 25 32 31 29 27# 23 19 17 14 11 11 11 10 8.5 8.5
台東
O3
03/21 11 6.6 7.8 12 13 13 13 13 13 16 16 17 19 19 20 20 19 17 17 16 12 13 12 10
台東
O3
03/22 13 15 17 16 17 16 15 13 14 22 25 28 29 31 31 31 30 28 30 27 27 27 27 30
台東
O3
03/23 28 28 28 29 29 28 29 27 27 24 25 26 33 34 34 34 32 26 26 31 31 30 32 33
台東
O3
03/24 35 35 37 38 36 35 35 34 34 34 35 34 37 36 37 31 30 30 28 27 26 25 24 24
台東
O3
03/25 24 23 20 19 19 15 13 13 16 22 26 27 26 25 24 25 24 24 26 26 27 27 27 29
台東
O3
03/26 30 32 32 32 23 22 21 27 30 32 33 33 34 35 34 33 30 22 20 20 20 22 24 23
台東
O3
03/27 24 24 25 24 21 19 15 14 16 25 33 34 34 32 31 28 27 22 20 24 24 24 23 21
台東
O3
03/28 16 18 19 14 16 12 15 15 15 18 20 20 18 19 19 19 21 19 17 18 17 13 11 15
台東
O3
03/29 17 19 18 17 18 18 18 18 20 24 25 27 28 28 27 27 28 27 27 28 28 25 15 18
台東
O3
03/30 22 19 19 19 31 38 37 37 39 33 37 39 36 38 39 38 37 32 31 30 28 25 26 28
台東
O3
03/31 26 28 30 29 30 31 33 34 34 39 41 41 43 43 44 44 42 37 35 39 38 37 39 41
台東
O3
監測年月：2019/04， 測站：臺東， 測項：O3（ppb）
台東
O3
日期 00 01 02 03 04 05 06 07 08 09 10 11 12 13 14 15 16 17 18 19 20 21 22 23
台東
O3
04/01 40 39 39 39 38 38 37 35 34 33 33 36 35 38 37 34 34 33# 33 32 33 35 37 38
台東
O3
04/02 38 38 37 35 35 34 33 30 28 37 38 38 36 35 36 35 36 33 31 31 31 30 28 25
台東
O3
04/03 22 19 18 20 19 19 17 15 18 29 30 29 30 28 28 26 27 26 25 22 27 29 30 29
台東
O3
04/04 29 26 28 26 26 26 23 21 24 30 29 29 30 30 31 30 25 24 22 20 19 21 19 19
台東
O3
04/05 18 18 17 14 11 9 9.3 12 15 18 21 25 25 21 23 26 28 29 31 32 32 34 34 34
台東
O3
04/06 25 29 29 29 29 28 25 25 29 34 32 33 34 33 34 33 33 33 29 23 23 18 18 19
台東
O3
04/07 20 17 18 18 17 18 17 19 26 30 32 31 31 34 35 31 32 31 32 31 30 25 25 25
台東
O3
04/08 24 22 22 21 19 18 17 20 24 31 31 30 31 31 29 28 30 29 25 25 23 12 12 12
台東
O3
04/09 13 16 16 16 17 15 19 19 21 23 20 18 17 17 16 15# 185# 8.4 9.2 12 12 11 4.1 3.8
台東
O3
04/10 6.2 8.4 7.9 9.3 11 12 13 13 14 16 18 19 25 24 27 27 23 26 29 30 31 31 32 31
台東
O3
04/11 31 32 32 32 31 25 24 26 31 34 34 35 35 35 37 32 28 25 24 24 26 31 37 39
台東
O3
04/12 39 38 36 34 33 32 31 29 30 35 36 37 39 39 40 40 40 39 38 36 33 33 35 35
台東
O3
04/13 35 36 36 35 35 34 32 29 30 33 38 37 37 37 36 36 35 33 32 31 30 26 20 24
台東
O3
04/14 21 17 19 19 19 20 17 17 20 30 33 33 34 35 33 32 31 32 32 32 33 33 30 32
台東
O3
04/15 31 31 33 33 34 45 44 38 38 39 40 43 43 41 39 40 38 34# 33 36 36 35 35 36
台東
O3
04/16 36 36 36 35 32 27 24 20 13 14 15 23 23 23 26 27 25 30 30 28 20 17 15 18
台東
O3
04/17 18 20 19 16 13 10 10 16 32 31 34 33 35 38 39 37 34 29 30 30 30 31 31 29
台東
O3
04/18 32 32 34 34 31 26 24 21 21 31 42 41 40 41 37 34 25 25 22 20 18 18 17 18
台東
O3
04/19 18 18 16 14 15 15 16 15 16 17 19 26 26 28 29 27 27 15 18 16 9.4 9.7 11 14
台東
O3
04/20 14 17 17 15 17 22 17 15 20 28 30 35 40 40 37 38 38 34 32 33 36 33 18 15
台東
O3
04/21 16 16 17 18 17 16 17 15 13 16 20 28 29 30 28 27 26 25 25 24 18 13 11 13
台東
O3
04/22 13 13 13 13 12 12 12 11 16 24 25 25 24 23 22 23 23 21 18 18 17 6.5 5.3 9.5
台東
O3
04/23 12 13 12 7.9 7 5.4 6.9 11 19 22 23 24 25 29 39 40 36 29 24 21 26 21 13 12
台東
O3
04/24 12 12 11 13 12 11 12 12 18 21 25 28 27 28 27 27 28 24 20 18 14 17 18 13
台東
O3
04/25 15 13 15 18 20 19 19 19 22 26# 28 29 30 29 28 25# 26 23 22 18 NA 16 16 16
台東
O3
04/26 17 20 20 20 19 20 18 17 20 26 25 26 27 29 31 31# 36# 35# 32# 27 31 31 29 31
台東
O3
04/27 29 28 27 27 26 23 22 24 27 31# 30 32 35 33 31 35 35 34 31 30 29 30 31 31
台東
O3
04/28 29 29 26 23 24 23 19 21 24 26 27 25 23 22 22 20 23 17 17 18 16 12 9.3 8
台東
O3
04/29 8.8 8.5 7.2 7.3 6.8 5.1 5.6 9 12 15 15 17 17 15 14 14 13 13 12 14 13 13 15 15
台東
O3
04/30 13 9.7 9.9 6.3 8.4 8.5 11 15 19 21 22 24 24 26 28 31 33 24# 19 17 18 18 18 19
台東
O3
監測年月：2019/05， 測站：臺東， 測項：O3（ppb）
台東
O3
日期 00 01 02 03 04 05 06 07 08 09 10 11 12 13 14 15 16 17 18 19 20 21 22 23
台東
O3
05/01 18 14 15 16 16 17 15 19 20 21 22 21 28 33 35 36 38 37 35 34 32 35 33 31
台東
O3
05/02 32 35 35 35 35 34 32 31 31 30 34 35 35 34 34 34 34 29 31 35 34 31 34 34
台東
O3
05/03 34 35 34 35 36 37 36 34 31 34 34 36 37 39 43 41 39 36 40 41 41 41 42 44
台東
O3
05/04 43 43 41 38 38 36 33 33 30 30 30 31 37 38 39 37 36 34 29 32 33 31 30 31
台東
O3
05/05 29 28 30 29 29 30 28 31 32 34 37 37 36 36 35 34 33 29 22 19 19 18 20 23
台東
O3
05/06 23 24 25 28 28 26 25 25 20 22 21 22 24 30 29 31 27 22 22 25 27 28 30 31
台東
O3
05/07 33 33 33 32 31 31 28 25 23 25 33 38 38 39 38 36 32 33 32 35 35 36 37 36
台東
O3
05/08 36 36 35 32 32 29 23 21 20 24 35 34 34 34 32 31 31 31 28 26 21 15 17 16
台東
O3
05/09 16 16 27 15 15 15 15 13 18 23 25 26 27 26 24 22 22 22 23 20 17 18 21 21
台東
O3
05/10 21 23 25 25 25 23 20 18 17 17 23 28 24 31 34 33 32 30 22 21 20 22 23 23
台東
O3
05/11 24 24 23 24 23 23 21 20 20 27 27 28 29 28 27 28 26 25 23 22 21 18 19 20
台東
O3
05/12 20 20 20 21 20 18 17 18 23 23 23 24 23 23 25 21 18 18 17 16 16 15 15 12
台東
O3
05/13 12 12 12 11 9.1 7.8 7.6 8.7 13 17 18 18 18 18 16 15 13 13 13 15 16 11 8 6.2
台東
O3
05/14 5.3 5.2 4.2 4.9 5.7 8 8.3 9.8 16 21 23 24 23 23 24 19 19 19 24 32 33 32 31 32
台東
O3
05/15 30 28 16 16 17 16 17 18 25 26 26 24 22 24 22 21 21 19 15 17# 13 16 12 9.8
台東
O3
05/16 8.6 9.1 9.9 9.2 7.6 8.3 7.1 7.9 14 21 22 23 22 22 20 18 16 17 15 15 17 6.2 8.9 8
台東
O3
05/17 6 6.6 6.2 6.7 6.4 6 4.6 10 18 20 20 19 20 21 23 22 20 16 15 16 18 17 17 16
台東
O3
05/18 10 9.9 7.9 8.7 8.4 6.8 7 7.2 8 10 11 8.8 6.7 8.6 7.7 7.5 7.2 8.6 11 11 9.2 8.3 8 7.9
台東
O3
05/19 8.7 10 10 10 9.2 9.7 8.6 12 19 24 28 25 29 32 31 32 28 24 21 23 20 16 12 10
台東
O3
05/20 9.2 9.3 9.5 8.1 7.9 7.6 8.5 13 21 23 24 24 22 21 20 23 26 17 11 18 32 34 34 33
台東
O3
05/21 31 32 35 37 38 39 36 33 29 32 34 39 43 41 38 43 39 33 31 29 42 48 50 48
台東
O3
05/22 44 44 43 42 36 32 29 26 41 53 52 52 50 48 47 44 42 41# 42# 37# 36 34 36 36
台東
O3
05/23 37 35 36 35 35 35 33 32 27 28 26 28 30 29 29 29 27 18 15 19 18 19 21 21
台東
O3
05/24 23 27 24 24 22 19 23 20 23 23 24 28 34 31 29 26 22 17 19 20 21 21 21 23
台東
O3
05/25 28 21 22 25 23 26 26 22 23 19 30 29 26 29 32 32 29 25 28 25 21 28 20 21
台東
O3
05/26 18 17 14 13 13 13 11 15 19 28 29 30 28 27 29 27 26 24 21 19 18 19 13 13
台東
O3
05/27 17 16 15 13 11 9.8 9.4 9.1 15 18 21 22 21 18 16 15 15 16 14 12 13 14 10 13
台東
O3
05/28 14 13 13 12 9.6 9.3 8.1 8.3 11 18 19 21 22 23# 20 16 14 14 14 23 26 28 22 23
台東
O3
05/29 26 26 28 28 29 26 26 32 32 33 34 36 36 38 35 33 29 27# 25 27 30 32 32 31
台東
O3
05/30 29 29 29 27 24 24 20 22 28 34 34 32 33 32 32 31 29 18 20 20 18 18 20 20
台東
NO2
01/01 3.1 1.3 0.6 0.8 1.3 1.4 2.3 3.7 3.8 4.5 3.1 2.4 2.3 1.9 1.4 1.9 4.4 7.1 6.3 4.3 4.3 2.4 0.8 0.4
台東
NO2
01/02 0.5 -0.1 -0.3x -0.4 -0.3 0.1 1.3 4.2 6.2 11 9.2 7.9 6.4 7.3 7.5 8.4 9.6 13 9.9 7.4# 6.3 4.3 3.9 2.9
台東
NO2
01/03 2.3 1.6 1.9 1.5 1.8 1.9 2.5 4.8 7 6.9 7 8.7 5.2 4.9# 7 6.2 5# 16 21 16 8.1 6.8 4.9 4.2
台東
NO2
01/04 3.5 2.7 2.5 2.5 2.8 2.5 4.5 7.9 7.5 6.6 6.3 6.1 4.6 3.8 3.3# 4.5 5.9 12 19 22 19 17 15 9.9
台東
NO2
01/05 7.5 4.8 3.1 1.9 2.1 1.9 3.6 4.8 6.5 4.8 4.5 5.5 5.4 4.1 4.9 6.1 7.2 11 11 12 8.2 3.7 4.3 4.7
台東
NO2
01/06 4.3 6 5.8 5.9 5.7 5.6 6.5 7.9 8.4 6.2 7 6.2 5.8 4.6 5.3 5.4 5.1 5.7 6.7 7.8 7.5 5.6 4.7 4.1
台東
NO2
01/07 3.9 3.5 3.4 3.4 3.7 3.9 4.4 8 11# 13# 8.7 6.6 5.7 5.3 6.3 6 7 8.5 6.6 6.5 5.9 4.5 4.9 4.7
台東
NO2
01/08 3.7 1.6 1 0.8 1 0.8 1.7 3.4 4.7 4.9 5.3 5.9 4.8 4.1 4.3 3.6 3.3 3.9 3.4 2.8 6.2 6.6 2.2 1.6
台東
NO2
01/09 1.2 1 0.8 0.7 1.3 1.7 3.1 5.5 4 5.4# 5.6 5.9 5.8 6 5.8 5.9 5.6 6.5 6 7.8 6.5# 6.1 3.9 3.2
台東
NO2
01/10 2.5 2.5 2.4 2 2.3 1.9 3.1 5 7.2 5.2 6.5 5.1 3.6# 4.2 4.7 6 7.3 12 8.9 18 19 17 12 7.4
台東
NO2
01/11 6.1 2.8 2.4 1.8 2 2.1 3.5 5.7 5.3 4.2# 4 2.9 2.5 2.6 2.9 6.2 5.6 9.2 9.2 8 9.2 9.7 7.1 8
台東
NO2
01/12 6.1 4.3 3.3 2.1 2.4 2.3 2.7 3.1 5.6 7 6.1 4.2 3 3.2 3.7 5.4 5.8 5.9 5.6 4.2 7.1 4.2 6.6 7.3
台東
NO2
01/13 6.4 5.7 5.5 5.6 5.5 5 5.7 6.5 7.7# 8.3 7.4 5.8 5.1 3.7 3.4 4.3 5.6# 5.8 7.4 7.9 7.3 6.6 4 2.8
台東
NO2
01/14 2.3 2.4 1.8 1.3 1.6 2 3.2 7.5 11# 11 7.1 8.4 6.8 5.4 6.3 9.6 10 11 14 11 8.1 7.4 4.3 4
台東
NO2
01/15 2.4 2.9 3 2.2 3 2.6 3.7 12 18 15 19# -7.7# 4.9# 4.9 6.3 7.4 9 12 8 6.8 7.8 6.3 5.5 3.2
台東
NO2
01/16 2.7 1.8 1.7 1.4 1.3 1.7 2.9 6 7.3 7.9 8.8 8.2 6.8 5.9 7 7.9 9.4 9.2 7.8 6.4 5.9 5.2 3.9 3
台東
NO2
01/17 2.6 2.1 2.2 2.1 2.2 2.5 3.9 7.6 7.9 7 5.5 6.7 6.3 4.7 5.4 5.5 8.2 9.8 8.4 6.7 7.5 5.3 3.1 2.7
台東
NO2
01/18 2.6 2.7 2.7 2.7 2.6 3 3.7 7.1 8.4 9.9 7.5 5 7.2 6 6 6.6 8 7.6 7.2 9.3 8.2 6.8 4.7 4
台東
NO2
01/19 3.1 2.2 1.9 1.7 1.9 2 2.7 4.3 5.5 6.8 6.8 6.8 5.3 6.9 9.7 13 12 12 12 9.8 10 7.2 4.8 3.7
台東
NO2
01/20 3 1.3 1.3 1.1 1 1.2 1.3 2.5 4.7 4.4 4.5 3.8 3.8 3.7 2.5 3 4 5.5 9 5.4 9.1 7.1 5 3.9
台東
NO2
01/21 3.4 3.9 3.5 3.3 3.4 3.6 4.7 6.9 9.9 10 9 8.7 8.2 5.9 9.1 9.7 11 11 9.8 8.2 8.6 6.4 4.8 4.1
台東
NO2
01/22 3.6 2.2 2.2 1.9 1.9 2.2 3 4.7 5.1 7.2 5.8 5.9 5.4 4.4 4.9 5.6 4.9 12 8.3 6.9 7 5.6 4 3.7
台東
NO2
01/23 2.9 2.3 2.4 2.2 2.2 2.5 3.1 5.8 7.2 8.4 8.3 8 7.6 6.8 8.3 10 8.5 11 11 8.9# 8 7.1 5.7 4.3
台東
NO2
01/24 3.3 3.1 3.1 3 2.9 3 3.4 5.8 7.9 9.6 8.7 8.1 6.3 6.9 8.4# 7.9# 8.1 11# 8# 8.3# 11 8.7 5.9 4.6
台東
NO2
01/25 4.1 3 2.7 2.4 1.8 1.8 2.9 5.3 5.3 7.3 7.3 6.1 5.6# 6.2# 5# 6.1# 10 14 12 8.7 9.3 5.4 4.8 3.7
台東
NO2
01/26 2.9 2 1.8 1.9 1.5 2 3.2 5.7 6.4# 6.7 7.2 6.8 5.8 5.3 8.5 7.3 7.3 9.6 8 7 8 5.6 4 3.2
台東
NO2
01/27 2.6 1.8 1.9 1.8 1.9 1.9 2.6 3.7 5.7 6.9 6.9 6.2 6.3 6.3 4.9 5.6 8.1 8.5 7.1 6.2 5.9 5.5 4 3.3
台東
NO2
01/28 2.8 2.9 2.4 2.3 2 2 2.6 5.4 7 6.1 8.2 8.2 7.2 6.2 6.5 8.3 8.5 8.3 7.9 5.8 9.4 11 8.1 5.4
台東
NO2
01/29 3.2 2 1.3 1.4 1.4 1.7 2.7 3.8 4.8 6.4 7 7.3 4.6 4.9 6.3 6 6.9 9 11 9.1 8.2 6.3 8.1 3
台東
NO2
01/30 1.8 1.5 1.4 1.6 1.8 2.2 3.3 5.4 7.4 8.2 7.5 6.6 6.3 4.7 7.3 8.2 13 19 15 14 12 11 7 5.5
台東
NO2
01/31 4.1 2.8 2.2 2.1 2.4 2.6 3.8 6.6 8.4 8.6 6.9 5.7 4.7 6.1 7.2 7.7 10# 7.5# 1.4# 13# 13 10 5.7 3.5
台東
NO2
監測年月：2019/02， 測站：臺東， 測項：NO2（ppb）
台東
NO2
日期 00 01 02 03 04 05 06 07 08 09 10 11 12 13 14 15 16 17 18 19 20 21 22 23
台東
NO2
02/01 3 2.2 2.2 1.9 2.1 2.3 2.4 4.3 8 8.9 9.7 9.5 8.5 8.6 11 13 14 14 11 8.9 8.7 6.9 5.6 3.4
台東
NO2
02/02 2.6 1.8 1.2 1.3 1.4 1.8 3 4.7 8.1 9.5 11 8.3 4.8 3.8 4.6 4.6 5 11 12 18 18 15 12 6.8
台東
NO2
02/03 6.2 2.1 1.6 1.5 2.1 2.7 3.8 6.2 9.1 7.2 4.9 3.1 4 4 3.7 1.6 1.9 4 3 2.9 4 6 5.1 6.4
台東
NO2
02/04 5.1 2 0.9 1 1.4 2.5 2.4 2.7 3 3.6 3.3 4.7 4.2 4.1 4 4.3# 6.2 7.4 6.1 5.5 5.2 4.6 4.2 3.1
台東
NO2
02/05 2.6 3.3 3 2.9 2.8 2.7 3.9 4.9 5.5 4.1 5.3 5.4 5.5 6.6 7.4 7.8 8.5 10 8.6 8.6 9.4 7.8 6.4 5.1
台東
NO2
02/06 4.9 3.1 2.6 1.9 1.7 1.9 2.7 3.4 3.8 4.5 4.3 5.1 5.3 4.7 5.4 5.2 7.2 9.9 11 9.8 21 19 15 13
台東
NO2
02/07 10 7.8 4.8 2.9 2.5 1.5 2.3 2.7 3.2 3.8 3.7 3.7 4 4.2 4.6 5.2 6.3 14 8.9 7 9.6 8.3 5.4 3.8
台東
NO2
02/08 3.2 2 1.7 1.9 2.1 2 3.6 4.1 6.3 4.1 4 4.4 4.4 4.9 5.1 6 6.8 5.4 8.1 8.6 8.7 8.3 6.7 4
台東
NO2
02/09 3.7 3.8 3.1 2.4 2.1 1.8 2.5 4 5.5 4.5 4.4 6.1 4.8 4.9 5.4 5.5 5 5.8 6.1 4.1 6.2 5.6 4 3
台東
NO2
02/10 3.2 1.9 1.7 1.6 1.6 1.6 2.4 3.1 4 4 4.2 4.1 4.6 4 3.4 3.5 4.5 6.9 6.3 4.6 5.6 6.9 4.4 2.9
台東
NO2
02/11 2.5 1.6 1.4 1.2 1.5 1.7 2.5 4 5.1 6.7 5.3 5.2 4.6 4.2 5.1 4.7 4.4 4.6 8.2 7.9 7 5.2 3.1 2.7
台東
NO2
02/12 1.6 1.3 1 0.7 0.9 1.6 2.1 5 5.5 4.8 5.3 6.6 4.1 3.9 4 4.2 5.1 8.2 6.4 7.5 12 15 12 6.4
台東
NO2
02/13 3.6 3.3 2.8 2.5 2.6 2.9 2.9 4.4 4.6 4.9 4.4 4.6 3.9 4.2# 4.4 5.7 6.6 5.5 4.3 4.4 5.8 5.6 3.2 2.6
台東
NO2
02/14 2.7 1.7 1.7 1.4 1.5 2.5 3.5 5.2 4.1 4.8 6.6 6.8 4.8 3.3 4.7 6.5 7.7 12 9.9 6.3 5.7 3.9 4 3.7
台東
NO2
02/15 2.9 1.8 1.2 1.6 1.8 1.9 2.9 4.5 6 6.6 5.3 6.6 5.5 3.4 4.6 5 4.6 8.4 12 15 19 14 6.7 5.8
台東
NO2
02/16 4 3.4 2.5 2.5 1.9 2.2 2.4 3.8 3.3 4.2 4.2 4.3 4.1 3.4 4.6 4.8 6 6.6 6 4.3 7.2 7.2 4.8 3.1
台東
NO2
02/17 3.3 3 2.8 2.6 2.5 2.8 3 4.1 4.4 4 4.4 4.6 4.7 3.6 4 4 4.8 4.7 6.9 6.9 6 4.6 4.2 3.4
台東
NO2
02/18 2.8 1.8 2 2 1.8 2.3 5.1 5.2 5.5 5 4.9 4.2 3.3 3.7 5.2 5.2 5.5 9.2 12 7.8 8.7 4.6 4.1 3.8
台東
NO2
02/19 2.2 0.8 1.1 1.4 1.3 3.3 7.7 8.6 7 7.1 4.7 4.2 3.4 2.6 2.6 3.6 5.5 8.3 6.5 7.8 5.7 5.2 3.5 2.2
台東
NO2
02/20 2 0.7 1.6 1.3 1.1 1.4 2 3.8 5.1 5.7 3.5 4.4 3.6 3.2 3.9 5.5 6.9 6.1 8.1# 9.6 6.6 8.8 13 8.2
台東
NO2
02/21 7.1 5.6 3 2 2.3 1.9 3.2 5.4 5.2 5.1 4.6 3 3.2 2.3 3.4 4 6 7.3 8.4 7.7 10 13 16 8.8
台東
NO2
02/22 8.4 4.4 3.3 3.1 3.1 2.7 2.7 3.9 3.7 4.7 4.9 3.9 3.8 4.4 4.4 5.2 5.6 7.3 6.3 4.8 3.8 3 2.1 2
台東
NO2
02/23 1.7 1.1 1.1 1.2 1.3 1.5 2.2 6 6.1 5.9 5.4 6.3 5.5 4.2 5.2 5.7 5.3 8.3 7.1 6.1 5.9 5.9 4.4 2.7
台東
NO2
02/24 2 2.3 2 1.9 2 2.1 2.5 3.6 4.7 4.8 5.6 4.6 3.6 3.6 3.9 4.7 5.2 5.7 4.9 5.5 4.5 4.1 3.4 2.9
台東
NO2
02/25 2.7 2.7 2.5 2.4 2.3 3 3.6 6.9 7.5 6.7 6.3 6.1 5.2 4.4 5.8 6.7 7 6.9 5.4 4.4 5.3 6.3 3.6 2.8
台東
NO2
02/26 2.4 1 1.3 1.2 1.4 1.8 2.3 4.6 5.2 5.6 6.5 5.7 4.9 4 4.5 5.5 6 6.8 6.7 4.7 5.4 5.1 3.3 3
台東
NO2
02/27 2 2.3 2.4 1.8 2.6 2.6 4 6.3 6.5 5.1 5.2 5 4.4 3.4 3.6 4.1 3.8 8 9.3 9.8 9.3 13 6.9 2.7
台東
NO2
02/28 2.2 3.1 6.4 4 4.4 5 4.4 4.3 8.3 11 3.4 3.1 3.4 3.4 3.9 4.6 4.3 6.5 5.3 4 4.7 7.2 4.8 3.7
台東
NO2
監測年月：2019/03， 測站：臺東， 測項：NO2（ppb）
台東
NO2
日期 00 01 02 03 04 05 06 07 08 09 10 11 12 13 14 15 16 17 18 19 20 21 22 23
台東
NO2
03/01 4.3 2.4 1.8 1.7 1.9 2.1 3.4 5 6.4 6.7 7.2 6.5 5.1 4.4 5.4 5.7 6.8 8.3 8.4 9.3 8 7.4 5.1 3.9
台東
NO2
03/02 3.1 2.9 2.6 2.3 2.2 2.8 3.8 5.3 6.8 5.4 5.3 5.1 4.3 4.5 4.5 4.4 6.5 6.8 7.7 8.2 8.8 12 14 9.3
台東
NO2
03/03 9.9 6.5 4.8 3.3 2.9 3.5 4.6 6.3 6.8 6 4.8 2.9 3.4 3.7 3.9 3.9 3.4 4.2 3.4 3.2 3.1 3.1 2.4 2.1
台東
NO2
03/04 2.1 1.2 0.9 0.6 0.4 1.3 1.9 5.7 6.5 5.3 4.6 4.5 4.8 4.7 5.4 5.4 5.2 8.6 6.8 6.2 4.8 4.8 3.2 2.6
台東
NO2
03/05 2 2.2 2 1.8 2 1.8 2.9 5.4 7.9 8.4 5.3 5.2 3.7 3.6 4.7 5.4 6 8.9 10 9.7 12 7.6 5.1 5.1
台東
NO2
03/06 1.9 0.8 0.9 0.9 1.8 2 1.9 3.6 6.2 6.9 7.2 6.3 4.2 3.9 6.3 5.3 5.9 7.7 5 4.4 3.8 2.8 2.2 2.1
台東
NO2
03/07 2.1 2.7 2.3 2.2 2.5 2.6 3.7 6.7 8.2# 9 9.7 9.1 8# 7.8 8 7.4 8.8 11# 8.2# 8.2 7.6 6.3 4.9 4.4
台東
NO2
03/08 3.9 2.9 2.5 2.4 2.5 2.7 3.4 5.9 8.5 10 9 10 9.2 8.8 8.4 8.3 9.8 15 13 11 11 8.4 5.8 3.7
台東
NO2
03/09 3.2 3 2.2 1.9 1.5 1.8 2.7 4.7 6.7 7.3 8.2 7.8 5.1 3.7 4 3.9 5.4 4.7 5.1 5.8 4.6 4.9 6.3 5.5
台東
NO2
03/10 4 5.3 5.1 4.7 3.5 2.9 3.4 5.4 5.7 4 5 4.6 4.5 4.1 4.8 5 6.4 5.3 4.3 4.8 4.2 4.1 3.1 3.3
台東
NO2
03/11 3.3 2.5 2.4 2.1 2.4 2.3 3.7 6.7 9.1 8.9 10 8.6 8.8 7.3 10 10 10 12 10 8.1 7.7 5.7 4 3.2
台東
NO2
03/12 2.4 2.3 2.4 2.8 3.3 3.1 4.6 7 9.2 8.1 9.8 9 10 8.5 8 11 11 14 12 9 8 5.8 4.4 3.2
台東
NO2
03/13 3.2 1.5 1.2 1.1 1.2 1.4 2.5 4.8 6 6.8 7.2 11 11 7.2 8 15 8.5 8.4 6.9# 5.7# 3.7 3.3 2.8 1.4
台東
NO2
03/14 1.3 0.8 1.1 1.2 1 1.2 2.3 5.2 9.5 6.5# 4.5 4.9 3.3 2.2 2.6 4.3 6.1 10 8.4 11 8.8 7.3 3.2 2.8
台東
NO2
03/15 1.3 1.2 1.1 1 1.2 1.2 1.8 2.9 4.5 5.8 6.1 7.4 4.7 5.3 4.8 4.4 5.2 11 6.5 6.5 6.1 4.2 3.2 2.6
台東
NO2
03/16 2.3 2 1.9 1.7 2 2 2.3 3.8 5.2 5.7 5.8 6.1 4.6 4.1 4.8 5.4 5.9 6.2 5.8 8.8 7 5.2 3.9 3.2
台東
NO2
03/17 2.6 3.5* 3.5x 3.1* 3.3* 3.1* 4x 5.4x 5.3x 5.6# 4.6 4.6 3.7 4 3.9 4.9 6.4 7 7.6 5.5 6.9 8.6 4.4 3.9
台東
NO2
03/18 3.4 2.5 2.6 2.2 2.1 2.4 3.4 6.6 8.7 9.2 6.8 3.2 3.9 4.1 6.1 5.8 6.2 8.1# 6.2# 5.6 4.1 5.7 3.5 2.6
台東
NO2
03/19 2.3 2.9 2.5 2.3 2 2.5 3.4 5.9 8.4 6.6 5.8 5.9 5.2 5.5 6.2 7.3 6.5 6.1 7.5 7.1 6.7 5.3 3.1 2.7
台東
NO2
03/20 2.2 1.2 1.4 1.5 1.3 1.7 2.4 5.6 7.4 7.6 4.9 4.4 3.7 3.2# 4 3.6 4.1 5.3 4.7 4 3.8 4.5 6.4 6.4
台東
NO2
03/21 4.3 7.8 4.7 2.5 2.1 1.8 3.2 6 6.5 4.2 4.5 4.8 2.5 2.3 3.1 4 5 6.4 6.6 5 11 12 14 10
台東
NO2
03/22 4.8 2.3 2.4 3.1 2.7 3.9 4.7 8.5 14 6.9 5.9 4.7 4.1 3.3 3.8 4.5 6.2 8.5 4.8 5.4 5.1 4.8 3.5 3.1
台東
NO2
03/23 2.6 2.5 2.6 2.3 2.3 2.9 3.7 5.6 6.5 8.5 9.3 9.2 6.2 6 5.7 5.9 4.8 7.2 9 6.7 5 4.7 3.7 3.1
台東
NO2
03/24 2.6 1.2 1.5 1.5 2.5 3.7 3.1 3.7 4.3 5.6 5.3 7 6 7.7 5.1 5.9 6.6 6.5 8.8 8.2 8.3 6.1 4.6 3.4
台東
NO2
03/25 2.3 2.8 2.7 2.3 2.9 3.2 4.6 6.2 8.3 11 6 5.3 5.1 4.8 4.7 5.4 5.9 5.4 5 4 4.3 3.8 3 3
台東
NO2
03/26 3.1 2.4 2 1.7 2.7 3.1 4.3 5 6.3 5.5 5.6 5.5 4.7 4.9 5.6 7.1 6.2 11 10 7.9 7.4 6 3.7 3.3
台東
NO2
03/27 2.5 1.9 1.8 1.7 2.2 2.2 3 4.2 5.6 5.8 5.3 3.6 3.4 3.5 3.5 5.3 6 11 12 4.9 4.6 3.3 2.9 2.5
台東
NO2
03/28 2.4 2.3 2.2 4.8 4.5 5.9 5.2 7.4 9.2 7.7 6.8 5.1 4.8 3.1 4.6 4.3 4.6 9.3 11 5.3 5.6 11 12 9
台東
NO2
03/29 6.1 3.3 2.8 2.9 2.8 3.1 3.7 6.4 8.9 7.9 5.4 5.1 3.9 3.1 3.8 4.9 6.7 11 12 9.9 8.3 9.3 13 8.8
台東
NO2
03/30 4.2 3.2 2.7 2.7 2.1 1.9 3.3 4.5 4.8 5.7 6.2 4.5 6.1 6.9 4.7 4.9 7.3 8.5 8.9 8.8 7.9 6.6 6.1 4.2
台東
NO2
03/31 4.8 2.7 2.5 2.7 2.3 2.9 3.4 4.7 4.5 4 3.9 5.2 4 4.2 4.2 4.2 3.8 6.2 7.6 6.3 6.1 5.2 3.8 3.4
台東
NO2
監測年月：2019/04， 測站：臺東， 測項：NO2（ppb）
台東
NO2
日期 00 01 02 03 04 05 06 07 08 09 10 11 12 13 14 15 16 17 18 19 20 21 22 23
台東
NO2
04/01 2.9 3.1 2.6 2.8 2.7 3.3 3.5 5.6 7.1 8.2 8 6.6 6.9 5.1 5.9 8.8 8.2# 11 10# 1.7# 6.8# 5 3.6 2.6
台東
NO2
04/02 2.4 0.9 0.9 1.2 1.1 1.4 2.7 4.7 8.6 5.6 5.5 4.4 3.5 3.5 3.4 4.9 5.2 9.2 8.4 7.4 5.8 5.5 5.1 3.8
台東
NO2
04/03 4 4.6 4.2 3.2 2.8 2.4 3.3 6.3 8 5 5.1 3.7 3.4 3.9 4.2 6.5 5.6 7.5 6 6.4 4 3.8 1.9 1.6
台東
NO2
04/04 2 2.1 1.7 1.9 2.1 2.5 3.3 4.3 3.7 6 4.6 3.6 4.3 3 3 2.9 5.1 7.3 7.5 9.1 10 7.8 6.1 3
台東
NO2
04/05 1.8 0.5 0.8 1.6 2.6 4.2 3.8 2.7 3.4 5.2 2.9 4 3.3 1.8 2.1 2.2 4.4 5 4.9 4.2 3.5 2.2 1.4 1.2
台東
NO2
04/06 3.4 1.5 1.3 0.9 1.1 1.6 2.3 3.2 3.6 3.4 3.9 4.5 3.9 3.3 3.7 4.2 3.7 4.8 5.8 7.8 7.1 8.5 6.5 3.2
台東
NO2
04/07 2.2 2.3 1.7 1.4 1.5 2.2 3.4 3.6 3.1 3.3 2.5 2.6 2.9 3.3 3.1 3.1 2.8 2.9 3.3 3.9 3.5 6.4 3.8 3.1
台東
NO2
04/08 3 2 1.1 1.3 1 1.5 2.3 3.6 4.9 5.5 4.4 4.3 3.4 3.3 3 5.1 4.2 6.4 9.4 6.6 6.1 13 10 7.8
台東
NO2
04/09 6.4 3.9 3.8 4.7 5 5 5.5 8.7 10 5.1 4 3.3 3.2 3.4 2.1 2.2 2.7 3.3 3.4 3.8 3.9 3.5 9.7 7.7
台東
NO2
04/10 4.4 2.7 2.2 2.7 3 5.5 5.5 6.4 3.9 3.3 4.6 4 2.8 2 2.8 3.3 3.5 3.2 2.9 3.9 3.8 2.9 2.2 1.5
台東
NO2
04/11 1.2 0.6 1 0.7 0.8 1.8 3.9 4.8 4.4 3.4 2.7 2.6 3.2 3.5 2.4 3 3.5 4.9 4.5 5.4 3.3 2 1.2 1.2
台東
NO2
04/12 1.2 1.1 1.4 1.3 1.6 1.6 2.6 5.1 6.3 5.2 5.5 5.5 4.5 5.1 5.3 6.3 6.4 7.6 6.8 5.5 6.7 6.3 3.6 2.9
台東
NO2
04/13 2.2 1.6 1.3 1.3 1.3 1.6 2.4 4.6 5.9 5 4.9 4.5 4.9 3.6 4.6 3.8 4.8 7.2 8.4 7.4 6.9 11 9.9 5.6
台東
NO2
04/14 4.2 5.4 3.5 2.7 2.6 2 2.4 3.3 3.7 4 3.4 3.7 4.1 4 4.5 4.9 5 5.5 4.5 3.4 3 1.9 2.1 2.1
台東
NO2
04/15 1.8 1# 0.6 0.7 1 1.8 2.5 5.1 6.5 6.3 6.6 7 5.3 5.8 6.5 5.8 7.3# 11# 8.7 6.3 5.4# 4.6 3 2.4
台東
NO2
04/16 1.7 1.4 1.8 1.5 1.7 2.5 3.8 8.5 15 13 15 11 8.6 9.9 7.9 10 11 7.1 6 6.4 7.5 7.5 7.8 3.9
台東
NO2
04/17 3.3 3 2.6 2.6 2.6 3.7 4.4 7.3 7.3 9.2 5.3 7.3 7.1 5.7 4.5 7 7.2 10 8.1 6.9 6.1 4.4 3 2.7
台東
NO2
04/18 2.1 1.1 1.3 1.2 1.4 1.3 2 3.8 5.9 6.4 5 4.3 3.5 3.2 5.1 6.2 14 12 12 10 9.5 6.9 5.6 3.2
台東
NO2
04/19 2.8 2.4 2.9 3.6 2.9 3.2 4.1 5.1 6.3 7.8 6.9 4.8 4.5 5 5.8 10 8.5 21 12 15 19 15 9.5 4.4
台東
NO2
04/20 4.7 3.1 2.5 2.1 1.6 1.9 2.9 4.6 4.1 3.4 5.3 4.9 4.3 3.4 3.3 4.2 6 9 9.3 8.8 4.4 6.5 11 8.2
台東
NO2
04/21 4.8 4.3 3.5 2.8 2.8 2.9 3.7 5.4 5.7 7.1 7.2 5.7 6.3 2.8 3 3 4.1 6.3 7.4 6.2 9.5 10 8.6 5.5
台東
NO2
04/22 3.7 1.5 1.5 1.7 1.9 2.1 2.7 3.8 5.1 5.2 5 4.7 3.4 3.2 3.9 3.1 3.2 6.4 6.2 5.6 6.3 13 13 6.9
台東
NO2
04/23 4.3 3.2 3.1 3.5 4.6 5.7 6.3 5.7 6.5 4 3 3.2 3.8 3.6 5 6.3 5.2 8.5 8.9 5.9 5.9 8.4 15 9.2
台東
NO2
04/24 5.2 2.4 3.3 2.2 2 2.8 3.6 4.9 8.3 7.8 3.9 3.3 2.6 2.5 3.2 4 3.2 5.8 6.6 6.1 10 6.1 4.7 7.3
台東
NO2
04/25 6.9 5.3 3.9 2.3 2.2 2.5 3.7 5.8 5.3 4.9# 5.4# 4 3.5 4.4 3.8 3.3# 4# 5.7 5.4 7.5 NA 9.7 7.2 8
台東
NO2
04/26 5.7 2.8 1.8 1.5 1.7 1.5 2.6 5.1 5.9 3.9 5.6 3.8 4 4.7 4.8# 8.3# 6.7 5.2# 10# 9# 9.2 6.3 5.5 3.4
台東
NO2
04/27 2.6 2.7 2.4 2.4 4.5 4.2 5 5 6.1 8.2 7.2 7.1 5.3 4.7 4.4 5.4 5.6 7.5 8.5 7.9 7.6 4.8 4.4 4
台東
NO2
04/28 6.1 1.9 1.7 2.3 1.8 3 5.4 5.7 5.3 3.8 3.1 3.2 2.1 2.3 2.2 4.3 3 3.8 4.7 3.5 4.1 4.8 5.6 4.7
台東
NO2
04/29 3.7 2.9 3.8 3 3.2 4.8 4.2 4.5 4.5 3.1 2.7 2.6 2.7 2.4 3.1 2.4 2.8 4.6 4.6 4.1 4.5 4.7 2.3 2.2
台東
NO2
04/30 2 2.6 2.7 4.9 2.9 4 4.7 5.1 5.3 4 2.6 3.6 2.3 2.7 3.4 5 4# 6.7 7.2 9 6 4.9 3.6 2.5
台東
NO2
監測年月：2019/05， 測站：臺東， 測項：NO2（ppb）
台東
NO2
日期 00 01 02 03 04 05 06 07 08 09 10 11 12 13 14 15 16 17 18 19 20 21 22 23
台東
NO2
05/01 2 5.7 4.4 3.8 3.4 5 6.5 4.8 6.1 5.7 5.4 6.5 5.2 4.6 5.1 5.4 6 6.5 6.7 5 5.1 3.5 3 3.1
台東
NO2
05/02 2.4 1.8 1.3 1.5 1.8 2.1 3.7 5.5 6.7 7.1 7.2 7.6 8.5 5.4 6.2 7.1 8.7 14 11 8.4 7.3 5.5 4.3 2.7
台東
NO2
05/03 2.5 1.5 1.4 1.4 1.3 1.9 3 5.5 9.5 8.1# 8.8 6.8 7.9 6.4 5.8 7.4 9.2 14 9.1 6.7 7.1 5.4 4 3.2
台東
NO2
05/04 2.8 1 0.8 0.5 0.9 0.9 1.6 2.9 7 5.8 5.4 5.6 5.4 4.3 3.3 4.6 4.9 5.2 7.8 5.7 4.5 4.6 3.2 1.7
台東
NO2
05/05 1.6 2.2 1.9 1.8 1.7 1.8 2.4 3.1 4.4 4.9 5.3# 6.7 5.8* 5.4# 5.6 5.4 4.7 8.4 11 9.2 9.4 6.5 4.7 2.4
台東
NO2
05/06 2.3* 1.3 1.5 1 1.1 2.4 2.9 5.8 10 3# 5.3 4.6 3.5 0.9 2.3 0 5.9 7.8 4 1.8# -2.6# -1.2* -2.9* -3.6*
台東
NO2
05/07 -4.9* 0.1* -0.5* 0.1* 0* 1.2* 1.7* 4.1* 6.6* 3.9# 1 2.9 2.3 0.9 0.9 -0.1# -6# -6.4# 2.8# 2.9 2.1 1.6 -0.3 -0.4
台東
NO2
05/08 -1.2* 1.4# 1.7 1.4 1.5 1.8 2.7 5.2 6.8 7.8 7.6 9.2 6.6 6.1 8.9# 11 10 8.6 9.6 11 15 16 11 8.3
台東
NO2
05/09 5.6 4.3 1.2 3.3 2.8 2.7 4.9 6.7 5.3 5.9 4.4 5.9 4.8 4.9 5.6 6.3 8.4 9.5 8.3 7.5 5.8 5.8 4.3 4
台東
NO2
05/10 3.4 2.4 2 2.2 2.2 2.5 4.2 6.4 9.7 8.7 7.5 9.5 8.3 6.4 7.8 7.1 4.4 6.1 9.4 8.3 9 7.2 5.1 4.2
台東
NO2
05/11 2.6 2.3 2.6 3 3.1 1.2 2.8 4.1 5.2 6.2 4.3 4.9 4.8 4.8 5.2 5.4 7.3 9.6# 6.2 6.8 6.5 4 3.2 2.8
台東
NO2
05/12 2 1.2 1.4 0.9 1.3 1 1.5 2.1 3.1 2.6 2.7 2.5 2.6 2.5 1.4 1.9 2.9# 4 5 4 3.1 4.8 2.4 3.2#
台東
NO2
05/13 2 2.5 2.7 1.8 2.5 2.6 3.5 3.9 3.2 4 3.1 3.1 2.9 3.8 5.1 6.2 8.4 8 7 4.7 5.1 5.9 5.4 5.6
台東
NO2
05/14 5.4 5.6 5.5 4.3 3.1 3.5 3.8 3.9 5.6# 4.6 4.2 4 3.9 3.4 3.4 4.5 3.8 5 4.8 5.1 3.8 3.9 2.3 0.6
台東
NO2
05/15 1.6* 0.3 6.3* 3.7 3.8 3.6 3.6 5.8 8.2# 3.4 4.4 5.6 7.4 4.7 6.3 5.4 6 11# 8.8# 5.9 8.1 4.6 4.7 5.2
台東
NO2
05/16 3.6 3.5 3.3 2.1 3.2 4.5 3.9 5.2 5.5 4.8 5 4.3 3.9 4.2 4.9 6.9 7.9# -0.3# -3.2# 5.5 4.9 14 6.8 6.3
台東
NO2
05/17 5.4 4.2 3.4* 2.7 2.7 4 4.2 4.8 5.7 -4.4# -5.9# -5.9# -5.9# -5.9# -5.9# -5.9# 5.7 5.9 7.5 9.5 7.8 6.4 4.3 3.2
台東
NO2
05/18 2.9 2.7 2.8 2.3 2.6 3.2 3.6 4.4 4.3 4.5 5.1 8 6.7 4.3 6.3 6.5 5.8 5 6.3 7.5 6.8 6.1 5.1 4.3
台東
NO2
05/19 2.3 0.8 0.8 0.5 0.6 0.4 0.8 1.3 2.5 2.4 2.3 1.5 2.7 2.1 3.3 4.3 3.4 5 7.5 4.3 4.3 5.8 6.3 7.3
台東
NO2
05/20 6.3 4.1 2.3 2.7 2.5 3.1 2.9 3.9 6.1 5.4# 5.6 7.6 7.1 6.1 7.5 7.6 9 16 20 13 6.5 4.3* 3.3 3
台東
NO2
05/21 3.4* -0.3 -0.1 -0.3 -0.3 0.1 1.3 3.5 7.3# 4.8 6 5.5 5.7 7.6 11 10* 13* 15* 13* 9# 6.7 5.1 4.6 4.4
台東
NO2
05/22 3.9 1.9 2.1 1.7 2.5 2.4 3.4 5.9 6.9 5.3 6.8 4.5 4.6 4.3 4.5 7.3 6.6# 10 6.5 7.3 6.6 6.1 3.1 2.2
台東
NO2
05/23 1.4 1.3 1.2 1.1 1.2 2 3 5.1 9.7 7.2 7.6 5.9 5.7 5.1 6.2 6.5 9.7 21 19 8.3 9.2 6.6 3.7 3.3
台東
NO2
05/24 2.6 2.3 2.5 2.8 3.2 3 3.9 10 9.7 7.9 9.1 6.9 7.5 7.7# 9.7# 1.1# 14# 12 12 8.9 8.2 8.3 7 4.1
台東
NO2
05/25 2.1 0.8 0.4 0 0.1 0.2 1.1 4.7 4.5 8.1 7.6 9.7 12 5.9 2.8 2.9 4.1 9.5 6.8 6.2 6.5 4.4 4 1.7
台東
NO2
05/26 2 0.9 0.9 1.2 1.3 1 1.9 3 4.7 2.3 2.1 2.5 3.1 1.7 1.9 2.3 2.2 4.3# 5.7 4.4 5.7 3.6# 6.4 3.8
台東
NO2
05/27 1.6 1.3 1.3 1.2 2.1 2.8 4.4 4.5 5.7 4.8# 3.7 3.1 3.7 6.3 9 12 11 5.5 6.6# 6.6 4.7 3.1 3.5 2.6
台東
NO2
05/28 2.7 2.5 2.3 2.4 2.6 2.9 2.8 3.1 5.2 3.5 3.7 3.1# 3.3 3.6# 5 9.9 12 9.6 7.7 7.9 4.1 4.5 4.2 2.8
台東
NO2
05/29 2.2 2.2 1.2 1.6 1.5 2.6 3.4 4.2 5.8 5.2 5.4 5 5.4 2.9 4.3 5.6 6.9# 7.4# 9.6# 5.6 4.6 3.8 2.6 2.6
台東
NO2
05/30 2 1.7 1.3 1.3 1.4 2.1 3.2 4.6 4.9 4.7 4.9 2.1# 2.8 3.2 3.7 4.6 5.8 16 13 12 9.2 6.9 3.4 1.9
