嘉義
PM10
01/01 29 34 32 33 34 27 25 22 24 23 24 27 34 39 39 69 80 54 43 45 43 29 22 28
嘉義
PM10
01/02 25 20 23 20 14 17 19 53 26 32 46 40 43 45 44 52 54 66 59 44 42 44 32 27
嘉義
PM10
01/03 32 32 31 29 26 34 34 43 43 45 47 47 49 42 54 62 48 54 56 52 42 51 41 41
嘉義
PM10
01/04 47 60 62 63 55 46 46 73 56 101 68 61 49 66 1000# 60 79 81 76 94 108 121 120 128
嘉義
PM10
01/05 108 95 89 80 78 80 69 79 98 108 100 117 68* 53* 68 61 59 96 97 107 98 86 85 69
嘉義
PM10
01/06 60 56 59 47 24 15 23 13 18 31 31 32 32 42 47 43 44 54 57 45 53 42 42 36
嘉義
PM10
01/07 38 33 35 37 42 38 41 36 52 54 58 61 54 53 72 61 71 77 72 67 79 74 68 76
嘉義
PM10
01/08 80 75 87 70 71 67 53 55 52 53 51 51 51 58 60 63 69 67 60 49 44 34 34 35
嘉義
PM10
01/09 32 34 32 33 33 35 30 29 29 42 52 56 59 65 73 82 85 80 73 69 63 55 56 53
嘉義
PM10
01/10 50 48 44 45 49 52 55 58 76 98 115 1000# 106 109 113 118 102 95 116 106 110 132 119 119
嘉義
PM10
01/11 122 117 136 124 131 129 120 140 141 125 131 124 129 122 99 77 91 92 88 103 118 111 110 101
嘉義
PM10
01/12 63 54 57 81 93 58 76 64 72 101 80 79 87 70* 53* 48 49 75 88 91 92 74 61 66
嘉義
PM10
01/13 67 41 41 40 32 37 38 40 39 44 52 51 66 92 109 100 101 104 87 68 61 56 43 36
嘉義
PM10
01/14 35 29 29 28 27 29 28 28 40 49 57 59 63 71 75 1000# 88 90 77 74 1000* 1000* 1000* 956*
嘉義
PM10
01/15 65A 61x 1000* 89A 1000* 1000* 1000* 1000* 1000* 1000* 1000# 1000# 1000* 1000* 89A 1000* 1000* 1000* 1000* 1000* 1000* 109A 93 88
嘉義
PM10
01/16 75 69 43 36 41 40 36 31 32 36 36 36 36 35 49 48 40 33 29 32 37 42 36 32
嘉義
PM10
01/17 26 23 20 26 16 16 16 24 20 29 33 38 48 43 1000# 49 49 46 47 50 60 68 77 64
嘉義
PM10
01/18 65 75 73 79 63 56 56 66 68 67 67 73 61 63 67 67 95 82 71 79 85 94 96 109
嘉義
PM10
01/19 112 103 101 123 138 130 94 114 132 124 122 109 112 91 79 39 43 63 104 114 127 119 119 106
嘉義
PM10
01/20 92 110 108 124 117 144 150 121 140 147 146 120 106 122 107 118 114 113 134 131 115 109 106 89
嘉義
PM10
01/21 66 52 39 32 32 32 34 38 36 42 46 46 44 47 54 59 71 62 50 50 45 40 48 43
嘉義
PM10
01/22 45 58 55 48 46 46 45 45 60 54 53 58 62 56 60 75 75 71 68 63 60 63 62 67
嘉義
PM10
01/23 66 71 67 73 72 75 73 83 90 78 73 65 58 63 85 88 94 99 100 103 100 102 93 100
嘉義
PM10
01/24 91 91 90 99 97 100 93 101 106 103 110 1000# 71 64 89 93 87 95 97 106 129 123 121 122
嘉義
PM10
01/25 103 97 90 91 109 110 112 129 123 115 93 82 93 87 77 93 122 120 134 141 143 135 134 124
嘉義
PM10
01/26 112 111 102 97 124 118 95 78 70 52 55 52 66 164 175 174 146 129 85 78 60 48 43 40
嘉義
PM10
01/27 31 34 32 25 28 25 32 30 43 45 57 59 60 69 80 85 83 80 70 79 74 64 64 66
嘉義
PM10
01/28 60 55 63 64 57 59 71 72 73 91 100 96 76 64 77 85 79 71 78 86 94 102 104 85
嘉義
PM10
01/29 65 66 78 71 74 72 81 70 68 95 107 98 66 74 80 81 89 88 89 95 99 106 111 113
嘉義
PM10
01/30 100 118 109 79 84 89 90 109 125 152 151 134 81 68 1000# 52 47 76 111 136 118 47 45 50
嘉義
PM10
01/31 51 45 46 34 31 15 34 46 75 69 68 76 65 62 33 41 77 64 59 73 76 59 59 76
嘉義
PM10
監測年月：2019/02， 測站：嘉義， 測項：PM10（μg/m3）
嘉義
PM10
日期 00 01 02 03 04 05 06 07 08 09 10 11 12 13 14 15 16 17 18 19 20 21 22 23
嘉義
PM10
02/01 77 56 40 31 33 26 26 28 34 35 33 42 67 76 95 92 91 87 80 85 87 86 68 59
嘉義
PM10
02/02 48 51 51 57 64 60 62 59 84 92 96 92 77 79 86 88 116 121 113 109 117 134 134 117
嘉義
PM10
02/03 117 112 117 97 78 48 46 59 81 54 38 42 28 34 97 61 38 31 38 79 102 100 82 53
嘉義
PM10
02/04 27 28 25 36 37 43 32 32 47 68 105 1000# 59 61 58 86 84 78 79 77 72 63 70 69
嘉義
PM10
02/05 69 63 61 71 81 86 81 79 82 88 89 60 44 38 45 42 61 82 96 110 109 121 143 129
嘉義
PM10
02/06 133 107 81 70 62 83 84 80 72 84 87 74 58 59 68 63 57 57 52 61 72 71 69 58
嘉義
PM10
02/07 55 57 50 37 36 31 32 43 53 50 31 15* 9 12 15 19 24 49 54 63 69 69 57 37*
嘉義
PM10
02/08 44 66 79 77 68 61 63 79 66 63 45 39 41 55 60 53 50 49 46 62 30 27 30 33
嘉義
PM10
02/09 33 39 40 44 39 40 41 43 41 44 47 48 52 56 63 59 58 59 52 37 33 37 31 24
嘉義
PM10
02/10 33 28 23 24 20 18 18 26 42 41 43 49 53 53 53 47 56 52 48 54 45 45 40 38
嘉義
PM10
02/11 35 44 49 36 37 33 35 43 41 50 83 43 48 59 87 72 68 50 43 42 39 38 32 30
嘉義
PM10
02/12 32 35 31 26 28 30 32 42 43 48 39 42 47 60 1000# 53 44 43 42 54 45 44 46 44
嘉義
PM10
02/13 62 86 78 77 70 69 66 83 96 79 55 49 38 66 50 54 62 64 73 78 71 51 42 42
嘉義
PM10
02/14 40 45 40 42 35 36 41 50 48 53 48 44 47 48 46 49 49 51 73 83 73 71 78 68
嘉義
PM10
02/15 68 72 71 74 76 74 68 70 69 97 112 57 47 38 54 61 55 56 55 76 88 95 62 40
嘉義
PM10
02/16 34 40 56 74 75 77 76 70 78 83 73 67 53 83 76 57 55 61 52 54 66 58 46 38
嘉義
PM10
02/17 41 36 32 26 23 27 22 31 34 48 45 40 53 60 54 63 63 63 57 61 49 36 30 34
嘉義
PM10
02/18 36 35 41 44 42 46 50 59 69 75 72 67 59 64 69 81 72 65 60 57 71 79 73 71
嘉義
PM10
02/19 62 42 26 22 34 38 43 52 67 53 53 68 48 33 1000# 62 74 66 50 52 57 70 84 106
嘉義
PM10
02/20 96 72 97 51 42 88 109 113 105 97 75 78 74 79 146 125 102 101 102 112 108 118 138 147
嘉義
PM10
02/21 146 153 149 116 108 127 115 107 98 89 91 84 77 91 87 84 70 73 77 68 71 98 74 79
嘉義
PM10
02/22 66 67 63 56 64 70 65 77 86 88 80 74 78 61 48 42 33 46 45 42 28 33 27 35
嘉義
PM10
02/23 28 28 19 20 29 28 32 39 48 44 52 51 64 84 75 80 81 73 63 49 44 40 35 26
嘉義
PM10
02/24 37 30 31 22 26 29 29 35 41 43 29 36 33 40 26 15 16 11 26 21 29 34 24 19
嘉義
PM10
02/25 25 37 44 24 27 13 32 60 26 24 29 36 41 50 49 58 59 63 66 67 64 68 60 58
嘉義
PM10
02/26 60 72 45 47 61 73 59 59 73 72 78 70 69 73 84 1000# 80 87 84 79 74 70 76 72
嘉義
PM10
02/27 64 74 72 70 79 95 112 119 132 127 108 93 80 89 90 65 57 61 71 65 63 53 52 53
嘉義
PM10
02/28 55 62 67 59 63 81 110 115 125 126 84 79 85 100 97 88 62 63 57 68 71 64 68 61
嘉義
PM10
監測年月：2019/03， 測站：嘉義， 測項：PM10（μg/m3）
嘉義
PM10
日期 00 01 02 03 04 05 06 07 08 09 10 11 12 13 14 15 16 17 18 19 20 21 22 23
嘉義
PM10
03/01 56 62 57 51 49 43 44 47 45 54 57 52 59 74 64 61 56 72 95 105 116 112 120 109
嘉義
PM10
03/02 116 113 122 120 113 97 89 113 115 114 89 99 96 110 111 99 68 51 72 92 104 96 94 98
嘉義
PM10
03/03 92 79 65 36 35 25 35 31 35 21 22 31 19 11 8 13 10 17 26 20 29 31 33 33
嘉義
PM10
03/04 37 43 32 37 34 32 41 44 49 42 34 39 43 49 52 51 50 66 63 70 84 93 81 88
嘉義
PM10
03/05 139 98 106 121 99 91 84 91 102 76 59 50 58 89 94 106 90 80 95 120 76 41 34 43
嘉義
PM10
03/06 47 25 21 25 20 24 17 21 27 26 24 27 21 46 56 51 41 37 33 30 32 34 35 47
嘉義
PM10
03/07 35 43 32 14 18 21 24 25 22 28 19 20 20 16 15 17 27 31 30 40 45 56 40 32
嘉義
PM10
03/08 34 40 40 25 24 14 24 25 36 37 1000# 29 28 19 1000# 26 41 47 55 53 48 53 48 51
嘉義
PM10
03/09 50 46 48 40 47 44 39 50 39 41 41 31 25 31 33 42 39 34 25 24 22 38 30 30
嘉義
PM10
03/10 34 33 17 10 7 6 6 8 10 16 14 18 38 40 36 32 33 46 42 38 42 37 40 32
嘉義
PM10
03/11 31 36 40 37 45 45 32 30 38 48 42 48 41 46 63 72 65 88 87 95 101 84 79 79
嘉義
PM10
03/12 67 77 68 59 61 48 36 58 65 73 60 42 31 39 57 74 64 75 85 102 108 119 100 90
嘉義
PM10
03/13 75 82 59 47 44 48 51 72 84 60 54 52 57 70 77 68 79 73 77 84 88 91 92 78
嘉義
PM10
03/14 96 99 113 105 75 75 70 85 106 108 88 89 76 74 70 1000# 84 89 93 113 108 93 78 74
嘉義
PM10
03/15 64 68 60 49 48 46 41 30 30 33 47 38 33 44 44 45 44 44 44 45 53 49 40 46
嘉義
PM10
03/16 40 36 44 52 54 62 56 62 66 64 61 64 70 60 45 45 44 47 59 58 60 60 65 65
嘉義
PM10
03/17 60 55 55 58 61 73 63 92 89 97 82 71 71 62 56 63 65 72 66 63 72 71 69 60
嘉義
PM10
03/18 64 61 76 81 66 81 82 90 96 100 110 97 89 74 66 67 79 86 76 83 92 110 117 109
嘉義
PM10
03/19 97 89 88 81 60 54 94 87 102 103 89 83 65 67 74 72 65 70 86 86 99 122 123 102
嘉義
PM10
03/20 79 77 95 99 84 76 94 113 115 110 99 92 94 87 60 1000# 71 58 55 51 44 43 43 47
嘉義
PM10
03/21 52 37 48 42 36 39 41 44 42 27 28 38 49 44 31 25 33 42 39 32 38 42 40 37
嘉義
PM10
03/22 25 22 12 17 16 29 41 49 41 55 45 48 74 79 70 62 75 67 71 100 100 67 62 54
嘉義
PM10
03/23 53 58 40 49 36 36 34 32 31 25 24 30 29 42 45 44 46 46 39 39 28 21 28 28
嘉義
PM10
03/24 29 28 20 27 20 27 28 28 30 35 31 34 28 28 23 20 21 25 29 30 43 37 34 33
嘉義
PM10
03/25 27 24 23 27 29 37 22 45 38 39 29 48 54 50 1000# 73 74 82 79 78 74 81 69 66
嘉義
PM10
03/26 58 54 48 45 40 51 56 48 55 54 59 54 56 54 48 52 63 82 83 77 70 68 80 97
嘉義
PM10
03/27 96 102 87 93 100 111 119 121 103 64 53 52 40 48 53 59 66 64 61 53 55 62 60 78
嘉義
PM10
03/28 72 64 61 58 59 60 40 48 45 34 31 35 57 52 33 34 38 48 42 33 32 39 39 41
嘉義
PM10
03/29 39 41 30 28 39 42 42 42 38 32 40 40 38 36 38 36 37 44 52 44 42 41 45 17
嘉義
PM10
03/30 18 15 16 14 19 24 25 23 26 29 32 47 51 47 30 34 49 59 65 74 77 79 76 80
嘉義
PM10
03/31 75 76 78 93 97 93 87 76 82 71 79 75 51 72 71 88 97 115 100 81 73 68 61 59
嘉義
PM10
監測年月：2019/04， 測站：嘉義， 測項：PM10（μg/m3）
嘉義
PM10
日期 00 01 02 03 04 05 06 07 08 09 10 11 12 13 14 15 16 17 18 19 20 21 22 23
嘉義
PM10
04/01 45 42 32 34 31 35 33 29 32 37 33 34 38 42 1000# 41 44 42 43 36 39 42 44 56
嘉義
PM10
04/02 61 81 68 58 59 63 60 69 63 54 59 67 55 57 45 64 63 70 79 89 92 98 100 104
嘉義
PM10
04/03 101 100 82 80 93 113 92 71 60 63 61 41 42 41 45 45 68 69 61 54 53 50 53 53
嘉義
PM10
04/04 54 60 60 66 68 70 73 65 68 61 67 79 76 72 64 65 67 68 70 77 91 89 82 91
嘉義
PM10
04/05 94 92 63 68 69 78 86 105 95 98 106 109 105 95 73 57* 56 60 59 55 58 58 54 63
嘉義
PM10
04/06 58 62 66 57 59 56 58 65 69 79 82 87 77 53 36 30 32 40 50 42 49 38 53 59
嘉義
PM10
04/07 49 45 40 37 38 35 35 49 41 57 44 44 42 40 44 40 48 53 67 76 76 79 81 84
嘉義
PM10
04/08 63 55 45 47 40 37 56 47 41 32 35 33 37 39 34 35 36 38 31 35 32 41 49 47
嘉義
PM10
04/09 40 36 37 37 45 40 43 53 47 40 40 47 62 48 35 1000# 36 37 34 30 30 32 40 39
嘉義
PM10
04/10 26 28 28 26 23 23 27 41 41 42 46 39 36 26 22 21 24 26 27 27 27 36 34 44
嘉義
PM10
04/11 49 44 44 46 44 40 41 39 35 36 34 44 45 45 27# 22 60 64 63 67 57 34 37 48
嘉義
PM10
04/12 39 16 5 11 20 29 32 37 31 33 42 42 52 78 91 84 74 65 77 76 63 57 61 54
嘉義
PM10
04/13 55 51 46 63 66 69 71 78 68 75 66 57 63 46 53 68 64 73 65 67 57 47 44 57
嘉義
PM10
04/14 55 49 53 59 63 63 60 61 55 53 45 38 35 22 18 21 21 47 54 44 33 37 29 33
嘉義
PM10
04/15 41 39 29 21 32 42 47 43 43 50 53 63 66 63 77 67 78 81 76 62 59 56 60 64
嘉義
PM10
04/16 68 69 59 55 54 44 45 51 41 36 52 40 49 61 46 1000* 1000# 39 47 42 57 66 58 66
嘉義
PM10
04/17 50 64 63 55 51 52 53 58 46 42 45 41 29 34 1000# 31 41 36 40 45 52 52 57 53
嘉義
PM10
04/18 46 55 60 52 64 59 60 58 57 51 45 40 43 38 55 60 43 40 34 41 52 55 53 54
嘉義
PM10
04/19 54 56 56 75 63 14* 11 15 24 29 15 12 17 25 36 15 5 7 14 18 19 14 14 12
嘉義
PM10
04/20 13 11 14 17 21 23 27 13 18 22 18 20 28 24 22 23 29 38 46 53 52 51 63 55
嘉義
PM10
04/21 31 29 27 25 34 38 36 37 28 22 18 15 19 13 14 18 18 27 20 24 30 30 28 29
嘉義
PM10
04/22 31 32 32 30 32 31 28 34 22 20 17 24 23 25 22* 1000# 21 26 29 26 22 18 24 21
嘉義
PM10
04/23 22 28 23 28 29 26 38 35 25 20 26 26 22 20 14 16 18 18 20 22 24 20 18 16
嘉義
PM10
04/24 16 19 23 27 26 30 31 30 33 16 30 21 30 13 21 20 20 18 23 22 27 22 21 20
嘉義
PM10
04/25 19 19 23 25 29 23 23 31 30 18 24 1000# 21 19 22 NA 18 12 23 29 26 29 32 22
嘉義
PM10
04/26 17 20 14 19 15 21 17 19 28 26 22 25 29 1000* 27A 35 1000# 38 28 22 27 34 38 41
嘉義
PM10
04/27 42 42 57 53 36 35 34 53 60 51 68 71 62 68 69 65 64 65 63 54 57 66 58 52
嘉義
PM10
04/28 48 47 59 59 65 58 56 61 61 61 62 70 66 63 63 58 57 49 47 47 52 58 61 59
嘉義
PM10
04/29 55 52 50 49 51 43 43 40 39 35 23 23# 1000# NA 1000# 32 32 44 33 36 37 46 50 42
嘉義
PM10
04/30 31 38 37 31 31 22 25 24 35 28 30 32 32 28 26 34 31 24 30 25 33 18 21 17
嘉義
PM10
監測年月：2019/05， 測站：嘉義， 測項：PM10（μg/m3）
嘉義
PM10
日期 00 01 02 03 04 05 06 07 08 09 10 11 12 13 14 15 16 17 18 19 20 21 22 23
嘉義
PM10
05/01 26 22 12 21 15 21 16 16 21 10 11 10 21 21 21 19 17 21 20 18 18 19 18 24
嘉義
PM10
05/02 24 28 36 35 30 37 40 35 43 45 51 48 50 71 47 47 40 29 42 39 32 28 30 40
嘉義
PM10
05/03 46 36 38 27 23 29 24 32 34 32 23 31 33 41 42 34 19 43 47 88 95 93 87 85
嘉義
PM10
05/04 80 84 71 51 26 27 32 19 11 9 13 11 26 24 36 41 36 34 53 59 47 46 60 63
嘉義
PM10
05/05 32 49 43 46 42 37 39 41 45 41 32 39 41 42 42 43 46 64 53 43 32 32 30 32
嘉義
PM10
05/06 39 41 35 43 55 41 41 40 33 32 23 20 17 19 20 19 17 20 36 37 23 17 17 10
嘉義
PM10
05/07 15 19 19 16 11 11 17 12 12 20 26 24 24 35 37 1000# 37 33 26 35 44 42 36 44
嘉義
PM10
05/08 45 50 48 51 41 47 46 44 35 27 26 10 25 65 1000# 58 51 54 54 57 65 79 75 64
嘉義
PM10
05/09 68 66 71 76 82 63 60 63 60 77 63 55 38 37 42 60 59 40 40 45 34 34 34 27
嘉義
PM10
05/10 29 26 19 15 16 7 19 20 31 26 30 29 26 21 24 27 25 24 33 53 61 62 61 55
嘉義
PM10
05/11 60 67 71 65 64 76 85 110 72 76 60 45 43 46 38* 45 36 37 48 53 72 68 74 67
嘉義
PM10
05/12 70 66 72 71 80 100 110 91 74 73 53 42 27 60 59 53 54 50 48 49 47 44 49 50
嘉義
PM10
05/13 50 55 50 49 62 64 65 70 65 46 33 30 33 33 31 24 25 30 23 19 35 44 45 36
嘉義
PM10
05/14 32 36 34 34 29 28 25 31 20 13 21 22 23 22 19 12 16 15 18 11 15* 16 22 32
嘉義
PM10
05/15 26 26 22 24 22 21 19 16 13 10 17 20 15 9 12 14 15 25 36 51 49 38 38 33
嘉義
PM10
05/16 24 27 20 23 25 24 24 17 12 22 22 24 19 21 30 23 27 32 30 32 39 31 29 28
嘉義
PM10
05/17 25 23 27 24 21 18 21 33 32 24 30 23 14 19 1000# 28 18 24 28 26 30 23 23 25
嘉義
PM10
05/18 22 19 21 15 19 13 21 22 25 23 22 22 26 21 23 28 26 21 15 22 21 14 19 18
嘉義
PM10
05/19 21 22 21 26 29 28 27 29 19 18 14 12 14 20 21 32 18 20 26 26 24 31 28 31
嘉義
PM10
05/20 25 35 28 28 25 25 28 25 25 28 18 23 25 26 11 6 10 10 17 24 36 50 83 62
嘉義
PM10
05/21 59 51 66 64 65 51 63 63 62 63 60 47 56 68 1000# 69 68 59 67 84 79 77 86 85
嘉義
PM10
05/22 86 80 80 81 84 90 87 78 66 78 74 80 72 72 69 73 63 60 66 68 71 65 74 76
嘉義
PM10
05/23 78 85 81 81 76 72 58 52 41 52 56 44 46 41 35 34 31 38 41 40 47 48 51 67
嘉義
PM10
05/24 61 61 57 55 52 45 42 54 52 42 37 36 46 36 25 30 31 32 33 34 24 33 36 35
嘉義
PM10
05/25 34 35 36 27 31 34 37 41 42 29 27 36 39 36 38 32 26 32 35 34 42 42 49 51
嘉義
PM10
05/26 50 40 45 43 38 35 40 49 53 47 36 34 36 30 29 21* 28 53 53 65 67 67 69 60
嘉義
PM10
05/27 65 67 42 40 41 41 41 41 43 41 45 31 76 14 1000# 10 12 8 13 17 25 18 10 13
嘉義
PM10
05/28 13 20 24 23 18 17 19 27 22 11 18 25 21 15 18 14 17 13 22 36 35 53 58 62
嘉義
PM10
05/29 61 64 62 56 59 57 61 54 63 51 47 53 58 59 42 64 76 87 67 69 63 63 51 53
嘉義
PM10
05/30 49 42 48 44 49 49 64 71 81 80 61 52 42 46 32 31 26 32 39 48 53 47 49 42
嘉義
SO2
01/01 2.4 2.1 2.1 2 2.2 1.9 1.7 2 2.3 2.3 2.1 2.1 2.2 2.1 2.2 2.8 4.1 2.4 2.1 2.2 2.7 3 2.4 2.5
嘉義
SO2
01/02 2.7 2.2 2.2 2.2 2.2 2.1 2.3 2.5 3.1 3.6 3.2 3.6 3.1 3 2.8 3 2.8 3.1 3 3.3 3.4 3.4 3.2 3.1
嘉義
SO2
01/03 2 5.8 7.9 3.2 2.4 2.1 1.9 2.1 2 1.9 2 2 2.2 2.2 2.3 2.7 2.8 2.9 3.8 3.3 3.5 4.1 4.6 3.8
嘉義
SO2
01/04 3.7 1.7 1.5 1.4 1.3 1.1 1.3 1.5 2.4 4.7 4.2 3 2.2 2.5 2.1 1.8 2.8 2.1 2 2.2 1.7 2.3 3.9 4.2
嘉義
SO2
01/05 2.5 2.3 2.2 1.8 1.6 3.3 3.1 3.3 4.5 4 3.2 2.7 3 3.5 5 6.8 3.9 3 2.7 3.3 4.6 5.3 5.5 7
嘉義
SO2
01/06 5.5 5.4 4 2.9 2.4 1.9 2 2.6 2.5 2.8 2.6 2.3 2.3 2.4 2.5 2.6 2.4 2.8 3.8 3.1 3.2 3.2 3.2 2.7
嘉義
SO2
01/07 2.5 2.1 1.9 1.9 2.6 2.7 2.2 2.6 4.1 4.3 3.8 3.6 3.1 4.4 5 4 4.3 5.4 5 4 2.5 1.6 1.5 1.4
嘉義
SO2
01/08 1.3 1.6 1.6 1.5 1.6 1.6 1.6 1.7 1.8 1.9 1.9 2.4 2.7 2.9 2.9 2.9 3.5 4.5 3.9 4.1 5.1 5 3.4 2.5
嘉義
SO2
01/09 2.5 3.5 2.9 2.1 2.2 2 2.1 3.1 2.6 3.2 3.3 2.6 2.5 2.9 3.6 2.8 3.3 3.5 4.4 3.9 2.6 2.2 2.2 2.6
嘉義
SO2
01/10 2.4 3.3 3.3 4.1 3.5 3.8 3.5 3.9 5.1 5.1 4.1 3.3# 2.7# 3 3.4 3.7 3.2 2.4 4.1 3 2.7 2.5 2.1 1.9
嘉義
SO2
01/11 1.7 1.9 1.9 1.9 1.9 1.9 2.2 2.5 3.2 3.7 3.7 3.9 5 5.6 4.2 3.5 3.5 3 2.5 3.3 3.8 3.8 3.5 3.1
嘉義
SO2
01/12 2 1.7 1.6 2.2 3.1 2.2 2.5 2.3 2.3 2.2 2.2 2.7 3.9 4 2.7 2.5 2.7 2.7 3.2 4.1 4.1 3.5 3.3 2.7
嘉義
SO2
01/13 2.8 2.3 2.9 3.5 2.8 2.7 2.3 2.8 2.7 2.6 2.5 2.5 2.8 3.6 4.4 4.4 4.8 4.3 2.9 2.3 2.6 3.4 2.7 3.2
嘉義
SO2
01/14 2.3 3 2.9 2.3 2.3 2.5 2.7 2.9 3.2 3.5 3.8 3.8 4.1 4.9 5.2 5 6.4 5.3 5.4 5.1 4.5 3.3 3.2 4.6
嘉義
SO2
01/15 6.9 3.5 2.8 2.1 1.4 1.5 1.4 1.4 1.8 3.5 3.4 3.4 3.7 3.9 4.5 5.8 3.7 4.3 2.8 2 1.7 1.7 1.7 1.9
嘉義
SO2
01/16 1.6 2.2 2.4 1.9 2.2 2.1 1.6 1.8 1.9 1.9 1.7 1.7 1.8 1.8 2 2.2 2 1.7 1.7 1.8 2.2 2.4 1.9 1.6
嘉義
SO2
01/17 1.8 2.1 1.9 1.6 1.6 1.6 1.7 2.3 2 2.1 1.9 2 2.1 1.9 2# 2.1 2.5 2.7 2.6 2.4 2.4 2.3 2.7 2.4
嘉義
SO2
01/18 2.5 1.7 1.4 1.7 1.9 2.1 2 2.7 2.8 2.1 2.1 2.4 2.4 2.4 2.8 2.8 3.1 2.7 2 2.1 2.4 3.7 2.6 3.1
嘉義
SO2
01/19 2.8 2.5 4.9 2.6 1.7 1.6 1.4 4.2 4.7 4 4.3 3.8 6.1 4.9 4 2.4 2.3 4.7 9.3 6.1 4.8 5 3.8 4.3
嘉義
SO2
01/20 2.5 3.2 4.7 5 3.7 5.2 6 3.7 4.5 5.1 7.1 6.8 5.3 5.8 5.7 6.1 5.9 4.1 3.3 2.7 2.5 2.3 2.5 2.1
嘉義
SO2
01/21 2.4 5.4 2.5 1.5 2.1 1.1 1.1 2.4 2.4 1.9 1.9 2.4 2.6 2.5 2.3 2.7 2.7 2.1 2 1.6 1.4 1.3 3.3 1.7
嘉義
SO2
01/22 2.4 2.4 2.3 2.6 2.9 2.2 2.2 2.2 2.9 3.6 3.8 4.2 3.1 3 3 3.8 3.5 4.8 4.3 4.8 3.5 3.7 3.6 4.2
嘉義
SO2
01/23 4.6 3.7 3.1 4.1 4.1 4.2 4.3 5.6 5.2 4.4 4.1 3 2.9 3.5 4.2 3.9 4.5 5.3 10 5.7 6.3 4.7 4 3.3
嘉義
SO2
01/24 2.9 4.8 3.1 3.1 4.2 23 5.7 4.8 5.3 5.8# 6.5 4.7# 3.2# 2.3 3.3 4.1 6.5 5.6 6.6 6.1 5.4 6.7 5.5 11
嘉義
SO2
01/25 5.1 2.7 2.5 2.5 3.2 3.4 3.5 3.5 5.8 7.9 4.6 4.9 3.5 4 3.2 3.1 3.5 8.8 6.4 7 3.5 2.9 3 2.9
嘉義
SO2
01/26 2.6 2.7 2.8 2.6 2.8 3.7 3.6 3.3 3.1 2.7 3.5 3 2.2 2.5 3.6 3.2 3 3 3.1 2.9 2.1 4 1.5 1.9
嘉義
SO2
01/27 1.3 1.9 2 2.2 2.3 2.3 2.3 2.8 2.6 2.6 2.6 2.6 2.5 2.9 3.8 4.3 4.1 4.4 4.5 4.8 4.1 3.3 2.9 2.8
嘉義
SO2
01/28 3.2 2.7 2.4 2.7 2.7 2.5 2.7 3.5 4.9 5 5.9 5.1 3.8 4.7 3.9 4 3.5 3.1 3.5 4.8 6.2 6.1 5.4 3.6
嘉義
SO2
01/29 2.6 2.2 3.2 3.3 3 2.4 6.5 6.7 4.7 5.8 8.1 4.1 2.9 3.5 3.1 3.8 3.4 2.9 3.3 5 7 5.2 4.4 3.7
嘉義
SO2
01/30 3.2 4.3 3 2.4 2.4 1.9 1.8 2 2.3 2.9 3.3 3.7 3.3 3.1 2.3 2.5 2.8 3.3 4.3 5.4 3.6 2.3 2.3 2.2
嘉義
SO2
01/31 2.1 2.1 2 1.9 1.8 1.8 1.9 2.7 4 3.9 4 4 3.6 4 2.9 3.1 4.4 4.4 5.4 4.2 7.2 4.1 9.1 8
嘉義
SO2
監測年月：2019/02， 測站：嘉義， 測項：SO2（ppb）
嘉義
SO2
日期 00 01 02 03 04 05 06 07 08 09 10 11 12 13 14 15 16 17 18 19 20 21 22 23
嘉義
SO2
02/01 5.5 4.8 4.6 13 3.5 2.6 1.7 2.2 2 2.2 2.8 2.5 2.3 2.9 3.3 2.5 2.5 2.3 2.4 4 5 4.6 4.4 2.8
嘉義
SO2
02/02 2.5 4.8 2.9 2.6 3 3 2.9 2.9 5.1 4.2 4.7 4.7 4.8 5.1 4.2 3.6 3.3 3.4 2.8 2.5 2.8 3 3.1 2.2
嘉義
SO2
02/03 2.1 2.1 1.9 1.8 2 1.7 1.7 2.3 3.4 2.8 2.2 1.6 1.5 1.5 2.3 1.8 1.8 1.8 1.8 2.6 2.7 2.6 2.2 1.9
嘉義
SO2
02/04 1.6 2.4 2.1 2.4 2.4 2.6 2.4 2.7 3 3.6# 4.4 5.4 4.9 5.4 4.1 5.7 6.3 5.8 5.7 5.2 3.3 2.8 2.7 2.6
嘉義
SO2
02/05 3.3 1.9 1.7 1.7 1.7 1.8 1.7 1.8 2.2 2.6 2.6 2.2 2.1 2.1 2.4 2.5 2.8 1.9 1.9 1.9 1.7 2 1.6 2
嘉義
SO2
02/06 1.9 1.4 1.3 1.3 1.4 1.4 1.5 2.5 3 4.7 3.9 4.7 4.5 3.2 2.8 2.5 0x -0.1x -0.1x -0.1x -0.1x -0.1x -0.1x -0.1x
嘉義
SO2
02/07 -0.1x -0.1x -0.1x -0.1x -0.1x -0.1x -0.1x -0.1x -0.1x -0.1x -0.1# NA NA -0.1x -0.1x -0.1x -0.1x -0.1x -0.1x -0.1# 2.4x 2.4x 2 1.7
嘉義
SO2
02/08 1.7 2.2 2.9 2 1.6 1.5 1.5 1.8 1.7 2.1 2.2 2.2 2.1 3.8 3.6 2.6 2.6 2.5 2 4.4 4.2 2 1.9 2
嘉義
SO2
02/09 1.9 1.7 1.8 1.7 1.8 1.7 2.1 2.4 2.7 2.5 2.3 2.4 2.3 3.1 6.2 6.7 8.2 7.4 7.7 2.4 2.1 2.1 2 1.9
嘉義
SO2
02/10 2.1 2 1.9 1.8 1.9 1.8 1.8 2.1 2.6 2.7 2.7 2.6 2.7 2.9 3.3 4 6.4 5.4 5.7 5.2 2.9 2.6 2.6 2.4
嘉義
SO2
02/11 2.6 2 2 1.7 1.6 1.6 2.1 1.8 1.9 3.2 2 2 2.7 3.3 4 3.1 3.5 2.3 2.9 2.7 2.6 4.9 2.9 2.2
嘉義
SO2
02/12 1.9 2.4 2 2 2.2 2.3 2.8 3.1 2.9 2.7 3.2 2.9 3.7 4.8 3.2 2.7 2.5 2.1 2.3 5.1 4.7 2.9 2.4 2.3
嘉義
SO2
02/13 3.4 5.2 5.2 4.3 3.6 3.4 3 3.4 3.6 3.4 3.4 3.7 3.5 2.7 2.9 3.6 4.7 5.6 4.7 5 3.9 3.3 3.3 2.9
嘉義
SO2
02/14 2.8 2.6 3.7 2.9 3.4 2.6 3.5 4.9 4.1 3.5 3.1 2.9 2.7 4.2 3.4 2.7 2.4 2.7 4.9 7.4 8 3.9 2.8 3.5
嘉義
SO2
02/15 2.8 2.2 2.3 2.5 2.8 3.1 3.3 9.2 6.4 4 3.6 2.9 2.7 2.3 2.9 4.5 5.7 5.2 4 9.4 6.3 3.2 2.3 2.1
嘉義
SO2
02/16 1.7 1.4 1.9 3 3.5 5.8 5.5 3.6 4.4 4.8 3.5 3 2.3 2.4 1.7 1.5 1.8 3.6 2.6 2.1 2.4 2.1 2.8 2.8
嘉義
SO2
02/17 3.7 4.3 2.8 3 3.5 2.7 3.2 6.2 3.2 3.2 3.8 4.2 3.3 3.6 2.9 3.5 4.1 3.6 4.7 6.1 4.1 2.9 2.7 2.4
嘉義
SO2
02/18 2.9 1.5 1.4 1.5 2.1 2.5 2.1 2.1 3.2 2.7 3.7 3.4 2.6 3.3 3.3 2.9 2.5 2.4 2 1.8 2 2.1 3 3
嘉義
SO2
02/19 2.4 3.2 2.3 2 2.3 2.4 2.5 3.2 4.8 5.1 6.9 7 3.8 3.1# 3.5 3.9 4.7 5 3.6 3.8 4.3 4.4 4.3 4.5
嘉義
SO2
02/20 4.1 3.2 3.8 2.4 2 3 3.1 3.8 4.2 3.9 3.1 2.9 3.1 3.6 5.3 4 3.8 6 5.4 3.6 3 3 3.9 3.9
嘉義
SO2
02/21 3.5 3.1 4.4 6 3.8 2.6 1.9 1.8 1.8 1.8 1.8 1.7 2 2.7 2 2.2 2.2 2.2 2.6 2.6 1.8 2.3 2.4 2
嘉義
SO2
02/22 1.9 2.7 2.4 2.8 2.1 1.9 1.7 2.1 3.1 3.5 3.2 2.7 2.8 2.3 2.1 1.9 1.8 2.2 2.9 4.1 2.3 2.3 2.9 5.4
嘉義
SO2
02/23 3.4 3.3 3.1 3.2 1.9 1.6 1.5 2.2 3.5 2.7 2.4 2.9 3.7 5.8 4.1 3.6 3.2 2.8 4.5 3.4 2.3 2.7 2.7 2.8
嘉義
SO2
02/24 2.4 2.7 2.4 2.4 2.4 2.7 3.1 2.8 3 3 3.5 5.3 4.5 4.3 2.5 2.2 2.1 1.9 1.7 2.5 2 2.2 2 3.5
嘉義
SO2
02/25 2 2.9 3.3 3 2.4 2.5 2.3 3.1 3 2.8 2.7 2.7 2.7 2.9 3.2 3.5 3.3 3.1 3.7 5.6 4.2 4.4 3.5 4.5
嘉義
SO2
02/26 3 2.2 2.6 2.4 2 2 2.2 3.3 3.8 3.5 3.7 2.7 2.7 4.2 5.5 4.6 5 3.6 3.1 3.9 2.9 3.1 4.3 3.5
嘉義
SO2
02/27 2.8 4.4 3.2 6.1 6.8 2.9 2.5 2.2 3.1 2.3 3.5 3.6 4.5 3.6 3.1 2.6 2.6 2.5 3 3.4 3.5 3.1 3 2.4
嘉義
SO2
02/28 2.2 1.9 2 2.6 2.6 3 3.3 3.9 4.7 3.7 3.9 4.2 2.8 2.9 3.7 3.9 3.1 2.8 2.6 4.1 3.8 4.6 5.4 5.2
嘉義
SO2
監測年月：2019/03， 測站：嘉義， 測項：SO2（ppb）
嘉義
SO2
日期 00 01 02 03 04 05 06 07 08 09 10 11 12 13 14 15 16 17 18 19 20 21 22 23
嘉義
SO2
03/01 4.2 4 3.5 3.7 3.1 3.1 3.1 3.5 3.5 3.5 3.6 4.1 4.3 3.2 2.9 2.4 1.8 1.6 1.8 2.5 2.5 2.9 2.5 2.7
嘉義
SO2
03/02 1.9 1.9 2 1.8 1.8 1.9 2 2.2 2 2.7 2.3 3.2 3.6 3.6 3.6 3.1 3.1 2.5 2.8 4 4.5 3.1 2.6 2.5
嘉義
SO2
03/03 2.3 1.7 1.7 1.5 1.5 1.8 1.6 2.5 2.5 1.5 1.3 1.4 1.5 1.3 1.3 1.4 1.3 1.4 1.6 1.6 1.7 6.4 3.1 2.6
嘉義
SO2
03/04 3.8 3.1 3.7 2.5 2.3 2.2 1.9 2.4 2.2 3.6 3.5 2.9 3.5 5.2 4.3 3.6 3.3 3.2 3.7 5.1 6.5 5.6 4.1 3.3
嘉義
SO2
03/05 3.8 3.5 3.5 5 5 5.3 5 3.8 3.4 3.1 2.1 2.1 2.5 3.2 4.1 4.9 4.2 3.4 3.3 3.3 1.8 2.4 1.7 1.7
嘉義
SO2
03/06 5.1 3.6 2.4 3.3 2.8 2.8 2.2 2.2 2.4 2.4 3.9 3.3 2.6 3 4.5 4.6 3.5 5.9 5 3.8 2.6 2.6 2.7 2.9
嘉義
SO2
03/07 3.8 3.3 2 1.9 1.3 1.3 1.6 1.6 1.6 1.9 1.7 1.5 1.5 2 1.5 1.5 1.5 2 1.6 1.6 2.4 2.1 2.6 1.6
嘉義
SO2
03/08 2.3 3.7 3.2 1.3 2.8 1.1 2 1.7 2.6 2 2.1 2.7# 2# 1.4 2 1.7 1.9 2.5 13 9.1 6.5 2.4 2.2 2.1
嘉義
SO2
03/09 9 4.6 2.3 1.8 1.7 1.9 2.2 3.2 3.7 3.2 4.3 3.7 2.9 2.1 2.4 3.1 15 2.9 2 2 1.9 2 2 2.1
嘉義
SO2
03/10 1.7 1.4 1.8 1.1 1 0.9 0.9 2.2 2.3 3 2.5 1.8 2.5 1.9 4.7 3.6 2.1 2.1 2.8 3.3 4.3 2.5 1.9 1.4
嘉義
SO2
03/11 3.9 4.4 2.9 3.2 3.2 2.2 2.5 3 3.2 3.9 4.8 3.8 2.8 2.5 3.2 3.8 3.1 4.4 7.2 17 15 4.5 3.3 2.9
嘉義
SO2
03/12 7 5 4.9 21 3.9 2.2 2.1 2.9 3.3 3.9 4.4 3.3 2.1 2.2 2.9 3 2.8 2.8 3.2 7.7 6.8 4.9 3.5 2.9
嘉義
SO2
03/13 2.7 1.8 1.7 1.7 1.6 1.5 1.7 2.7 7.1 3.5 3.1 2.4 2.3 3 3.3 3.1 3.5 3.4 2.9 4.4 4.3 3.2 2.6 2
嘉義
SO2
03/14 2.9 3.1 3.9 3.4 2.3 1.9 1.8 2.3 4 3.8 2.4 2.5 3 2.7 2 2.2# 4# 3.3 7.2 8.9 3.9 3.5 3.4 2.8
嘉義
SO2
03/15 2.5 2 2.9 2.3 2.6 2.1 3.1 2.8 1.8 1.9 2.6 2.9 1.7 2.3 3.5# 2.1 2.4 2.8 2.3 2 2.6 3.5 2.8 5.5
嘉義
SO2
03/16 2.9 2.9 4.8 4.2 4.7 3.3 2.9 5.2 4.7 3.3 3.1 3.2 3.4 3.3 3.5 3.4 3.2 2.7 2.8 2.8 2.7 2.6 2.9 2.9
嘉義
SO2
03/17 2.5 2.6 2.4 2.3 2.4 3.4 4.1 4.5 4.2 4.7 4.7 4.4 3.2 3.2 2.9 3.8 3.4 4.1 5.1 6 14 11 3.5 4.1
嘉義
SO2
03/18 5.2 3.3 3.9 2.8 1.8 3 3.4 3.1 3.6 4.5 4.1 4.6 3.8 2.7 2.4 2.5 3.3 4.4 4 2.4 2.2 3 3.7 5.5
嘉義
SO2
03/19 3 2.1 2.1 2.2 1.9 2.5 7.3 5.3 5.6 5.3 5.3 4 3.4 5.5 5.1 3.7 2.6 3.1 3 3.7 5.3 5.9 5.8 4
嘉義
SO2
03/20 3.9 5.3 4.4 3.3 2.5 2 2.5 3.4 4.4 4.6 4 3.4 3.1 2.6 2.4# 2.6# 3.2 3 3.1 3 3.4 3.5 3 2.2
嘉義
SO2
03/21 2.2 2.7 2.5 1.8 1.6 1.6 1.9 2.5 2.8 2.1 2.3 2.3 2.3 2.6 2.2 2.1 2.4 2.1 2.3 2.3 2.6 3.5 3.6 2.7
嘉義
SO2
03/22 2 1.7 1.3 1.6 1.3 2.4 3.7 3.7 3.6 4.2 3.1 2.6 2.6 2.3 2.2 2.1 2 2.1 4.1 9 8.2 4.6 3.5 3
嘉義
SO2
03/23 3 2.5 2.4 2.6 2.7 2.1 2.1 1.8 2 2.4 2.4 2.8 2.1 3 2.1 3.7 2 2.3 2.2 2.5 2.4 2.1 1.7 3.1
嘉義
SO2
03/24 1.8 3.8 2.3 2.4 1.9 2.1 2.7 2.3 2.1 2.9 3.1 2.3 2.1 2.2 2.4 3.6 2.5 2.5 2.2 2 2.5 2.4 2.3 1.9
嘉義
SO2
03/25 2 1.5 1.4 1.5 1.7 2.3 2 2.6 3.2 3 2.8 3.2 4.6 2.4 2.7 3.1 2.8# 2.8 2.8 4.1 3.4 9.3 3.9 3.7
嘉義
SO2
03/26 2.5 1.4 1.4 1.5 1.2 1 1.2 1 1# 1.2 1.5 1.5 4.9 4.3 3.8 2.2 2.4 2.4# 1.9 1.7 2.5 3.1 3.1 4.1
嘉義
SO2
03/27 4.6 3.7 2.8 3.3 3.2 3.6 4 3.4 2.8# 2.5 2.1 1.7 1.6 1.7 1.9 3.7 3.8 3 2.2 2.1 2.6 2.5 2.2 2.3
嘉義
SO2
03/28 2 2.2 2.2 2.1 2.2 2.3 2 2.3 2.9 2.9 3.2 3.3 3.4 2.7 2.4 2.4 2.3 2.1 2.4 2 2.3 2.7 2.6 2.8
嘉義
SO2
03/29 3.7 4.4 2.7 2.5 2 2 1.9 2.1 2.9 2.2 2.1 2.2 2 2 2.1 2.1 1.9 2.1 2.8 2.4 2.4 2.5 2.2 1.8
嘉義
SO2
03/30 2 1.3 1.3 1.5 1.5 1.7 2.1 2.5 2.2 1.9 2.2 2.4 3.5 4.7 3.7 3.1 3 2.1 2.7 3.2 3.5 3.6 2.8 2.6
嘉義
SO2
03/31 2.4 2.3 2.5 4.2 6.1 3.6 4.1 5 4.5 4.3 4.1 3.4 3 3.5 3 2.8 4 5 5.2 5.9 5.6 5.7 5.9 5.7
嘉義
SO2
監測年月：2019/04， 測站：嘉義， 測項：SO2（ppb）
嘉義
SO2
日期 00 01 02 03 04 05 06 07 08 09 10 11 12 13 14 15 16 17 18 19 20 21 22 23
嘉義
SO2
04/01 3.1 2.1 2.2 1.9 1.6 1.9 1.6 1.7 2.3 2.6 2.2 1.7 1.5 1.3# 1.5 1.5 1.7 1.6 1.7 1.9 1.8 2.3 2.4 2.3
嘉義
SO2
04/02 1.7 2 2 2.1 2.8 3 2.3 2.8 3.2 4 4.9 3.7 3.3# 2.8x 2.4x 0.6x 0.6x 0.6x 0.6x 0.6x 0.6x 0.6x 0.6x 0.6x
嘉義
SO2
04/03 0.6x 0.6x 0.6x 0.6x 0.6x 0.6x 0.6x 0.6x 0.6# 0.6x 0.6x 0.6x 0.6x 0.6# 2.5 2.3 3.5 3.3 2.3 2.2 2.4 2.7 3.1 2.6
嘉義
SO2
04/04 2.6 2.8 3.1 3.6 3.3 3.1 3.2 3.4 4.4 4.4 4 2.4 2.2 2.1 2 2.2 2.4 2.1 2 1.8 2 5.7 2.6 1.9
嘉義
SO2
04/05 1.6 2.7 3.2 2.7 2.5 3 4.2 4.1 2.7 2.8 4.7 3.4 3.6 3.3 2.9 2.7 3.3 4 4.1 4.5 4 4.7 4 4.5
嘉義
SO2
04/06 3.2 2.2 2 1.6 2 1.8 2 2.9 4.9 4.4 4.7 4.4 3.3 3.2 3.2 2.6 2.4 2.8 2.3 2 2.6 3.3 2.4 2.5
嘉義
SO2
04/07 2.1 1.8 1.6 1.5 1.5 1.5 1.3 1.7 1.9 2.4 2.2 1.8 1.7 1.7 1.9 2.2 3 2 2.3 3.3 2.3 2 2.3 2.1
嘉義
SO2
04/08 2.3 2 1.6 1.4 1.5 1.5 1.5 1.5 1.6 1.7 1.7 1.7 1.9 1.9 1.9 2 2.1 2 2 2.2 2.6 2.2 2.1 2.2
嘉義
SO2
04/09 1.9 2 1.9 1.9 2.2 2 2 2.3 3.2 2.5 2.9 3.6 3.6 2.9 2.2 2 2.2 2.4 2 2.1 2.1 2.1 2.3 3.8
嘉義
SO2
04/10 3 2.3 2 1.9 1.7 1.7 1.8 2.7 2.4 2.6 2.5 2.2 2.1 2 1.9 1.8 1.8 1.8 2 3.1 4.1 2.7 3.4 2.2
嘉義
SO2
04/11 3 1.7 4.2 3.4 2.2 2.2 1.9 2.3 3.5 2.9 2.8 2.4 2.5 2 1.7 1.5 2.1 2.1 2.2 2.6 3.4 1.8 1.8 2.2
嘉義
SO2
04/12 3.2 3.4 2.3 2.5 2.3 2.4 2.5 2.3 2.6 2.4 2.4 2.6 3.8 5.2 4.6 3.9 3.8 6.5 7.5 6.2 4.2 4.2 4.6 4.6
嘉義
SO2
04/13 2.9 1.6 1.7 2.6 2.4 2.7 2.8 3.4 3.1 2.9 3.4 2.7 2.5 2.3 3.3 2.5 3.8 2.9 2.4 3.4 2.5 2.3 2.4 2.1
嘉義
SO2
04/14 2.2 2.8 3.2 3.1 3.3 2.3 2.7 2.5 2.7 3.3 3.2 3.8 3.7 2.7 2.3 2.6 3 3.5 7.2 5.2 3.1 4 2.6 4.3
嘉義
SO2
04/15 4 1.8 1.4 1.7 1.8 2.3 2.3 2 2.9 3.5 2.4 2.4 2.3 2.2 3.1 3.4 2.9 2.5 2.5 3.9 4.3 2.9 2.8 2.6
嘉義
SO2
04/16 4 4.7 4.4 7.2 3.1 3 2.2 2.3 2 2 2.2 2.1 2.2 2.5 1.9 1.9 1.9 2.2 2 2.3 3 2.6 3.2 3.5
嘉義
SO2
04/17 2.3 1.8 2.5 2.9 2.6 2 1.3 1.5 1.7 1.2 1.2 1.3 1.4# 2 1.9 2.5# 2.4# 2.2 1.9 1.8 2 2.1 2.3 2.1
嘉義
SO2
04/18 0.7 2.5 2.8 2.9 4.2 4.7 7.2 6.8 6.7 5.9 4.5 3.8 3.5 2.9 3.7 5.1 2.9 2.6 2.5 2.5 3.6 5.3 2.5 2.3
嘉義
SO2
04/19 3 2.3 2.8 3.3 1.9 1.2 2 2.1 3 3.2 2.4 1.5 1.7 1.9 2.1 1.1 1 1 1.8 2.7 2.2 1.6 1.4 1
嘉義
SO2
04/20 1.3 1 1.1 1 2.1 2.3 1.8 1.6 1.3 3.2 1.5 1.2 2 1.7 1.7 1.8 1.5 1.8 2.1 1.8 1.8 1.8 1.5 1.4
嘉義
SO2
04/21 1.5 1.6 2 1.9 1.8 1.4 1.5 1.6 1.5 1.4 1 1 1.1 0.9 0.9 1.3 1.3 1.5 1.1 1.2 1.2 1 1.2 0.9
嘉義
SO2
04/22 1.4 1.4 1.2 1.1 1.1 1.2 1.1 1.4 2.2 1.5 1.5 1.4 1.8 1.6 1.6 1.4 1.7 1.5 1.4 1.6 1.4 1.3 1.5 1.2
嘉義
SO2
04/23 1.5 1.5 1.6 1.6 1.5 1.4 1.4 1.6 1.8 1.4 1.3 1.4 1.2 1.3 1.2 1.3 1.3 1.4 1.3 1.3 1.3 1.7 1.3 1.2
嘉義
SO2
04/24 1.2 1.7 1.6 1.5 1.4 1.5 1.8 2.9 3.1 2.2 1.9 1.7 1.2 0.4x 0.4x 0.4x 0.4x 0.4x 0.4x 0.4x 0.4x 0.4x 0.4x 0.4x
嘉義
SO2
04/25 0.4x 0.4x 0.4x 0.4x 0.4x 0.4x 0.4x 0.4x 0.4# 0.4# 0.4# 2.7# 2.4 2.3 2.3 NA 2.1 2.2 2.6 2.6 2.5 2.7 2.9 3.3
嘉義
SO2
04/26 3 1.4 1.2 1.1 1 1.1 1 1.6 2.2 1.7 1.7 1.5 1.6 1.6 1.5 2 2.2 2 1.6 1.5 1.4 1.9 2 1.9
嘉義
SO2
04/27 3.1 2.1 2.8 2.5 1.8 1.5 1.5 3 3.1 2.2 2.8 3.3 2.7 2.8 3.1 3 2.8 2.3 2.7 3 3.9 4.5 3.1 4.8
嘉義
SO2
04/28 6.2 3.1 2.5 2 2.1 2.4 3.3 3.2 2.5 3.5 3.4 2.5 2.2A 0.6x 0.6x 0.6x 0.6x 0.6x 0.6x 0.6x 0.6x 0.6x 0.6x 0.6x
嘉義
SO2
04/29 0.6# NA NA NA NA NA NA NA NA NA NA NA 3.6x 3.6# 1.7# 2.1x 2.2x 2.6x 1.5x -1.7* -1.7* -1.7* -1.7* -1.7#
嘉義
SO2
04/30 -1.7# -1.7* -1.7* -1.7* -1.7* -1.7* -1.7* -1.7* -1.7* -1.7* -1.7A -1.7* -1.7* -1.7# NA 1.3# 1 1.1 1.1 1.1 2.7 1.1 1.1 0.9
嘉義
SO2
監測年月：2019/05， 測站：嘉義， 測項：SO2（ppb）
嘉義
SO2
日期 00 01 02 03 04 05 06 07 08 09 10 11 12 13 14 15 16 17 18 19 20 21 22 23
嘉義
SO2
05/01 3.1 1.2 0.7 0.6 0.7 2 0.7 0.6 0.8 0.9 0.8 0.9 1.4 1.4 1.2 1.6 1.4 1.6 1.2 1.4 1.4 1.4 1.8 1.9
嘉義
SO2
05/02 1.4 1.6 1.6 1.6 1.6 1.8 2.1 2.1 2.5 2.8 2.9 2.7 2.9 5 4.9 3.3 2.3 2 1.9 1.5 1.4 1.4 2.8 2.6
嘉義
SO2
05/03 2.1 1.4 1.6 1.4 1.6 1.5 1.5 1.5 1.4 2.1 2 2.1 2 1.7 1.6 1.5 1.4 1.6 1.9 3.3 2.7 2.2 2.5 3.1
嘉義
SO2
05/04 2.8 3.3 2.7 3 1.9 1.8 1.9 1.8 1.7 1.9 2.3 2.5 2.5 2.2 1.9 1.8 1.9 2 2.2 2.3 2.2 1.9 2.3 2.7
嘉義
SO2
05/05 2.1 2.1 1.4 3.3 1.7 1.4 1.7 2 2.5 2.4 4.4 3 2.7 2.2 2.2 2.3 3 3.4 2.4 4.9 1.7 1.7 1.7 1.7
嘉義
SO2
05/06 1.4 1.2 1.4 1.8 3.6 3.6 1.7 1.5 1.4 1.8 1.5 1.6 1.7 1.5 1.7 1.5 1.4 1.5 1.5 1.5 1.4 1.2 1.6 3.5
嘉義
SO2
05/07 2.3 2.2 2.6 2.2 2.1 2.5 2.6 2.3 1.9 2.4 2.6 2.3 2.5 2.5 2.4 2.6 2.6 2.6 2.6 2.2 2.7 2.6 2.6 2.5
嘉義
SO2
05/08 2.5 1.4 1.7 1.6 1.5 1.5 1.7 2.4 1.7 2.1 1.4 1.2 1.5 3 3.9# 2.9 4.3 5.5 6.1 5.3 3.5 7.6 13 4
嘉義
SO2
05/09 2.8 2 1.9 1.6 1.4 2.8 2 1.3 2.1 5.7 1.6 2 1.9 2 2.7 2.4 3.9 3.1 5.8 14 2.2 2.2 1.2 1.1
嘉義
SO2
05/10 1.5 3.1 1.3 1.1 1.2 1.2 1.9 1.5 2 1.8 2.6 1.9 2.1 2.8 3 3.3 3.5 3.3 3.3 2.3 6.6 6.6 7.1 2.7
嘉義
SO2
05/11 2.1 3.3 5 8.9 6.1 2.9 1.8 6.1 5.5 3.4 1.9 2.1 2.4 3.2 2.7 3.6 3.2 2.5 4.3 2.9 7.4 6.8 5 3.9
嘉義
SO2
05/12 3.5 2.5 2.9 3.8 3 2 1.8 1.9 2 1.9 1.8 1.6 1.8 2.8 2.6 2.3 2.6 2.1 2 1.5 2.4 2.3 2.9 1.9
嘉義
SO2
05/13 1 1.7 1.6 1.5 1.4 1.3 1.4 1.4 1.8 1.8 1.9 1.8 2.1 3.1 2.9 2.8 2.1 2.1 1.6 1.9 2.1 1.8 3.2 2.1
嘉義
SO2
05/14 2 1.5 1.5 1.5 1.5 1.5 1.6 2.3 2.2 2 1.7 1.6 1.6 1.6 1.7 1.7 1.6 1.7 2.4 2.1 1.6 1.5 1.7 2.1
嘉義
SO2
05/15 1.7 2.8 2.6 2.5 2.2 1.6 1.3 1.3 1.6 1.9 2.6 1.9 1.3 1.1 2.1 1.8 1.3 1.8 2.4 2.2 3 2 1.9 3.8
嘉義
SO2
05/16 4.7 1.6 1.4 1.3 1.5 1.4 1.5 2.3 1.9 2.2 2 1.9 2.7 1.7 1.6 1.6 1.6 1.7 1.5 1.7 1.6 2.3 3.7 2.1
嘉義
SO2
05/17 2.2 1.2 1.1 1.1 1.2 1.4 1.3 2.1 1.7 1.5 1.5 1.4 1.3# 1.3 1.2 1.4 1.4 1.5 1.5 1.5 2.1 1.8 1.6 1.4
嘉義
SO2
05/18 1.1 1 0.9 1.5 0.8 0.8 1.1 1.2 1.1 1 1 1.2 1 1.2 0.9 1 1 1 1.6 1 1.7 1.2 1.3 0.8
嘉義
SO2
05/19 1.1 1.3 1.7 2.4 1.3 1.3 1.4 1.6 1.4 1.3 1.3 1.9 1.6 1.3 1.2 1.3 1.3 2.4 2.3 1.3 1.3 2.3 3.2 1.5
嘉義
SO2
05/20 0.9 1.4 1.3 1.3 1.4 1.5 1.3 1.8 1.7 1.5 2.2 2.6 1.7 1.4 1.2 1.2 1.8 2 1.8 1.8 2.1 2.1 1.9 2.1
嘉義
SO2
05/21 2.1 2.4 2.1 1.8 1.8 1.7 5.1 2.5 4.5 2.3 2.4 2.2 2.6 2.8 2.3 2.6 2.3 2.5 3.8 4.3 3.4 4.1 3 2.4
嘉義
SO2
05/22 2.5 2 2.6 2.1 2.4 2.9 2.7 4.5 2.6 2.5 2 2.8 2.9 2.6 2.2 3.6 3 2.5 4 3.5 4 5.1 3.7 3
嘉義
SO2
05/23 2.5 3.1 3.1 3.5 3.8 4.1 2.9 2.2 2.3 2.6 2.2 1.9 1.7 1.8 1.9 2.1 2.5 2.3 3.5 5.5 2.8 3.5 6.2 7.7
嘉義
SO2
05/24 4.9 2.8 1.9 1.3 1.3 1.1 1 1.2 2 3.5 2.7 2.1 1.8 1.8 1.9 2.4 2.3 2.4 2.1 2.2 1.8 2.4 1.3 1.2
嘉義
SO2
05/25 1.1 1.5 1.5 1.3 1.5 1.5 2.2 4.5 4.6 3.8 2.7 2.3 3.6 3.7 3.8 2.4 1.8 2 2.1 1.9 1.9 2.6 3.8 3
嘉義
SO2
05/26 3.3 2.3 2.7 3.3 2.6 1.6 1.7 5.5 5.9 3.5 2.6 2.3 2.3 2.1 1.9 1.8 2.3 3.4 4.4 4.4 4.6 4.5 5.3 3.3
嘉義
SO2
05/27 3.8 3.5 2 2 2.3 2.1 2.2 3.1 3.4 2.7 2.6 2.1 1.3# 1.4x 1.5# 1.4 1.3 1.4 2 2.4 2.1 1.7 1.5 1.5
嘉義
SO2
05/28 1.4 1.7 1.2 1.2 1 1.2 1.2 1.5 2.4 1.7 1.4 1.7 2.4 1.5 1.4 1.4 1.8 1.7 2 3.4 6.2 7.2 5.9 3.6
嘉義
SO2
05/29 4.6 5.4 4.4 3.5 2.4 2.2 2.4 2.4 2.2 2.1 2.9 2.5 2.3 2.3 2.2 3.6 4.2 4.7 3.2 2.9 2.8 3.1 2.8 3.1
嘉義
SO2
05/30 2.7 2.6 2.7 2.8 3.1 3 3.1 2.7 3.1 2.7 2.3 2.4 2.3 4.1 3.4 2.6 2.4 2.8 2.7 2.4 2.3 2.9 2.3 2
嘉義
CO
01/01 0.39 0.47 0.44 0.45 0.49 0.46 0.42 0.46 0.4 0.37 0.38 0.38 0.36 0.36 0.39 0.46 0.52 0.5 0.53 0.54 0.55 0.54 0.43 0.42
嘉義
CO
01/02 0.39 0.34 0.35 0.34 0.32 0.29 0.35 0.52 0.45 0.48 0.56 0.45 0.49 0.48 0.45 0.48 0.51 0.75 0.71 0.64 0.56 0.59 0.51 0.44
嘉義
CO
01/03 0.39 0.42 0.41 0.41 0.41 0.41 0.44 0.57 0.51 0.45 0.47 0.44 0.45 0.42 0.45 0.51 0.5 0.68 0.95 0.82 0.82 0.81 0.72 0.61
嘉義
CO
01/04 0.65 0.63 0.59 0.58 0.52 0.49 0.55 0.81 0.68 0.74 0.52 0.43 0.37 0.36 0.32 0.31 0.41 0.5 0.51 0.48 0.48 0.64 0.66 0.64
嘉義
CO
01/05 0.58 0.51 0.5 0.5 0.51 0.57 0.62 0.77 0.84 0.77 0.67 0.75 0.55 0.51 0.57 0.57 0.58 0.68 0.67 0.77 0.66 0.73 0.88 0.9
嘉義
CO
01/06 0.87 0.73 0.69 0.65 0.54 0.5 0.52 0.56 0.56 0.61 0.61 0.56 0.51 0.5 0.54 0.57 0.63 0.82 0.84 0.73 0.71 0.66 0.61 0.56
嘉義
CO
01/07 0.57 0.56 0.55 0.58 0.58 0.5 0.55 0.68 0.87 0.73 0.69 0.61 0.53 0.47 0.44 0.46 0.55 0.74 0.74 0.68 0.6 0.52 0.43 0.48
嘉義
CO
01/08 0.51 0.5 0.48 0.38 0.42 0.41 0.38 0.44 0.47 0.43 0.47 0.42 0.42 0.46 0.42 0.45 0.58 0.7 0.56 0.55 0.53 0.52 0.43 0.4
嘉義
CO
01/09 0.41 0.38 0.4 0.42 0.41 0.39 0.4 0.54 0.51 0.53 0.54 0.53 0.51 0.53 0.59 0.57 0.65 0.8 0.83 0.81 0.68 0.69 0.68 0.56
嘉義
CO
01/10 0.55 0.58 0.61 0.69 0.64 0.72 0.69 0.82 0.96 0.87 0.74 0.72# 0.58# 0.57 0.55 0.61 0.53 0.65 0.65 0.63 0.66 0.65 0.56 0.52
嘉義
CO
01/11 0.52 0.48 0.51 0.53 0.51 0.52 0.59 0.72 0.78 0.79 0.76 0.67 0.64 0.62 0.46 0.4 0.51 0.66 0.59 0.72 0.77 0.8 0.95 0.75
嘉義
CO
01/12 0.44 0.32 0.41 0.63 0.68 0.55 0.81 0.69 0.77 0.81 0.71 0.58 0.56 0.36 0.31 0.31 0.39 0.54 0.59 0.71 0.87 0.74 0.68 0.66
嘉義
CO
01/13 0.7 0.63 0.76 0.86 0.71 0.65 0.63 0.69 0.73 0.72 0.7 0.61 0.63 0.71 0.69 0.69 0.75 0.79 0.76 0.71 0.72 0.68 0.62 0.58
嘉義
CO
01/14 0.6 0.54 0.52 0.52 0.53 0.52 0.52 0.64 0.63 0.66 0.63 0.59 0.57 0.6 0.51 0.5 0.62 0.75 0.74 0.73 0.72 0.65 0.63 0.6
嘉義
CO
01/15 0.51 0.55 0.51 0.52 0.49 0.48 0.52 0.59 0.77 0.73 0.75 0.69 0.68 0.57 0.53 0.52 0.57 0.73 0.62 0.55 0.51 0.49 0.49 0.46
嘉義
CO
01/16 0.43 0.36 0.33 0.34 0.3 0.33 0.41 0.57 0.64 0.66 0.68 0.7 0.68 0.62 0.57 0.59 0.58 0.63 0.62 0.68 0.68 0.73 0.61 0.5
嘉義
CO
01/17 0.44 0.37 0.32 0.33 0.34 0.34 0.37 0.48 0.48 0.48 0.49 0.47 0.45 0.43 0.45# 0.47 0.51 0.52 0.57 0.53 0.53 0.51 0.53 0.5
嘉義
CO
01/18 0.49 0.54 0.49 0.47 0.49 0.53 0.55 0.69 0.6 0.52 0.52 0.5 0.47 0.45 0.47 0.48 0.56 0.55 0.55 0.52 0.53 0.55 0.49 0.49
嘉義
CO
01/19 0.48 0.44 0.46 0.42 0.43 0.42 0.43 0.64 0.71 0.74 0.64 0.62 0.65 0.5 0.41 0.36 0.45 0.64 0.79 0.84 0.83 0.83 0.7 0.65
嘉義
CO
01/20 0.63 0.6 0.62 0.63 0.62 0.68 0.74 0.82 1.04 0.84 0.85 0.76 0.63 0.62 0.55 0.66 0.68 0.84 1.01 0.93 0.85 0.83 0.83 0.73
嘉義
CO
01/21 0.65 0.57 0.61 0.55 0.53 0.51 0.5 0.59 0.58 0.53 0.57 0.57 0.56 0.54 0.53 0.49 0.37 0.38 0.41 0.37 0.38 0.39 0.35 0.31
嘉義
CO
01/22 0.31 0.25 0.26 0.26 0.24 0.25 0.3 0.37 0.42 0.46 0.49 0.44 0.44 0.42 0.45 0.46 0.5 0.56 0.64 0.62 0.55 0.53 0.51 0.5
嘉義
CO
01/23 0.52 0.5 0.5 0.5 0.51 0.52 0.59 0.76 0.84 0.72 0.66 0.55 0.48 0.46 0.46 0.45 0.52 0.65 0.79 0.88 0.72 0.81 0.66 0.61
嘉義
CO
01/24 0.57 0.58 0.59 0.61 0.64 0.63 0.67 0.82 0.97 0.79# 0.72 0.6 0.57 0.45 0.48 0.48 0.53 0.65 0.69 0.92 1.02 0.89 0.79 0.71
嘉義
CO
01/25 0.72 0.68 0.63 0.61 0.75 0.85 0.77 0.94 0.99 0.83 0.73 0.66 0.56 0.51 0.43 0.48 0.59 0.73 0.93 0.87 0.85 0.77 0.71 0.67
嘉義
CO
01/26 0.59 0.58 0.53 0.62 0.63 0.52 0.56 0.61 0.56 0.5 0.45 0.42 0.38 0.44 0.5 0.49 0.54 0.6 0.59 0.57 0.44 0.36 0.32 0.28
嘉義
CO
01/27 0.27 0.26 0.24 0.2 0.19 0.2 0.22 0.3 0.33 0.33 0.41 0.38 0.36 0.33 0.34 0.35 0.37 0.43 0.49 0.57 0.58 0.57 0.62 0.56
嘉義
CO
01/28 0.45 0.45 0.49 0.47 0.46 0.45 0.55 0.63 0.72 0.77 0.71 0.62 0.45 0.45 0.41 0.4 0.44 0.53 0.54 0.54 0.62 0.74 0.87 0.66
嘉義
CO
01/29 0.54 0.51 0.53 0.46 0.48 0.52 0.68 0.66 0.69 0.84 0.72 0.6 0.42 0.39 0.3 0.33 0.35 0.44 0.55 0.56 0.57 0.62 0.67 0.65
嘉義
CO
01/30 0.61 0.61 0.59 0.5 0.58 0.54 0.55 0.69 0.73 0.82 0.82 0.74 0.51 0.47 0.38 0.39 0.41 0.64 0.9 0.95 0.94 0.5 0.47 0.46
嘉義
CO
01/31 0.43 0.37 0.34 0.3 0.27 0.24 0.33 0.87 0.83 0.61 0.48 0.51 0.43 0.4 0.3 0.33 0.42 0.52 0.66 0.7 0.63 0.59 0.51 0.62
嘉義
CO
監測年月：2019/02， 測站：嘉義， 測項：CO（ppm）
嘉義
CO
日期 00 01 02 03 04 05 06 07 08 09 10 11 12 13 14 15 16 17 18 19 20 21 22 23
嘉義
CO
02/01 0.67 0.5 0.49 0.52 0.52 0.49 0.45 0.51 0.5 0.49 0.52 0.54 0.59 0.57 0.58 0.63 0.72 0.79 0.81 0.84 1.01 1 0.88 0.74
嘉義
CO
02/02 0.68 0.66 0.66 0.68 0.78 0.76 0.75 0.8 0.93 0.91 0.89 0.65 0.56 0.56 0.51 0.52 0.63 0.69 0.61 0.65 0.66 0.71 0.68 0.61
嘉義
CO
02/03 0.64 0.74 0.8 0.74 0.67 0.5 0.51 1.35 1.51 0.63 0.39 0.22 0.2 0.22 0.28 0.24 0.29 0.35 0.38 0.75 0.77 0.82 0.78 0.59
嘉義
CO
02/04 0.35 0.38 0.3 0.5 0.45 0.49 0.46 0.73 0.73 0.56# 0.96 0.98 0.86 0.82 0.76 0.86 0.85 0.95 1.08 1.15 1.06 1.03 1.03 1.06
嘉義
CO
02/05 1.06 0.87 0.85 0.83 0.84 0.79 0.77 0.77 0.83 0.9 0.87 0.69 0.58 0.53 0.48 0.43 0.44 0.42 0.44 0.44 0.43 0.36 0.4 0.43
嘉義
CO
02/06 0.4 0.43 0.45 0.49 0.49 0.53 0.51 0.59 0.56 0.65 0.61 0.61 0.49 0.39 0.36 0.37 0.42 0.46 0.5 0.48 0.54 0.61 0.68 0.64
嘉義
CO
02/07 0.51 0.44 0.41 0.36 0.38 0.34 0.41 0.55 0.54 0.42 0.32 0.26 0.22 0.22 0.22 0.26 0.29 0.4 0.51 0.58 0.58 0.56 0.57 0.44
嘉義
CO
02/08 0.56 0.57 0.65 0.49 0.47 0.44 0.44 0.49 0.49 0.54 0.51 0.47 0.42 0.41 0.38 0.34 0.36 0.41 0.45 0.56 0.42 0.35 0.4 0.4
嘉義
CO
02/09 0.42 0.37 0.38 0.43 0.48 0.41 0.44 0.45 0.48 0.48 0.48 0.41 0.4 0.43 0.59 0.62 0.61 0.54 0.61 0.43 0.47 0.44 0.37 0.36
嘉義
CO
02/10 0.36 0.3 0.28 0.29 0.26 0.25 0.26 0.29 0.41 0.41 0.4 0.39 0.42 0.36 0.39 0.41 0.49 0.48 0.52 0.63 0.48 0.45 0.45 0.43
嘉義
CO
02/11 0.4 0.38 0.38 0.34 0.36 0.35 0.35 0.45 0.45 0.43 0.45 0.4 0.39 0.42 0.44 0.45 0.51 0.47 0.47 0.46 0.47 0.46 0.43 0.39
嘉義
CO
02/12 0.37 0.36 0.44 0.56 0.35 0.38 0.46 0.57 0.6 0.47 0.39 0.37 0.39 0.37 0.32 0.3 0.37 0.38 0.45 0.57 0.52 0.48 0.44 0.38
嘉義
CO
02/13 0.46 0.57 0.63 0.56 0.62 0.63 0.64 0.76 0.71 0.56 0.49 0.42 0.4 0.32 0.33 0.38 0.48 0.6 0.6 0.71 0.64 0.56 0.46 0.41
嘉義
CO
02/14 0.39 0.37 0.37 0.38 0.35 0.37 0.45 0.58 0.54 0.42 0.41 0.39 0.35 0.32 0.27 0.29 0.36 0.46 0.62 0.72 0.62 0.62 0.57 0.53
嘉義
CO
02/15 0.5 0.53 0.58 0.61 0.61 0.54 0.61 0.74 0.71 0.61 0.55 0.43 0.39 0.31 0.38 0.38 0.43 0.51 0.55 0.67 0.65 0.61 0.53 0.43
嘉義
CO
02/16 0.36 0.41 0.43 0.52 0.6 0.65 0.66 0.67 0.69 0.61 0.53 0.47 0.33 0.37 0.36 0.39 0.45 0.62 0.52 0.54 0.67 0.6 0.66 0.66
嘉義
CO
02/17 0.57 0.47 0.47 0.45 0.44 0.45 0.47 0.5 0.51 0.55 0.57 0.46 0.46 0.45 0.41 0.42 0.46 0.5 0.55 0.63 0.52 0.44 0.4 0.38
嘉義
CO
02/18 0.37 0.38 0.39 0.41 0.38 0.4 0.43 0.59 0.64 0.6 0.62 0.55 0.46 0.46 0.44 0.43 0.4 0.46 0.47 0.39 0.5 0.73 0.64 0.65
嘉義
CO
02/19 0.55 0.35 0.2 0.24 0.31 0.38 0.51 1.01 0.84 0.63 0.52 0.48 0.42 0.33# 0.47 0.4 0.4 0.44 0.39 0.4 0.41 0.41 0.62 0.69
嘉義
CO
02/20 0.65 0.44 0.49 0.26 0.28 0.55 0.62 0.73 0.67 0.55 0.4 0.36 0.32 0.31 0.42 0.43 0.51 0.53 0.58 0.57 0.58 0.53 0.68 0.83
嘉義
CO
02/21 0.82 0.77 0.79 0.75 0.59 0.58 0.58 0.56 0.63 0.59 0.66 0.58 0.47 0.43 0.35 0.37 0.39 0.51 0.67 0.53 0.47 0.55 0.53 0.44
嘉義
CO
02/22 0.44 0.39 0.41 0.42 0.44 0.44 0.44 0.59 0.62 0.55 0.58 0.55 0.44 0.33 0.32 0.33 0.36 0.49 0.52 0.54 0.52 0.55 0.51 0.48
嘉義
CO
02/23 0.44 0.41 0.37 0.39 0.42 0.39 0.44 0.6 0.63 0.55 0.52 0.56 0.58 0.64 0.62 0.61 0.72 0.73 0.75 0.64 0.64 0.65 0.61 0.55
嘉義
CO
02/24 0.57 0.55 0.51 0.45 0.48 0.47 0.47 0.56 0.62 0.62 0.56 0.55 0.63 0.51 0.45 0.43 0.5 0.55 0.59 0.62 0.6 0.58 0.53 0.53
嘉義
CO
02/25 0.52 0.54 0.51 0.47 0.47 0.47 0.53 0.67 0.57 0.51 0.53 0.51 0.49 0.48 0.48 0.48 0.53 0.64 0.6 0.62 0.54 0.6 0.52 0.46
嘉義
CO
02/26 0.46 0.45 0.33 0.34 0.4 0.46 0.44 0.6 0.59 0.51 0.52 0.46 0.45 0.46 0.44 0.45 0.49 0.51 0.5 0.48 0.42 0.46 0.52 0.36
嘉義
CO
02/27 0.32 0.38 0.38 0.45 0.52 0.43 0.54 0.59 0.6 0.57 0.56 0.56 0.57 0.53 0.47 0.42 0.44 0.56 0.68 0.6 0.59 0.6 0.51 0.44
嘉義
CO
02/28 0.46 0.41 0.44 0.47 0.45 0.56 0.55 0.59 0.66 0.54 0.5 0.44 0.36 0.37 0.38 0.42 0.39 0.44 0.5 0.58 0.55 0.64 0.68 0.71
嘉義
CO
監測年月：2019/03， 測站：嘉義， 測項：CO（ppm）
嘉義
CO
日期 00 01 02 03 04 05 06 07 08 09 10 11 12 13 14 15 16 17 18 19 20 21 22 23
嘉義
CO
03/01 0.61 0.5 0.47 0.52 0.43 0.4 0.43 0.51 0.52 0.54 0.54 0.53 0.42 0.38 0.36 0.35 0.39 0.44 0.46 0.62 0.65 0.72 0.68 0.64
嘉義
CO
03/02 0.56 0.54 0.5 0.46 0.46 0.51 0.52 0.61 0.54 0.55 0.56 0.58 0.53 0.5 0.47 0.49 0.45 0.41 0.54 0.58 0.69 0.62 0.66 0.7
嘉義
CO
03/03 0.64 0.42 0.34 0.28 0.24 0.27 0.36 0.36 0.34 0.2 0.19 0.19 0.44 0.51 0.42 0.44 0.39 0.5 0.56 0.38 0.74 0.64 0.54 0.56
嘉義
CO
03/04 0.58 0.44 0.41 0.38 0.37 0.36 0.43 0.58 0.54 0.49 0.43 0.39 0.47 0.5 0.46 0.46 0.52 0.61 0.75 0.8 0.78 1.02 0.92 0.8
嘉義
CO
03/05 0.85 0.72 0.75 0.89 0.84 0.94 0.96 0.94 0.91 0.55 0.47 0.41 0.43 0.57 0.56 0.58 0.73 0.79 0.6 0.62 0.55 0.54 0.51 0.49
嘉義
CO
03/06 0.55 0.44 0.42 0.46 0.51 0.44 0.45 0.67 0.65 0.48 0.41 0.34 0.32 0.38 0.49 0.54 0.53 0.65 0.52 0.48 0.44 0.49 0.47 0.46
嘉義
CO
03/07 0.46 0.48 0.46 0.4 0.4 0.43 0.46 0.57 0.59 0.58 0.56 0.56 0.59 0.47 0.43 0.48 0.53 0.71 0.56 0.57 0.66 0.71 0.67 0.61
嘉義
CO
03/08 0.57 0.56 0.54 0.57 0.51 0.52 0.61 0.77 0.78 0.71 0.71 0.72# 0.68# 0.59 0.58 0.6 0.65 0.69 0.86 0.72 0.63 0.63 0.57 0.63
嘉義
CO
03/09 0.64 0.51 0.49 0.5 0.5 0.6 0.67 0.89 0.93 1.19 0.77 0.6 0.51 0.5 0.59 0.55 0.58 0.59 0.62 0.72 0.67 0.82 0.67 0.52
嘉義
CO
03/10 0.54 0.43 0.31 0.21 0.21 0.22 0.25 0.48 0.55 0.51 0.39 0.35 0.4 0.39 0.44 0.51 0.53 0.72 0.75 0.66 0.73 0.61 0.62 0.51
嘉義
CO
03/11 0.5 0.47 0.46 0.52 0.51 0.54 0.54 0.67 0.84 0.74 0.7 0.71 0.57 0.59 0.63 0.57 0.68 1 1 0.91 0.83 0.74 0.75 0.71
嘉義
CO
03/12 0.6 0.72 0.72 0.63 0.76 0.71 0.86 1.04 1.07 0.89 0.59 0.43 0.39 0.39 0.45 0.43 0.48 0.6 0.71 0.79 0.79 0.77 0.76 0.59
嘉義
CO
03/13 0.52 0.46 0.38 0.34 0.35 0.4 0.47 0.88 0.71 0.46 0.38 0.38 0.37 0.39 0.39 0.39 0.39 0.55 0.61 0.63 0.6 0.72 0.73 0.45
嘉義
CO
03/14 0.6 0.48 0.44 0.42 0.39 0.34 0.44 0.58 0.52 0.48 0.38 0.38 0.37 0.32 0.32 0.33# 0.4# 0.48 0.66 0.77 0.55 0.48 0.33 0.31
嘉義
CO
03/15 0.3 0.29 0.29 0.25 0.26 0.28 0.29 0.41 0.38 0.35 0.4 0.43 0.37 0.36 0.37 0.39 0.45 0.5 0.53 0.53 0.61 0.66 0.63 0.58
嘉義
CO
03/16 0.36 0.42 0.46 0.46 0.46 0.49 0.56 0.59 0.59 0.53 0.48 0.47 0.48 0.41 0.35 0.38 0.41 0.58 0.6 0.52 0.64 0.77 0.74 0.52
嘉義
CO
03/17 0.49 0.41 0.4 0.38 0.52 0.57 0.59 0.53 0.48 0.45 0.41 0.42 0.39 0.39 0.39 0.43 0.46 0.58 0.63 0.57 0.56 0.51 0.41 0.43
嘉義
CO
03/18 0.39 0.42 0.42 0.41 0.41 0.42 0.47 0.63 0.66 0.59 0.65 0.62 0.55 0.47 0.45 0.45 0.49 0.59 0.51 0.53 0.55 0.92 0.76 0.59
嘉義
CO
03/19 0.56 0.5 0.52 0.47 0.38 0.49 0.66 0.8 0.8 0.67 0.62 0.54 0.52 0.53 0.48 0.4 0.46 0.58 0.59 0.62 0.69 0.86 0.73 0.59
嘉義
CO
03/20 0.45 0.44 0.5 0.51 0.48 0.45 0.57 0.82 0.77 0.63 0.5 0.46 0.49 0.42 0.37# 0.35# 0.39 0.39 0.44 0.43 0.51 0.44 0.54 0.42
嘉義
CO
03/21 0.42 0.39 0.39 0.36 0.33 0.32 0.39 0.56 0.44 0.28 0.25 0.29 0.29 0.26 0.24 0.25 0.28 0.36 0.32 0.35 0.33 0.43 0.41 0.31
嘉義
CO
03/22 0.3 0.24 0.19 0.21 0.19 0.27 0.34 0.47 0.36 0.39 0.32 0.3 0.34 0.31 0.31 0.3 0.35 0.48 0.59 0.75 0.82 0.68 0.49 0.46
嘉義
CO
03/23 0.4 0.39 0.33 0.34 0.32 0.31 0.31 0.32 0.37 0.42 0.43 0.51 0.41 0.44 0.4 0.46 0.38 0.47 0.43 0.44 0.36 0.33 0.29 0.28
嘉義
CO
03/24 0.25 0.23 0.21 0.25 0.23 0.26 0.26 0.31 0.41 0.4 0.44 0.49 0.45 0.53 0.48 0.47 0.47 0.54 0.66 0.51 0.75 0.69 0.64 0.5
嘉義
CO
03/25 0.44 0.39 0.36 0.44 0.51 0.46 0.49 1.28 0.87 0.91 0.6 0.7 0.71 0.5 0.65 0.72 0.63# 0.74 0.93 0.95 1.09 1.03 0.86 0.71
嘉義
CO
03/26 0.58 0.5 0.47 0.51 0.46 0.51 0.54 0.56 0.61 0.5 0.44 0.38 0.53 0.46 0.44 0.35 0.47 0.54 0.6 0.55 0.61 0.58 0.64 0.5
嘉義
CO
03/27 0.51 0.47 0.44 0.45 0.63 0.49 0.54 0.66 0.64 0.56 0.42 0.37 0.36 0.34 0.39 0.51 0.45 0.38 0.42 0.41 0.42 0.57 0.58 0.49
嘉義
CO
03/28 0.46 0.34 0.38 0.39 0.42 0.38 0.36 0.51 0.44 0.42 0.33 0.33 0.34 0.29 0.25 0.25 0.27 0.32 0.31 0.29 0.31 0.33 0.3 0.3
嘉義
CO
03/29 0.27 0.3 0.25 0.25 0.27 0.29 0.35 0.47 0.34 0.25 0.24 0.24 0.24 0.22 0.22 0.23 0.24 0.31 0.33 0.27 0.3 0.34 0.25 0.25
嘉義
CO
03/30 0.26 0.25 0.28 0.28 0.31 0.35 0.36 0.43 0.41 0.44 0.44 0.42 0.43 0.43 0.33 0.34 0.37 0.38 0.45 0.5 0.52 0.63 0.48 0.4
嘉義
CO
03/31 0.39 0.42 0.46 0.52 0.67 0.45 0.67 0.72 0.68 0.61 0.58 0.48 0.4 0.44 0.39 0.42 0.49 0.55 0.6 0.6 0.64 0.64 0.61 0.59
嘉義
CO
監測年月：2019/04， 測站：嘉義， 測項：CO（ppm）
嘉義
CO
日期 00 01 02 03 04 05 06 07 08 09 10 11 12 13 14 15 16 17 18 19 20 21 22 23
嘉義
CO
04/01 0.4 0.35 0.32 0.32 0.29 0.28 0.29 0.36 0.44 0.47 0.47 0.47 0.44 0.41# 0.45 0.46 0.46 0.55 0.51 0.52 0.5 0.56 0.49 0.43
嘉義
CO
04/02 0.39 0.4 0.43 0.47 0.47 0.49 0.48 0.69 0.66 0.51 0.47 0.44 0.38# 0.36 0.39 0.44 0.44 0.45 0.54 0.61 0.62 0.66 0.61 0.55
嘉義
CO
04/03 0.44 0.4 0.46 0.37 0.38 0.41 0.38 0.4 0.38 0.41 0.43 0.38 0.42 0.37 0.32 0.34 0.44 0.45 0.42 0.39 0.44 0.49 0.46 0.39
嘉義
CO
04/04 0.41 0.46 0.49 0.61 0.56 0.52 0.55 0.66 0.64 0.54 0.5 0.4 0.34 0.33 0.35 0.34 0.39 0.42 0.41 0.39 0.48 0.51 0.39 0.41
嘉義
CO
04/05 0.4 0.4 0.34 0.36 0.42 0.39 0.52 0.5 0.58 0.64 0.54 0.47 0.47 0.47 0.4 0.34 0.37 0.43 0.51 0.53 0.55 0.69 0.63 0.65
嘉義
CO
04/06 0.52 0.47 0.43 0.39 0.43 0.46 0.46 0.53 0.56 0.54 0.59 0.57 0.48 0.41 0.37 0.36 0.36 0.38 0.45 0.43 0.5 0.58 0.55 0.65
嘉義
CO
04/07 0.56 0.44 0.4 0.37 0.34 0.34 0.36 0.46 0.38 0.41 0.41 0.38 0.36 0.37 0.4 0.4 0.45 0.51 0.52 0.56 0.57 0.56 0.53 0.5
嘉義
CO
04/08 0.45 0.39 0.37 0.36 0.35 0.37 0.42 0.56 0.53 0.41 0.38 0.35 0.34 0.34 0.35 0.36 0.37 0.44 0.41 0.4 0.42 0.45 0.43 0.4
嘉義
CO
04/09 0.39 0.29 0.29 0.29 0.32 0.32 0.48 0.68 0.46 0.33 0.29 0.32 0.35 0.27 0.19 0.18 0.21 0.27 0.3 0.29 0.31 0.34 0.29 0.31
嘉義
CO
04/10 0.29 0.26 0.24 0.22 0.19 0.22 0.32 0.38 0.27 0.28 0.29 0.23 0.24 0.22 0.2 0.2 0.21 0.26 0.3 0.35 0.3 0.32 0.25 0.23
嘉義
CO
04/11 0.24 0.23 0.27 0.25 0.24 0.45 0.31 0.32 0.34 0.29 0.29 0.28 0.31 0.23 0.18 0.19 0.3 0.37 0.44 0.47 0.49 0.4 0.37 0.42
嘉義
CO
04/12 0.41 0.35 0.27 0.27 0.32 0.36 0.34 0.46 0.41 0.44 0.4 0.38 0.44 0.52 0.47 0.46 0.5 0.64 0.68 0.68 0.58 0.56 0.53 0.64
嘉義
CO
04/13 0.53 0.41 0.42 0.43 0.4 0.46 0.48 0.58 0.59 0.57 0.49 0.42 0.43 0.37 0.32 0.29 0.38 0.47 0.53 0.57 0.53 0.48 0.47 0.49
嘉義
CO
04/14 0.52 0.53 0.49 0.42 0.31 0.35 0.39 0.41 0.49 0.45 0.41 0.36 0.36 0.27 0.26 0.25 0.28 0.36 0.46 0.57 0.42 0.41 0.36 0.35
嘉義
CO
04/15 0.33 0.3 0.25 0.25 0.28 0.3 0.35 0.46 0.44 0.45 0.36 0.36 0.37 0.4 0.43 0.46 0.55 0.62 0.6 0.6 0.69 0.73 0.82 0.81
嘉義
CO
04/16 0.79 0.61 0.51 0.48 0.4 0.38 0.39 0.49 0.5 0.52 0.55 0.5 0.5 0.53 0.46 0.51 0.53 0.61 0.8 0.89 0.77 0.71 0.69 0.66
嘉義
CO
04/17 0.61 0.57 0.51 0.37 0.35 0.35 0.33 0.44 0.38 0.43 0.44 0.44 0.39# 0.37 0.37 0.41 0.43 0.5 0.51 0.44 0.52 0.52 0.53 0.42
嘉義
CO
04/18 0.39 0.38 0.38 0.41 0.39 0.43 0.51 0.54 0.54 0.47 0.4 0.39 0.37 0.33 0.39 0.44 0.4 0.45 0.54 0.51 0.62 0.66 0.53 0.54
嘉義
CO
04/19 0.54 0.41 0.4 0.46 0.44 0.25 0.32 0.58 0.68 0.7 0.42 0.3 0.32 0.38 0.34 0.22 0.23 0.39 0.53 0.49 0.55 0.44 0.48 0.29
嘉義
CO
04/20 0.34 0.28 0.27 0.32 0.42 0.42 0.48 0.44 0.59 0.55 0.45 0.45 0.56 0.39 0.34 0.35 0.4 0.54 0.61 0.65 0.56 0.59 0.7 0.55
嘉義
CO
04/21 0.38 0.3 0.32 0.33 0.4 0.34 0.36 0.47 0.4 0.35 0.31 0.25 0.21 0.19 0.21 0.26 0.29 0.37 0.35 0.33 0.48 0.39 0.43 0.38
嘉義
CO
04/22 0.34 0.22 0.23 0.22 0.23 0.26 0.38 0.44 0.28 0.2 0.19 0.2 0.21 0.2 0.17 0.16 0.19 0.28 0.26 0.24 0.22 0.23 0.19 0.17
嘉義
CO
04/23 0.15 0.14 0.14 0.15 0.16 0.2 0.27 0.28 0.17 0.18 0.17 0.18 0.15 0.14 0.14 0.14 0.15 0.18 0.2 0.21 0.19 0.17 0.17 0.16
嘉義
CO
04/24 0.15 0.14 0.13 0.15 0.17 0.21 0.33 0.33 0.19 0.17 0.18 0.14 0.14 0.13 0.13 0.14 0.16 0.18 0.25 0.27 0.24 0.31 0.21 0.2
嘉義
CO
04/25 0.2 0.25 0.24 0.22 0.21 0.23 0.33 0.36 0.24 0.21 0.23 0.22 0.19 0.18 0.17 NA 0.19 0.25 0.3 0.37 0.37 0.45 0.38 0.29
嘉義
CO
04/26 0.22 0.14 0.13 0.13 0.13 0.15 0.22 0.29 0.2 0.2 0.18 0.19 0.22 0.2 0.2 0.25 0.31 0.36 0.44 0.4 0.4 0.51 0.4 0.38
嘉義
CO
04/27 0.36 0.33 0.39 0.41 0.28 0.27 0.28 0.53 0.47 0.33 0.42 0.5 0.5 0.49 0.42 0.44 0.43 0.49 0.51 0.52 0.55 0.55 0.5 0.44
嘉義
CO
04/28 0.44 0.45 0.45 0.46 0.47 0.51 0.55 0.52 0.46 0.53 0.49 0.45 0.42 0.4 0.39 0.34 0.34 0.38 0.4 0.42 0.42 0.51 0.48 0.43
嘉義
CO
04/29 0.39 0.36 0.3 0.27 0.27 0.28 0.34 0.36 0.35 0.31# 0.23 0.22 0.23 0.2 0.19 0.21 0.24 0.35 0.29 0.31 0.37 0.37 0.29 0.27
嘉義
CO
04/30 0.24 0.21 0.21 0.2 0.19 0.21 0.22 0.24 0.23 0.22 0.22 0.22 0.18 0.15 0.15 0.15 0.18 0.2 0.23 0.24 0.26 0.2 0.21 0.19
嘉義
CO
監測年月：2019/05， 測站：嘉義， 測項：CO（ppm）
嘉義
CO
日期 00 01 02 03 04 05 06 07 08 09 10 11 12 13 14 15 16 17 18 19 20 21 22 23
嘉義
CO
05/01 0.17 0.14 0.13 0.14 0.15 0.16 0.21 0.31 0.41 0.31 0.29 0.32 0.44 0.47 0.41 0.47 0.48 0.64 0.64 0.6 0.66 0.64 0.57 0.56
嘉義
CO
05/02 0.55 0.49 0.51 0.49 0.48 0.43 0.52 0.58 0.75 0.67 0.6 0.57 0.58 0.66 0.65 0.61 0.53 0.61 0.73 0.65 0.65 0.71 0.63 0.65
嘉義
CO
05/03 0.57 0.47 0.44 0.42 0.47 0.52 0.6 0.59 0.6 0.56 0.55 0.67 0.66 0.67 0.59 0.53 0.42 0.48 0.52 0.56 0.57 0.61 0.52 0.45
嘉義
CO
05/04 0.49 0.53 0.47 0.46 0.37 0.34 0.31 0.36 0.34 0.35 0.35 0.34 0.38 0.33 0.26 0.24 0.27 0.28 0.34 0.41 0.46 0.5 0.36 0.32
嘉義
CO
05/05 0.32 0.32 0.29 0.38 0.31 0.27 0.34 0.45 0.46 0.41 0.33 0.38 0.4 0.36 0.36 0.38 0.38 0.4 0.47 0.45 0.37 0.35 0.31 0.37
嘉義
CO
05/06 0.33 0.32 0.31 0.36 0.4 0.43 0.46 0.55 0.62 0.57 0.56 0.55 0.5 0.5 0.42 0.44 0.47 0.62 0.62 0.49 0.42 0.41 0.42 0.35
嘉義
CO
05/07 0.3 0.25 0.25 0.25 0.27 0.29 0.32 0.41 0.38 0.38 0.42 0.37 0.37 0.33 0.38 0.41 0.48 0.5 0.44 0.47 0.44 0.41 0.36 0.39
嘉義
CO
05/08 0.38 0.4 0.38 0.38 0.4 0.44 0.51 0.57 0.6 0.49 0.39 0.34 0.49 0.51 0.54# 0.42 0.53 0.7 0.68 0.66 0.69 0.79 0.62 0.5
嘉義
CO
05/09 0.48 0.43 0.45 0.45 0.48 0.43 0.47 0.64 0.76 0.85 0.6 0.59 0.42 0.34 0.44 0.51 0.55 0.51 0.63 0.59 0.52 0.64 0.43 0.43
嘉義
CO
05/10 0.44 0.39 0.33 0.24 0.26 0.25 0.38 0.5 0.67 0.45 0.38 0.39 0.42 0.38 0.43 0.57 0.68 0.67 0.88 0.64 0.57 0.66 0.59 0.42
嘉義
CO
05/11 0.36 0.42 0.4 0.41 0.4 0.42 0.48 0.52 0.59 0.58 0.47 0.4 0.39 0.36 0.31 0.34 0.32 0.37 0.44 0.49 0.75 0.67 0.65 0.67
嘉義
CO
05/12 0.6 0.61 0.55 0.43 0.5 0.53 0.54 0.53 0.52 0.49 0.39 0.34 0.31 0.42 0.38 0.35 0.33 0.33 0.35 0.36 0.37 0.41 0.38 0.33
嘉義
CO
05/13 0.32 0.3 0.21 0.24 0.26 0.32 0.36 0.35 0.36 0.3 0.25 0.22 0.24 0.29 0.27 0.28 0.28 0.35 0.32 0.38 0.5 0.42 0.4 0.33
嘉義
CO
05/14 0.28 0.23 0.23 0.22 0.2 0.23 0.32 0.42 0.29 0.23 0.21 0.21 0.21 0.19 0.2 0.17 0.23 0.25 0.29 0.23 0.24 0.24 0.27 0.26
嘉義
CO
05/15 0.24 0.22 0.25 0.24 0.24 0.23 0.23 0.24 0.33 0.27 0.31 0.25 0.22 0.2 0.23 0.21 0.2 0.29 0.4 0.5 0.4 0.46 0.33 0.29
嘉義
CO
05/16 0.27 0.15 0.14 0.11 0.12 0.14 0.21 0.2 0.16 0.22 0.17 0.13 0.12 0.12 0.13 0.11 0.14 0.22 0.22 0.25 0.22 0.25 0.19 0.14
嘉義
CO
05/17 0.15 0.16 0.15 0.14 0.16 0.16 0.26 0.49 0.38 0.21 0.2 0.18 0.14# 0.14 0.15 0.17 0.18 0.26 0.33 0.32 0.32 0.21 0.19 0.17
嘉義
CO
05/18 0.15 0.15 0.14 0.13 0.14 0.16 0.21 0.23 0.24 0.19 0.15 0.15 0.15 0.15 0.15 0.15 0.18 0.21 0.25 0.28 0.22 0.24 0.2 0.22
嘉義
CO
05/19 0.22 0.18 0.17 0.17 0.2 0.25 0.29 0.32 0.2 0.18 0.17 0.19 0.17 0.16 0.14 0.13 0.16 0.21 0.25 0.28 0.36 0.28 0.23 0.26
嘉義
CO
05/20 0.19 0.13 0.11 0.12 0.13 0.16 0.21 0.28 0.18 0.16 0.19 0.19 0.17 0.15 0.17 0.16 0.26 0.58 0.5 0.48 0.55 0.67 0.66 0.45
嘉義
CO
05/21 0.41 0.44 0.44 0.44 0.44 0.4 0.43 0.59 0.64 0.62 0.55 0.52 0.55 0.5 0.49 0.49 0.56 0.59 0.74 0.66 0.71 0.68 0.66 0.59
嘉義
CO
05/22 0.62 0.59 0.64 0.63 0.54 0.66 0.55 0.48 0.44 0.44 0.4 0.45 0.47 0.43 0.44 0.52 0.44 0.48 0.55 0.46 0.56 0.68 0.69 0.67
嘉義
CO
05/23 0.64 0.51 0.51 0.46 0.5 0.56 0.46 0.51 0.44 0.51 0.51 0.49 0.5 0.54 0.51 0.53 0.61 0.67 0.59 0.51 0.52 0.6 0.58 0.62
嘉義
CO
05/24 0.57 0.53 0.46 0.43 0.44 0.46 0.65 0.65 0.61 0.49 0.46 0.42 0.38 0.35 0.33 0.37 0.39 0.43 0.45 0.39 0.36 0.46 0.43 0.37
嘉義
CO
05/25 0.35 0.23 0.23 0.23 0.22 0.41 0.48 0.52 0.38 0.29 0.29 0.29 0.31 0.24 0.22 0.23 0.28 0.32 0.37 0.39 0.37 0.39 0.4 0.4
嘉義
CO
05/26 0.35 0.3 0.29 0.28 0.27 0.28 0.29 0.34 0.38 0.37 0.32 0.31 0.31 0.28 0.27 0.28 0.32 0.38 0.41 0.43 0.58 0.54 0.47 0.41
嘉義
CO
05/27 0.43 0.4 0.32 0.28 0.31 0.35 0.39 0.38 0.42 0.38 0.42 0.34 0.2# 0.2 0.17# 0.19 0.22 0.31 0.34 0.49 0.51 0.52 0.33 0.32
嘉義
CO
05/28 0.24 0.22 0.16 0.13 0.13 0.15 0.2 0.39 0.27 0.16 0.16 0.2 0.28 0.18 0.2 0.2 0.32 0.34 0.47 0.5 0.42 0.56 0.49 0.37
嘉義
CO
05/29 0.34 0.35 0.34 0.34 0.31 0.33 0.37 0.49 0.47 0.55 0.54 0.47 0.39 0.39 0.32 0.45 0.54 0.68 0.57 0.51 0.47 0.45 0.44 0.42
嘉義
CO
05/30 0.34 0.32 0.33 0.33 0.38 0.38 0.46 0.57 0.61 0.43 0.36 0.34 0.36 0.31 0.26 0.24 0.24 0.34 0.36 0.43 0.49 0.39 0.45 0.37
嘉義
O3
01/01 8.8 5.3 5.7 4.1 2.1 7.2 8.1 11 15 19 25 31 39 49 55 40 30 27 22 18 15 16 18 13
嘉義
O3
01/02 12 13 8.4 11 12 13 10 8.7 13 14 14 17 18 21 25 27 24 16 12 12 8.3 3.8 6 6.9
嘉義
O3
01/03 8.8 6.4 6.8 4.5 3.4 3.4 3.1 4.2 5.8 9.5 11 15 22 30 41 36 33 21 7.5 7.5 6.7 6.5 7.4 7
嘉義
O3
01/04 4.3 3 3.8 2.7 3.5 2.7 1.3 2.2 5.9 13 33 48 54 65 54 52 49 40 34 27 21 9.3 2.4 1.6
嘉義
O3
01/05 1.9 2.4 2 2.1 1.4 1.4 1.3 3.3 7.9 20 35 45 54 64 62 39 35 21 16 10 8.6 4.9 1.9 1.2
嘉義
O3
01/06 1.1 1.1 1.1 1.3 3.9 5.2 3.6 3.9 6.3 8.9 15 24 41 50 56 58 49 34 25 24 19 16 17 15
嘉義
O3
01/07 13 11 10 6.7 6.8 6.6 4 6.3 8.6 14 24 36 50 51 50 52 45 28 19 20 24 25 26 22
嘉義
O3
01/08 18 18 18 21 17 16 17 14 14 16 21 32 44 46 58 57 36 24 21 16 14 13 14 14
嘉義
O3
01/09 13 13 11 6.9 6.7 4.3 8.1 9.5 15 17 24 34 49 58 61 69 54 36 25 19 21 17 15 14
嘉義
O3
01/10 12 11 8.1 7.2 9 7.5 5.3 5.1 9.5 19 30 48# 49# 55 54 50 33 21 5.7 8.8 7.6 6.8 8.3 9.8
嘉義
O3
01/11 9.9 8.2 7.5 7.8 8.5 4.8 2.1 3.7 8.2 17 32 59 82 91 64 37 29 18 9.4 3.7 1.2 1.3 1.3 1.5
嘉義
O3
01/12 10 17 14 1.3 1.3 5.9 1.2 2.5 5.9 11 16 38 43 45 44 38 33 31 23 7.4 1.8 1.2 1.2 1.2
嘉義
O3
01/13 1.2 1.3 1.2 1.4 3.1 4.6 5 8.1 11 18 27 42 53 54 51 47 36 24 20 15 12 11 12 10
嘉義
O3
01/14 9.5 9 12 13 12 14 12 11 16 18 20 36 51 54 50 48 40 32 24 19 19 19 15 12
嘉義
O3
01/15 16 17 20 18 17 15 16 13 11 13 22 44 52 51 46 41 36 23 25 26 25 24 24 22
嘉義
O3
01/16 24 24 28 28 28 31 32 26 22 21 20 20 25 28 29 27 25 20 16 10 11 5.5 15 20
嘉義
O3
01/17 18 20 21 19 17 25 21 17 19 19 22 26 30 32 37# 40 37 26 20 19 18 17 16 18
嘉義
O3
01/18 17 15 14 13 13 12 7.5 8.6 14 17 31 48 52 66 76 79 63 49 39 33 36 34 35 34
嘉義
O3
01/19 28 26 27 23 18 20 14 6.8 8.7 12 27 45 48 50 47 48 45 35 23 18 15 12 10 8.9
嘉義
O3
01/20 11 7.9 6.7 3.7 3.4 2.8 2.3 4.7 7.9 16 24 32 46 44 51 42 42 32 21 19 17 15 13 20
嘉義
O3
01/21 23 28 35 39 38 36 32 24 23 23 21 24 27 30 36 38 33 27 23 23 20 18 20 21
嘉義
O3
01/22 24 27 24 24 31 37 36 29 25 22 24 32 36 39 39 43 40 31 23 20 21 21 21 16
嘉義
O3
01/23 13 17 16 9.9 9.1 6 3.2 4.3 9.1 19 27 31 49 63 69 69 62 51 38 35 32 24 26 20
嘉義
O3
01/24 17 14 9.5 5.7 2.4 3 1.8 5.1 8.9 19# 34 42 52 72 79 74 59 48 39 28 28 26 19 19
嘉義
O3
01/25 6.5 3.8 3.7 5.4 6.7 2.1 1.8 5.5 9.6 16 29 43 56 66 71 74 71 53 42 37 29 25 23 17
嘉義
O3
01/26 15 13 14 12 14 6.8 6.3 13 27 37 41 45 53 54 52 51 46 39 33 29 29 29 30 32
嘉義
O3
01/27 33 31 32 31 31 30 26 23 25 26 28 35 44 56 54 52 51 39 29 21 18 15 6.8 3.6
嘉義
O3
01/28 8.1 6.6 6.1 3.1 2 3.6 2.3 4.6 9.9 16 29 43 63 69 65 60 51 38 29 23 13 6.1 1.8 1.9
嘉義
O3
01/29 3.3 7.1 1.3 1.5 4.5 2.7 1.7 3.8 16 21 24 39 67 66 64 60 56 47 34 27 24 19 13 9.3
嘉義
O3
01/30 8.4 4.7 3.3 1.8 1.4 3.6 2.3 3.9 6.2 15 25 30 51 61 59 58 52 42 25 16 9.7 23 23 27
嘉義
O3
01/31 32 34 38 38 34 32 23 9.7 16 36 57 59 69 72 59 56 64 54 41 35 29 26 26 24
嘉義
O3
監測年月：2019/02， 測站：嘉義， 測項：O3（ppb）
嘉義
O3
日期 00 01 02 03 04 05 06 07 08 09 10 11 12 13 14 15 16 17 18 19 20 21 22 23
嘉義
O3
02/01 17 25 30 32 32 30 31 25 26 29 31 35 39 50 48 44 34 29 24 18 8.4 6 6.7 4.9
嘉義
O3
02/02 7.5 6.1 5.8 4.2 2 1.8 2.5 6.2 9.8 19 32 56 67 77 82 80 65 56 50 47 45 36 32 28
嘉義
O3
02/03 21 13 6.2 5.9 10 18 19 15 35 48 51 42 42 46 43 37 36 32 29 22 25 22 12 5.4
嘉義
O3
02/04 5.5 4.9 5.1 3 3.5 4.4 3.9 6.9 20 25 29# 34 47 51 58 51 43 37 28 25 25 22 20 16
嘉義
O3
02/05 16 18 18 17 14 17 19 16 16 16 25 34 43 48 55 56 53 45 42 39 36 36 33 28
嘉義
O3
02/06 24 25 21 13 9.5 8.6 7 9 15 29 37 42 48 57 64 60 55 52 43 43 39 30 20 13
嘉義
O3
02/07 13 14 16 18 11 17 16 18 30 41 47 48 47 48 49 49 44 50 44 38 35 30 20 19
嘉義
O3
02/08 15 13 20 25 24 22 18 17 21 23 36 47 56 54 54 55 50 44 37 27 26 28 24 22
嘉義
O3
02/09 17 14 17 16 8.2 7.2 6.8 11 16 24 30 41 45 52 44 40 30 23 17 24 17 15 16 16
嘉義
O3
02/10 17 18 18 16 16 17 14 13 15 19 25 32 44 53 52 51 38 35 29 23 24 19 15 13
嘉義
O3
02/11 12 14 13 12 11 12 12 13 15 17 24 36 49 53 50 51 39 33 25 19 15 12 11 11
嘉義
O3
02/12 9.2 5.1 7.9 4.3 4.2 2.5 1.6 4.3 11 24 31 43 56 54 56 54 48 41 34 25 26 25 22 25
嘉義
O3
02/13 20 14 8.4 5.6 5.2 5.7 3.3 6.7 14 26 40 46 46 49 52 49 43 32 30 22 17 14 13 11
嘉義
O3
02/14 12 10 9.8 9 9.8 8.3 4.1 4.8 11 24 40 51 57 54 51 49 44 41 35 25 18 13 11 9.4
嘉義
O3
02/15 9 9.7 7.9 7.2 4.8 2.4 1.8 5 12 23 37 49 60 63 65 65 43 40 39 30 25 26 16 15
嘉義
O3
02/16 16 14 11 7.1 5 2.1 2.1 4.9 13 28 44 58 64 56 53 51 45 35 36 30 23 16 13 12
嘉義
O3
02/17 13 15 15 18 18 16 16 17 22 29 34 44 60 63 66 65 58 46 32 23 24 24 23 21
嘉義
O3
02/18 18 17 15 13 11 7.3 5.6 5.6 7.7 17 23 39 56 61 69 62 48 41 36 36 26 14 7.7 6.7
嘉義
O3
02/19 7.7 15 24 17 12 6.6 2.7 2.6 4.5 12 20 22 25 40# 59 57 42 33 28 25 21 20 7.8 2.6
嘉義
O3
02/20 2.1 4.2 1.6 8.1 10 1.7 1.5 3.1 8.7 22 43 60 69 71 60 64 56 51 42 40 37 23 9.4 3.3
嘉義
O3
02/21 1.7 2.7 2.8 1.9 2.3 2.6 2.5 4.9 6.8 14 17 29 42 49 57 56 54 49 28 24 18 13 10 11
嘉義
O3
02/22 10 9.7 13 11 12 14 12 8.2 12 20 28 39 49 52 50 44 38 32 33 26 24 18 16 16
嘉義
O3
02/23 18 20 27 30 33 26 21 17 21 31 41 45 51 56 61 63 53 42 22 21 17 13 13 13
嘉義
O3
02/24 12 12 15 20 15 13 11 8.2 7.7 11 15 19 19 26 31 29 21 15 13 11 9.7 13 14 13
嘉義
O3
02/25 11 12 17 27 23 24 20 17 29 38 42 50 64 74 79 70 56 50 42 36 32 25 21 18
嘉義
O3
02/26 15 12 19 18 13 6.2 6.3 6.5 11 23 32 55 66 64 65 68 72 65 57 53 43 34 28 34
嘉義
O3
02/27 35 30 28 23 18 26 23 20 25 25 45 63 73 81 80 70 69 61 45 37 35 33 33 31
嘉義
O3
02/28 27 18 16 13 17 12 13 13 17 23 43 50 49 53 53 53 51 49 41 30 25 17 15 11
嘉義
O3
監測年月：2019/03， 測站：嘉義， 測項：O3（ppb）
嘉義
O3
日期 00 01 02 03 04 05 06 07 08 09 10 11 12 13 14 15 16 17 18 19 20 21 22 23
嘉義
O3
03/01 8.7 6.6 9.3 10 12 15 13 15 20 26 40 52 63 66 63 56 51 46 38 26 20 17 20 24
嘉義
O3
03/02 22 26 23 24 23 21 19 17 21 28 45 53 69 76 77 72 68 53 46 43 38 38 29 20
嘉義
O3
03/03 14 15 15 16 19 18 10 20 24 33 34 38 40 40 39 34 33 23 13 21 8.5 5 7.5 10
嘉義
O3
03/04 14 19 21 17 18 17 8.3 7 8.9 17 25 47 59 62 70 72 73 72 57 46 42 28 14 17
嘉義
O3
03/05 11 15 17 4 6.5 1.8 3 8.1 15 43 55 55 61 79 80 78 70 59 51 41 41 40 36 32
嘉義
O3
03/06 26 32 35 29 24 28 27 18 25 35 41 50 49 55 60 51 44 36 38 34 33 27 23 19
嘉義
O3
03/07 15 14 20 32 29 25 26 28 27 23 25 23 22 23 24 18 16 13 27 23 17 27 36 34
嘉義
O3
03/08 34 36 35 33 36 34 26 16 15 23 23# 22x 24# 28 29 37 35 33 18 17 17 12 9.7 6
嘉義
O3
03/09 4.3 4.8 5.2 3.8 4.2 2 1.8 1.8 2.2 5.5 8 18 24 34 39 36 33 24 15 12 11 3 2.8 5.3
嘉義
O3
03/10 2.9 5.5 31 45 45 40 33 22 21 26 35 45 45 44 35 29 24 17 14 14 10 13 9.4 12
嘉義
O3
03/11 13 11 8 7.6 6.8 3.6 2.3 7 4.8 7.2 16 21 22 19 21 25 22 11 7.6 5.6 7.8 9.8 6.6 4.8
嘉義
O3
03/12 5.5 2.7 1.8 2.2 1.1 1.4 1.6 2.5 7.2 28 55 63 65 72 80 84 80 74 63 46 43 42 27 30
嘉義
O3
03/13 25 24 27 31 34 29 20 11 22 48 67 73 75 78 79 77 74 69 67 62 57 49 28 31
嘉義
O3
03/14 25 26 38 39 22 19 12 19 30 44 58 65 68 70 67# 67x 64# 56# 42 33 39 40 44 39
嘉義
O3
03/15 37 33 34 38 37 32 31 28 29 32 34 36 61# 58# 53 51 43 38 34 30 24 17 17 13
嘉義
O3
03/16 24 22 11 11 8.1 9.3 7.8 9.1 17 36 48 49 55 52 54 54 58 55 49 53 42 25 18 27
嘉義
O3
03/17 26 23 27 30 18 24 15 22 33 50 62 70 77 77 69 60 56 50 42 42 41 42 40 36
嘉義
O3
03/18 33 28 27 23 20 17 15 9.7 14 22 26 38 53 62 61 57 56 54 51 45 39 19 17 20
嘉義
O3
03/19 16 17 11 11 14 8.2 2.6 8.9 20 34 42 61 68 74 75 69 60 56 52 50 38 24 24 18
嘉義
O3
03/20 31 33 21 19 6.2 8.4 8.2 15 24 34 51 64 78 81 68 70# 67 33 14 7.6 5.8 5.4 1.6 8.6
嘉義
O3
03/21 7.8 3.6 4.5 13 20 16 14 12 18 25 32 43 45 52 45 39 38 25 21 19 16 13 9.4 6.2
嘉義
O3
03/22 5.5 8.1 11 12 8.9 3.4 4.6 9.1 17 21 33 43 48 51 52 51 51 45 38 25 17 21 19 19
嘉義
O3
03/23 20 15 21 20 18 22 20 21 21 21 23 22 24 21 28 31 31 23 24 21 26 30 31 29
嘉義
O3
03/24 29 28 34 32 30 25 27 22 17 15 13 8.6 5.7 6.3 13 25 27 25 13 18 3.9 3.5 5 6.3
嘉義
O3
03/25 4.6 3.5 4.4 3.1 1.3 2 3.5 2.5 6.2 18 31 27 14 31 14 11 12 9.5 3.6 1.9 1.7 1.4 1.2 1.6
嘉義
O3
03/26 3.9 11 13 8.1 11 6.1 6.3 7.9 9.2 18 34 53 52 65 69 69 68 69 58 48 36 34 27 27
嘉義
O3
03/27 25 23 24 20 16 13 12 16 24 39 59 68 71 77 78 77 65 62 58 53 49 38 30 24
嘉義
O3
03/28 20 26 26 17 14 15 17 17 27 40 41 46 56 59 48 45 41 34 25 22 17 17 14 8.9
嘉義
O3
03/29 12 14 16 14 17 16 19 18 26 32 37 42 41 41 38 35 36 34 33 33 28 26 35 46
嘉義
O3
03/30 43 37 30 26 24 17 23 23 28 37 36 45 51 54 57 62 65 60 57 52 42 31 28 26
嘉義
O3
03/31 24 22 25 23 14 18 13 15 24 34 50 61 65 73 74 73 67 60 50 38 32 28 27 30
嘉義
O3
監測年月：2019/04， 測站：嘉義， 測項：O3（ppb）
嘉義
O3
日期 00 01 02 03 04 05 06 07 08 09 10 11 12 13 14 15 16 17 18 19 20 21 22 23
嘉義
O3
04/01 32 32 33 32 33 32 33 31 22 19 19 20 27 31# 24 25 24 21 21 22 21 15 13 11
嘉義
O3
04/02 12 9.4 5.7 2.1 1.6 1.9 3.3 5.5 11 24 48 67 74# 75 72 78 66 59 47 41 33 21 18 18
嘉義
O3
04/03 23 23 23 29 25 19 19 26 30 30 42 54 57 58 57 51 41 40 38 39 35 30 27 28
嘉義
O3
04/04 25 21 16 11 6.8 7.3 3.7 15 19 30 47 54 58 60 63 63 58 55 51 48 40 33 31 27
嘉義
O3
04/05 22 19 18 18 14 16 14 25 25 26 31 36 39 44 51 58 59 54 43 37 33 19 19 20
嘉義
O3
04/06 11 9.5 9.9 9 10 5.6 6.3 15 25 47 66 76 78 74 74 68 68 67 52 46 42 39 26 16
嘉義
O3
04/07 12 16 16 19 19 23 26 34 58 63 67 67 66 68 74 71 69 66 59 52 58 45 39 41
嘉義
O3
04/08 31 30 27 28 28 26 26 27 42 52 53 55 56 55 54 56 51 38 39 37 31 25 25 29
嘉義
O3
04/09 19 19 17 13 16 16 15 23 36 41 43 53 75 60 34 28# 25 22 18 16 15 14 10 5.2
嘉義
O3
04/10 4.7 3.3 3.4 5.9 8.7 5.1 4.7 9.6 18 25 36 38 37 33 29 24 23 20 17 10 12 14 13 15
嘉義
O3
04/11 19 18 13 8.1 7.1 7 7.8 9.6 16 25 35 51 64 51 30 25 29 37 34 28 23 28 22 15
嘉義
O3
04/12 15 26 31 30 26 19 20 18 22 27 41 54 63 67 77 72 63 52 43 35 32 29 27 20
嘉義
O3
04/13 21 20 17 11 13 11 17 17 27 44 57 71 79 78 63 56 49 42 36 33 36 32 25 23
嘉義
O3
04/14 15 11 15 22 29 21 19 21 23 34 40 52 56 50 48 48 45 46 39 37 40 34 34 31
嘉義
O3
04/15 29 26 29 29 34 37 35 27 27 29 40 50 58 59 66 63 54 47 36 28 20 15 9.9 7.2
嘉義
O3
04/16 3.1 6.3 15 18 22 30 29 21 19 21 18 23 30 28 34 30 33 26 15 7.1 3.4 5.5 6.8 14
嘉義
O3
04/17 12 12 21 32 36 34 32 30 38 45 57 67 71# 77# 75x 80# 77 68 60 58 50 45 35 28
嘉義
O3
04/18 29 30 30 27 36 34 34 49 54 63 70 74 78 80 88 89 75 68 62 56 46 32 28 23
嘉義
O3
04/19 26 38 35 24 25 42 35 26 29 44 51 52 61 68 61 58 56 43 27 32 22 23 17 22
嘉義
O3
04/20 20 19 25 15 9.9 15 20 35 30 39 51 57 66 67 57 58 50 43 41 31 35 31 21 19
嘉義
O3
04/21 15 16 14 10 7.5 20 18 13 13 14 21 29 34 33 31 29 33 39 28 26 21 16 9 7.6
嘉義
O3
04/22 7.2 15 16 16 16 16 12 15 24 28 31 36 42 41 35 27 23 20 17 15 15 17 14 12
嘉義
O3
04/23 12 15 10 7.9 7.6 6.5 7.7 13 21 26 35 40 38 34 32 27 24 22 21 20 20 16 15 13
嘉義
O3
04/24 12 12 13 16 17 10 11 15 23 30 38 34 32 30 28 25 22 20 15 11 9.2 7.8 6.8 6.6
嘉義
O3
04/25 8.9 7.5 8.2 8.4 8.6 12 7.4 12 25 30 42 45 42 32 27 NA 25 22 17 14 11 7.5 6.6 8.2
嘉義
O3
04/26 14 17 17 16 17 15 15 19 26 32 39 48 54 48 46 52 55 58 44 41 35 29 28 28
嘉義
O3
04/27 21 23 20 18 18 20 20 13 26 39 51 60 63 69 73 74 73 63 53 45 39 34 31 31
嘉義
O3
04/28 27 22 19 15 14 9.7 13 17 23 45 56 57 62 65 62 59 55 47 40 36 34 24 20 18
嘉義
O3
04/29 13 12 14 14 16 13 12 21 37 46 48# 48 55 54 52 50 54 58 44 42 39 38 32 26
嘉義
O3
04/30 22 17 11 13 12 8.1 9.4 21 29 38 48 54 48 43 33 31 28 24 22 21 17 17 15 13
嘉義
O3
監測年月：2019/05， 測站：嘉義， 測項：O3（ppb）
嘉義
O3
日期 00 01 02 03 04 05 06 07 08 09 10 11 12 13 14 15 16 17 18 19 20 21 22 23
嘉義
O3
05/01 11 16 25 24 23 15 23 22 14 31 33 39 38 42 48 45 47 29 26 28 25 22 20 18
嘉義
O3
05/02 14 13 12 9.5 8.3 4.7 3.6 5.1 6.8 12 19 25 25 35 30 26 29 29 18 20 23 21 25 18
嘉義
O3
05/03 19 25 22 20 13 8.5 7.2 15 16 26 34 15 14 18 27 47 60 68 65 46 35 27 27 29
嘉義
O3
05/04 19 16 14 21 35 36 41 39 44 47 53 61 70 70 61 57 58 58 63 54 37 39 55 57
嘉義
O3
05/05 23* 33 29 23 25 25 26 22 47 61 63 57 56 57 59 58 64 67 57 53 53 53 52 47
嘉義
O3
05/06 41 41 45 35 28 27 24 22 24 24 24 27 32 32 38 40 40 31 16 13 20 19 14 16
嘉義
O3
05/07 21 21 20 17 15 12 10 13 21 25 27 32 32 39 38 37 34 36 33 28 21 25 22 19
嘉義
O3
05/08 16 13 10 9.3 7.3 8.7 4.4 6.1 16 27 36 42 42 49# 57 59 53 41 34 31 24 12 15 16
嘉義
O3
05/09 16 13 8.5 7.6 5 4.5 5.8 4.5 7.7 15 23 43 56 61 57 56 47 41 29 15 18 18 21 16
嘉義
O3
05/10 14 15 26 34 30 33 20 15 15 24 42 46 41 48 50 49 47 46 36 56 58 45 38 38
嘉義
O3
05/11 35 27 14 13 8.7 12 16 14 28 46 61 65 64 65 62 63 56 53 47 44 34 28 26 20
嘉義
O3
05/12 17 16 18 17 13 15 16 27 45 58 59 57 61 75 76 74 65 50 44 37 37 31 20 15
嘉義
O3
05/13 15 12 22 17 19 32 27 28 35 47 50 51 51 51 49 45 40 41 34 26 19 16 18 14
嘉義
O3
05/14 17 17 16 17 16 13 11 17 33 37 40 43 47 49 47 38 28 27 19 19 17 15 9.4 9.9
嘉義
O3
05/15 13 11 11 8 8.7 3.4 8.2 16 25 32 39 37 21 25 28 34 38 44 45 34 34 27 13 16
嘉義
O3
05/16 16 9.5 9.8 11 8.5 7.9 9.1 17 18 18 23 28 24 30 27 23 22 17 13 11 8.5 6.9 5.4 7.5
嘉義
O3
05/17 5.4 5.4 6.3 6.9 6.9 8.8 6.7 10 17 22 24 21 20# 17 16 18 19 16 9.1 7.5 5.2 9.7 10 11
嘉義
O3
05/18 11 11 12 12 16 19 12 8.7 11 16 20 21 22 21 21 20 20 17 16 13 16 17 20 12
嘉義
O3
05/19 12 12 14 12 8.8 8.8 8.7 12 22 26 27 29 30 27 23 24 24 22 20 17 13 8.2 10 6
嘉義
O3
05/20 7.1 7.9 9.3 9.3 9.6 9.6 11 15 26 27 24 24 21 27 51 51 44 34 29 25 19 14 11 12
嘉義
O3
05/21 13 11 8.8 8.1 8.1 7.4 8 13 14 19 26 27 27 41 51 56 54 55 42 37 34 27 24 24
嘉義
O3
05/22 17 15 8.3 6.6 14 18 18 34 49 54 62 70 82 94 98 93 81 72 68 61 48 34 30 27
嘉義
O3
05/23 25 23 21 26 21 36 49 45 51 45 39 40 43 51 63 67 59 57 53 53 51 44 40 27
嘉義
O3
05/24 25 27 29 27 26 27 21 22 44 58 72 76 69 64 62 63 55 51 52 50 47 42 22 21
嘉義
O3
05/25 15 17 19 16 16 14 8.8 20 37 48 53 57 54 57 57 45 42 39 32 28 32 30 25 18
嘉義
O3
05/26 13 11 15 11 10 8.9 13 21 29 42 52 58 63 62 60 58 62 63 58 53 47 39 37 35
嘉義
O3
05/27 35 29 19 20 24 20 24 44 42 36 33 35 30 23# 27# 29# 30 26 24 16 11 2.6 5.9 4.2
嘉義
O3
05/28 8.4 8.3 4.1 5.5 6.8 7.6 7.9 10 28 27 26 18 16 17 15 19 24 29 28 15 22 18 14 14
嘉義
O3
05/29 15 15 15 13 14 11 12 12 14 20 25 38 59 68 64 74 65 55 47 37 30 25 19 17
嘉義
O3
05/30 16 14 12 11 8.3 9.4 9.4 14 26 45 63 69 70 79 72 58 53 52 47 37 28 29 20 12
嘉義
NO2
01/01 22 24 22 23 23 20 18 18 16 13 12 12 12 9.9 11 14 18 19 20 21 22 19 17 20
嘉義
NO2
01/02 20 17 20 18 17 17 19 23 21 23 25 22 25 25 24 24 27 35 32 28 30 33 29 25
嘉義
NO2
01/03 22 23 21 21 22 22 21 22 22 19 21 20 20 18 18 25 23 29 35 31 29 27 24 24
嘉義
NO2
01/04 25 27 24 23 20 18 17 16 17 23 17 12 11 11 12 11 18 20 20 20 20 28 32 29
嘉義
NO2
01/05 29 25 25 23 22 23 23 24 27 26 23 21 14 11 15 22 20 26 26 31 27 29 31 31
嘉義
NO2
01/06 31 28 26 23 18 15 16 16 14 14 14 15 13 12 12 12 14 20 22 19 20 20 17 17
嘉義
NO2
01/07 18 19 17 20 20 20 21 20 21 23 24 22 16 13 14 14 21 29 30 24 18 17 14 14
嘉義
NO2
01/08 18 15 15 11 12 14 13 16 18 17 17 15 15 16 17 18 24 28 26 26 24 23 20 19
嘉義
NO2
01/09 19 18 19 22 22 23 21 22 20 20 21 19 16 15 18 19 21 27 31 30 24 25 26 23
嘉義
NO2
01/10 24 22 22 23 22 23 23 25 27 29 24 22# 15# 16 16 16 19 22 32 27 26 25 23 22
嘉義
NO2
01/11 20 21 20 21 19 20 24 25 25 27 29 24 17 16 15 16 23 29 26 31 31 32 30 25
嘉義
NO2
01/12 14 9 10 19 23 20 20 19 20 25 22 21 19 13 9.7 9.3 13 19 22 29 31 28 27 27
嘉義
NO2
01/13 26 23 24 24 21 18 19 17 16 14 15 13 11 12 14 14 17 22 20 20 21 20 18 19
嘉義
NO2
01/14 20 20 16 15 15 15 18 21 19 21 23 19 16 16 16 18# 25 28 29 29 28 25 26 26
嘉義
NO2
01/15 21 17 13 14 13 15 15 18 20 25 24 22 17 16# 1.9# 18* 21 28 23 17 15 15 15 15
嘉義
NO2
01/16 13 12 10 9.5 10 10 11 18 19# 22 23 25 23 21 22 23 24 27 28 28 25 29 19 14
嘉義
NO2
01/17 14 13 12 11 11 9.7 13 19 19 20 19 18 18 16 19# 17# 21 24 25 23 23 21 21 19
嘉義
NO2
01/18 19 17 15 16 19 19 25 25 20 13 12 13 13 9.5 11 12 17 18 18 18 16 17 15 14
嘉義
NO2
01/19 16 16 15 17 18 15 11 20 23 24 23 20 22 19 16 10 14 25 38 38 37 37 30 27
嘉義
NO2
01/20 24 26 24 29 27 28 27 24 27 23 25 23 18 19 18 19 20 24 28 25 23 23 24 18
嘉義
NO2
01/21 16 13 10 8.3 8 8.9 11 19 22 22 24 23 23 22 21 20 18 19 21 18 18 19 18 15
嘉義
NO2
01/22 14 11 11 10 9.3 8.1 9.7 16 18 22 24 20 20 18 19 19 21 28 32 28 25 24 23 27
嘉義
NO2
01/23 31 23 20 25 24 27 31 29 28 27 25 25 16 14 15 15 18 25 32 29 26 31 24 26
嘉義
NO2
01/24 25 25 22 27 27 26 30 28 30 29# 32x 28# 23 14 13 15 23 27 32 36 29 28 30 29
嘉義
NO2
01/25 29 25 20 17 20 25 29 25 29 32 33 30 21 13 10 11 15 30 34 32 33 31 26 27
嘉義
NO2
01/26 25 25 23 22 21 28 27 21 19 16 16 17 14 13 15 15 18 21 22 21 17 15 13 12
嘉義
NO2
01/27 11 11 10 8.9 8.9 9.3 12 16 15 15 15 14 14 12 12 13 14 19 23 26 25 27 30 30
嘉義
NO2
01/28 27 26 23 23 23 21 25 24 23 31 33 29 15 13 16 16 18 23 28 31 36 39 40 32
嘉義
NO2
01/29 26 20 30 32 27 24 27 29 25 34 40 33 16 14 11 13 14 18 25 28 27 28 31 32
嘉義
NO2
01/30 28 29 26 17 20 22 26 27 25 26 27 30 16 13 11 12 13 24 40 44 44 20 18 17
嘉義
NO2
01/31 15 10 7.9 6.5 6.3 6.9 16 33 35 25 16 19 15 12 8.1 9.2 13 19 25 27 27 28 26 21
嘉義
NO2
監測年月：2019/02， 測站：嘉義， 測項：NO2（ppb）
嘉義
NO2
日期 00 01 02 03 04 05 06 07 08 09 10 11 12 13 14 15 16 17 18 19 20 21 22 23
嘉義
NO2
02/01 22 16 15 13 12 12 13 19 19 17 16 18 20 17 18 21 28 29 29 31 36 34 32 32
嘉義
NO2
02/02 29 28 28 29 32 31 28 24 29 27 28 18 12 11 10 11 16 19 16 16 17 20 20 14
嘉義
NO2
02/03 15 19 22 19 15 11 12 27 28 13 6.1 4.2 3.6 3.8 5.8 4.5 5.4 7.5 12 26 23 23 23 19
嘉義
NO2
02/04 13 12 11 13 13 16 14 15 14 11# 15 16 11# 12 10 15 18 19 21 20 15 13 13 15
嘉義
NO2
02/05 15 12 11 11 12 12 9.6 11 13 14 12 10 7.6 7 5.4 5.7 8.2 9.1 10 12 11 8.3 8.8 12
嘉義
NO2
02/06 12 9.3 9.2 11 12 15 15 14 12 12 11 13 11 7.3 6.6 6.8 7.8 9.7 10 12 14 18 20 20
嘉義
NO2
02/07 15 11 9.5 7.8 9.7 9 12 15 15 8.6 5.1 4.4 3.8 4.6 5 5.7 6.8 9.4 13 17 16 17 21 15
嘉義
NO2
02/08 19 17 15 10 8.8 9 10 11 9.6 11 10 9.9 8.2 7.8 8.1 6.8 8 11 13 16 16 11 14 14
嘉義
NO2
02/09 15 13 11 13 17 18 19 15 15 14 16 12 9.9 9 14 16 21 22 26 16 19 18 16 16
嘉義
NO2
02/10 15 11 11 12 12 12 14 14 15 12 13 13 11 8.9 9.3 9.4 17 18 19 21 17 17 19 19
嘉義
NO2
02/11 19 15 15 14 14 13 15 15 15 15 15 14 14 13 14 14 19 19 22 22 23 24 23 22
嘉義
NO2
02/12 21 24 20 23 22 22 23 20 20 18 16 15 14 13 10 8.7# 13 13 16 22 18 16 19 15
嘉義
NO2
02/13 15 16 17 25 25 24 25 22 21 21 18 15 11 8.2 8 11 18 26 25 29 27 23 22 22
嘉義
NO2
02/14 21 22 22 21 21 20 24 27 24 20 17 15 13 11 9.7 10 15 19 29 32 28 28 27 26
嘉義
NO2
02/15 25 20 20 21 22 24 24 22 23 22 21 16 8.8 5.6 7.3 12 23 23 19 24 24 20 19 15
嘉義
NO2
02/16 13 14 16 24 29 31 30 24 23 22 19 17 10 9.3 9 11 14 22 19 21 24 24 22 21
嘉義
NO2
02/17 20 15 15 12 12 13 14 14 12 13 13 12 9.2 9.8 8.2 9.2 13 16 20 23 18 15 13 14
嘉義
NO2
02/18 16 14 14 14 17 20 20 19 22 18 23 19 14 13 11 12 14 18 19 14 18 29 31 28
嘉義
NO2
02/19 22 13 8.9 9.8 15 16 19 19 21 19 18 22 24 14# 16x 14# 17 19 17 17 19 19 29 32
嘉義
NO2
02/20 30 18 18 9.8 9.8 16 24 23 26 20 13 12 9.9 9 18 14 18 19 20 18 19 19 25 31
嘉義
NO2
02/21 32 27 25 25 22 20 20 17 18 17 19 16 12 11 8.2 9.5 11 16 23 18 16 19 22 19
嘉義
NO2
02/22 16 16 15 16 16 15 14 15 17 18 20 18 14 8.4 7.6 9.1 13 18 20 22 20 21 21 19
嘉義
NO2
02/23 17 14 12 11 9.9 10 14 19 19 15 13 14 16 17 16 18 25 25 30 23 23 26 25 24
嘉義
NO2
02/24 23 20 16 11 13 15 16 17 18 16 17 17 19 14 12 13 18 22 22 23 21 20 18 19
嘉義
NO2
02/25 19 15 14 8.7 9.2 10 12 20 16 13 13 13 11 10 11 11 14 17 19 20 21 23 21 20
嘉義
NO2
02/26 20 20 14 13 16 19 24 24 24 20 23 14 11 12 14 14 17 17 17 16 15 16 17 11
嘉義
NO2
02/27 9.4 11 9.8 13 16 13 15 15 18 18 16 16 15 12 10 9 11 15 22 21 19 18 16 12
嘉義
NO2
02/28 12 9.9 11 13 14 20 19 21 22 18 14 10 9.3 7.8 9.7 9.4 10 12 15 21 20 22 23 23
嘉義
NO2
監測年月：2019/03， 測站：嘉義， 測項：NO2（ppb）
嘉義
NO2
日期 00 01 02 03 04 05 06 07 08 09 10 11 12 13 14 15 16 17 18 19 20 21 22 23
嘉義
NO2
03/01 24 24 19 18 17 16 19 19 16 17 16 14 9.8 7.4 7 6.9 9.7 12 15 21 24 23 18 15
嘉義
NO2
03/02 14 12 12 10 12 13 14 15 12 12 12 15 13 10 10 11 12 10 15 16 19 16 18 21
嘉義
NO2
03/03 20 10 8.8 7.4 6.6 7.4 13 11 11 5.3 4.7 4.9 10 11 10 12 12 16 21 12 25 26 23 21
嘉義
NO2
03/04 22 15 12 13 13 13 15 18 17 13 16 11 11 11 9.3 8.7 12 14 19 22 23 31 33 26
嘉義
NO2
03/05 31 21 21 31 31 33 32 27 25 14 10 9.1 11 13 13 15 25 23 19 17 14 13 13 11
嘉義
NO2
03/06 14 8.9 8.1 11 12 12 11 16 14 10 12 9.8 9.3 9.8 14 16 18 23 20 18 16 16 17 17
嘉義
NO2
03/07 18 17 14 9.6 9.6 11 14 16 18 24 26 25 27 26 24 31 34 39 27 26 28 24 18 18
嘉義
NO2
03/08 17 12 13 13 13 11 16 24 27 25 25 24# 26# 18 17 18# 23 26 36 34 28 27 26 28
嘉義
NO2
03/09 27 21 20 19 17 18 17 18 20 23 23 20 18 13 16 16 21 24 26 28 25 27 22 18
嘉義
NO2
03/10 16 9.7 7.1 3.4 3.8 4.6 6.1 17 17 15 13 8.7 11 9.5 14 17 20 25 27 25 26 21 20 17
嘉義
NO2
03/11 16 17 16 15 17 19 21 20 22 23 23 22 17 19 25 23 28 40 43 47 43 37 35 35
嘉義
NO2
03/12 33 32 30 29 26 17 15 20 23 23 14 7.9 6.9 7.1 10 11 14 17 22 29 26 21 23 15
嘉義
NO2
03/13 13 11 9.3 7.9 7.4 9.8 14 28 29 14 9.2 9.5 9 8.8 10 11 14 18 20 20 20 23 27 15
嘉義
NO2
03/14 23 18 14 13 12 11 15 19 20 15 12 12 10 9.2 7.4# 7.7# 11 16 28 32 21 17 11 12
嘉義
NO2
03/15 11 13 12 9.3 8.3 10 13 19 17 15 13 17 13 12# 16# 18 23 28 27 28 30 35 32 32
嘉義
NO2
03/16 28 23 27 22 20 18 21 26 20 13 9.2 12 15 15 13 14 13 17 24 19 25 32 31 20
嘉義
NO2
03/17 17 18 15 13 18 17 21 19 15 13 11 11 11 11 11 12 12 17 22 19 20 15 12 14
嘉義
NO2
03/18 12 15 12 11 9.1 13 16 20 20 18 23 21 18 13 11 12 12 18 16 17 17 33 32 23
嘉義
NO2
03/19 19 14 17 14 9.3 14 25 24 25 21 20 16 12 11 11 9.2 11 18 22 20 22 30 26 23
嘉義
NO2
03/20 16 12 15 12 15 13 15 20 20 18 12 8.7 10 9.4 9.4# 8# 12 13 17 18 19 18 21 16
嘉義
NO2
03/21 16 16 15 11 8.4 8.9 11 16 13 7.2 6.3 6.2 6.7 6.6 7.1 6.5 8.3 10 9.6 10 12 15 16 13
嘉義
NO2
03/22 12 11 9.1 10 11 14 16 17 14 17 13 9.1 7.8 7.2 8.1 8.6 9.6 13 20 29 30 22 20 18
嘉義
NO2
03/23 15 17 13 13 14 12 13 14 16 18 18 21 17 20 20 21 18 24 21 23 18 14 12 12
嘉義
NO2
03/24 11 11 9 9.1 8.7 10 10 11 15 17 20 20 18 20 20 19 18 20 26 20 29 26 23 18
嘉義
NO2
03/25 15 10 10 12 16 15 13 18 20 24 15 22 26 16 25 27 29# 33 39 39 38 42 39 34
嘉義
NO2
03/26 29 22 20 22 19 19 21 19 21 19 16 11 14 11 11 8.9 13 16 20 20 25 22 24 22
嘉義
NO2
03/27 20 17 15 18 21 21 21 20 18 17 12 9.5 8.1 7.8 8.5 10 16 12 12 13 14 19 20 18
嘉義
NO2
03/28 16 8.8 10 10 11 11 11 15 13 10 7.3 8 9 8 6.8 7.1 8.7 12 13 9.7 12 13 13 15
嘉義
NO2
03/29 12 9.3 7.3 8.3 7 7.6 8.5 13 8.7 5.6 5.8 5.7 5.1 4.6 5 6.1 6 8.3 11 9.1 9.9 11 8.4 7.5
嘉義
NO2
03/30 7.5 7.4 9.7 10 10 13 14 14 12 13 14 11 10 11 7.2 7.3 8.6 9.7 12 16 19 23 18 14
嘉義
NO2
03/31 12 12 13 13 17 11 16 16 14 13 12 8.4 6.5 6.7 7.8 8.6 13 17 20 24 23 22 21 17
嘉義
NO2
監測年月：2019/04， 測站：嘉義， 測項：NO2（ppb）
嘉義
NO2
日期 00 01 02 03 04 05 06 07 08 09 10 11 12 13 14 15 16 17 18 19 20 21 22 23
嘉義
NO2
04/01 13 11 12 11 9.3 11 11 14 22 25 24 22 19 16# 22 22 24 25 23 25 24 26 25 23
嘉義
NO2
04/02 18 15 18 20 21 20 15 17 21 20 15 9.9 8.3# 6.5 7.5 11 13 14 19 21 22 29 27 23
嘉義
NO2
04/03 17 15 15 10 11 13 16 16 13 13 13 11 11 11 9.7 11 16 16 17 15 16 18 19 14
嘉義
NO2
04/04 15 16 19 21 23 19 15 15 19 17 13 8.3 6.4 6.2 7.2 7.4 9.4 10 12 10 13 14 12 12
嘉義
NO2
04/05 12 13 13 12 13 12 13 11 11 12 13 12 11 11 10 7.9 9.6 11 15 16 17 26 21 19
嘉義
NO2
04/06 16 13 11 9.8 11 11 12 12 13 9.4 8.7 7.7 6.9 6.2 6.7 6 6.3 7.5 11 10 14 15 17 20
嘉義
NO2
04/07 17 13 12 9.9 9.5 8.2 8.3 11 6.6 6.6 7 6.3 5.7 5.7 6.6 7.3 8.9 10 12 16 12 14 14 12
嘉義
NO2
04/08 12 8.5 7.2 6.4 5.9 6.7 8.4 12 12 7.8 8.1 6.2 5.1 5.5 6.5 6.9 8.1 10 9 7.9 9.5 13 12 8.4
嘉義
NO2
04/09 10 7.3 8.1 8.9 8.3 8.9 13 17 13 7.4 6 6.8 8.3 7.1 5.5 5.1 6 8.8 9.1 7.8 8.8 9.8 10 12
嘉義
NO2
04/10 12 10 10 8.6 7 8 9.5 9.6 7.4 8.5 9.3 4.5 4.4 4 4.6 4.6 5.1 6.5 8.6 14 13 9.9 11 9.2
嘉義
NO2
04/11 7.4 7.7 10 11 10 10 9 9 9.2 6.7 6.3 5.4 6.5 5.5 6.3 6.1 11 12 15 19 21 15 16 20
嘉義
NO2
04/12 20 11 9.2 9 9.5 11 12 13 14 16 11 7.4 8.5 11 11 12 15 20 23 24 22 21 18 20
嘉義
NO2
04/13 15 9.8 13 18 16 18 15 17 17 15 13 9.2 9.7 7.9 7.8 8.6 14 17 19 21 18 16 16 16
嘉義
NO2
04/14 19 19 16 12 8.7 10 12 12 13 11 10 7.8 5.9 4.9 5.7 5.2 6.4 9.9 17 14 12 14 10 11
嘉義
NO2
04/15 11 9.3 7.5 6.9 6.9 8.7 12 19 17 20 14 12 11 12 15 17 22 23 24 24 28 27 28 28
嘉義
NO2
04/16 28 23 17 14 12 11 11 19 22 20 24 19 20 18 15 18 19 22 29 33 32 31 32 24
嘉義
NO2
04/17 19 20 16 12 10 11 11 16 13 13 12 11 8.8# 7.4x 8.6# 8.6 10 12 14 11 15 16 16 12
嘉義
NO2
04/18 10 11 13 12 12 13 17 15 14 12 9.2 8 7.3 6.4 9.9 13 9.7 9.4 11 15 21 25 18 17
嘉義
NO2
04/19 17 10 10 15 12 5.1 8 19 20 20 11 5.6 7.4 8.4 9.1 8.7 7.9 13 23 20 22 17 18 10
嘉義
NO2
04/20 12 8.6 8.4 12 18 16 17 12 19 17 12 10 15 10 9.9 9.3 11 16 20 24 18 18 21 18
嘉義
NO2
04/21 11 9.4 9.5 11 13 9.2 12 14 12 9.9 8.9 5.9 4 3.4 5 8.1 8.3 9 8 9.8 13 12 16 11
嘉義
NO2
04/22 9.9 6.3 6.8 5.5 6.1 6.5 9.7 11 8.1 5.5 5.4 4.7 5.4 5.2 5.1 6.3 6.8 8.3 8.4 8.7 8.7 7.2 7.6 6.6
嘉義
NO2
04/23 5.6 5.5 8.1 9.3 9 10 9.1 8.4 6.6 7 5.7 5.5 4.4 4 5.7 5.4 5.9 6.5 8 8.1 8.3 9.6 8.3 7.2
嘉義
NO2
04/24 7.6 6.3 6 5.7 6.2 9 12 12 8.7 7.3 7 4.4 4.1 4.2 5.7 5.5 5.3 6.1 8.9 10 11 11 11 9.4
嘉義
NO2
04/25 8.6 9.2 9.4 8.9 7.3 7 10 8.8 6.7 4.8 6.1 6.2 4.4 4 3.8 NA 4.8 6.1 11 13 14 17 18 13
嘉義
NO2
04/26 9 6.3 6.3 6.2 5.9 7.2 8.3 11 6.8 5.1 4.6 3.7 5 4.2 4.6 5.5 8.8 9.3 13 13 12 18 15 14
嘉義
NO2
04/27 15 11 14 16 11 9 8.6 20 16 10 12 9.6 9.3 10 8.6 8.8 9.4 11 13 15 16 16 15 11
嘉義
NO2
04/28 12 13 12 11 14 16 15 13 11 11 9.9 8.6 7.9 7.2 7.5 7.1 7.7 8.5 12 12 12 17 17 16
嘉義
NO2
04/29 15 13 9.8 8.9 7.6 8.2 8.4 9 8.5 7.3# 5.8 5.4 5.3 4.4 5 5# 5.9 8.9 7.7 8.9 11 10 11 9.6
嘉義
NO2
04/30 9.5 9.7 11 8.9 7.7 8.7 8.2 6.2 5.8 4.9 4.2 5.1 3.9 3.7# 3.4 3.6 3.9 5.3 7 7.1 9.8 7.4 7.4 8
嘉義
NO2
監測年月：2019/05， 測站：嘉義， 測項：NO2（ppb）
嘉義
NO2
日期 00 01 02 03 04 05 06 07 08 09 10 11 12 13 14 15 16 17 18 19 20 21 22 23
嘉義
NO2
05/01 8.1 6.3 2.8 3.3 3 4.4 6.1 8.9 14 9.8 7.3 7.1 10 12 10 12 12 21 22 18 19 18 17 17
嘉義
NO2
05/02 18 14 13 15 15 17 18 19 22 20 20 18 18 22 25# 26 22 22 30 24 19 19 17 20
嘉義
NO2
05/03 15 8.5 9.6 8.8 14 18 20 19 19 16 15 26 25 25 22 17 10 12 14 23 25 29 22 18
嘉義
NO2
05/04 17 21 16 12 5.7 5.3 6.5 9.1 6.8 7.4 6.1 5.8 7.1 7.3 6.7 6.3 6 7.1 8.6 13 15 14 12 8.9
嘉義
NO2
05/05 10 9.9 8.6 11 8.2 7.1 8.8 13 12 8.9 7.9 8.6 9.3 10 9.3 9 8.6 13 15 15 11 9.6 7.4 8.2
嘉義
NO2
05/06 8.2 7.2 7.2 9.1 11 9.9 11 16 19 18 18 18 16 17 15 14 14 19 27 25 20 19 20 18
嘉義
NO2
05/07 14 13 13 14 13 13 16 20 17# 18 18 16 20 16 21 19 22 21 21 21 23 19 18 19
嘉義
NO2
05/08 17 15 17 17 16 14 18 21 20 16 11 6.8 14 14 13# 11 18 24 27 28 29 34 26 21
嘉義
NO2
05/09 18 18 19 17 18 19 17 18 19 24 19 18 11 7.2 9.9 13 17 18 24 30 23 21 15 15
嘉義
NO2
05/10 17 16 10 6.5 6.9 6.1 12 14 18 16 11 9 11 10 12 13 15 16 26 20 18 19 17 13
嘉義
NO2
05/11 12 16 24 21 18 17 14 15 14 14 9.6 8 7.5 7.2 6.4 6.6 7.4 9.6 14 16 20 20 18 17
嘉義
NO2
05/12 15 15 13 11 12 11 12 10 9.1 9.1 7.2 4.5 4.4 6 6 5.9 8.4 9.3 9.8 11 11 12 14 14
嘉義
NO2
05/13 12 12 8.2 8.5 7.9 5.6 7 9.2 9 7.2 5.9 4.5 5.2 6.2 6.7 6.7 8.3 8.8 9.4 13 19 18 16 14
嘉義
NO2
05/14 11 7.9 7.7 6.6 4.8 6.5 11 12 7.5 5.3 4.8 4.4 4.4 3.9 4.7 4.7 6.4 6.1 9.9 7.4 8.2 9.3 12 10
嘉義
NO2
05/15 7.7 9.9 9.1 10 9.8 9.1 6.8 6.8 8 6.7 7.7 6.8 7.9 6.6 7.8 5.9 5.5 7.9 12 18 15 14 13 11
嘉義
NO2
05/16 10 9.2 7.8 5.3 5.6 6.6 7.5 7.5 5.9 7.8 6.4 4.9 5.8 4 5 4.4 4.9 7.8 7.9 9.6 8.9 9.4 9.2 7.2
嘉義
NO2
05/17 7.2 6.9 6.1 5.7 5.7 5.9 8.2 12 9.6 5.9 5 4.8 3# 4.3 3.7 4.6 6.1 8.8 10 11 12 8.8 6.9 6.4
嘉義
NO2
05/18 5 5.5 4.6 4.9 3.2 3.4 6.1 8.6 7.5 5.5 3.3 3.5 3.3 3.9 3.7 3.7 4.4 5.8 7.8 10 7.6 7.1 4.8 5.3
嘉義
NO2
05/19 5 6.2 5 5.7 5.9 6.7 7.2 7.3 4.5 3.5 3.7 4.4 3.5 3.4 2.8 2.5 3.2 4.8 7.5 9.1 11 11 8 9.1
嘉義
NO2
05/20 6.8 5 4.2 4.6 4.3 4.9 6.2 8.6 5.1 4.7 6.9 6.7 6 5.9 6.4 6.6 12 21 20 21 24 23 21 17
嘉義
NO2
05/21 16 17 17 15 13 14 16 15 16 17 16 16 18 14 13 14 18 15 25 25 23 22 20 16
嘉義
NO2
05/22 18 19 24 21 14 16 15 12 12 15 11 12 12 9.5 9.6 13 12 14 17 15 20 26 26 24
嘉義
NO2
05/23 18 14 15 13 16 15 12 13 13 14 16 14 13 15 14 15 17 18 17 16 17 18 16 21
嘉義
NO2
05/24 16 11 9.5 7.3 7.1 7 13 13 16 14 8.1 8.1 7.8 7.9 7.6 8.7 10 13 12 11 10 14 13 9.4
嘉義
NO2
05/25 9.4 7.2 6.6 6.4 6.1 9.2 14 16 13 9.5 8.8 7.5 10 9.4 9 7.5 7.4 9.6 13 14 12 13 14 14
嘉義
NO2
05/26 12 11 8.8 8.5 8.1 7.9 6.9 8.9 11 7.2 5.8 5.9 5.5 4.7 4.8 4.9 6 11 14 15 15 15 13 11
嘉義
NO2
05/27 11 11 7.9 7 5.8 7.4 9.7 7.6 12 11 11 9.4 6.2# 7.2x 6.8# 5.9 6.7 11 15 23 20 17 12 11
嘉義
NO2
05/28 8 7.8 7.8 6 5 4.6 5.6 9.4 7.3 4.1 4.8 8.9 10 7.8 10 9.9 13 12 16 20 16 19 19 16
嘉義
NO2
05/29 14 14 13 13 12 14 15 17 17 15 19 18 12 9.8 7.8 11 15 21 23 23 22 24 24 25
嘉義
NO2
05/30 22 21 22 21 21 21 21 22 22 15 9.8 7.5 7.2 7.3 7.9 7.1 7.4 10 12 14 17 15 18 14
