屏東
PM10
01/01 70 64 67 61 48 56 49 47 56 55 54 60 72 78 84 100 98 89 105 106 99 101 88 88
屏東
PM10
01/02 89 74 65 63 53 52 51 61 60 67 67 84 84 123 148 170 163 135 98 83 90 85 73 72
屏東
PM10
01/03 73 69 73 65 66 52 60 59 72 80 69 56 56 58 69 39 61 73 88 112 95 75 64 56
屏東
PM10
01/04 69 63 75 67 61 58 52 60 68 1000# 74 87 89 86 102 87 96 103 104 102 98 86 74 77
屏東
PM10
01/05 77 69 64 71 62 62 59 61 59 55 58 43 28 30 37 52 45 36 35 30 39 25 40 62
屏東
PM10
01/06 73 80 81 84 78 74 74 83 84 94 108 109 101 94 99 78 62 75 79 72 75 82 98 94
屏東
PM10
01/07 93 84 84 75 67 63 66 86 80 98 109 115 119 138 1000# 96# 73 80 87 98 101 95 93 90
屏東
PM10
01/08 124 90 80 77 81 82 86 81 80 87 1000# 46 42 81 97 96 94 84 86 79 103 91 101 91
屏東
PM10
01/09 90 91 86 72 56 55 57 72 72 84 92 91 77 156 159 96 83 84 98 84 90 82 79 84
屏東
PM10
01/10 105 100 94 96 97 90 87 93 115 107 102 114 129 157 167 176 105 115 161 137 128 127 116 126
屏東
PM10
01/11 115 111 108 97 90 94 107 102 98 97 89 84 69 43 46 57 67 73 93 105 110 84 89 91
屏東
PM10
01/12 94 98 87 86 74 62 64 84 74 72 81 66 61 84 113 70 63 25* 32 41 49 54 59 57
屏東
PM10
01/13 61 53 56 49 55 66 67 65 73 89 93 61 57 93 88 73 76 80 95 92 100 126 139 117
屏東
PM10
01/14 119 107 96 101 89 84 86 84 84 92 95 85 84 142 126 95 74 74 83 96 78 87 77 85
屏東
PM10
01/15 110 97 88 93 77 91 84 91 112 126 128 146 121 130 140 147 128 103 86 96 98 103 112 133
屏東
PM10
01/16 134 132 121 114 109 89 77 77 80 97 73 77 81 1000# 72 84 74 62 58 62 61 65 53 61
屏東
PM10
01/17 71 42 48 53 55 43 41 54 51 63 54 53 54 62 77 81 84 77 82 79 72 77 73 64
屏東
PM10
01/18 55 56 58 64 67 68 64 67 83 111 87 107 98 1000* 112 100 91 92 85 90 83 82 83 81
屏東
PM10
01/19 89 85 84 82 85 72 68 93 89 133 84 83 77 82 109 82 67 68 74 78 78 78 69 71
屏東
PM10
01/20 63 58 52 52 40 52 52 43 46 46 32 36 25 29 39 66 71 80 123 124 131 109 142 144
屏東
PM10
01/21 131 138 127 120 123 113 97 80 75 77 77 78 70 1000# 84 69 64 77 63 82 83 75 77 66
屏東
PM10
01/22 62 60 56 59 64 58 65 67 71 70 78 76 79 174x 211x 125x 85 71 65 76 75 88 79 81
屏東
PM10
01/23 87 79 83 83 77 80 100 81 91 91 146 87 64 75 87 95 110 111 121 109 95 96 99 110
屏東
PM10
01/24 107 105 99 101 94 87 88 85 96 100 89 73 68 119x 119x 129x 95 90 99 119 92 68 73 67
屏東
PM10
01/25 75 66 73 76 78 78 74 76 74 88 69 94 76 119 123 92 113 135 97 78 90 103 107 99
屏東
PM10
01/26 92 92 105 85 82 75 78 89 97 167 463* 698x 126x 1000* 873x 184x 44* 66x 212x 214x 205x 182x 154 144
屏東
PM10
01/27 128 124 108 89 85 75 78 75 108x 225x 277x 316x 157x 301x 228x 257x 503x 107x 95x 86 69 69 71 65
屏東
PM10
01/28 76 84 68 80 71 76 76 69 80 73 68 73 67 1000# 120x 106x 81x 65 81 96 80 75 70 69
屏東
PM10
01/29 69 68 74 72 71 58 62 62 61 58 52 70 55 100 87 83 77 61 70 71 83 75 62 59
屏東
PM10
01/30 63 60 62 66 65 72 80 68 65 70 55 63 61 99 92 66 57 69 69 75 71 60 59 50
屏東
PM10
01/31 53 50 48 49 42 49 60 55 60 87 95 94 1000# 114x 79 98 90 58 64 59 69 70 51 53
屏東
PM10
監測年月：2019/02， 測站：潮州， 測項：PM10（μg/m3）
屏東
PM10
日期 00 01 02 03 04 05 06 07 08 09 10 11 12 13 14 15 16 17 18 19 20 21 22 23
屏東
PM10
02/01 55 58 58 65 65 60 64 77 94 99 103 137 125 122 136 112 89 87 100 111 112 93 82 89
屏東
PM10
02/02 93 95 103 95 98 91 87 108 116 120 121 129 99 80 94 99 93 82 97 94 118 106 115 99
屏東
PM10
02/03 83 94 86 104 68 68 66 72 51 41 43 48 47 62 54 44 38 45 42 48 46 32 27 27
屏東
PM10
02/04 32 27 22 30 28 31 28 42 33 46 40 31 31 25 27 21 27 14 15 22 18 15 16 26
屏東
PM10
02/05 64 88 86 88 84 83 84 83 65 54 56 47 30 16 19 19 15 32 67 75 81 83 78 80
屏東
PM10
02/06 86 74 80 74 77 68 119 76 44 45 41 48 1000# 44 50 60 66 70 82 82 79 81 75 67
屏東
PM10
02/07 65 47 54 46 41 41 30 36 27 34 34 23 31 27 19 28 32 30 45 53 36 33 35 30
屏東
PM10
02/08 28 32 32 33 32 38 31 40 39 35 36 41 36 37 40 42 43 48 48 52 70 58 54 44
屏東
PM10
02/09 47 52 49 50 42 41 50 54 54 57 53 41 41 62 69 59 42 50 45 53 66 64 67 64
屏東
PM10
02/10 56 52 53 53 56 60 53 58 61 73 58 63 46 67 90 82 58 48 54 51 53 62 74 73
屏東
PM10
02/11 63 65 57 69 63 86 105 102 79 110 163 91 102 90 65 99 71 68 57 63 105 97 85 82
屏東
PM10
02/12 73 77 69 63 63 60 59 68 63 84 110 101 129 133 93 70 68 57 70 71 74 73 80 64
屏東
PM10
02/13 82 69 80 79 63 64 81 78 76 89 55 43 40 60 88 60 77 61 54 20 14 16 19 22
屏東
PM10
02/14 13 24 37 64 73 72 78 81 96 69 54 45 68 45 36 36 45 49 53 51 60 57 59 75
屏東
PM10
02/15 69 65 74 67 68 65 78 86 74 61 58 52 51 58 1000# 29 15 30 26 29 25 21 11 14
屏東
PM10
02/16 21 14 19 19 24 22 21 28 28 35 27 23 26 37 28 34 31 42 44 67 82 76 76 76
屏東
PM10
02/17 74 80 71 73 73 69 69 67 69 63 54 42 80 70 79 81 56 100 70 74 73 53 62 59
屏東
PM10
02/18 57 66 61 64 67 65 75 79 72 79 68 70 73 69 61 41 33 30 23 27 31 21 25 25
屏東
PM10
02/19 18 29 27 32 21 21 28 49 42 44 38 36 37 1000# 31 24 41 29 36 41 38 30 31 52
屏東
PM10
02/20 47 27 27 28 30 28 29 48 40 33 32 30 43 35 30 35 27 24 24 27 20 29 22 29
屏東
PM10
02/21 27 25 27 27 20 25 31 46 58 36 32 56 66 120 89 32 21 23 23 28 30 32 24 27
屏東
PM10
02/22 27 14 20 27 18 21 29 46 39 50 46 42 32 57 102 71 73 76 70 50 43 51 52 63
屏東
PM10
02/23 63 60 65 53 53 60 61 64 68 73 74 85 117 92 77 79 65 61 62 71 74 70 70 90
屏東
PM10
02/24 99 91 87 84 83 80 86 105 96 85 89 111 91 77 69 67 72 65 46 43 39 42 43 50
屏東
PM10
02/25 51 51 42 41 34 35 37 30 41 43 49 54 47 42 48 46 57 72 57 88 91 80 83 81
屏東
PM10
02/26 73 77 79 71 70 71 69 82 90 71 67 80 95 90 77 63 62 69 67 79 74 69 73 73
屏東
PM10
02/27 77 88 82 83 80 76 82 82 86 75 1000# 62 88 79 99 90 96 82 73 83 85 87 87 92
屏東
PM10
02/28 97 84 77 78 66 74 86 84 79 74 58 37 25 42 43 60 51 24 28 60 72 82 72 63
屏東
PM10
監測年月：2019/03， 測站：潮州， 測項：PM10（μg/m3）
屏東
PM10
日期 00 01 02 03 04 05 06 07 08 09 10 11 12 13 14 15 16 17 18 19 20 21 22 23
屏東
PM10
03/01 56 60 60 65 65 62 76 79 78 90 102 91 62 57 73 76 68 65 76 78 68 77 70 83
屏東
PM10
03/02 83 78 73 89 80 89 90 109 101 100 90 68 53 56 42 38 25 27 28 39 37 27 26 24
屏東
PM10
03/03 21 21 14 23 18 22 29 32 28 31 36 27 32 31 42 105 54 29 30 23 30 34 35 31
屏東
PM10
03/04 34 34 34 38 37 35 44 46 47 52 65 41 37 1000# 36 52 37 40 37 47 51 44 31 26
屏東
PM10
03/05 42 40 39 49 52 46 42 48 61 43 57 58 38 44 26 27 32 33 40 32 24 34 27 28
屏東
PM10
03/06 25 23 29 39 55 67 72 72 76 64 42 58 61 44 45 39 32 38 59 76 66 64 51 50
屏東
PM10
03/07 54 59 53 62 59 61 63 60 65 67 92 94 89 81 63 40 26 15 33 28 35 32 33 45
屏東
PM10
03/08 39 39 28 29 35 32 38 43 54 41 52 56 42 27 16 12 28 34 39 42 45 48 84 77
屏東
PM10
03/09 82 72 73 64 57 53 67 69 76 71 61 49 32 25 28 26 21 28 37 21 25 23 29 31
屏東
PM10
03/10 28 31 28 23 19 12 10 14 22 18 20 24 31 22 22 24 51 31 42 34 31 20 22 19
屏東
PM10
03/11 27 32 30 29 29 35 36 36 21 31 24 27 1000# 50 52 51 52 48 49 51 40 51 66 70
屏東
PM10
03/12 71 62 50 54 63 66 64 71 70 88 78 82 74 71 56 55 54 49 50 55 60 48 54 46
屏東
PM10
03/13 52 38 36 44 48 37 57 56 61 50 49 55 84 67 63 61 61 32* 53 48 42 42 36 44
屏東
PM10
03/14 43 50 49 50 49 49 49 74 59 69 73 70 85 82 97 89 74 66 68 75 78 74 82 89
屏東
PM10
03/15 109 100 116 116 102 99 92 87 95 90 97 85 91 156 71 77 75 90 84 93 83 77 78 78
屏東
PM10
03/16 85 80 84 84 72 80 74 75 78 85 68 32* 32 39 42 50 56 61 63 45 44 48 49 55
屏東
PM10
03/17 48 56 47 45 50 51 58 52 58 58 60 52 50 49 49 51 50 57 58 71 67 66 77 74
屏東
PM10
03/18 70 66 70 64 61 63 72 74 69 62 61 49 73 83 91 76 54 47 56 57 76 75 75 83
屏東
PM10
03/19 80 67 72 67 63 74 61 71 76 90 67 70 69 62 153 104 81 67 83 89 106 84 65 65
屏東
PM10
03/20 62 62 56 58 63 57 66 64 114 98 105 85 86 45 55 37 32 31 29 34 27 25 29 26
屏東
PM10
03/21 26 16 20 14 22 28 32 30 34 33 35 50 68 53 61 29 40 41 32 38 43 39 35 44
屏東
PM10
03/22 43 28 33 30 33 28 31 34 38 44 30 1000# 1000# 99x 93x 122x 104x 128x 71 48 51 56 54 51
屏東
PM10
03/23 80 82 72 82 85 83 90 93 105 104 132 114 87 64 54 50 29 33 41 61 54 63 62 58
屏東
PM10
03/24 49 45 47 50 39 38 48 44 42 64 81 70 65 50 44 42 42 45 41 48 41 40 29 33
屏東
PM10
03/25 30 28 24 28 26 28 32 32 56 54 50 69 43 181 95 89 51 61 46 60 57 51 55 58
屏東
PM10
03/26 51 24 36 33 36 39 45 55 96 84 125 120 94 55 74 55 63 79 57 59 57 69 54 50
屏東
PM10
03/27 42 49 64 64 70 72 70 73 71 59 66 63 94 71 82 52 48 62 42 27 31 30 27 28
屏東
PM10
03/28 32 34 34 35 36 34 39 29 39 64 53 55 1000# 21 49 42 63 31 42 42 41 37 30 40
屏東
PM10
03/29 28 29 33 32 33 35 40 42 40 33 45 62 58 60 58 48 58 48 49 42 44 42 44 45
屏東
PM10
03/30 50 44 31 24 32 33 35 38 38 44 35 32 33 35 35 38 42 45 50 40 37 38 44 42
屏東
PM10
03/31 43 38 34 35 38 43 45 58 50 50 57 53 54 44 80 101 125 76 58 48 43 46 68 101
屏東
PM10
監測年月：2019/04， 測站：潮州， 測項：PM10（μg/m3）
屏東
PM10
日期 00 01 02 03 04 05 06 07 08 09 10 11 12 13 14 15 16 17 18 19 20 21 22 23
屏東
PM10
04/01 92 86 86 87 78 83 79 90 87 93 110 85 107 85 154 109 75 84 61 73 58 60 69 68
屏東
PM10
04/02 71 70 62 68 63 65 72 79 87 69 70 123 70 60 53 51 46 45 50 49 45 46 51 51
屏東
PM10
04/03 39 46 45 43 36 41 42 78 68 71 119 1000# 57 42 51 35 48 50 89 58 60 55 65 67
屏東
PM10
04/04 77 74 63 66 62 66 63 77 87 72 71 93 92 81 69 62 52 47 51 43 51 63 60 60
屏東
PM10
04/05 67 62 69 76 71 68 70 72 63 68 64 49 76 76 66 72 55 56 60 70 78 80 80 79
屏東
PM10
04/06 70 67 73 76 71 76 72 87 88 59 56 48 47 35 46 50 44 53 42 59 59 51 50 54
屏東
PM10
04/07 56 64 58 48 44 48 46 58 59 52 52 52 54 46 52 59 61 63 65 69 88 75 76 77
屏東
PM10
04/08 70 59 53 52 48 47 59 61 79 73 79 63 1000# 61# 60 56 44 50 48 49 62 60 63 67
屏東
PM10
04/09 53 48 52 52 45 48 55 59 51 42 41 32 41 34 59 24 25 28 30 32 31 27 27 20
屏東
PM10
04/10 20 15 19 21 17 21 23 32 34 42 45 69 62 56 51 27 73 72 45 31 37 40 39 28
屏東
PM10
04/11 29 19 25 24 31 28 27 32 31 30 34 39 46 47 43 40 46 45 44 49 39 43 41 40
屏東
PM10
04/12 56 44 50 65 66 57 62 63 75 48 40 39 40 37 48 55 65 45 35 21 35 61 74 76
屏東
PM10
04/13 79 72 74 65 68 61 65 57 79 87 84 53 68 81 65 59 68 57 54 77 84 73 69 54
屏東
PM10
04/14 57 56 58 52 58 55 71 66 67 59 68 78 96 106 51 37 39 51 80 62 63 57 41 42
屏東
PM10
04/15 48 39 56 54 69 60 68 69 76 72 67 73 77 64 45 61 58 59 60 61 65 64 55 46
屏東
PM10
04/16 48 39 42 38 51 46 64 94 96 59 24* 25 21 27 21 30 36 55 65 51 51 52 55 52
屏東
PM10
04/17 44 46 42 51 45 51 56 56 60 49 48 47 59 36 38 40 47 47 38 42 46 51 52 46
屏東
PM10
04/18 29 37 34 32 40 42 43 45 44 44 1000# 32 34 27 36 73 28 42 35 43 43 43 40 31
屏東
PM10
04/19 36 27 24 31 32 42 13 12 12 28 20 22 24 20 20 23 7 11 24 25 33 27 23 20
屏東
PM10
04/20 12 19 20 20 19 24 25 21 43 30 20 15 12 20 20 22 22 30 43 55 55 63 38 28
屏東
PM10
04/21 29 25 27 19 29 41 43 39 27 29 17 23 24 35 32 19* 21 29 32 32 35 35 34 37
屏東
PM10
04/22 35 39 36 37 31 36 37 39 38 47 42 46 36 34 39 35 29 38 36 37 34 33 26 32
屏東
PM10
04/23 33 31 31 32 39 33 37 39 39 38 34 30 1000# 38 45 39 36 35 27 24 22 28 27 25
屏東
PM10
04/24 28 28 37 30 35 39 55 45 51 46 50 50 47 36 35 41 45 35 42 31 29 34 35 33
屏東
PM10
04/25 36 32 29 34 33 29 36 34 40 36 30 42 31 35 28 34 31 29 27 27 32 40 45 32
屏東
PM10
04/26 16 23 20 24 21 30 22 32 39 46 43 42 44 36 32 27 37 38 37 38 34 32 29 33
屏東
PM10
04/27 39 36 40 40 37 37 44 40 44 58 60 49 49 44 63 59 88 79 71 69 60 65 71 76
屏東
PM10
04/28 49 44 44 59 57 55 63 58 40 39 47 56 61 31 28 33 35 39 35 40 44 47 40 32
屏東
PM10
04/29 29 31 28 29 32 35 41 31 28 34 21 21 1000# 18 20 26 23 17 25 29 22 25 29 21
屏東
PM10
04/30 31 27 30 27 29 34 32 33 23 26 20 24 24 26 34 33 32 35 39 29 35 35 38 38
屏東
PM10
監測年月：2019/05， 測站：潮州， 測項：PM10（μg/m3）
屏東
PM10
日期 00 01 02 03 04 05 06 07 08 09 10 11 12 13 14 15 16 17 18 19 20 21 22 23
屏東
PM10
05/01 38 26 37 21 23 26 25 25 29 24 29 21 21 21 8 28 28 26 27 31 32 22 14 23
屏東
PM10
05/02 20 26 26 28 14 18 15 22 26 29 33 48 44 39 1000# 35 28 29 36 51 53 56 47 49
屏東
PM10
05/03 63 55 61 57 61 62 58 56 44 47 61 55 55 59 49 21 19 22 32 42 39 45 36 31
屏東
PM10
05/04 30 33 24 22 21 21 22 25 23 24 22 27 32 39 38 43 45 44 45 39 39 56 45 37
屏東
PM10
05/05 26 33 37 41 40 40 44 31 29 21 25 26 49 63 62 71 82 78 91 75 66 63 58 59
屏東
PM10
05/06 65 51 58 56 51 51 53 47 47 46 46 37 9* 17 10 18 13 12 15 14 10 6 9 14
屏東
PM10
05/07 22 21 17 19 26 27 23 24 21 26 39 33 40 45 59 85 67 73 71 31* 34 31 23 22
屏東
PM10
05/08 18 20 22 26 22 25 25 21 18 18 20 16 17 44 59 59 55 58 54 59 64 63 59 55
屏東
PM10
05/09 58 49 55 51 53 51 59 53 52 52 43 1000# 31 31 25 22 27 32 35 58 57 57 65 68
屏東
PM10
05/10 73 72 60 61 70 77 59 61 59 57 66 74 66 103 75 78 63 44 43 41 46 43 42 44
屏東
PM10
05/11 50 55 48 48 49 46 47 49 51 39 26 41 60 46 62 54 55 53 57 1000* 56 65 62 61
屏東
PM10
05/12 41 47 52 49 53 61 66 58 64 75 74 54 51 39 36 37 39 43 43 52 62 73 72 59
屏東
PM10
05/13 60 53 53 53 44 51 65 65 50 36 40 70 1000# 57 55 50 41 32 44 34 42 41 41 41
屏東
PM10
05/14 47 37 44 32 42 38 38 42 39 33 31 33 41 49 45 50 52 39 22 26 25 36 29 34
屏東
PM10
05/15 30 29 31 34 33 35 36 41 38 40 41 27 24 20 28 25 38 25 26 22 22 23 25 22
屏東
PM10
05/16 27 32 37 40 33 32 30 28 17 27 27 37 25 34 26 23 25 28 31 30 32 29 24 36
屏東
PM10
05/17 34 31 34 31 34 31 36 40 33 26 24 25 26 30 34 27 28 32 22 30 30 32 29 34
屏東
PM10
05/18 41 32 33 34 37 24 32 21 20 27 29 27 32 26 22 23 27 29 32 32 25 19 32 26
屏東
PM10
05/19 28 30 39 34 40 34 39 49 34 26 39 27 25 27 24 26 28 27 30 35 38 42 32 34
屏東
PM10
05/20 46 40 42 39 44 36 36 40 32 34 32 16 1000# 8 14 22 12 10 9 10 11 13 15 17
屏東
PM10
05/21 29 21 25 25 20 26 22 26 31 36 39 22 19 21 30 24 16 19 24 24 31 32 40 39
屏東
PM10
05/22 39 37 35 39 40 41 44 55 52 53 52 54 53 56 57 47 56 43 47 42 40 48 53 45
屏東
PM10
05/23 43 50 54 58 64 61 66 70 65 54 42 56 69 41 31 36 27 19 17 32 29 40 33 32
屏東
PM10
05/24 43 43 35 36 39 42 43 39 42 46 49 57 51 1000# 31 23 22 14* 15 12 16 17 17 21
屏東
PM10
05/25 34 31 33 32 29 31 37 29 27 26 24 30 42 36 44 49 47 49 49 30 28 29 33 44
屏東
PM10
05/26 41 35 45 41 39 38 46 44 48 38 40 37 31 34 31 30 36 30 33 33 31 41 27 11
屏東
PM10
05/27 23 14 18 31 31 29 23 33 50 19 9 8 12 1000# 17 16 15 16 50 50 61 53 39 39
屏東
PM10
05/28 33 26 26 24 21 24 34 20 20 23 18 23 30 17 19 29 21 24 24 26 26 32 24 27
屏東
PM10
05/29 23 33 33 28 35 31 37 37 32 14 21 13 16 13 9 9 13 14 22 25 27 28 32 34
屏東
PM10
05/30 28 32 35 34 30 35 34 38 44 43 47 63 66 55 45 33 38 31 35 42 45 55 47 41
屏東
SO2
01/01 1.7 1.6 1.7 1.6 1.6 1.5 1.5 1.6 1.8 2 2.2 2.5 3.2 3.9 5.4 6 5 4.5 4.3 3 3 2.7 2.6 2.4
屏東
SO2
01/02 2.3 1.8 1.7 1.5 1.4 1.3 1.3 1.9 2 2.3 2.3 3.3 5.1 11 10 8.2 6.8 3.9 2 2 1.9 1.8 1.8 2.1
屏東
SO2
01/03 2.1 2.3 2.1 1.8 1.7 1.7 1.7 1.9 2.2 2.1 2.2 2.2 2.2 2.4 2.8 2.1 2.8 2.8 2.5 1.9 1.9 2 1.8 1.7
屏東
SO2
01/04 1.6 1.3 1.4 1.3 1.3 1.3 1.3 1.6 2.1 3.3 7.3 7.4 3.8 6.2 7 9.4 4.2 3.1 3.1 2.7 2.2 1.8 1.3 1.2
屏東
SO2
01/05 1.3 1.2 1.5 1.4 1.5 1.4 1.6 1.6 3.1 2.9 3.2 2.9 1.4 1.2 1.3 1.4 1.3 1.3 1.5 1.7 1.4 1.5 1.4 1.5
屏東
SO2
01/06 1.9 1.5 1.5 1.7 1.7 1.6 1.8 1.8 3.2 12 16 6.8 3.7 4.9 4.8 4 3.2 2.9 2.3 2 2.3 2.4 2.6 1.6
屏東
SO2
01/07 2.2 2.3 2.3 2.2 1.9 2 2 2.4 26 16 14 12 8.3# 9.7 6.1 5.2 4.9 3.9 2.9 2.7 2.8 2.8 3.1 3.4
屏東
SO2
01/08 2.9 1.8 1.8 1.8 1.6 1.8 1.6 1.8 4.2 6.1 4.8 1.8# 1.8 2.7 3.2 3 2.9 2.7 2.6 2.1 1.8 2.1 1.5 1.7
屏東
SO2
01/09 2 1.1 1.4 1.5 1.7 1.4 1.6 1.8 2.4 2.3 3.1 4 3 9.1 11 4.2 3.4 3.1 2.9 2.5 1.9 2.2 1.8 1.3
屏東
SO2
01/10 1.9 1.7 1.8 1.8 2.2 1.7 1.8 1.9 3 7.6 6.1 4.2 4.1 4.9 7.3 11 3.2 4.7 4.3 3.6 2.8 2.3 1.8 1.7
屏東
SO2
01/11 1.6 1.2 1 1 1.2 1.1 1.2 1.7 2 2.2 3.7 2.9 2.8 2.8 2.1 2.2 2.2 2.6 2.8 4.8 3.1 2.6 2.4 2.1
屏東
SO2
01/12 2 1.5 1.3 1.1 1.2 1.2 1.3 1.4 2 2.5 3.8 2.1 2.1 6 4.6 2.8 1.6 1.6 2.3 1.7 1.2 0.9 1 1
屏東
SO2
01/13 1.1 1.6 1.4 1.5 1.6 1.9 1.8 1.9 2.3 2.7 2.8 3.4 3.3 5.5 4.4 3.6 3.5 3.1 3 2.4 2.3 2.4 2.2 1.9
屏東
SO2
01/14 1.2 1.4 1.5 1.4 1.3 1.5 1.5 1.7 2.1 2.9 5.2 4.5 4.6 7 4.3 3.2 3.4 3.1 3.1 2.6 2 1.9 1.5 1.6
屏東
SO2
01/15 2 2.3 2.3 2.3 2.4 2.5 2.4 2.5 3.3 3.9 4.9 5.2 5.2 5.6 5.3 5.8 6.3 4.1 4.7 3.2 2.5 2.8 3.6 4.5
屏東
SO2
01/16 2.4 2.5 2.1 1.9 1.7 2 1.9 1.8 2.2 2.3 2.1 2.4 2 2.1 2.1 2.1 2 2 1.7 1.6 1.6 1.6 1.6 1.9
屏東
SO2
01/17 2.4 1.8 1.7 1.8 1.7 1.9 2 2 2.2 2.6 2.4 2.1 2.2 2.3 2.4 3.7 3.2 2.8 2.8 2.6 2.2 2.2 2.5 2.4
屏東
SO2
01/18 1.9 1.8 1.6 1.8 1.6 1.5 1.6 1.7 2.3 2.4 2.4# 51# 9.8# 4.9# 5.6 4.2 3.1 2.9 3.5 2.9 2.4 1.9 1.5 1.6
屏東
SO2
01/19 1.9 1.9 1.8 1.7 1.8 1.7 1.7 2.1 2.5 2.6 2.8 2.9 2.9 3.5 4.5 4.6 3.2 3.1 2.7 1.8 1.5 1.4 1.3 1.4
屏東
SO2
01/20 1.1 1 1 1 1.2 1.2 1.1 1.3 1.4 1.3 1.3 1.3 1.4 1.4 1.7 2.8 3.5 3.5 3.5 2.8 1.9 1.9 1.9 2.2
屏東
SO2
01/21 2.1 1.4 1.2 1.1 1.4 1.2 1.4 1.5 1.8 1.4 1.6 1.5# 1.7 1.6 1.7 1.8 1.4 2 1.2 1.6 1.9 1.4 1.1 0.9
屏東
SO2
01/22 0.9 2.1 2.3 2.2 1.9 1.8 1.9 1.9 2.1 2.1 2.1 2.1 2.1 2.6 2.8 2.9 2.7 2.5 2.1 2 1.8 2.8 2.5 2.5
屏東
SO2
01/23 2.8A 1.5 1.3 1.3 1.5 1.3 1.3 1.3 1.9 2.2 2.4 2.3 2 2.1 3.2 3.1 3.2 3.5 3.3 3 2.2 2 1.8 1.9
屏東
SO2
01/24 1.7 2 1.9 2 1.7 1.7 1.7 1.8 2.4 2.6 2.8 2.3 2.7 4.4 4.7 6.2 5.8 4.7 3.5 3.4 2.3 2.3 2.2 2.1
屏東
SO2
01/25 2.1 1.8 1.7 1.7 1.7 1.8 1.8 1.9 2.7 2.7 2.5 3 2.7 4.1 5.2 4.1 4.2 3.5 3.1 4 2.8 2.4 2.1 2.1
屏東
SO2
01/26 2.1 1.4 1.3 1.2 1.2 1.2 1.2 1.3 1.6 1.9 2.3 3.1 5.3 6.8 7.1 5.1 1.6 1.3 2 2.5 2.3 2.4 2.2 2.1
屏東
SO2
01/27 1.8 2.1 1.9 1.9 1.8 1.8 1.7 1.9 2 2.5 2.9 4 3.7 5.2 4.4 3.3 2.7 2.5 2.2 1.9 1.8 1.8 1.7 1.6
屏東
SO2
01/28 1.8 1.5 1.4 1.4 1.3 1.5 1.4 1.3 1.6 1.9 2 1.9 2.1 4.4 5.1 6.3 4.6 2.8 2.3 1.5 1.4 1.5 1.4 1.5
屏東
SO2
01/29 1.8 1.3 1.3 1.4 1.3 1.3 1.3 1.4 1.8 2.6 2.5 2.5 2.3 5.2 5.7 4.8 3.9 2.7 2.3 2.5 3.2 1.5 1.5 1.7
屏東
SO2
01/30 1 1.8 1.8 1.8 1.7 1.7 2 2.1 2.5 2.9 2.5 2.4 2.9 5.4 5.2 3.2 3.2 2.9 2.6 2.2 1.8 2 2 1.9
屏東
SO2
01/31 2.2 1.2 1.3 1.1 0.9 1 1.2 1.1 1.5 1.9 3.8 4.6 3.2# 2.8 1.9 2.9 3.5 2.8 2.5 2.1 1.8 1.6 1.4 1.2
屏東
SO2
監測年月：2019/02， 測站：潮州， 測項：SO2（ppb）
屏東
SO2
日期 00 01 02 03 04 05 06 07 08 09 10 11 12 13 14 15 16 17 18 19 20 21 22 23
屏東
SO2
02/01 1.4 1.4 1.3 1.5 1.3 1 1 1.2 1.9 2.7 3.5 6.6 7.5 3.3 2.7 2.6 2.2 2.2 2.1 1.5 1.5 1.2 1.5 1.2
屏東
SO2
02/02 1.1 1.9 1.9 1.9 1.7 1.5 1.5 1.7 2.1 4 5 4.9 4.2 3.2 3.1 2.9 3.7 3.3 5.1 3 2.2 1.9 1.7 1.5
屏東
SO2
02/03 1.7 1.1 0.9 1 1 0.9 1 1.1 1.6 1.7 1.9 1.2 1 1 1.1 1.1 1 1 1.1 1.2 1 0.9 1 1
屏東
SO2
02/04 1 1.1 1.1 1.2 1.2 1.2 1.3 1.4 1.5 1.7 1.7 2.1 1.8 1.6 1.7 1.6 1.6 1.5 1.4 1.3 1.3 1.3 1.4 1.3
屏東
SO2
02/05 1.3 1.5 1.5 1.5 1.4 1.3 1.6 1.6 1.6 1.6 1.7 1.6 1.5 1.4 1.3 1.2 1.2 1.3 1.9 2.2 1.6 1.5 1.5 1.2
屏東
SO2
02/06 1.7 1.4 1.5 1.5 1.4 1.2 1.5 1.5 1.7 1.9 2.2 3.1 4.8# 2.8 2.5 2.2 2.3 2.5 2.5 2 1.8 1.6 1.6 1.3
屏東
SO2
02/07 1.2 1.9 1.8 1.8 1.8 1.8 1.8 1.9 2.2 2.2 2 1.9 1.9 2 2.2 2.2 2.7 2.8 2.8 2.2 2.1 2.1 2 1.9
屏東
SO2
02/08 1.7 0.7 0.7 0.7 0.7 0.6 0.8 0.8 1 1.1 1.2 1.2 1.2 1.3 1.5 1.5 1.4 1.6 1.5 1.4 1.1 0.9 0.8 0.7
屏東
SO2
02/09 0.9 1.1 1.1 1 1.1 1 1.1 1.2 1.4 1.7 1.7 1.5 1.5 4.8 6.6 3.8 2.3 1.8 1.7 1.7 1.8 1.9 1.7 1.7
屏東
SO2
02/10 1.7 1.5 1.5 1.4 1.5 1.4 1.2 1.4 1.8 2.2 2.3 2.3 1.8 2.9 6.3 6 3.3 2.6 2.2 1.8 1.3 1.1 1.3 1.6
屏東
SO2
02/11 1.5 1.6 1.6 1.5 1.4 1.5 1.6 1.8 2.2 3.1 3.8 4 6.6 5.7 4.1 2.9 2.9 2.4 2.2 2.2 2.5 2.3 2.1 1.8
屏東
SO2
02/12 1.6 1.8 1.7 1.7 1.6 1.7 1.6 1.7 2 2.5 3 2.9 4.6 4.9 2.7 2.2 2.2 2.4 2.3 1.9 1.7 1.8 1.7 1.6
屏東
SO2
02/13 1.7 1 1 1 0.8 0.8 1.1 1.1 1.6 1.5 1.3 1.1 1.2 2.9 3 1.6 1.6 1.6 1.2 0.7 0.6 0.6 0.6 0.6
屏東
SO2
02/14 1.1 2.3 2.1 1.9 1.9 1.7 1.6 1.9 2.7 3.1 2.7 3 4.9 2.7 2 2 2.3 2.4 2.2 2.1 1.8 1.7 1.6 2.4
屏東
SO2
02/15 2.1 1.8 1.7 1.7 1.4 1.4 1.5 1.8 2.1 2.1 2.3 2.1 1.8 1.7 1.8 1.7 1.5 1.3 1.4 1.4 1.5 1.4 1.4 1.5
屏東
SO2
02/16 1.2 0.7 0.9 0.7 0.6 0.7 0.7 0.8 1 1.2 1 0.9 1.2 1.9 1.5 1.5 1.4 1.3 1.5 1.5 1 0.9 1.1 1.1
屏東
SO2
02/17 0.9 1.3 1.2 1.5 1.5 1.3 1.2 1.4 1.7 1.9 1.7 1.7 2.5 2.9 2.5 2.3 2.1 2.1 2.6 2.9 1.9 1.7 1.5 1.7
屏東
SO2
02/18 1.9 2.2 2.4 2.3 2.4 2.2 2.2 2.2 2.6 2.6 2.6 2.6 3.1 1.8 1.6 1.5 1.5 1.7 1.9 1.6 1.5 1.5 1.6 1.6
屏東
SO2
02/19 1.9 1.7 1.9 1.8 1.7 1.7 1.7 3.2 3.4 2.6 2.7 3.1 2.9 2.9# 2.3 2.3 2.1 2.2 2.2 2.2 2.2 1.9 1.8 1.8
屏東
SO2
02/20 1.4 1.7 1.7 1.6 1.7 1.9 1.8 2 2.1 2.3 2.3 2 1.9 2 1.9 2.1 2.2 1.8 2 2 1.9 1.8 1.5 1.6
屏東
SO2
02/21 1.9 1.5 1.5 1.6 1.7 1.6 1.7 1.9 2.2 2.7 2.9 1.9 1.9 2 1.9 1.9 1.9 2.1 2.2 1.9 1.7 1.7 1.6 1.4
屏東
SO2
02/22 1.5 1.3 1.3 1.3 1.5 1.5 1.6 1.8 2.1 2.1 2.3 1.9 2.1 2.6 3 2.6 2.9 2.2 2.1 2 2 1.9 2 2.4
屏東
SO2
02/23 2 1.8 1.6 1.5 2.1 1.6 1.5 1.7 1.8 2.3 2.2 3.7 10 7.6 2.5 2.7 2.7 2.1 1.6 1.8 1.8 1.7 1.5 1.7
屏東
SO2
02/24 2.2 2.1 2 1.9 1.9 1.9 2.2 2.1 2.5 2.6 4.3 5.7 4.6 3.9 3.6 3 2.8 2.1 1.9 1.7 1.7 1.7 1.6 1.7
屏東
SO2
02/25 1.5 1.9 1.9 1.8 1.8 1.9 1.8 1.8 2 2.2 2.1 2.2 2.1 2.5 2.1 2.2 2.8 2.7 2.6 2.9 3.8 3.2 3 2.8
屏東
SO2
02/26 2.4 1.4 1.3 1.2 1.3 1.3 1.3 1.4 2 2.1 2.5 2.5 4.2 5.7 5.3 4 3.5 3.2 2.4 1.9 1.7 1.7 1.5 1.5
屏東
SO2
02/27 0.9 1.6 1.4 1.4 1.5 1.4 1.4 1.6 2 2.1 2.2 1.9 2.9 3.1 3.1 2.3 2.1 2 1.9 1.9 1.9 1.7 1.4 1.4
屏東
SO2
02/28 1.7 1.1 1.2 1.2 1.3 1.4 1.5 1.6 2 2.2 1.8 1.6 1.5 2.4 2.2 1.6 1.8 1.4 1.6 2 2.1 2.4 2.3 2.4
屏東
SO2
監測年月：2019/03， 測站：潮州， 測項：SO2（ppb）
屏東
SO2
日期 00 01 02 03 04 05 06 07 08 09 10 11 12 13 14 15 16 17 18 19 20 21 22 23
屏東
SO2
03/01 1.6 2.1 2.1 2.1 2.2 2.2 2.3 2.7 2.8 3.2 4.4 4.8 3.6 3.2 3.3 3.2 4.4 3.5 3.2 2.9 2.6 2.2 2 2.1
屏東
SO2
03/02 2.3 1.4 1.3 1.3 1.4 1.3 1.4 1.4 1.7 2.1 2.9 2.6 2.3 2.2 1.7 1.3 1.3 1.3 1.4 1.2 1.3 1.2 1 1.1
屏東
SO2
03/03 1.2 1 0.8 0.8 0.9 0.9 1 1 1.2 1.2 1.3 1.1 1.1 1.3 4.4 1.3 1.2 1.3 1.2 1.2 1.1 1.1 1.1 1.1
屏東
SO2
03/04 1.6 0.8 0.8 0.8 0.9 0.8 0.7 1.1 1.9 3.1 6.7 3.3 2.4# 2.1 1.7 1.4 1.5 1.5 1.4 1.2 1.1 1.1 0.9 1
屏東
SO2
03/05 0.6 1.4 1.5 1.5 1.6 1.6 1.6 1.7 2 2.1 2.1 1.3 1.2 1.3 1.3 1.3 1.4 1.3 1.6 1.5 1.5 2.2 2.1 2.4
屏東
SO2
03/06 1.4 1.2 1.3 1.3 2 1.6 1.6 1.9 2.5 2.3 1.8 2.7 6 4.4 2.6 3.9 3.3 2.9 3.8 2.7 1.9 1.5 1.4 1.5
屏東
SO2
03/07 1.4 1.7 1.6 1.6 1.6 1.6 1.7 1.8 2 2.2 3 4.5 4 2.7 2.1 1.9 1.6 1.5 1.6 1.6 1.6 1.6 1.7 2
屏東
SO2
03/08 1.7 1 0.8 1 1 1 0.9 1.1 1.2 1.3 1.3 1.3 1.3 0.9 0.8 1 1.1 1 1.2 1.1 1 1 2.3 2
屏東
SO2
03/09 1.8 1.4 1.6 1.5 1.4 1.3 1.3 1.5 2.9 3 3.8 2.3 1.2 1.2 1.5 1.3 1.4 1.2 1.3 1 0.9 0.7 0.7 0.8
屏東
SO2
03/10 0.8 1.3 1.3 1.2 1.2 1.2 1.1 1.4 1.4 1.6 1.6 1.5 2.4 2.8 2.5 1.9 1.7 1.5 1.4 1.5 1.4 1.4 1.3 1.3
屏東
SO2
03/11 1.6 0.9 0.9 0.9 1 1 1 1 1 0.9 0.8 1 1.7# 3.9 2.9 2.5 1.7 1.5 1.4 1.3 1.3 1.2 1.7 1.5
屏東
SO2
03/12 0.7 1.5 1.3 1.1 1.1 1.2 1.2 1.5 3.5 4.7 3.5 2.9 72# 107# -4.2# 2.1 2 1.7 1.8 1.1 1 1 0.9 0.8
屏東
SO2
03/13 1.4 1.5 1.4 1.4 1.6 1.6 1.6 1.9 2.1 2 2 2 3.4 3.8 3.9 3.9 6.7 1.5 1.4 1.5 1.4 1.5 1.6 1.5
屏東
SO2
03/14 1.3 1.5 1.6 1.7 1.6 1.9 1.7 2 3.2 3.1 3.6 2.8 4.5 3.6 3.1 3.7 3.1 2.9 2.6 2.8 2.9 2.3 2 2.2
屏東
SO2
03/15 3.1 2.1 2.2 1.9 1.9 1.7 1.7 1.8 2.1 2.2 2.2 2.7 3.9 6.1 2.7 2.7 3 3.3 3 2.9 3.5 2.9 3 2.3
屏東
SO2
03/16 2.3 2 2.2 2 1.9 1.9 1.9 2.7 4 3.5 3.1 2.2 2.3 2.2 2.4 3.4 5.3 4.4 4 2.1 1.8 1.8 1.7 1.5
屏東
SO2
03/17 1.7 1.5 1.5 1.6 1.5 1.5 1.5 1.7 2.4 2.5 2.5 2.5 2.3 2.8 3 2.4 2.5 2.5 2.3 2.2 2.2 2.2 2.5 2.2
屏東
SO2
03/18 2.3 2.2 2 2 1.9 2 2 2.4 2.8 2.6 2.3 2.5 3.9 7.1 5.9 4.5 3 3 3.7 3.1 2.8 2.6 2.4 2.7
屏東
SO2
03/19 2.3 1.9 1.9 1.9 1.9 1.9 2.1 2.3 2.8 3.1 2.7 3 3.2 2.9 3.1 3 3.1 3.1 3.1 3 2.1 2.1 1.6 1.6
屏東
SO2
03/20 1.3 1.5 1.5 1.7 1.8 1.8 1.8 1.9 3.5 3.8 3.8 3.9 4.1 2.1 1.5 1.3 1.2 1.2 2 3.6 1.5 1.3 1.1 1.2
屏東
SO2
03/21 1.3 0.6 0.8 0.8 0.8 0.9 1.2 1.4 1.6 1.7 1.8 3.6 5.8 5.1 2.1 1.8 3 2.3 1.6 1.3 1.2 1.1 1.2 1.2
屏東
SO2
03/22 1 1.7 1.7 1.7 1.6 1.6 1.8 2.3 2.5 2.4 2.2 2.5# 2.3 8.8 11 7.6 2.7 5 2.2 1.6 1.1 1.2 1.6 1.2
屏東
SO2
03/23 1.8 1.8 1.5 1.4 1.8 1.7 1.5 1.8 2.5 3 4 2.6 2.3 2 1.7 1.5 1.4 1.4 1.4 1.6 1.4 1.3 1.6 1.8
屏東
SO2
03/24 2 2.2 1.9 1.7 1.7 1.6 1.8 1.8 2.1 2.6 5.6 4.7 3.8 2.4 2.6 2.3 2.4 2.1 2 1.9 1.7 1.6 1.6 1.4
屏東
SO2
03/25 1.2 1.4 1.4 1.5 1.5 1.5 1.5 1.7 3 3 2.6 2.5 2.3 2.3 2.3 2.1 2 2 2.2 2.9 2.6 2 1.8 1.8
屏東
SO2
03/26 1.3 1.7 1.5 1.5 1.4 1.5 1.8 2.2 2.5 4 7 4.8 4.2 4.5 3.7 3.5 3.6 3.3 3.3 2.8 3.3 2.2 1.6 1.7
屏東
SO2
03/27 2.2 1.7 1.8 1.9 1.8 1.7 1.7 2.1 2.4 2.3 2.4 2.3 2 1.8 2 1.7 1.7 1.7 1.6 1.7 1.6 1.5 1.6 1.6
屏東
SO2
03/28 1.4 1.8 1.8 1.8 1.7 1.8 1.9 2.1 2.2 2 2 2 2# 2.1 2.1 2.4 2.2 2.3 2.4 2.4 2 2.2 1.9 1.6
屏東
SO2
03/29 1.8 1.7 1.9 1.9 2.1 2.1 2.1 2.4 2.8# 2.2 1.1# 2.2 4.3# 5.5 4.8 5.8 10 8.6 5.9 3 2.6 2.4 2.6 2.6
屏東
SO2
03/30 2 1.7 1.3 1.3 1.6 1.8 1.8 2.1 2.1 2.1 2.2 1.8 1.8 2.9 2.3 2.7 2.8 2.7 2.5 2.2 2.1 1.7 1.5 1.4
屏東
SO2
03/31 1.5 1.1 1.1 1 1.2 1.3 1.3 1.6 2.1 2.3 2.4 3.2 3.9 3.2 13 11 3.3 2.6 2.3 1.7 1.6 1.3 1.6 2.7
屏東
SO2
監測年月：2019/04， 測站：潮州， 測項：SO2（ppb）
屏東
SO2
日期 00 01 02 03 04 05 06 07 08 09 10 11 12 13 14 15 16 17 18 19 20 21 22 23
屏東
SO2
04/01 2.2 2.8 2.4 3.1 3.4 2.9 2.8 3.4 3.9 4.3 5.2 5.5 7 5.4 3.8 4 3.9 4.1 3.2 3.9 4 3.6 3 2.8
屏東
SO2
04/02 3 2.4 3.5 3.1 2.7 2.2 2.8 3.3 5.4 4.5 3.3 4.1 4.1 3.6 3 3 2.2 1.9 2.1 1.8 1.8 1.9 1.7 1.5
屏東
SO2
04/03 1.5 1.6 1.7 1.6 1.7 1.8 1.9 2.7 3.1 3 2.5 2.1# 2.2 2 2 2.1 2.5 2.3 2.8 2.6 2.3 2.1 2.4 2.5
屏東
SO2
04/04 1.9 1.9 1.8 1.7 1.8 1.6 1.7 2 5.1 3.8 3.1 5 5.5 6.7 5.3 3 2.6 2.4 2 2.1 1.9 2.2 1.8 1.6
屏東
SO2
04/05 2 1.8 1.7 1.6 1.6 1.5 1.5 1.9 2.1 2.7 2.9 2.4 3.2 3.3 2.9 2.6 2.4 2.7 2.9 2.9 3.1 2.3 2.4 1.9
屏東
SO2
04/06 1.2 0.7 0.9 1 1.2 0.9 0.8 1.6 3.5 4.1 3.2 1.5 2.7 2.1 5 6.6 1.8 3.1 1.3 0.9 1.1 1.1 1.4 1.6
屏東
SO2
04/07 1.6 1.8 1.7 1.6 1.6 1.5 1.5 1.8 2.4 2.6 2.9 2.6 2.8 2.2 2.1 2.4 2.7 3 3 2.4 2.5 2.7 2.1 1.7
屏東
SO2
04/08 1.2 1.8 1.8 1.7 1.7 1.7 1.7 1.9 2.3 2.3 2.7 2.9# 0.1# 0.6# 4# 3.2 3 2.9 2.1 2.1 1.9 2 1.9 1.9
屏東
SO2
04/09 2 1.1 1 1.1 1 0.9 0.9 1.3 1.3 1.2 1.2 1 1.2 1.2 1 0.9 1 1.2 1.5 1.6 1.3 0.8 0.8 0.7
屏東
SO2
04/10 0.9 1 1 1.1 1 1 1 1.5 1.5 1.8 3.5 6.4 2.9 2.9 2.6 1.5 14 15 5.7 1.8 1.1 1.1 1 1.1
屏東
SO2
04/11 0.9 1.5 1.7 1.6 1.6 1.4 1 1.5 1.2 0.9 1.1 1.6 2.7 3.1 3.1 2.3 3.4 1.6 1.7 2 1.2 1.2 1 1.1
屏東
SO2
04/12 1.6 2.1 2.2 2.9 2.5 2 2 2.5 4.1 5.7 3.5 3.3 3.3 3.3 3.3 3.4 3.6 2.6 2 1.6 1.9 2.3 3.1 2.7
屏東
SO2
04/13 2.1 2.3 1.9 5.3 3 2.2 1.8 2 2.3 3.1 3.4 3.1 3.8 5 2.8 2.5 4.1 3.3 2.4 2.8 2.5 1.9 1.6 1.5
屏東
SO2
04/14 2 1.7 1.6 1.4 1.3 1.2 1.4 1.8 2.9 2.5 2.7 4.9 6 8.5 4.5 2.9 3 2.8 2.4 1.9 1.7 1.5 1.3 1.5
屏東
SO2
04/15 2.1 1.7 2.1 2.4 2.1 1.3 1.5 2.4 2.9 5 4.4 5.8 5.8 3.6 2.6 2.3 2.1 1.8 1.6 1.7 1.6 1.5 1.1 0.7
屏東
SO2
04/16 1 1.5 1.4 1.4 1.5 1.3 1.7 2.4 2.3 1.5 1.2 1.4 1.7 1.9 1.6 1.6 1.5 1.7 1.7 1.4 1.3 1.5 1.4 1.3
屏東
SO2
04/17 1.3 1 1 0.9 0.9 0.8 0.8 0.9 1 1.1 1.1 1.5 3.3 1.7 2.1 2.1 1.9 1.7 1.6 1.4 1.5 1.5 1.1 0.9
屏東
SO2
04/18 1.3 1.7 1.5 1.5 1.5 1.4 1.7 2.9 3.2 2.6 2.5# 2.1 1.8 1.9 1.9 1.8 1.9 2.1 2.2 2.3 1.8 1.8 1.6 1.4
屏東
SO2
04/19 1.5 1.4 1.4 1.4 1.5 1.7 1.4 1.4 1.4 1.5 1.8 1.8 1.7 1.6 1.6 1.7 1.5 1.5 1.5 1.6 1.7 1.8 1.7 1.9
屏東
SO2
04/20 1.5 1.4 1.5 1.4 1.3 1.1 1.2 1.3 1.5 1.6 1.4 1.5 1.7 2 2 1.9 1.6 1.7 2.5 1.9 1.8 1.9 1.5 1.3
屏東
SO2
04/21 1.2 1.4 1.4 1.5 1.4 1.4 1.4 1.4 1.6 1.5 1.6 2.3 3.3 5.1 6.8 1.7 1.6 3 3.7 2 2 1.8 1.7 1.5
屏東
SO2
04/22 1.2 2 1.9 1.9 1.9 1.8 1.6 1.9 4.7 6.6 5.1 4.9 4.4 4.3 7 5.6 2.3 2.2 2.3 2.3 2.4 2.3 2.2 2.1
屏東
SO2
04/23 2.5 1.3 1.3 1.3 1.4 1.4 1.4 1.7 2.6 2.5 1.9 3.3 4.9# 3.1# 5.7 3.2 2.2 2 1.8 2 2.2 2.6 1.9 1.8
屏東
SO2
04/24 1.4 2 1.9 1.9 2 1.8 2 2.6 3.5 3.9 4.1 4.5 2.9 2.4 2.7 3 3 3.3 2.5 2.2 2 1.8 1.9 2
屏東
SO2
04/25 2.1 1.7 1.6 1.5 1.5 1.5 1.5 2 2.3 2.4 2.2 2.7 2.6 2.6 2.5 2.3 3 2.5 1.8 1.8 2 1.9 1.9 1.9
屏東
SO2
04/26 1.8 1.4 1.5 1.6 1.3 1.5 1.4 1.8 2.4 2.3 2.2 2.4 4.1 2.9 1.7 1 1.1 1.6 1.4 1.5 1.1 1 0.9 0.9
屏東
SO2
04/27 1.1 1.6 1.7 1.8 1.7 1.6 1.7 1.8 1.9 2.2 2.3 2.6 2.7 2.8 3.4 4.1 7.8 5.2 3 2.4 2.1 2.2 2.4 2.4
屏東
SO2
04/28 1.8 2 2 2 2 2.1 2.9 2.2 2.4 3.1 6.2 4.3 6.6 3.1 2.6 2.5 2.5 2.2 2 2 1.8 1.9 1.8 1.9
屏東
SO2
04/29 2.2 1.7 1.6 1.5 1.6 1.5 1.6 1.7 2.7 2.6 2.2 2# 2 1.8 1.9 1.8 1.8 1.8 1.7 1.8 1.7 1.7 1.7 1.6
屏東
SO2
04/30 1.6 1.6 1.8 1.7 1.7 1.5 1.6 1.7 1.8 2.1 2.2 1.8 1.8 2.4 2.7 2.3 2.2 2.6 2.3 2.3 2.4 2 2 2
屏東
SO2
監測年月：2019/05， 測站：潮州， 測項：SO2（ppb）
屏東
SO2
日期 00 01 02 03 04 05 06 07 08 09 10 11 12 13 14 15 16 17 18 19 20 21 22 23
屏東
SO2
05/01 1.7 0.9 0.6 0.6 0.5 0.6 0.4 0.4 0.4 0.6 0.7 0.7 0.7 0.8 0.8 1.5 1.1 0.7 0.7 0.5 0.5 0.4 0.4 0.3
屏東
SO2
05/02 1.1 1.4 1.3 1.3 3 1.8 1.6 2 1.8 2.3 3.3 3.7 2.7 3.6# 3.7 3.1 1.8 1.3 1.2 1.5 1.3 1.3 1.2 1.3
屏東
SO2
05/03 1.4 1.2 1.1 1.2 1.2 1 1 1.2 1.1 3.7 8.5 5.5 3.1 2.3 1.7 0.9 0.8 0.7 0.7 0.7 0.8 0.9 0.8 0.7
屏東
SO2
05/04 1 1.1 1 1 0.9 0.8 0.7 0.8 0.8 0.9 1.2 1.9 1.8 2.2 1.8 1.9 2.2 1.6 1 0.8 0.8 0.8 0.9 0.9
屏東
SO2
05/05 1 1.4 1.4 1.4 1.4 1.4 1.3 1.4 1.4 1.6 2.1 2.8 4.6 5.9 5.7 7.9 9.3 8.8 5.5 2.2 1.5 1.3 1.3 1.3
屏東
SO2
05/06 1.6 1.7 1.6 1.5 1.6 1.4 1.4 1.5 1.6 1.8 1.6 1.7 1.7 1.5 1.6 1.7 1.6 1.5 1.4 1.4 1.3 1.3 1.3 1.4
屏東
SO2
05/07 1.3 1.1 1.1 1.1 1.2 1.2 1.4 1.5 1.7 1.6 2.4 2.6 2.6 2.9 2.5 3.4 2.4 2.1 1.4 1.2 1.1 1.1 1 1
屏東
SO2
05/08 1.3 1.2 1.1 1.2 1.2 1.2 1.2 1.2 1.4 1.4 1.9 2 1.8 2.7 4.2 3.2 5.2 4.7 2.8 2.1 2.3 2.9 2.5 1.9
屏東
SO2
05/09 1.5 1.3 1.3 1.2 1 1 1.1 2 1.8 2 2.2 1.6 1.6 1.5 1.7 1.7 2 2.4 2.4 3.8 1.9 1.5 1.3 1.3
屏東
SO2
05/10 1.9 1.7 1.5 1.4 1.4 1.2 0.9 1.1 1.3 2.1 2.1 2.1 2.8 6.3 2.5 2.4 2.4 2.4 3.2 1.5 1.2 1.2 1 0.9
屏東
SO2
05/11 1.1 1.2 1.2 1.2 1.3 1 1 1.3 1.8 3 2.7 3.1 4 3.7 3 2.5 2.8 2.5 2.3 8.7 2.6 2.4 1.8 1
屏東
SO2
05/12 1 1.9 1.7 1.6 1.6 1.5 1.5 1.9 3.1 5.9 5.7 3.5 3.1 3.4 3.4 2.6 2.6 2.6 2.5 2.6 2.8 2.3 2 1.7
屏東
SO2
05/13 2 0.8 0.8 0.8 0.8 0.4 0.6 1.5 1.4 1.6 2 5.2 5.3# 5.1 3.6 3.2 1.6 1.6 1.4 1.1 1.1 0.9 0.9 0.9
屏東
SO2
05/14 0.8 1.4 1.3 1.4 1.3 0.9 1 1.6 1.7 1.9 1.9 1.8 2.5 2.5 5.5 9.9 14 8.2 1.6 1.2 1.3 1.2 1.4 1.1
屏東
SO2
05/15 1.2 1.6 1.6 1.4 1.4 1.2 1.3 2 2.7 2.8 2.5 2.1 1.8 1.8 1.8 2 3.1 2.6 2.3 2.3 1.8 1.4 1.3 1.4
屏東
SO2
05/16 1.6 1.7 1.6 1.6 1.6 1.3 1.4 1.5 1.5 1.6 2.3 2.4 1.6 1.5 1.2 1.4 1.5 1.3 1.3 1.3 1.3 1.2 1.4 1
屏東
SO2
05/17 1.3 1.2 1.1 1.1 1.2 1 1.2 1.2 1.5 1.3 1.4 1.9 1.8 1.8 1.5 1.7 2.7 1.3 1.2 1.4 1.2 1.1 1 1.2
屏東
SO2
05/18 1.2 1.4 1.7 1.6 1.5 1.6 1.2 1.1 1.3 1.9 1.6 1.9 1.9 1.8 1.7 1.7 1.7 1.7 1.6 1.4 1.3 1.1 1 1
屏東
SO2
05/19 1.2 1.1 1.3 1.2 1.2 1 1 1.3 1.4 1.3 2.1 1.6 1.5 1.9 1.4 1.9 2.2 1.5 1.9 1.7 1.3 1.2 1.2 1.1
屏東
SO2
05/20 1.1 1.7 1.6 1.5 1.6 1.4 1.4 1.7 1.6 1.8 1.9 1.9 1.6 1.7 1.7 1.8 1.6 1.5 1.4 1.4 1.3 1.4 1.6 1.8
屏東
SO2
05/21 1.8 1.2 1.2 1.2 1.2 1.1 1.1 1.6 2.2 2.5 1.9 1.3 1.3 1.5 1.3 1.2 1.1 1.1 1.1 1.3 1.5 1.1 1.1 1.1
屏東
SO2
05/22 1.4 0.9 0.9 0.9 0.9 0.9 0.9 1.1 1.6 1.3 1.3 1.6 2.9 2.1 2 1.8 1.7 1.3 1 1 0.8 0.9 0.8 0.6
屏東
SO2
05/23 0.7 1.3 1.6 2.2 2.1 1.9 1.5 1.7 2.1 3.3 3.8 4.4 5.3 2.1 1.5 1.6 1.2 1.1 1.1 1.1 1.4 1.6 1.4 1.2
屏東
SO2
05/24 1.5 1.2 1.3 1.2 1.3 1.3 1.3 1.7 1.8 1.8 1.7 2.9 3.4 2.6# 3 2.2 1.4 1.3 1.1 1.1 1 1.2 1.1 1.1
屏東
SO2
05/25 0.6 1.3 1.2 1.3 1.3 1.3 1.4 1.2 1.5 1.9 2.1 3 3.8 4.2 5.6 5.1 6 3.4 2.3 1.6 1.4 1.3 1.3 1
屏東
SO2
05/26 1.7 0.7 0.6 0.7 0.7 0.6 0.8 0.9 2 2.7 2.4 2 1.9 1.5 1.3 1 1 0.8 0.9 0.8 0.9 1.4 1 0.8
屏東
SO2
05/27 0.2 1.5 1.5 1.5 1.4 1.3 1.3 2.6 2.4 2 1.4 1 1.1# 1.4# 1.3 1.6 1.5 1.4 1.5 2.1 2.4 2.1 1.9 1.5
屏東
SO2
05/28 1.9 1.6 1.4 1.3 1.2 1.1 1 1.5 3 2.4 1.6 2.2 3.7 1.6 1.5 1.2 1.2 1.2 1 1.1 1.1 1.1 1.1 1.2
屏東
SO2
05/29 1.5 1.4 1.3 1.4 1.3 1.3 1.4 1.6 2 1.6 1.7 1.6 1.5 1.4 1.6 1.4 1.3 1.1 1 1.1 1.1 1.1 1 1.1
屏東
SO2
05/30 0.8 1.1 1.2 1.2 1.2 1.2 1.4 1.7 2.3 2.5 2.9 3.2 3.5 2.6 2.4 2.2 2.2 2.2 2 1.8 1.5 1.5 1.4 1.4
屏東
CO
01/01 0.49 0.49 0.5 0.46 0.46 0.45 0.43 0.44 0.41 0.42 0.43 0.42 0.47 0.54 0.6 0.63 0.56 0.59 0.63 0.56 0.55 0.6 0.52 0.51
屏東
CO
01/02 0.49 0.42 0.42 0.42 0.42 0.41 0.41 0.58 0.55 0.54 0.55 0.7 0.61 0.81 1.07 1.18 1.06 0.79 0.63 0.53 0.55 0.54 0.55 0.58
屏東
CO
01/03 0.59 0.58 0.58 0.56 0.55 0.54 0.55 0.57 0.59 0.59 0.53 0.45 0.45 0.42 0.39 0.33 0.42 0.49 0.49 0.49 0.46 0.42 0.4 0.42
屏東
CO
01/04 0.43 0.43 0.55 0.47 0.44 0.43 0.47 0.5 0.54 0.57 0.54 0.57 0.55 0.5 0.47 0.46 0.46 0.62 0.65 0.57 0.64 0.52 0.42 0.43
屏東
CO
01/05 0.43 0.46 0.45 0.44 0.44 0.44 0.45 0.45 0.46 0.4 0.36 0.27 0.21 0.19 0.19 0.19 0.19 0.23 0.24 0.25 0.27 0.26 0.31 0.48
屏東
CO
01/06 0.56 0.47 0.45 0.46 0.46 0.46 0.48 0.52 0.57 0.65 0.66 0.68 0.54 0.5 0.55 0.56 0.49 0.49 0.52 0.57 0.52 0.59 0.71 0.7
屏東
CO
01/07 0.73 0.67 0.69 0.67 0.62 0.62 0.68 0.69 0.82 0.83 1.19 1.01 0.89# 0.96 0.74 0.68 0.53 0.55 0.52 0.5 0.54 0.54 0.55 0.57
屏東
CO
01/08 0.55 0.47 0.42 0.43 0.45 0.48 0.5 0.53 0.51 0.51 0.47 0.35# 0.34 0.47 0.52 0.49 0.47 0.47 0.53 0.49 0.48 0.48 0.52 0.5
屏東
CO
01/09 0.48 0.57 0.56 0.5 0.42 0.44 0.5 0.59 0.58 0.47 0.46 0.47 0.48 0.99 1.03 0.55 0.47 0.49 0.53 0.47 0.45 0.46 0.46 0.44
屏東
CO
01/10 0.58 0.59 0.56 0.56 0.58 0.57 0.59 0.66 0.66 0.54 0.53 0.58 0.59 0.63 0.75 0.93 0.49 0.58 0.64 0.59 0.52 0.57 0.57 0.64
屏東
CO
01/11 0.64 0.59 0.57 0.55 0.54 0.56 0.79 0.69 0.6 0.54 0.49 0.43 0.37 0.37 0.31 0.34 0.34 0.43 0.47 0.64 0.54 0.36 0.38 0.41
屏東
CO
01/12 0.45 0.47 0.46 0.45 0.44 0.37 0.44 0.48 0.38 0.35 0.37 0.35 0.33 0.52 0.58 0.4 0.33 0.27 0.27 0.29 0.31 0.37 0.4 0.39
屏東
CO
01/13 0.41 0.38 0.37 0.32 0.38 0.47 0.48 0.49 0.5 0.65 0.63 0.43 0.39 0.63 0.58 0.54 0.55 0.56 0.6 0.58 0.6 0.69 0.72 0.73
屏東
CO
01/14 0.71 0.68 0.68 0.67 0.65 0.66 0.67 0.72 0.67 0.64 0.77 0.68 0.63 0.85 0.67 0.58 0.6 0.53 0.57 0.71 0.59 0.49 0.46 0.52
屏東
CO
01/15 0.61 0.64 0.6 0.63 0.56 0.58 0.52 0.57 0.72 0.78 0.74 0.72 0.7 0.69 0.67 0.69 0.74 0.68 0.62 0.71 0.8 0.76 0.57 0.53
屏東
CO
01/16 0.51 0.5 0.48 0.47 0.46 0.44 0.42 0.45 0.49 0.5 0.47 0.47 0.45 0.44 0.44 0.52 0.54 0.55 0.58 0.54 0.54 0.62 0.53 0.52
屏東
CO
01/17 0.53 0.48 0.48 0.52 0.53 0.52 0.51 0.53 0.55 0.57 0.51 0.45 0.42 0.43 0.42 0.43 0.43 0.47 0.49 0.52 0.53 0.54 0.5 0.46
屏東
CO
01/18 0.44 0.43 0.44 0.44 0.45 0.46 0.49 0.59 0.53 0.56 0.54# 5.11# 0.93# 0.5# 0.56 0.51 0.41 0.45 0.49 0.48 0.53 0.56 0.52 0.48
屏東
CO
01/19 0.47 0.47 0.45 0.47 0.46 0.44 0.44 0.52 0.51 0.53 0.41 0.43 0.38 0.41 0.52 0.46 0.4 0.42 0.43 0.42 0.41 0.41 0.41 0.38
屏東
CO
01/20 0.4 0.42 0.43 0.42 0.38 0.41 0.41 0.41 0.38 0.38 0.37 0.33 0.3 0.3 0.35 0.44 0.42 0.48 0.64 0.59 0.66 0.5 0.69 0.78
屏東
CO
01/21 0.82 0.81 0.77 0.79 0.78 0.76 0.71 0.65 0.7 0.74 0.72 0.62# 0.55 0.51# 0.58 0.54 0.51 0.62 0.56 0.51 0.42 0.39 0.4 0.36
屏東
CO
01/22 0.36 0.39 0.34 0.36 0.33 0.31 0.33 0.37 0.37 0.38 0.39 0.39 0.38 0.39 0.4 0.4 0.4 0.45 0.48 0.51 0.53 0.51 0.5 0.52
屏東
CO
01/23 0.52 0.51 0.47 0.49 0.51 0.5 0.51 0.52 0.67 0.65 0.75 0.5 0.39 0.4 0.47 0.5 0.53 0.57 0.63 0.53 0.5 0.46 0.42 0.45
屏東
CO
01/24 0.45 0.47 0.46 0.47 0.46 0.46 0.47 0.5 0.57 0.52 0.51 0.46 0.41 0.58 0.56 0.63 0.56 0.61 0.57 0.61 0.51 0.46 0.45 0.44
屏東
CO
01/25 0.45 0.47 0.47 0.51 0.5 0.48 0.48 0.51 0.56 0.53 0.43 0.42 0.38 0.5 0.53 0.41 0.4 0.41 0.39 0.39 0.49 0.52 0.51 0.47
屏東
CO
01/26 0.46 0.54 0.57 0.52 0.48 0.45 0.47 0.51 0.47 0.53 0.56 0.55 0.71 0.9 0.96 0.71 0.26 0.23 0.44 0.5 0.54 0.56 0.5 0.51
屏東
CO
01/27 0.5 0.49 0.46 0.42 0.41 0.4 0.38 0.39 0.43 0.51 0.53 0.53 0.5 0.58 0.53 0.43 0.4 0.39 0.44 0.42 0.34 0.35 0.35 0.38
屏東
CO
01/28 0.45 0.56 0.48 0.55 0.49 0.52 0.53 0.52 0.51 0.39 0.35 0.32 0.31 0.55 0.63 0.6 0.45 0.35 0.44 0.41 0.39 0.4 0.39 0.4
屏東
CO
01/29 0.42 0.49 0.5 0.45 0.43 0.4 0.4 0.41 0.41 0.37 0.36 0.36 0.33 0.56 0.5 0.48 0.44 0.39 0.42 0.44 0.47 0.41 0.38 0.39
屏東
CO
01/30 0.37 0.37 0.37 0.39 0.43 0.4 0.84 0.52 0.48 0.37 0.3 0.3 0.35 0.53 0.52 0.34 0.36 0.38 0.4 0.38 0.32 0.31 0.3 0.3
屏東
CO
01/31 0.31 0.32 0.31 0.3 0.3 0.3 0.35 0.32 0.46 0.45 0.39 0.33 0.51# 0.4 0.3 0.36 0.35 0.33 0.36 0.36 0.43 0.45 0.3 0.3
屏東
CO
監測年月：2019/02， 測站：潮州， 測項：CO（ppm）
屏東
CO
日期 00 01 02 03 04 05 06 07 08 09 10 11 12 13 14 15 16 17 18 19 20 21 22 23
屏東
CO
02/01 0.29 0.3 0.3 0.36 0.41 0.38 0.39 0.44 0.64 0.7 0.6 0.77 0.86 0.53 0.49 0.49 0.46 0.49 0.61 0.7 0.69 0.5 0.49 0.5
屏東
CO
02/02 0.52 0.61 0.59 0.55 0.61 0.57 0.61 0.64 0.61 0.62 0.68 0.64 0.54 0.42 0.46 0.45 0.47 0.51 0.73 0.6 0.82 0.72 0.84 0.76
屏東
CO
02/03 0.7 0.73 0.7 0.67 0.57 0.57 0.57 0.51 0.44 0.33 0.25 0.19 0.19 0.18 0.19 0.18 0.19 0.2 0.23 0.25 0.36 0.26 0.2 0.23
屏東
CO
02/04 0.22 0.19 0.19 0.24 0.24 0.27 0.28 0.35 0.29 0.32 0.24 0.21 0.2 0.2 0.21 0.24 0.28 0.42 0.53 0.47 0.32 0.42 0.47 0.46
屏東
CO
02/05 0.62 0.79 0.77 0.79 0.79 0.82 0.99 1 0.91 0.85 0.67 0.58 0.42 0.35 0.35 0.32 0.35 0.43 0.58 0.56 0.57 0.62 0.46 0.43
屏東
CO
02/06 0.42 0.37 0.36 0.37 0.4 0.39 0.49 0.49 0.34 0.42 0.34 0.36 0.53# 0.38 0.33 0.34 0.35 0.35 0.38 0.42 0.39 0.42 0.41 0.37
屏東
CO
02/07 0.33 0.35 0.34 0.31 0.29 0.28 0.25 0.26 0.26 0.22 0.19 0.17 0.16 0.18 0.19 0.2 0.23 0.28 0.44 0.37 0.29 0.31 0.3 0.24
屏東
CO
02/08 0.27 0.26 0.27 0.28 0.25 0.26 0.24 0.25 0.29 0.31 0.27 0.24 0.28 0.29 0.29 0.31 0.32 0.34 0.33 0.34 0.33 0.29 0.3 0.3
屏東
CO
02/09 0.3 0.32 0.32 0.32 0.29 0.28 0.31 0.35 0.35 0.37 0.35 0.29 0.3 0.51 0.62 0.44 0.33 0.31 0.33 0.34 0.38 0.4 0.4 0.38
屏東
CO
02/10 0.4 0.44 0.43 0.41 0.4 0.4 0.41 0.43 0.43 0.43 0.41 0.36 0.35 0.43 0.65 0.58 0.39 0.31 0.31 0.32 0.35 0.38 0.42 0.47
屏東
CO
02/11 0.42 0.41 0.41 0.41 0.4 0.49 0.47 0.48 0.54 0.55 0.47 0.42 0.64 0.55 0.42 0.35 0.35 0.33 0.33 0.31 0.41 0.43 0.42 0.4
屏東
CO
02/12 0.41 0.4 0.42 0.39 0.38 0.39 0.37 0.4 0.41 0.4 0.44 0.43 0.55 0.6 0.41 0.36 0.36 0.36 0.35 0.39 0.41 0.41 0.43 0.37
屏東
CO
02/13 0.41 0.45 0.51 0.57 0.41 0.38 0.49 0.52 0.5 0.45 0.32 0.27 0.23 0.33 0.37 0.3 0.33 0.31 0.31 0.21 0.2 0.2 0.2 0.21
屏東
CO
02/14 0.22 0.27 0.29 0.33 0.33 0.35 0.38 0.46 0.58 0.45 0.39 0.29 0.31 0.28 0.22 0.25 0.27 0.29 0.32 0.33 0.3 0.27 0.28 0.38
屏東
CO
02/15 0.39 0.32 0.34 0.35 0.35 0.39 0.44 0.48 0.43 0.37 0.31 0.24 0.17 0.15 0.15 0.15 0.14 0.18 0.21 0.25 0.19 0.17 0.16 0.15
屏東
CO
02/16 0.13 0.13 0.14 0.13 0.16 0.2 0.18 0.22 0.25 0.25 0.2 0.18 0.17 0.24 0.22 0.23 0.2 0.23 0.25 0.36 0.33 0.34 0.35 0.37
屏東
CO
02/17 0.39 0.4 0.39 0.44 0.46 0.43 0.47 0.55 0.55 0.44 0.33 0.26 0.38 0.39 0.34 0.33 0.32 0.34 0.47 0.41 0.39 0.38 0.38 0.37
屏東
CO
02/18 0.35 0.36 0.38 0.39 0.4 0.42 0.45 0.49 0.43 0.45 0.39 0.33 0.31 0.16 0.13 0.13 0.14 0.15 0.15 0.14 0.13 0.13 0.13 0.14
屏東
CO
02/19 0.14 0.17 0.16 0.16 0.16 0.17 0.19 0.24 0.17 0.19 0.23 0.24 0.23 0.22# 0.2 0.18 0.17 0.19 0.22 0.24 0.22 0.19 0.18 0.21
屏東
CO
02/20 0.2 0.15 0.16 0.2 0.19 0.17 0.19 0.26 0.22 0.18 0.17 0.16 0.14 0.12 0.12 0.12 0.14 0.14 0.15 0.14 0.14 0.15 0.15 0.16
屏東
CO
02/21 0.15 0.18 0.17 0.16 0.16 0.17 0.17 0.19 0.18 0.16 0.16 0.13 0.12 0.12 0.12 0.13 0.12 0.14 0.15 0.19 0.16 0.2 0.18 0.13
屏東
CO
02/22 0.13 0.1 0.1 0.11 0.11 0.12 0.19 0.32 0.28 0.25 0.18 0.18 0.18 0.23 0.34 0.25 0.29 0.29 0.32 0.34 0.36 0.35 0.37 0.41
屏東
CO
02/23 0.42 0.44 0.43 0.42 0.43 0.43 0.49 0.56 0.51 0.45 0.45 0.56 0.93 0.73 0.44 0.45 0.46 0.44 0.47 0.51 0.52 0.5 0.55 0.67
屏東
CO
02/24 0.67 0.66 0.64 0.62 0.62 0.59 0.62 0.66 0.66 0.53 0.66 0.79 0.65 0.58 0.57 0.56 0.57 0.5 0.46 0.44 0.41 0.43 0.44 0.45
屏東
CO
02/25 0.45 0.48 0.42 0.43 0.43 0.4 0.42 0.48 0.52 0.55 0.51 0.49 0.43 0.43 0.39 0.38 0.39 0.45 0.46 0.6 0.68 0.57 0.5 0.47
屏東
CO
02/26 0.47 0.41 0.39 0.39 0.39 0.41 0.43 0.46 0.48 0.42 0.47 0.47 0.51 0.57 0.53 0.44 0.42 0.41 0.4 0.42 0.4 0.4 0.39 0.37
屏東
CO
02/27 0.36 0.33 0.32 0.31 0.32 0.32 0.34 0.39 0.41 0.37 0.42 0.38# 0.39 0.39 0.42 0.38 0.39 0.4 0.4 0.4 0.39 0.41 0.4 0.39
屏東
CO
02/28 0.4 0.43 0.4 0.38 0.37 0.38 0.4 0.45 0.44 0.42 0.32 0.24 0.18 0.25 0.24 0.22 0.2 0.21 0.26 0.37 0.42 0.44 0.41 0.38
屏東
CO
監測年月：2019/03， 測站：潮州， 測項：CO（ppm）
屏東
CO
日期 00 01 02 03 04 05 06 07 08 09 10 11 12 13 14 15 16 17 18 19 20 21 22 23
屏東
CO
03/01 0.41 0.4 0.36 0.36 0.37 0.38 0.44 0.49 0.42 0.41 0.5 0.52 0.41 0.35 0.38 0.38 0.47 0.43 0.52 0.44 0.4 0.44 0.44 0.46
屏東
CO
03/02 0.46 0.43 0.41 0.4 0.39 0.38 0.41 0.43 0.44 0.45 0.43 0.38 0.33 0.29 0.25 0.22 0.22 0.22 0.24 0.26 0.27 0.23 0.21 0.19
屏東
CO
03/03 0.19 0.2 0.19 0.19 0.19 0.18 0.18 0.2 0.19 0.21 0.22 0.19 0.19 0.2 0.36 0.33 0.32 0.33 0.34 0.3 0.35 0.36 0.42 0.39
屏東
CO
03/04 0.36 0.35 0.33 0.32 0.33 0.3 0.28 0.32 0.36 0.46 0.66 0.35 0.31# 0.31 0.28 0.27 0.28 0.28 0.31 0.34 0.3 0.3 0.28 0.29
屏東
CO
03/05 0.3 0.35 0.36 0.4 0.39 0.32 0.33 0.38 0.38 0.36 0.37 0.24 0.24 0.23 0.22 0.23 0.22 0.23 0.25 0.21 0.19 0.2 0.21 0.19
屏東
CO
03/06 0.16 0.15 0.16 0.19 0.34 0.37 0.41 0.49 0.63 0.49 0.29 0.32 0.5 0.44 0.34 0.34 0.33 0.33 0.45 0.51 0.43 0.4 0.42 0.43
屏東
CO
03/07 0.43 0.45 0.45 0.45 0.43 0.42 0.42 0.52 0.61 0.53 0.66 0.69 0.57 0.48 0.41 0.38 0.3 0.36 0.45 0.42 0.44 0.44 0.52 0.51
屏東
CO
03/08 0.46 0.4 0.39 0.39 0.42 0.41 0.44 0.47 0.55 0.56 0.56 0.57 0.53 0.35 0.27 0.28 0.29 0.33 0.43 0.44 0.43 0.5 0.74 0.65
屏東
CO
03/09 0.59 0.65 0.63 0.56 0.51 0.48 0.52 0.5 0.58 0.57 0.52 0.37 0.23 0.21 0.22 0.21 0.21 0.23 0.24 0.27 0.23 0.25 0.26 0.4
屏東
CO
03/10 0.43 0.37 0.34 0.24 0.26 0.25 0.24 0.28 0.32 0.32 0.37 0.3 0.34 0.31 0.29 0.28 0.31 0.31 0.33 0.35 0.31 0.27 0.25 0.29
屏東
CO
03/11 0.3 0.27 0.25 0.24 0.26 0.3 0.33 0.38 0.33 0.32 0.3 0.29 0.31# 0.49# 0.49 0.42 0.46 0.39 0.44 0.48 0.42 0.45 0.69 0.68
屏東
CO
03/12 0.68 0.62 0.53 0.48 0.59 0.57 0.59 0.59 0.51 0.65 0.55 0.51 0.52# 0.48# 0.47# 0.39 0.38# 0.36 0.37 0.33 0.33 0.33 0.34 0.31
屏東
CO
03/13 0.3 0.3 0.29 0.3 0.3 0.29 0.36 0.42 0.48 0.39 0.36 0.36 0.46 0.45 0.44 0.43 0.55 0.28 0.31 0.35 0.32 0.32 0.32 0.32
屏東
CO
03/14 0.32 0.31 0.32 0.32 0.33 0.36 0.36 0.45 0.35 0.35 0.37 0.38 0.47 0.38 0.4 0.39 0.32 0.32 0.33 0.42 0.37 0.36 0.4 0.4
屏東
CO
03/15 0.45 0.41 0.47 0.47 0.46 0.42 0.37 0.38 0.39 0.42 0.41 0.39 0.44 0.53 0.34 0.4 0.42 0.47 0.53 0.57 0.52 0.51 0.53 0.52
屏東
CO
03/16 0.55 0.5 0.5 0.49 0.47 0.47 0.48 0.47 0.5 0.51 0.44 0.23 0.25 0.25 0.27 0.29 0.34 0.32 0.34 0.23 0.23 0.23 0.23 0.25
屏東
CO
03/17 0.26 0.27 0.27 0.3 0.3 0.29 0.3 0.29 0.29 0.29 0.3 0.29* 0.29 0.29 0.29 0.28 0.29 0.29 0.31 0.34 0.33 0.33 0.41 0.43
屏東
CO
03/18 0.38 0.34 0.37 0.36 0.35 0.35 0.39 0.45 0.44 0.4 0.37 0.3 0.41 0.55 0.51 0.41 0.35 0.35 0.43 0.42 0.44 0.39 0.36 0.39
屏東
CO
03/19 0.39 0.35 0.36 0.35 0.34 0.36 0.36 0.4 0.52 0.52 0.44 0.4 0.4 0.35 0.41 0.43 0.42 0.42 0.49 0.51 0.51 0.45 0.41 0.4
屏東
CO
03/20 0.39 0.37 0.35 0.36 0.36 0.36 0.39 0.4 0.53 0.45 0.48 0.51 0.51 0.24 0.18 0.16 0.17 0.18 0.2 0.21 0.2 0.19 0.2 0.18
屏東
CO
03/21 0.17 0.15 0.15 0.14 0.16 0.18 0.26 0.25 0.24 0.22 0.25 0.32 0.46 0.38 0.21 0.2 0.3 0.35 0.35 0.26 0.3 0.28 0.38 0.41
屏東
CO
03/22 0.37 0.33 0.32 0.29 0.26 0.24 0.26 0.36 0.4 0.26 0.19 0.24# 0.26 0.57 0.68 0.51 0.24 0.39 0.31 0.25 0.23 0.22 0.24 0.24
屏東
CO
03/23 0.36 0.4 0.4 0.4 0.44 0.45 0.47 0.52 0.68 0.6 0.65 0.59 0.53 0.44 0.44 0.46 0.41 0.41 0.44 0.58 0.44 0.43 0.41 0.38
屏東
CO
03/24 0.31 0.31 0.32 0.32 0.31 0.32 0.36 0.36 0.38 0.48 0.7 0.56 0.52 0.42 0.37 0.33 0.34 0.36 0.36 0.42 0.38 0.38 0.41 0.41
屏東
CO
03/25 0.4 0.37 0.38 0.33 0.33 0.34 0.37 0.37 0.46 0.44 0.38 0.35 0.3 0.3 0.31 0.29 0.29 0.33 0.46 0.5 0.49 0.44 0.45 0.45
屏東
CO
03/26 0.4 0.25 0.29 0.32 0.34 0.36 0.43 0.5 0.57 0.59 0.67 0.53 0.5 0.45 0.37 0.38 0.4 0.38 0.44 0.39 0.43 0.41 0.38 0.36
屏東
CO
03/27 0.36 0.36 0.39 0.39 0.4 0.41 0.46 0.47 0.43 0.39 0.39 0.36 0.3 0.27 0.26 0.23 0.23 0.25 0.26 0.23 0.24 0.24 0.24 0.24
屏東
CO
03/28 0.24 0.21 0.24 0.26 0.23 0.26 0.26 0.24 0.26 0.22 0.2 0.18 0.17# 0.18 0.18 0.18 0.19 0.24 0.3 0.36 0.28 0.39 0.31 0.23
屏東
CO
03/29 0.21 0.23 0.24 0.23 0.24 0.24 0.26 0.3 0.27 0.2 0.23 0.3 0.34 0.38 0.33 0.41 0.58 0.56 0.49 0.29 0.28 0.34 0.28 0.27
屏東
CO
03/30 0.26 0.25 0.22 0.22 0.24 0.23 0.27 0.3 0.34 0.33 0.28 0.25 0.25 0.3 0.28 0.32 0.33 0.37 0.4 0.35 0.36 0.35 0.35 0.32
屏東
CO
03/31 0.33 0.27 0.27 0.3 0.3 0.29 0.33 0.38 0.36 0.36 0.36 0.38 0.41 0.37 0.86 0.71 0.35 0.37 0.37 0.33 0.32 0.31 0.38 0.43
屏東
CO
監測年月：2019/04， 測站：潮州， 測項：CO（ppm）
屏東
CO
日期 00 01 02 03 04 05 06 07 08 09 10 11 12 13 14 15 16 17 18 19 20 21 22 23
屏東
CO
04/01 0.43 0.39 0.36 0.41 0.42 0.43 0.42 0.51 0.54 0.53 0.6 0.56 0.7 0.52 0.39 0.41 0.51 0.54 0.36 0.53 0.5 0.51 0.52 0.5
屏東
CO
04/02 0.49 0.5 0.49 0.47 0.47 0.46 0.5 0.54 0.64 0.47 0.44 0.52 0.49 0.44 0.39 0.42 0.37 0.38 0.33 0.33 0.32 0.3 0.3 0.3
屏東
CO
04/03 0.29 0.28 0.29 0.28 0.3 0.31 0.33 0.39 0.4 0.5 0.49 0.42# 0.37 0.31 0.29 0.28 0.32 0.33 0.38 0.39 0.38 0.36 0.43 0.46
屏東
CO
04/04 0.44 0.36 0.34 0.32 0.32 0.33 0.35 0.42 0.5 0.42 0.43 0.55 0.62 0.56 0.48 0.35 0.31 0.31 0.31 0.32 0.31 0.39 0.33 0.28
屏東
CO
04/05 0.3 0.32 0.3 0.31 0.31 0.32 0.33 0.36 0.38 0.44 0.41 0.36 0.38 0.38 0.35 0.36 0.35 0.4 0.5 0.54 0.58 0.57 0.63 0.54
屏東
CO
04/06 0.5 0.44 0.43 0.44 0.47 0.48 0.51 0.5 0.54 0.54 0.48 0.4 0.45 0.39 0.55 0.61 0.38 0.44 0.42 0.46 0.42 0.37 0.4 0.51
屏東
CO
04/07 0.52 0.43 0.45 0.36 0.34 0.34 0.39 0.42 0.44 0.4 0.42 0.4 0.41 0.35 0.34 0.38 0.43 0.46 0.51 0.51 0.54 0.52 0.5 0.47
屏東
CO
04/08 0.44 0.37 0.37 0.37 0.35 0.35 0.37 0.4 0.44 0.42 0.45 0.42 0.43 0.47 0.52 0.4 0.38 0.4 0.37 0.39 0.4 0.46 0.56 0.44
屏東
CO
04/09 0.41 0.42 0.41 0.39 0.38 0.36 0.39 0.45 0.39 0.32 0.29 0.2 0.2 0.19 0.2 0.18 0.19 0.21 0.22 0.25 0.24 0.24 0.2 0.19
屏東
CO
04/10 0.18 0.15 0.15 0.15 0.14 0.17 0.2 0.24 0.26 0.29 0.32 0.49 0.32 0.32 0.32 0.18 0.94 1.01 0.56 0.28 0.24 0.27 0.3 0.24
屏東
CO
04/11 0.28 0.24 0.25 0.22 0.24 0.25 0.24 0.26 0.2 0.18 0.18 0.22 0.26 0.29 0.29 0.27 0.28 0.25 0.29 0.33 0.25 0.23 0.23 0.25
屏東
CO
04/12 0.25 0.24 0.29 0.39 0.38 0.37 0.37 0.38 0.42 0.51 0.33 0.3 0.29 0.28 0.3 0.32 0.39 0.33 0.29 0.29 0.29 0.35 0.41 0.39
屏東
CO
04/13 0.37 0.34 0.34 0.33 0.33 0.36 0.36 0.35 0.4 0.45 0.45 0.36 0.46 0.53 0.41 0.37 0.46 0.38 0.34 0.36 0.35 0.35 0.37 0.38
屏東
CO
04/14 0.4 0.38 0.37 0.37 0.38 0.39 0.43 0.38 0.38 0.37 0.39 0.51 0.58 0.76 0.38 0.32 0.29 0.3 0.26 0.25 0.24 0.25 0.26 0.27
屏東
CO
04/15 0.29 0.29 0.33 0.35 0.36 0.35 0.37 0.43 0.44 0.47 0.49 0.49 0.55 0.46 0.33 0.34 0.33 0.33 0.34 0.35 0.34 0.35 0.3 0.29
屏東
CO
04/16 0.3 0.27 0.27 0.27 0.28 0.29 0.43 0.63 0.68 0.48 0.32 0.34 0.37 0.37 0.36 0.35 0.39 0.52 0.54 0.49 0.53 0.51 0.5 0.49
屏東
CO
04/17 0.47 0.4 0.36 0.39 0.38 0.38 0.42 0.46 0.44 0.44 0.42 0.39 0.42 0.33 0.35 0.35 0.35 0.35 0.35 0.34 0.32 0.33 0.33 0.3
屏東
CO
04/18 0.29 0.28 0.28 0.27 0.28 0.32 0.36 0.39 0.39 0.36 0.34# 0.3 0.28 0.29 0.28 0.28 0.28 0.32 0.37 0.41 0.42 0.36 0.28 0.26
屏東
CO
04/19 0.26 0.28 0.28 0.28 0.29 0.32 0.29 0.3 0.31 0.34 0.3 0.26 0.23 0.21 0.2 0.23 0.26 0.26 0.29 0.46 0.54 0.54 0.37 0.32
屏東
CO
04/20 0.28 0.27 0.26 0.25 0.25 0.26 0.32 0.3 0.36 0.3 0.23 0.22 0.21 0.23 0.19 0.21 0.23 0.24 0.37 0.34 0.36 0.33 0.26 0.21
屏東
CO
04/21 0.21 0.21 0.22 0.21 0.22 0.22 0.2 0.22 0.23 0.26 0.21 0.26 0.28 0.39 0.4 0.24 0.23 0.54 0.62 0.43 0.45 0.46 0.45 0.42
屏東
CO
04/22 0.43 0.36 0.34 0.32 0.27 0.26 0.26 0.28 0.31 0.3 0.37 0.33 0.28 0.23 0.36 0.32 0.2 0.21 0.23 0.23 0.31 0.24 0.18 0.18
屏東
CO
04/23 0.15 0.17 0.17 0.18 0.18 0.19 0.23 0.24 0.26 0.29 0.21 0.27 0.36# 0.23# 0.39 0.25 0.21 0.24 0.29 0.26 0.22 0.28 0.25 0.23
屏東
CO
04/24 0.23 0.21 0.21 0.22 0.21 0.22 0.28 0.29 0.33 0.35 0.37 0.35 0.25 0.2 0.21 0.21 0.23 0.24 0.27 0.32 0.31 0.31 0.26 0.24
屏東
CO
04/25 0.23 0.17 0.17 0.17 0.17 0.17 0.2 0.21 0.21 0.18 0.18 0.2 0.17 0.16 0.16 0.15 0.21 0.2 0.19 0.22 0.26 0.31 0.32 0.17
屏東
CO
04/26 0.13 0.14 0.14 0.16 0.16 0.2 0.24 0.2 0.18 0.2 0.21 0.24 0.3 0.22 0.18 0.16 0.18 0.21 0.21 0.22 0.21 0.23 0.24 0.23
屏東
CO
04/27 0.22 0.2 0.19 0.19 0.19 0.19 0.22 0.23 0.24 0.29 0.27 0.24 0.23 0.21 0.26 0.31 0.57 0.47 0.4 0.39 0.4 0.38 0.34 0.42
屏東
CO
04/28 0.32 0.25 0.29 0.3 0.28 0.31 0.33 0.32 0.29 0.29 0.48 0.37 0.49 0.23 0.17 0.18 0.18 0.18 0.19 0.22 0.22 0.21 0.19 0.14
屏東
CO
04/29 0.12 0.13 0.12 0.13 0.13 0.14 0.18 0.16 0.15 0.17 0.14 0.11# 0.1 0.09 0.1 0.1 0.12 0.13 0.14 0.14 0.14 0.14 0.14 0.13
屏東
CO
04/30 0.13* 0.12 0.12 0.12 0.13 0.14 0.15 0.16 0.13 0.13 0.13 0.13 0.14 0.17 0.18 0.17 0.18 0.22 0.21 0.22 0.27 0.21 0.24 0.27
屏東
CO
監測年月：2019/05， 測站：潮州， 測項：CO（ppm）
屏東
CO
日期 00 01 02 03 04 05 06 07 08 09 10 11 12 13 14 15 16 17 18 19 20 21 22 23
屏東
CO
05/01 0.26 0.16 0.15 0.12 0.13 0.15 0.15 0.15 0.18 0.17 0.23 0.22 0.19 0.2 0.19 0.22 0.21 0.22 0.26 0.25 0.23 0.23 0.25 0.25
屏東
CO
05/02 0.24 0.27 0.28 0.28 0.27 0.27 0.29 0.33 0.31 0.35 0.45 0.41 0.31 0.32# 0.38 0.39 0.28 0.28 0.34 0.48 0.5 0.49 0.44 0.47
屏東
CO
05/03 0.49 0.46 0.43 0.48 0.47 0.47 0.49 0.49 0.42 0.62 1.02 0.56 0.55 0.47 0.42 0.25 0.24 0.28 0.33 0.4 0.4 0.48 0.42 0.36
屏東
CO
05/04 0.36 0.39 0.35 0.31 0.31 0.32 0.33 0.35 0.35 0.36 0.38 0.41 0.38 0.45 0.42 0.46 0.44 0.4 0.39 0.38 0.43 0.42 0.39 0.35
屏東
CO
05/05 0.32 0.28 0.27 0.28 0.3 0.27 0.29 0.28 0.25 0.22 0.27 0.26 0.37 0.5 0.52 0.75 0.85 0.84 0.85 0.59 0.45 0.42 0.4 0.4
屏東
CO
05/06 0.39 0.39 0.37 0.37 0.34 0.33 0.36 0.33 0.38 0.42 0.46 0.31 0.27 0.28 0.31 0.29 0.28 0.29 0.31 0.35 0.19 0.19 0.19 0.23
屏東
CO
05/07 0.28 0.28 0.27 0.27 0.27 0.26 0.26 0.33 0.4 0.35 0.38 0.34 0.35 0.37 0.42 0.57 0.46 0.49 0.46 0.3 0.28 0.3 0.26 0.24
屏東
CO
05/08 0.23 0.2 0.21 0.2 0.23 0.22 0.24 0.23 0.27 0.25 0.29 0.28 0.26 0.36 0.45 0.38 0.47 0.45 0.42 0.4 0.38 0.38 0.38 0.37
屏東
CO
05/09 0.38 0.39 0.39 0.37 0.37 0.37 0.38 0.38 0.39 0.4 0.34 0.27 0.26 0.25 0.25 0.23 0.23 0.31 0.27 0.46 0.48 0.44 0.45 0.43
屏東
CO
05/10 0.46 0.44 0.38 0.37 0.4 0.4 0.38 0.45 0.4 0.39 0.4 0.49 0.48 0.61 0.48 0.47 0.37 0.28 0.33 0.32 0.31 0.31 0.27 0.28
屏東
CO
05/11 0.28 0.26 0.28 0.31 0.31 0.25 0.28 0.33 0.34 0.38 0.3 0.34 0.46 0.4 0.37 0.36 0.38 0.36 0.38 0.37 0.43 0.39 0.38 0.35
屏東
CO
05/12 0.33 0.3 0.31 0.31 0.32 0.37 0.38 0.41 0.44 0.55 0.54 0.37 0.37 0.36 0.32 0.28 0.27 0.28 0.3 0.36 0.34 0.29 0.31 0.3
屏東
CO
05/13 0.29 0.29 0.3 0.3 0.29 0.3 0.34 0.34 0.31 0.3 0.34 0.53 0.49# 0.42 0.4 0.37 0.26 0.26 0.33 0.38 0.28 0.26 0.29 0.28
屏東
CO
05/14 0.27 0.27 0.28 0.27 0.28 0.29 0.32 0.31 0.28 0.26 0.25 0.25 0.3 0.28 0.38 0.6 0.78 0.56 0.28 0.2 0.18 0.17 0.17 0.17
屏東
CO
05/15 0.18 0.24 0.24 0.21 0.18 0.17 0.2 0.2 0.22 0.23 0.22 0.2 0.19 0.23 0.23 0.24 0.34 0.25 0.26 0.19 0.16 0.14 0.16 0.22
屏東
CO
05/16 0.23 0.23 0.25 0.22 0.17 0.16 0.19 0.18 0.14 0.16 0.18 0.21 0.13 0.13 0.13 0.14 0.15 0.15 0.19 0.21 0.26 0.22 0.25 0.25
屏東
CO
05/17 0.2 0.17 0.15 0.15 0.15 0.17 0.21 0.22 0.2 0.18 0.2 0.15 0.12 0.13 0.12 0.18 0.2 0.19 0.22 0.24 0.22 0.18 0.21 0.23
屏東
CO
05/18 0.17 0.19 0.2 0.2 0.16 0.13 0.15 0.13 0.13 0.15 0.17 0.17 0.17 0.14 0.11 0.11 0.11 0.13 0.15 0.15 0.15 0.16 0.17 0.19
屏東
CO
05/19 0.19 0.21 0.2 0.18 0.19 0.19 0.2 0.25 0.16 0.16 0.21 0.18 0.17 0.17 0.15 0.13 0.15 0.16 0.19 0.28 0.25 0.21 0.18 0.18
屏東
CO
05/20 0.18 0.17 0.15 0.15 0.15 0.16 0.18 0.21 0.26 0.27 0.21 0.2 0.15 0.15 0.15 0.15 0.16 0.18 0.18 0.17 0.19 0.2 0.26 0.27
屏東
CO
05/21 0.32 0.27 0.24 0.26 0.25 0.26 0.27 0.31 0.29 0.4 0.44 0.31 0.27 0.25 0.25 0.24 0.24 0.26 0.29 0.28 0.26 0.24 0.24 0.26
屏東
CO
05/22 0.26 0.23 0.24 0.24 0.25 0.3 0.31 0.31 0.3 0.27 0.27 0.28 0.38 0.32 0.29 0.28 0.27 0.31 0.34 0.34 0.32 0.31 0.32 0.3
屏東
CO
05/23 0.29 0.31 0.34 0.42 0.48 0.5 0.51 0.46 0.47 0.47 0.46 0.54 0.56 0.32 0.23 0.24 0.22 0.22 0.23 0.26 0.34 0.38 0.34 0.31
屏東
CO
05/24 0.28 0.28 0.27 0.29 0.3 0.31 0.32 0.32 0.33 0.33 0.35 0.43 0.41 0.37# 0.37 0.28 0.23 0.25 0.26 0.3 0.27 0.33 0.32 0.29
屏東
CO
05/25 0.27 0.21 0.22 0.24 0.24 0.25 0.25 0.26 0.27 0.29 0.27 0.28 0.34 0.36 0.45 0.46 0.51 0.43 0.45 0.32 0.28 0.3 0.3 0.31
屏東
CO
05/26 0.3 0.29 0.28 0.27 0.28 0.3 0.32 0.34 0.3 0.32 0.33 0.31 0.3 0.26 0.24 0.21 0.2 0.2 0.24 0.26 0.25 0.26 0.21 0.16
屏東
CO
05/27 0.18 0.15 0.17 0.21 0.2 0.18 0.21 0.21 0.21 0.19 0.13 0.12 0.12# 0.14# 0.14 0.15 0.14 0.15 0.23 0.41 0.39 0.32 0.24 0.21
屏東
CO
05/28 0.16 0.15 0.15 0.15 0.15 0.16 0.24 0.16 0.25 0.21 0.22 0.17 0.25 0.17 0.18 0.18 0.22 0.19 0.25 0.23 0.22 0.2 0.18 0.17
屏東
CO
05/29 0.17 0.15 0.15 0.15 0.16 0.16 0.21 0.26 0.28 0.16 0.21 0.2 0.15 0.14 0.14 0.14 0.18 0.15 0.16 0.16 0.18 0.19 0.19 0.17
屏東
CO
05/30 0.18 0.18 0.18 0.18 0.19 0.2 0.21 0.25 0.27 0.24 0.24 0.32 0.4 0.33 0.24 0.24 0.25 0.25 0.27 0.25 0.24 0.25 0.24 0.23
屏東
O3
01/01 9.1 5.4 4.8 5.1 4.3 4 5.2 5.6 9.9 13 21 34 43 54 61 58 58 53 43 41 39 23 12 11
屏東
O3
01/02 10 15 12 11 8 5.7 3.4 3.6 4.8 9.8 20 33 46 45 49 61 57 35 23 23 15 10 7.2 3.6
屏東
O3
01/03 2.3 2.5 2.3 2.6 2.5 2.1 2.1 4 7.4 11 18 34 50 63 68 56 66 55 45 43 40 34 30 25
屏東
O3
01/04 21 13 3.3 6.7 8.3 4 1.9 3.2 7.8 21 37 48 57 57 55 60 59 50 37 23 9.6 15 19 14
屏東
O3
01/05 9.9 7.6 6.5 7 5.6 4 5.5 10 17 33 43 44 38 35 33 33 29 27 22 17 9.8 7.1 4.3 11
屏東
O3
01/06 13 9.5 6.2 5 4.5 2.2 1.9 4.3 9.2 17 21 44 65 78 78 64 60 54 45 40 30 26 20 14
屏東
O3
01/07 12 7.2 7.4 5.1 3.6 2.3 1.8 3.9 8.1 21 45 64 87 82# 73 73 71 59 45 44 51 52 38 12
屏東
O3
01/08 11 12 12 10 9.6 11 9 7.6 9.7 15 31 48# 51 76 80 75 68 61 52 41 33 31 22 23
屏東
O3
01/09 12 7.2 4.3 2.7 4.4 3.7 1.9 4.1 10 23 43 60 75 107 103 93 84 75 65 62 59 53 43 34
屏東
O3
01/10 15 10 7 8.1 3.8 2.3 2.4 3.7 12 41 61 79 98 104 119 86 64 65 73 55 56 54 44 34
屏東
O3
01/11 29 22 17 11 11 5.6 3.5 5.3 16 38 66 70 72 75 65 72 67 66 48 35 33 29 21 16
屏東
O3
01/12 11 6.7 4.3 4.9 4.2 8.9 7.4 8.4 20 44 60 64 68 87 95 69 54 36 30 27 32 24 20 17
屏東
O3
01/13 8.1 12 12 11 4 2.9 2.5 5.2 12 15 29 45 61 80 72 74 71 64 57 50 43 25 16 8.5
屏東
O3
01/14 7.6 5 3.5 3.3 2 2.8 2.3 3.5 11 26 46 59 74 85 89 88 76 66 54 46 40 44 33 31
屏東
O3
01/15 14 11 11 8.2 6.3 3.3 5.6 4.3 8.5 21 47 64 84 92 85 86 70 55 45 41 34 40 17 12
屏東
O3
01/16 7.9 6.5 11 12 8.3 6.9 9.1 8.3 7.4 9.3 16 24 30 33 33 36 35 27 20 21 16 14 13 9.8
屏東
O3
01/17 8.9 8 8.1 5.9 5.7 5.7 5.2 3.9 6.2 8.5 15 25 32 38 50 54 49 42 32 25 21 17 14 13
屏東
O3
01/18 12 8.4 6.1 5.8 6.9 5.7 3.1 3.6 10 20 35# 172# 16# 64# 69 75 72 74 58 49 38 32 30 30
屏東
O3
01/19 25 25 23 17 14 8.2 7.2 9 20 26 50 56 66 71 76 70 71 67 60 57 51 48 44 38
屏東
O3
01/20 38 34 27 21 22 19 18 18 27 29 32 35 42 48 58 64 58 51 42 33 17 22 9.4 8.1
屏東
O3
01/21 7.3 5.7 7.7 7.4 7 4.9 7.4 11 12 11 16 23 31# 27 26 31 35 17 22 23 18 16 13 13
屏東
O3
01/22 13 10 10 9.3 11 15 12 11 13 17 22 34 48 50 47 53 52 43 32 26 20 23 20 17
屏東
O3
01/23 15 13 13 12 8.8 6.4 3.8 4.3 6 13 23 44 57 69 69 71 67 60 46 52 45 47 45 41
屏東
O3
01/24 33 24 19 20 12 15 9.1 8.4 14 35 53 62 72 102 105 94 82 73 58 43 45 50 46 40
屏東
O3
01/25 38 22 18 16 12 9.7 6.9 9.3 17 34 46 61 73 99 110 95 84 75 70 65 44 39 32 36
屏東
O3
01/26 25 15 8.7 7.1 8.3 9.4 8.3 9.3 19 25 30 39 61 39 44 61 50 41 42 38 33 27 23 18
屏東
O3
01/27 19 21 22 22 19 18 16 16 15 17 32 46 64 71 73 74 68 60 53 43 40 36 36 29
屏東
O3
01/28 14 9.5 13 11 12 5.7 4.9 5 16 41 55 63 68 93 87 85 81 76 62 51 54 51 48 44
屏東
O3
01/29 31 20 15 15 17 19 15 19 31 54 63 64 71 86 91 88 81 71 62 47 48 50 53 49
屏東
O3
01/30 44 41 29 19 13 18 16 15 27 48 57 54 72 101 103 83 78 68 58 51 53 54 52 52
屏東
O3
01/31 53 52 51 42 38 29 32 30 23 18 31 40 47# 53 56 67 44 51 54 52 41 31 33 32
屏東
O3
監測年月：2019/02， 測站：潮州， 測項：O3（ppb）
屏東
O3
日期 00 01 02 03 04 05 06 07 08 09 10 11 12 13 14 15 16 17 18 19 20 21 22 23
屏東
O3
02/01 30 26 23 19 13 7.1 4.5 7.1 12 22 38 45 63 74 71 70 81 74 65 55 44 49 48 42
屏東
O3
02/02 34 18 14 15 13 9.7 9.5 9.8 17 38 50 71 91 70 75 66 81 70 54 57 42 40 25 24
屏東
O3
02/03 19 17 11 11 19 14 11 15 30 46 46 40 41 41 39 38 37 36 33 26 22 20 22 21
屏東
O3
02/04 21 21 18 11 8.9 5.6 5 6.4 14 21 29 34 34 36 39 35 34 35 34 31 23 22 20 20
屏東
O3
02/05 19 16 17 14 15 14 7.9 9.2 14 20 35 38 41 43 42 40 39 36 40 39 35 30 32 28
屏東
O3
02/06 25 20 21 17 14 9.6 12 6.2 15 24 37 60 68# 64 67 65 63 59 50 44 42 32 28 19
屏東
O3
02/07 19 11 7.4 7.1 8.7 5.8 8.5 13 21 31 39 43 45 46 49 53 49 39 37 29 28 23 16 21
屏東
O3
02/08 15 17 12 8.2 12 7.7 13 20 27 33 43 48 54 54 59 59 58 57 53 48 40 41 36 32
屏東
O3
02/09 24 22 19 13 17 14 6.5 6.7 21 40 52 57 61 73 81 77 63 55 50 47 38 31 22 19
屏東
O3
02/10 15 13 12 14 13 11 8.7 8.5 16 27 44 56 62 74 101 98 71 57 52 48 43 45 32 21
屏東
O3
02/11 18 14 9.7 10 12 8.4 8.2 9.9 13 16 26 47 73 59 70 71 66 61 58 53 43 32 22 18
屏東
O3
02/12 17 13 11 9.2 8.8 4.9 5.6 9 19 37 52 62 104 84 61 65 70 67 62 56 49 46 40 23
屏東
O3
02/13 15 12 17 16 17 12 10 11 23 31 45 52 47 82 91 65 68 66 62 33 27 27 27 24
屏東
O3
02/14 19 19 19 19 17 13 7.9 5.9 14 33 48 56 74 72 56 65 66 61 52 45 38 39 34 22
屏東
O3
02/15 19 19 20 16 9.6 6.9 6.9 8.3 18 35 50 49 38 34 30 28 32 29 23 16 17 18 16 18
屏東
O3
02/16 20 21 21 18 10 6.5 9.3 10 18 35 41 43 47 63 53 57 48 46 40 50 44 37 33 27
屏東
O3
02/17 22 17 14 13 11 10 8.1 8.9 15 27 43 49 68 79 67 62 62 60 53 48 42 38 34 31
屏東
O3
02/18 31 28 25 23 20 18 16 14 28 38 55 61 63 37 31 30 28 27 27 26 25 26 28 27
屏東
O3
02/19 26 22 24 21 18 20 20 19 31 36 44 55 57 50# 40 33 32 31 25 21 18 16 15 12
屏東
O3
02/20 14 15 16 18 17 15 13 14 24 33 37 36 36 33 30 29 29 30 27 25 21 16 14 12
屏東
O3
02/21 9.8 11 10 8.7 9.6 9.1 12 13 23 33 41 34 35 34 32 32 34 31 30 20 20 13 16 20
屏東
O3
02/22 18 17 18 8.9 8.7 8.6 6 7.6 15 23 35 46 54 72 82 61 53 51 43 36 31 27 23 20
屏東
O3
02/23 17 16 14 12 11 11 12 13 16 35 51 73 69 70 71 69 68 69 60 55 49 47 39 26
屏東
O3
02/24 23 25 23 19 18 17 12 13 32 50 61 72 67 72 70 62 52 38 32 29 29 24 21 18
屏東
O3
02/25 15 13 9.6 11 11 12 9.1 7.2 10 15 26 35 46 62 62 70 73 69 61 46 33 32 32 34
屏東
O3
02/26 28 29 26 19 16 11 6.4 11 22 38 58 70 86 82 76 74 75 76 68 58 54 50 44 41
屏東
O3
02/27 41 33 32 25 20 14 12 10 21 37 57 65 81 86 89 83 82 79 72 69 66 58 46 43
屏東
O3
02/28 35 25 24 18 17 15 16 18 38 58 55 49 42 52 50 41 38 30 25 41 43 34 30 29
屏東
O3
監測年月：2019/03， 測站：潮州， 測項：O3（ppb）
屏東
O3
日期 00 01 02 03 04 05 06 07 08 09 10 11 12 13 14 15 16 17 18 19 20 21 22 23
屏東
O3
03/01 24 22 24 23 20 13 8.3 7.9 20 38 60 61 68 65 69 61 55 51 46 45 41 29 19 16
屏東
O3
03/02 14 10 8.7 13 10 11 6.5 11 18 35 59 65 58 53 46 42 39 40 34 28 22 22 21 22
屏東
O3
03/03 24 25 26 26 24 28 27 25 32 34 40 39 40 39 37 49 47 42 36 33 28 23 15 14
屏東
O3
03/04 13 16 16 12 11 6.6 8.2 11 21 32 46 57 58# 71# 68 65 66 66 60 46 46 44 38 34
屏東
O3
03/05 24 22 17 15 16 26 27 25 39 50 51 51 50 49 47 47 46 43 42 41 37 35 34 30
屏東
O3
03/06 28 28 24 21 13 17 13 10 15 27 39 49 51 54 56 55 55 58 48 44 40 33 28 23
屏東
O3
03/07 19 18 15 13 12 9.3 9.9 5.2 4.3 9.8 25 29 21 31 33 32 36 30 18 16 12 9.7 6.8 5
屏東
O3
03/08 7.4 7.9 12 11 8.1 8.6 6.4 6.3 5.5 6 5.6 7.6 11 24 46 52 50 49 40 35 28 18 8 8.4
屏東
O3
03/09 6.5 3.4 3.4 2.9 3.2 2.9 3.3 7.8 18 21 37 47 45 43 41 41 42 40 37 32 31 28 24 15
屏東
O3
03/10 11 10 9.8 23 21 30 30 24 22 21 22 35 53 56 58 56 50 40 31 31 31 38 36 29
屏東
O3
03/11 27 25 24 23 21 19 18 17 20 23 34 45 57# 46 47 48# 31 34 27 18 20 16 4.5 2.4
屏東
O3
03/12 1.4 1.8 1.8 2.6 1.6 1.3 2.1 6.3 21 29 50 75 96 85# 76# 85 82 75 70# 0# 0# 0# 0# 0#
屏東
O3
03/13 0# 0# 0# 0# 0# 35 24 20 27 44 61 69 95 89 87 87 70 55 50 41 39 38 38 36
屏東
O3
03/14 36 29 28 32 24 16 11 17 43 46 59 72 97 96 105 90 76 71 66 59 59 54 41 36
屏東
O3
03/15 32 24 21 18 20 16 22 21 23 35 51 67 70 64 60 50 48 44 38 29 28 24 21 18
屏東
O3
03/16 15 14 12 12 12 9.3 11 26 39 49 63 60 66 65 66 69 66 59 56 56 52 47 40 33
屏東
O3
03/17 28 27 25 19 20 13 13 27 44 59 67 70 72 78 78 72 70 71 67 60 57 52 40 31
屏東
O3
03/18 25 29 18 15 17 16 11 12 27 45 59 60 77 76 93 74 63 41 34 35 43 41 38 32
屏東
O3
03/19 26 15 17 17 14 9.8 8.1 13 20 30 51 67 82 70 81 86 82 80 75 64 45 41 36 29
屏東
O3
03/20 29 24 25 28 29 25 18 22 42 53 68 83 85 47 29 27 24 21 18 15 13 9.6 8.7 12
屏東
O3
03/21 18 15 17 19 15 4.4 3.5 10 20 31 42 55 75 65 56 36 34 25 18 15 9.8 6.3 3.3 3.2
屏東
O3
03/22 3.3 2.5 1.7 2.5 4 2.6 3.9 9.2 22 30 38 37# 70 45 35 31 36 30 37 37 34 35 32 23
屏東
O3
03/23 22 19 12 12 12 6.1 5.3 7.5 7.1 14 16 16 14 12 12 10 19 19 13 3.3 8.9 9 11 11
屏東
O3
03/24 15 12 10 8.6 8.5 6.8 5 7.7 14 19 19 26 29 31 37 37 37 31 31 24 16 11 3.9 5.3
屏東
O3
03/25 3.7 2.7 2.1 2.3 3.7 1.9 2.7 8.5 21 33 42 49 58 58 63 59 57 49 38 30 22 18 14 13
屏東
O3
03/26 15 18 11 8.3 4.2 1.8 2.4 7.2 15 30 50 67 80 81 76 80 83 75 62 53 38 27 22 17
屏東
O3
03/27 19 16 14 13 9.1 12 7.3 16 33 53 66 70 65 58 53 43 40 38 35 34 26 16 17 16
屏東
O3
03/28 14 17 12 8.8 17 5.8 7.5 17 31 34 36 35 32 30 34 34 30 25 21 13 11 6.5 3.8 11
屏東
O3
03/29 14 14 14 14 13 11 13 13 28 40 49 58 50 44 41 43 31 21 17 20 18 12 20 18
屏東
O3
03/30 17 20 32 28 22 16 12 15 26 36 48 52 55 73 64 65 62 56 49 44 42 40 29 30
屏東
O3
03/31 27 23 19 12 13 17 16 19 37 48 58 73 78 79 69 62 72 69 64 44 34 34 36 41
屏東
O3
監測年月：2019/04， 測站：潮州， 測項：O3（ppb）
屏東
O3
日期 00 01 02 03 04 05 06 07 08 09 10 11 12 13 14 15 16 17 18 19 20 21 22 23
屏東
O3
04/01 36 33 35 27 23 17 13 18 23 38 55 74 95 84 76 71 34 24 52 24 21 16 10 10
屏東
O3
04/02 8.1 6 4.4 5.8 2.9 4.3 3.2 11 28 51 66 79 84 87 77 72 67 66 61 57 60 61 57 52
屏東
O3
04/03 46 40 37 27 24 21 20 27 45 56 59 46# 74 71 73 65 68 59 75 44 43 36 21 17
屏東
O3
04/04 16 18 19 15 8.9 9.8 9.2 16 40 56 76 82 98 85 92 79 70 67 60 56 52 45 42 39
屏東
O3
04/05 40 35 29 25 21 15 20 27 39 48 58 61 76 82 79 71 72 72 60 49 37 28 21 19
屏東
O3
04/06 23 19 19 14 14 12 7.7 19 39 56 71 75 78 68 66 70 70 59 51 36 34 33 34 34
屏東
O3
04/07 21 15 17 23 27 22 18 25 49 60 70 81 96 78 71 72 72 68 61 55 49 46 38 26
屏東
O3
04/08 27 27 30 25 23 23 22 31 50 62 68 76 80 83 77 69 59 56 47 41 29 33 32 33
屏東
O3
04/09 35 35 36 39 36 37 26 30 48 54 49 29 30 28 26 22 21 20 16 12 8 6.5 11 11
屏東
O3
04/10 13 13 12 9.7 11 3.3 3.9 10 23 35 46 51 60 55 55 40 28 8.1 8.4 12 11 7.9 5.9 4.7
屏東
O3
04/11 9.3 11 10 12 11 10 12 17 28 35 41 51 51 46 43 40 32 31 29 25 23 25 21 17
屏東
O3
04/12 11 11 9.5 9.3 8.4 5.9 7.7 14 27 50 64 66 67 67 66 68 62 60 53 48 53 49 42 39
屏東
O3
04/13 36 38 32 28 21 17 17 25 34 47 62 74 102 111 94 85 75 71 68 65 55 45 42 39
屏東
O3
04/14 43 45 37 28 27 25 20 35 55 63 70 85 97 100 68 77 61 49 48 45 45 39 26 23
屏東
O3
04/15 22 20 18 15 11 7.4 8.1 8.4 20 37 60 57 54 63 67 68 66 66 62 60 61 61 52 38
屏東
O3
04/16 39 36 34 35 35 29 19 13 14 28 44 42 42 44 44 47 42 34 28 24 16 15 11 8.6
屏東
O3
04/17 8.8 17 16 14 17 21 18 17 19 31 51 72 93 78 83 82 80 77 73 69 67 65 50 40
屏東
O3
04/18 31 35 27 18 14 10 17 39 55 63 67 56# 63 65 63 60 59 55 52 46 31 26 25 24
屏東
O3
04/19 22 22 27 24 16 25 38 42 33 22 39 43 39 35 31 36 52 46 37 22 16 17 21 32
屏東
O3
04/20 28 23 16 15 16 12 9.4 17 25 41 54 51 50 64 49 40 46 49 51 49 49 40 23 18
屏東
O3
04/21 17 16 16 13 7.9 7.3 11 13 16 20 22 29 31 35 42 45 39 32 26 24 22 18 18 13
屏東
O3
04/22 7.5 6 5.1 4 5.5 3.1 5.6 11 22 29 40 45 41 34 26 21 19 21 17 13 11 9.9 16 13
屏東
O3
04/23 14 11 9.7 10 8 7.2 9.8 17 20 29 39 45 45# 36# 28 27 27 19 18 16 14 11 12 12
屏東
O3
04/24 8.4 6.1 8.5 5.7 4.6 5.4 7.5 15 25 41 59 54 67 61 51 35 23 15 10 8.2 5.4 3.3 2.7 2.2
屏東
O3
04/25 3.8 8 11 12 10 12 9.6 16 28 37 47 63 63 55 50 37 33 30 22 17 13 6.8 3.8 14
屏東
O3
04/26 16 16 16 15 12 11 8.8 18 30 41 54 58 59 47 43 35 32 25 19 19 21 21 17 18
屏東
O3
04/27 8.9 14 14 9.8 9.6 11 8.7 16 24 23 29 41 50 52 64 65 65 65 56 44 36 30 33 35
屏東
O3
04/28 40 33 22 14 13 6.3 9.6 29 45 51 56 62 70 59 48 47 44 41 39 32 26 19 13 12
屏東
O3
04/29 11 8.5 8.8 10 6.6 8.3 12 19 29 38 39 38# 33 25 24 24 25 23 20 19 17 13 12 13
屏東
O3
04/30 11 12 16 18 17 15 17 27 34 35 37 36 37 38 40 35 31 26 21 19 16 17 15 14
屏東
O3
監測年月：2019/05， 測站：潮州， 測項：O3（ppb）
屏東
O3
日期 00 01 02 03 04 05 06 07 08 09 10 11 12 13 14 15 16 17 18 19 20 21 22 23
屏東
O3
05/01 8.8 15 15 24 21 17 16 17 21 28 29 33 35 31 30 34 36 35 27 30 22 36 40 34
屏東
O3
05/02 29 26 25 24 34 30 27 25 29 39 39 39 44 50# 56 55 48 39 31 32 30 27 31 23
屏東
O3
05/03 17 15 15 14 11 8.7 9.7 18 27 42 54 63 64 67 67 47 42 36 29 23 21 22 27 25
屏東
O3
05/04 23 26 36 43 45 44 37 38 41 42 50 64 64 59 57 58 55 58 53 47 39 30 23 25
屏東
O3
05/05 19 19 24 14 12 20 17 28 37 51 58 60 82 87 74 71 71 67 54 45 41 37 34 32
屏東
O3
05/06 26 26 27 28 28 21 19 20 27 31 34 37 40 39 37 39 36 36 36 34 36 33 26 29
屏東
O3
05/07 28 29 27 25 22 18 20 21 25 26 37 49 56 52 59 30 32 32 32 38 30 27 32 34
屏東
O3
05/08 32 28 25 24 22 20 19 22 27 37 42 51 56 73 86 79 62 58 56 44 45 42 37 32
屏東
O3
05/09 23 17 17 16 11 8.9 14 26 37 50 53 56 59 55 57 51 49 43 36 42 47 43 39 33
屏東
O3
05/10 33 29 14 9.8 13 11 7.4 7.8 14 21 32 38 59 74 75 62 59 56 54 47 33 30 27 23
屏東
O3
05/11 17 15 11 7.4 6.7 14 12 17 32 54 58 69 96 90 82 81 82 82 70 56 46 43 37 24
屏東
O3
05/12 18 17 18 14 12 19 18 28 40 59 68 70 76 79 68 64 61 60 56 50 43 44 30 20
屏東
O3
05/13 15 10 13 12 13 12 15 34 45 55 68 93 79# 53 70 59 53 45 33 23 26 24 16 15
屏東
O3
05/14 15 15 15 13 4.2 4.1 8.5 23 39 47 57 65 81 92 60 38 23 25 24 24 25 22 20 12
屏東
O3
05/15 6.8 4.2 4.8 3.5 3.7 6.2 9.8 22 28 32 34 36 33 41 51 59 59 29 27 21 16 13 6.7 5.1
屏東
O3
05/16 6 2.7 4.7 5.1 7 4.5 7.2 15 21 29 38 47 32 35 32 33 34 29 24 18 14 13 10 6.7
屏東
O3
05/17 5.9 5 6.6 5.6 5.4 3.4 5 9 20 32 34 29 27 25 23 19 19 20 14 11 10 9.9 7.8 6.4
屏東
O3
05/18 6.9 4.4 2.3 2 2.3 14 7.4 12 15 18 19 22 22 23 21 20 20 19 15 11 12 17 19 17
屏東
O3
05/19 9.6 4.5 6.3 6.7 5.7 6.3 6.4 11 24 30 30 31 28 29 28 29 28 28 21 16 11 7.3 6.9 4.8
屏東
O3
05/20 2.2 1.5 3.4 3.6 3.5 3.2 5.9 9.8 15 19 30 27 29 28 25 24 52 57 56 50 42 33 26 26
屏東
O3
05/21 22 23 22 17 15 14 14 17 24 30 30 36 39 44 47 45 41 42 42 39 39 41 42 23
屏東
O3
05/22 24 24 18 14 17 15 19 39 61 66 70 72 85 79 72 66 68 74 74 76 73 67 48 34
屏東
O3
05/23 32 28 34 36 34 30 23 28 39 48 65 78 85 66 58 55 48 45 40 31 25 43 35 28
屏東
O3
05/24 27 25 18 10 8.9 11 12 29 48 54 60 73 73 70# 68 52 42 38 39 37 36 36 26 17
屏東
O3
05/25 14 17 13 11 17 11 17 28 46 54 59 73 91 89 84 81 86 82 64 49 45 42 28 19
屏東
O3
05/26 16 18 18 18 14 8 13 21 34 47 55 57 60 57 57 49 38 36 26 23 22 32 30 24
屏東
O3
05/27 18 16 16 16 13 15 18 24 30 32 28 28 30# 31 27 33 33 34 30 26 32 25 16 9.1
屏東
O3
05/28 9.6 8.7 7.3 7.4 7.4 7.7 8.5 18 25 30 28 32 41 42 38 35 38 31 25 16 15 11 11 10
屏東
O3
05/29 12 8 8.5 8.5 5.8 6.7 5.9 15 19 32 41 39 40 39 38 38 38 32 23 22 22 18 15 15
屏東
O3
05/30 12 14 12 9.1 9.3 7.1 11 27 43 51 56 81 103 88 73 67 69 63 55 46 40 31 22 16
屏東
NO2
01/01 16 15 15 15 14 15 12 11 11 11 10 9.7 10 11 13 21 20 20 21 18 14 18 22 20
屏東
NO2
01/02 19 13 13 13 13 13 13 16 15 14 14 21 16 28 37 37 33 33 26 19 21 22 22 24
屏東
NO2
01/03 25 26 23 21 18 17 17 15 16 17 16 13 13 12 14 11 16 20 20 19 13 11 9.9 10
屏東
NO2
01/04 10 11 19 14 11 11 11 11 14 18 16 18 13 17 25 21 22 25 29 29 32 24 15 15
屏東
NO2
01/05 15 14 14 13 12 13 12 11 12 9.9 11 9.1 6 7.2 8.2 9.9 8.5 7.6 11 11 13 11 12 17
屏東
NO2
01/06 18 17 17 17 16 14 14 15 15 20 24 18 13 13 17 15 14 14 15 13 14 15 19 19
屏東
NO2
01/07 18 18 17 17 15 14 13 13 23 23 22 19 17# 28 21 18 17 19 19 17 13 9.2 14 24
屏東
NO2
01/08 21 16 14 13 12 12 11 11 11 11 11 7.5# 6.6 12 16 14 14 14 16 16 15 12 13 12
屏東
NO2
01/09 13 18 20 18 17 16 18 17 17 13 12 12 13 30 32 17 13 13 16 14 13 11 9.9 11
屏東
NO2
01/10 20 19 17 15 18 16 16 14 15 13 9.8 11 14 17 20 33 16 23 17 19 16 13 10 8.3
屏東
NO2
01/11 7.8 6.6 8.2 9.6 10 12 13 13 13 9.2 9.6 8.6 7.9 8 7.8 9.1 8.3 11 17 27 23 14 16 17
屏東
NO2
01/12 18 22 21 19 18 13 14 14 12 7.9 8.3 7.7 7.4 14 21 16 11 8.7 9.4 11 11 11 10 9.9
屏東
NO2
01/13 13 13 12 11 14 16 16 14 13 19 18 11 9.4 17 13 12 12 12 14 14 13 19 20 20
屏東
NO2
01/14 19 18 17 16 15 15 16 14 15 16 16 14 13 24 18 15 15 19 22 20 18 13 11 10
屏東
NO2
01/15 22 17 14 14 13 13 14 13 18 22 17 15 11 17 19 18 24 22 20 16 17 15 18 20
屏東
NO2
01/16 21 19 14 12 12 14 14 14 15 15 11 12 14 14 16 19 19 20 21 16 17 17 16 16
屏東
NO2
01/17 16 14 13 14 14 14 15 14 12 14 14 11 12 14 14 16 18 19 22 24 21 22 21 19
屏東
NO2
01/18 16 16 15 15 15 14 15 14 14 16 15# 50# 2.6# 0.1# 280# 23# 14# 13 20 22 21 19 18 15
屏東
NO2
01/19 15 14 14 15 15 15 15 19 16 17 11 13 10 18 25 21 13 14 15 13 11 11 10 9.3
屏東
NO2
01/20 9.7 8.4 8.2 8 7.4 7.6 7.3 7.7 7.5 7.6 7.6 7.8 5.9 6.2 6.8 9.7 11 13 21 20 23 16 22 23
屏東
NO2
01/21 21 21 17 16 16 16 16 16 18 19 18 13# 11 11# 16 16 15 31 23 22 21 18 18 15
屏東
NO2
01/22 14 14 13 12 10 8.6 9.2 10 11 9.5 11 11 9.9 18 23 16 13 16 18 19 18 20 19 19
屏東
NO2
01/23 18 17 15 15 16 15 15 13 18 20 29 18 11 14 20 22 26 27 30 22 19 16 13 14
屏東
NO2
01/24 14 15 15 13 13 12 12 13 14 12 14 10 13 22 22 24 19 19 24 31 17 11 9.5 9.5
屏東
NO2
01/25 9.4 12 12 13 14 15 15 14 18 19 14 15 13 19 21 16 15 15 13 13 20 20 17 13
屏東
NO2
01/26 13 17 18 17 15 13 14 15 14 19 32 38 30 58 55 34 8.1 8.2 19 21 21 21 21 22
屏東
NO2
01/27 20 14 12 10 10 10 11 11 14 22 22 22 18 22 24 14 16 19 15 13 9.4 8.7 7.6 7.2
屏東
NO2
01/28 11 13 10 11 10 11 11 11 14 9.4 8.4 8.7 8.5 23 27 -168.6# 17 13 18 16 10 9 7.3 6.8
屏東
NO2
01/29 7.9 11 12 11 11 11 11 13 11 6.6 6.7 15 8.4 21 17 21 21 15 16 20 19 11 6.7 6.2
屏東
NO2
01/30 5.7 7.3 8.8 9.9 12 11 12 15 14 11 11 18 14 22 16 14 13 18 16 15 11 7.8 6.7 5.9
屏東
NO2
01/31 5.4 4.1 4.2 5.2 5.3 7.6 11 10 21 27 27 28 33# 40# 26 29 40 17 15 12 17 18 10 7.5
屏東
NO2
監測年月：2019/02， 測站：潮州， 測項：NO2（ppb）
屏東
NO2
日期 00 01 02 03 04 05 06 07 08 09 10 11 12 13 14 15 16 17 18 19 20 21 22 23
屏東
NO2
02/01 8 9.4 9.2 11 13 13 15 15 20 25 27 52 32 19 27 31 13 14 15 16 18 10 8.7 9
屏東
NO2
02/02 9.3 17 18 15 14 13 13 15 15 23 36 34 18 22 27 34 19 16 23 18 18 17 16 13
屏東
NO2
02/03 12 13 12 13 9.6 11 13 11 10 6.8 6.4 5 5 5.4 5.5 6.3 7.2 7.1 8.1 10 11 8.6 5.6 4.6
屏東
NO2
02/04 4.2 2.1 2.7 6.4 7.9 9.5 9.6 8.9 7.6 7.1 5 4.2 5.3 4.3 4.2 3.7 4.4 5.2 6.2 6.6 5.9 5.6 6.2 6.6
屏東
NO2
02/05 10 12 10 9.2 8.9 9.3 15 14 11 8.8 7.2 6.8 5.5 4.9 5.1 5.1 5.7 7.9 15 16 13 15 11 9.8
屏東
NO2
02/06 9.1 9.1 6.9 6.7 7.7 8 8.7 8.1 6.2 7.9 6.5 7.5 10# 6.4 5.7 5.9 7.6 8.7 12 12 11 12 11 9.5
屏東
NO2
02/07 7 7.5 11 11 9.8 9.6 9.6 8.4 7 5.2 3.4 2.3 1.4 1.9 2.3 3.3 7.1 11 14 15 10 12 10 8.4
屏東
NO2
02/08 8.6 8 10 13 11 11 8.8 6.8 6.1 7.9 7.3 5.7 5.8 7 7 7.7 7.8 9.4 11 11 12 10 9.6 9.1
屏東
NO2
02/09 9.4 12 11 11 9.5 7.7 9.8 12 9.8 8.7 8.7 7 7.5 14 15 11 10 10 12 17 14 15 16 15
屏東
NO2
02/10 15 14 14 13 12 12 12 11 10 10 9.4 8.3 6.9 8.3 15 14 12 13 13 13 13 11 12 15
屏東
NO2
02/11 14 15 15 14 12 13 13 13 16 25 34 30 37 39 15 9.8 14 11 11 11 15 16 17 16
屏東
NO2
02/12 16 16 15 14 14 15 15 13 11 13 23 20 18 33 20 14 11 11 11 12 13 13 13 14
屏東
NO2
02/13 15 16 13 12 9 9.2 14 14 13 17 15 10 10 14 13 9.8 13 13 11 8.6 8.3 8 8.1 8.3
屏東
NO2
02/14 9.6 10 11 12 11 12 14 15 18 12 11 7.9 9.1 9.1 6.7 7.4 9.7 10 12 13 13 9.6 7.8 14
屏東
NO2
02/15 14 11 10 9.4 11 11 12 13 14 9.8 7.5 6.7 4.7 6.1 8.4# 5.4 4.1 5.2 8.9 13 8.9 5.9 6.7 4.8
屏東
NO2
02/16 3.4 2.4 2.4 3.4 8.1 10 9.1 8.8 8.5 7.3 4.8 4 3.6 5.4 6.4 5.7 5.8 7.3 9.6 13 10 9.6 9.9 11
屏東
NO2
02/17 12 12 12 12 13 11 11 11 11 8.2 5.8 4.6 7.4 9.6 7.4 8 7.8 8.8 13 14 11 11 11 10
屏東
NO2
02/18 9.4 9.9 10 10 11 11 12 14 11 12 9.5 9.5 9.6 6.7 5.2 5 5.7 6.7 7.1 6.7 6.8 6.7 6.5 6.7
屏東
NO2
02/19 7.2 7 6.2 5.5 4.7 3.8 4.7 8.4 4.6 5.1 8.1 6.8 7 6.9# 6.6 5 4.3 5.1 7.5 9 9.4 8.4 7.6 8
屏東
NO2
02/20 6.9 2.8 2.8 2.5 2.4 2.9 4.2 4 3.9 3 3.4 2.5 1.9 2 1.9 2 2 2.6 3.3 3.9 5.2 6.6 7.6 7.9
屏東
NO2
02/21 8.5 10 8.9 7.2 6.1 6 6.4 10 7.8 5.9 5.9 7.1 5.2 5.8 5.3 6.8 5.4 6 6.8 11 11 12 10 6
屏東
NO2
02/22 6.2 1.9 1.7 5.4 7.7 6.8 7.1 7.5 7.5 10 7.1 3.5 3.2 5.1 8 8.1 9.8 8.6 10 9.6 10 10 10 12
屏東
NO2
02/23 12 13 13 12 13 11 12 12 9.9 9 9.9 12 29 21 11 12 13 10 11 13 14 12 13 20
屏東
NO2
02/24 19 16 15 14 14 13 15 15 11 11 13 17 12 10 9.5 9.9 12 14 13 11 10 11 12 12
屏東
NO2
02/25 12 14 15 13 10 9.4 9.5 12 13 16 15 17 11 11 9.8 9.5 12 14 14 21 27 21 16 13
屏東
NO2
02/26 12 10 9.4 10 10 11 12 12 12 9.1 9.1 10 15 20 18 14 13 13 14 16 14 14 13 14
屏東
NO2
02/27 12 11 10 9.6 9.8 10 11 12 11 11 11 63* 11 10 11 11 10 9.4 10 11 11 11 12 11
屏東
NO2
02/28 9.6 12 11 12 11 12 12 12 9 7 7.4 5.8 4.3 5.6 6.1 5.3 5.7 6.5 9.5 14 14 15 15 13
屏東
NO2
監測年月：2019/03， 測站：潮州， 測項：NO2（ppb）
屏東
NO2
日期 00 01 02 03 04 05 06 07 08 09 10 11 12 13 14 15 16 17 18 19 20 21 22 23
屏東
NO2
03/01 12 13 11 9.4 9.6 11 14 15 10 10 14 16 10 8.3 11 13 16 14 16 14 13 17 17 18
屏東
NO2
03/02 18 17 15 12 11 9.6 10 9.5 9.3 9.8 8.1 7.8 6.7 5.5 4.6 4.2 4.3 4.8 5.8 7.2 9.8 7.3 5.2 4
屏東
NO2
03/03 3.6 1.8 1.5 1.8 2.3 1.8 2.4 3.1 2.6 2.7 3.1 2.4 2.7 3.5 7.9 5.5 4.9 5.1 6.1 5.3 6.6 8.6 14 12
屏東
NO2
03/04 12 12 11 11 11 11 8.1 9 9.6 12 17 9.7 7.9# 9 8.6 9.6 7.4 7.6 9.1 13 11 8.2 7.4 6.8
屏東
NO2
03/05 9.2 8.3 9.4 11 10 5.6 4.9 6.3 8.7 6.9 11 2.6 2.8 2.9 2.9 3 3.1 3.5 4.8 4.1 3.6 4.6 5.2 5.6
屏東
NO2
03/06 4.9 3.9 4.3 5.6 9.8 7.6 9.7 13 16 14 7.3 11 20 16 14 13 12 13 19 20 13 11 10 11
屏東
NO2
03/07 11 11 12 12 11 10 10 15 18 14 20 23 27 19 15 13 9.7 12 17 16 18 15 21 23
屏東
NO2
03/08 18 14 11 11 12 11 11 11 12 13 15 16 21 14 7.2 6.3 11 9.6 15 15 15 18 35 27
屏東
NO2
03/09 25 23 24 21 18 15 14 12 16 15 11 9.1 4.6 4.8 5.6 5.7 5.4 5.7 6.6 8.5 7 7.7 9.2 14
屏東
NO2
03/10 16 13 12 6.6 7.5 6.2 6.1 7.6 9.5 8.7 11 9.5 10 11 9.3 9.2 10 11 11 11 9.6 8.5 7.5 8.2
屏東
NO2
03/11 8.9 7.7 7 6.3 6.5 6.5 6.6 10 8.3 8.8 7.7 7.7 7.8# 18# 17 18 14 11 13 16 12 11 27 24
屏東
NO2
03/12 22 18 13 12 15 13 12 10 11 18 14 11 11# 15# 14# 6# 22# 12# 9 5.5 5.9 6 5.3 4.6
屏東
NO2
03/13 4.6 4.4 4.1 4.7 4.3 5.1 11 11 13# 5.8# 4.5 6.1 9.9 13 10 9.6 15 4.4 7 11 7.4 5.8 5.7 4.9
屏東
NO2
03/14 4.9 5 5.7 5 6.4 8.1 11 15 9.3# 10 10 11 14 14 15 12 13 14 13 13 12 10 15 13
屏東
NO2
03/15 13 12 13 13 11 11 8.5 8.9 9.5 9.9 11 7.9 10 21 12 17 20 24 26 30 26 25 24 23
屏東
NO2
03/16 25 20 21 19 17 17 16 13 13 14 11 5.8 5.5 7.3 6.6 9.5 14 17 14 6.7 6 7.1 8.4 9.7
屏東
NO2
03/17 11 10 9.4 13 13 13 14 9.4 7.1 6.5 6.4 6.7 6.9 7.3 7.7 7.4 7.5 8 9.1 11 11 12 14 14
屏東
NO2
03/18 14 9.2 12 13 12 11 13 13 12 8.6 8 7 11 17 17 14 11 13 19 18 17 14 12 13
屏東
NO2
03/19 13 15 14 12 12 13 12 12 20 19 10 9.2 10 8.5 10 14 9.6 9.3 11 14 16 12 9.1 8.9
屏東
NO2
03/20 7.2 7.3 7 6.7 6.2 6.5 12 8 9.4 12 13 13 13 5.1 3.9 3.6 3.6 4.2 5.8 7.6 8.8 8.8 9.4 7.5
屏東
NO2
03/21 5.1 4.1 3.6 2.5 4.3 9 9.1 8.2 6.3 3.2 5 7.1 14 14 8.2 6.4 11 12 10 10 12 12 15 17
屏東
NO2
03/22 15 14 13 13 13 12 12 12 13 9.1 8.2 8# 7.8 16 20 20 14 15 9.2 9.7 8.7 7.8 7.5 9.2
屏東
NO2
03/23 13 13 14 13 13 14 14 14 20 18 19 19 21 19 19 19 17 17 20 27 17 16 16 17
屏東
NO2
03/24 13 12 11 10 8.8 9.3 11 9.1 8.2 13 21 18 15 11 8.5 8.3 7.6 8.7 9.2 11 11 10 13 12
屏東
NO2
03/25 12 11 11 11 11 11 10 9.7 11 13 13 15 8.8 16 12 13 9.5 12 16 21 21 18 18 17
屏東
NO2
03/26 14 6.2 9.3 11 12 12 12 12 16 17 20 19 17 14 11 11 13 13 15 15 18 17 14 14
屏東
NO2
03/27 11 11 13 13 13 13 13 12 10 8.3 7.7 7.1 6.1 5.8 8.3 8.5 8.6 8.2 7.4 6.2 7.6 10 9 8.7
屏東
NO2
03/28 10 7.7 9 12 8.9 12 12 8.8 7.2 7.8 6.3 6.4 5# 7.2# 7.6 8.3 7.8 11 12 17 15 19 17 9.5
屏東
NO2
03/29 8 5.6 6.3 6.1 6.1 5.8 5.7 7.9 5.3 2.1 3.7 7.6 8.5 9.5 9.6 12 17 17 17 11 12 15 9.6 8.6
屏東
NO2
03/30 9.1 7.8 4.8 5 6.5 8.1 8.8 9 8.5 7.4 5.2 3.4 3.8 5.9 5.2 5.8 6.6 8.8 9.1 9.2 9.7 9.5 11 9.6
屏東
NO2
03/31 8.2 8.3 6.7 10 11 8.8 7.8 9.9 6 6.7 6.5 7.5 7.9 7.9 17 18 9.1 8.5 8.8 8.7 7.7 7 8.6 11
屏東
NO2
監測年月：2019/04， 測站：潮州， 測項：NO2（ppb）
屏東
NO2
日期 00 01 02 03 04 05 06 07 08 09 10 11 12 13 14 15 16 17 18 19 20 21 22 23
屏東
NO2
04/01 11 10 8.8 9.4 10 10 11 12 13 11 13 11 17 13 11 11 23 29 12 24 22 22 24 21
屏東
NO2
04/02 20 20 25 21 20 17 17 16 17 9.6 9 10 14 12 11 9.9 8.8 8.6 9.7 11 8.5 7.7 8.3 8.1
屏東
NO2
04/03 8.4 7.5 6.4 5.8 5.5 6.4 6.1 9.5 8.1 10 12 8.6# 6.6# 5.1 4.9 4 5.8 7.5 10 12 11 11 15 16
屏東
NO2
04/04 15 12 9.9 9.7 11 11 11 11 9.7 8.5 8.4 13 16 13 9.8 7.3 7 7.4 8.3 8.7 8.8 12 10 8.6
屏東
NO2
04/05 7.8 8.9 8.5 8.6 8.9 9.9 8.8 8 7 7.5 8.2 6.3 6.8 7.9 7.3 6.4 6.2 8.3 14 16 18 18 20 16
屏東
NO2
04/06 8.8 6.7 7.1 8.9 10 10 11 11 10 9.1 7.8 6.8 6.6 7 9.3 14 9 10 10 16 12 8.5 8.8 12
屏東
NO2
04/07 13 12 8.3 6.4 5.5 5.7 6.8 8.1 6.8 6 6.2 6.7 8.3 7 6.5 7 8.2 9.9 12 13 13 14 13 13
屏東
NO2
04/08 9.4 6.6 6.3 5.7 5.6 5.5 6.6 6.8 5.9 6.1 9.4 7.9# -1.4# -0.9# 6.6# 6.4 5.1 6 6.2 9.4 12 7.9 6.5 5.3
屏東
NO2
04/09 5.1 3 3.1 2.7 2.8 3.4 5.1 7.9 5.5 3.6 5.1 2.6 2.1 2 1.8 1.7 2 2.7 4 6 8 9 4.8 4.2
屏東
NO2
04/10 3.4 3 3.3 3.7 3.2 7.5 8.3 6.5 5.2 7.1 10 17 12 10 9.2 4.1 26 30 18 9.7 7.6 9.1 9.8 6.9
屏東
NO2
04/11 6.2 6.6 6.9 5.9 6.2 7 6.3 6.3 4.5 3.5 3.7 4.5 5.7 6.5 7.1 6.9 8.9 8.7 9.6 12 9.4 7.3 8.3 9.2
屏東
NO2
04/12 11 10 11 14 14 14 12 11 13 15 11 8.9 7 6.9 8.9 10 12 9.7 7.3 6.1 6.8 10 13 13
屏東
NO2
04/13 12 8 8.5 8.1 8.6 10 9.7 7.8 8.2 9.4 9.5 5.9 8 12 8 7 12 7.8 8 9.6 10 11 8.8 6.3
屏東
NO2
04/14 5.2 5.5 5.7 6.5 8.2 8.4 10 7.7 5.6 4.9 5.9 7 9.6 13 11 6.9 6.7 8.8 7.6 7.4 6.7 6.9 11 9.6
屏東
NO2
04/15 10 10 11 12 12 12 13 14 12 15 13 16 22 15 7 7.9 8.1 8.2 9.1 10 9.6 9.5 8.6 7.8
屏東
NO2
04/16 6.9 5.4 5.5 4.8 4.9 7.2 13 17 19 14 6 8.7 9.6 9.8 9.4 8.6 9.1 18 20 16 17 18 18 15
屏東
NO2
04/17 15 10 7.8 7.4 7.3 6.5 7.3 8.7 8.2 7.4 7.4 6.5 8.8 5.5 6 5.8 6.1 6.5 6.6 7.4 9.4 7.6 9 8.9
屏東
NO2
04/18 9.7 10 10 11 12 13 11 7.1 6.7 7.1 8.3# 6.7 5.2 5.4 5.9 8.1 7.2 8.7 10 12 14 13 9.6 7.4
屏東
NO2
04/19 7.5 5.7 4.4 4.5 8.2 9.8 4.6 4.9 5.5 8.6 4.1 3.9 3.4 3.1 3.7 4 5.8 5.7 6.2 14 17 16 9.9 6.2
屏東
NO2
04/20 5.1 6.8 7.1 6.4 6.1 6.9 9.5 8 9.8 7.6 4.9 3.7 3.9 4.7 6.1 6.2 5.8 6.3 9.8 11 14 13 9.5 7.2
屏東
NO2
04/21 6.3 6.1 6.1 5.8 8.6 9.6 6.7 6.1 7.4 6.5 5.3 5 5.3 7.6 8.1 4.9 5.8 13 15 11 10 12 14 10
屏東
NO2
04/22 9.7 12 10 9.3 8.7 8.2 7.5 7.3 8.7 9.6 13 11 9.2 8.1 11 12 7.8 6.7 7.9 11 13 11 6.9 6.2
屏東
NO2
04/23 5.9 5.4 4.5 5.5 5.2 5.8 5.8 4.7 6 6.6 4.1 8.8 12 14 12 9.7 10 11 9.7 7.9 8.4 11 8.6 8
屏東
NO2
04/24 8.8 10 7.3 8.4 10 9.3 9.3 9.5 12 12 11 13 9 6.5 6.7 9 11 13 14 13 14 14 12 11
屏東
NO2
04/25 10 5.6 5.4 4.9 4.9 4.4 4.9 5.5 3.6 3.6 3.2 4.5 5.2 3.8 3.9 3.7 5.7 5.7 6 7.6 10 14 15 7
屏東
NO2
04/26 4.3 5.4 5.6 6 7.1 7.9 9.4 6 4.9 5.7 6.3 6.6 7.2 5.4 4.8 3.7 3.7 6.9 7.3 7.8 7.8 7.2 7.9 6.5
屏東
NO2
04/27 7.9 7.3 6.4 8.1 8.8 6.4 7.9 7.6 6.4 8.8 8.6 5.6 5.5 5.1 7.2 9.5 15 14 11 12 12 9.9 9.2 12
屏東
NO2
04/28 8.4 5.6 6.8 6.6 6.1 8.2 9.5 6.4 4.9 4.9 8.6 9.2 11 5.1 4 4.1 4 5.3 5.3 7 9.1 9.9 8.7 5.9
屏東
NO2
04/29 5.8 4.7 3.2 2.6 4.1 4 4.4 3.5 2.2 2.9 2.5 1.8# 0.9 1.1 1.5 1.4 1.3 1.5 2.4 3.4 4.4 6.2 5.6 4.2
屏東
NO2
04/30 4 4.5 4 3.5 4.2 5.4 5 4.6 2.3 2.7 2.1 2.3 2.8 4 5.2 5.1 4.5 5.8 8.8 8.9 10 8 9 9.5
屏東
NO2
監測年月：2019/05， 測站：潮州， 測項：NO2（ppb）
屏東
NO2
日期 00 01 02 03 04 05 06 07 08 09 10 11 12 13 14 15 16 17 18 19 20 21 22 23
屏東
NO2
05/01 10 5.5 5.5 2.8 2.5 4 4.7 4.8 4.7 4.5 7.5 7.3 4.5 6.9 6.3 6.6 5.9 6 7.1 5.6 5.3 3.8 3.3 3.5
屏東
NO2
05/02 3.6 4.2 3.9 3.4 2.5 2.9 3.6 4.6 4.7 4.9 9.8 14 12 7# 9.1 10 5.8 4.9 8.7 12 10 9.3 6.6 6.2
屏東
NO2
05/03 6.3 7.8 7.4 8.7 8.2 7.7 8 8.8 6.8 12 19 12 17 13 8.7 6.1 6.4 6.2 8 10 9.6 12 9.9 8.2
屏東
NO2
05/04 7.8 6.5 4.9 3.4 3 3.3 4.1 4.9 5.2 4.9 4.5 5.1 5.8 7.6 7.4 9.4 12 12 8.8 7.2 8.4 8.3 7.9 5.1
屏東
NO2
05/05 4.9 4.5 3.3 3.6 5.8 3.4 4.1 2.8 2.5 2.1 3.9 3.4 7.5 11 11 12 14 15 15 11 8.3 7.7 7 5.8
屏東
NO2
05/06 5.8 5.6 5.5 4.9 4.9 5.7 6.2 4.9 6.8 8.9 9.2 6.2 4.1 4.7 8 7.1 6 5.3 5.7 7.8 3.9 3.7 4.1 4.4
屏東
NO2
05/07 5 3.8 3.7 4 3.9 4 3.8 4.8 6.5 5.1 7.1 6.9 7.6 11 12 25 16 16 14 7.7 6.3 6 4.9 3.7
屏東
NO2
05/08 3.5 3.4 3.7 3.6 4.9 4.6 5.4 4.5 5.2 4.4 4.5 4.2 4.1 7.6 13 10 16 17 12 9.8 8.5 7.8 6.6 5.5
屏東
NO2
05/09 6.2 6.7 6.2 5.3 5.5 5.9 5.8 5.6 6.6 7.5 7.8 4.6 3.9 4.1 5.5 4.6 5.2 7 8.1 18 13 10 10 10
屏東
NO2
05/10 8.8 7.8 8.4 8.9 8.8 8.2 7.4 8.7 7.2 6.9 7.1 9.3 7.8 17 11 12 8.8 4.9 5.9 6.1 7.7 6.6 4.4 3.9
屏東
NO2
05/11 4.5 3.8 4.8 7 7.7 4.2 3.6 5.4 4.9 5.4 4.5 4.9 7.4 7.4 7.3 6 6.5 6.7 7.3 9.1 12 11 9.5 9
屏東
NO2
05/12 5.2 7.2 6 5.6 7 5.5 6.5 6.2 7.5 8.3 8.1 5.9 5.7 6.5 5.7 4.9 5.1 5.5 6.2 8.1 9.4 8.2 10 8.8
屏東
NO2
05/13 7.7 8.1 7.5 5.8 5.1 5.1 7.3 5.6 4.4 4.7 5.9 14 12# 10 12 8.8 6.1 6.7 12 14 9.5 7.7 8.8 8.2
屏東
NO2
05/14 7.1 4.7 5.3 4.9 11 9.9 7.6 6.1 4.3 3.7 3.4 3.3 5 6.3 11 17 19 14 5.2 4 4.2 3.6 3.4 6.6
屏東
NO2
05/15 8.4 7 7.8 6.7 6.3 5.6 4.7 3.8 3.8 5.8 4.3 3.2 3.5 3.5 3.3 4.3 7.4 7.1 7.7 6.5 6 6.3 8.9 7.7
屏東
NO2
05/16 5.9 9.2 7.8 7.3 5.9 5 4.4 4.3 2.9 2.5 3.9 5.1 3 2.3 2.4 2.4 3.1 3.7 5.3 6.8 9.3 8 7.6 7.8
屏東
NO2
05/17 7.3 6.9 5.7 5.7 5.6 7.7 6.8 6.5 5 3.2 5.2 4.9 3.7 3.7 3.1 4.9 6.6 5.7 6.3 8.7 7.4 6.4 7.9 8.7
屏東
NO2
05/18 7.4 9.6 12 12 10 5.4 7.2 5.4 5.4 5.4 6.5 5.1 5.4 4.6 3.5 3.4 3.5 4.4 6 7.3 6.4 5.7 5.2 5.3
屏東
NO2
05/19 6.1 6.8 6.2 5.3 5.3 5.1 4.5 5.1 2.8 2.7 4.7 3.8 3.5 3.1 2.5 2.9 3.5 3.1 4.8 7.9 8.1 6.9 5.6 6
屏東
NO2
05/20 6.8 7.4 6.6 5.7 6.3 6.1 5.4 5.7 6.5 7.7 6.3 5.6 3.2 3.1 3.1 4.1 3.7 4.9 4.8 3.5 4.1 4.7 7 7.2
屏東
NO2
05/21 7.1 5.9 5.1 5.4 6.5 6.6 6.3 6 5.6 8.7 13 7.1 5.8 5.9 5.4 4.9 4.4 5.1 5.7 5.8 5.4 4.3 4.6 4.9
屏東
NO2
05/22 4.8 3.3 3.6 4.3 3.9 5.2 4.7 3.9 3.8 4.5 5.2 6.1 5.8 6.7 8 5.5 4.8 4.8 5.5 5.5 5.5 5.3 5.1 4.2
屏東
NO2
05/23 4.1 5.2 5 5.5 5.8 6.6 7.6 8.1 7.2 8.4 7.2 7.5 8.8 5.8 4.3 5.1 5 5 6 7.5 10 9.4 8.4 6.7
屏東
NO2
05/24 5.4 3.5 3.6 4.2 5.4 4.8 5.4 4.3 4.1 3.5 4.9 6.4 7.3 6.6# 6.7# 5.1 3.8 5.2 5.4 5.9 5.5 7.2 7.8 6.3
屏東
NO2
05/25 7 3.9 4.2 4.9 3.6 5.1 4.2 3.6 3.3 3.5 3.6 4.5 6.8 6.4 7.7 8.2 8.9 8 8.1 6.3 5.7 5.6 7.1 7.3
屏東
NO2
05/26 6.9 4.4 4 3.9 3.7 6.5 6.7 6.6 4.3 5.2 4.1 3.8 3.9 3.3 3.2 3 3 3 6.4 9 8.1 6.6 5.3 3.4
屏東
NO2
05/27 3.8 4.7 4.9 5.5 5.9 4.3 5.1 5.1 5.1 4.3 3.9 3.2 3.1# 4# 4 4.6 4.2 3.9 7.1 16 16 12 9.1 9.4
屏東
NO2
05/28 6.1 3.7 4 4.2 3.6 3.5 2.9 3 4 4.3 5.5 4.2 9 4.4 2.8 2.9 4.4 3.8 5.9 6.9 4.6 4.2 3 3.8
屏東
NO2
05/29 2.3 3.3 2.2 2.1 2.4 2.3 4.9 5.6 7.2 2.6 3.9 2.5 2.4 1.7 2.3 1.8 2.9 3.1 4.2 4.8 4.3 3.9 4.6 4.2
屏東
NO2
05/30 4.8 3.8 4.5 4 4.2 5.7 5.7 6.7 6.9 6.1 6.3 8.4 10 7.1 6.8 5.8 6.3 6.2 7.3 7.7 8.5 8.1 5.3 5.2
