新北
PM10
01/01 14 9 10 9 7 8 7 9 9 10 6 11 9 6 13 14 10 11 8 11 8 6 8 8
新北
PM10
01/02 7 6 6 5 6 13 8 9 15 13 11 15 11 14 18 15 14 13 14 12 14 9 10 12
新北
PM10
01/03 11 12 9 8 9 9 10 12 12 14 12 11 10 10 13 15 14 13 15 6 12 8 8 10
新北
PM10
01/04 6 9 9 6 11 8 6 5 7 14 12 1000# 0# 47 39 32 18 20 18 18 32 38 22 20
新北
PM10
01/05 25 24 19 16 19 19 28 23 16 21 26 26 25 16 15 26 30 21 25 29 25 21 14 11
新北
PM10
01/06 7 10 13 8 12 10 11 8 6 6 12 11 12 14 13 14 15 23 28 24 24 14 20 17
新北
PM10
01/07 12 10 12 10 9 19 10 14 15 15 16 20 12 19 20 23 26 35 25 24 24 21 28 25
新北
PM10
01/08 56 44 37 25 10 15 17 12 16 15 14 11 19 15 20 17 21 22 21 13 13 8 7 10
新北
PM10
01/09 8 8 7 10 11 15 11 18 12 24 17 35 19 17 1000# 21 20 21 25 25 23 20 21 14
新北
PM10
01/10 15 8 8 9 9 9 7 10 17 20 30 37 38 1000# 29 25 22 22 33 53 37 49 58 46
新北
PM10
01/11 46 19 21 47 37 33 35 38 23 21 54 28 22 12 18 16 14 11 14 12 22 35 36 26
新北
PM10
01/12 19 16 24 25 23 27 22 25 19 22 29 39 12 15 23 24 22 29 29 29 27 25 26 26
新北
PM10
01/13 19 17 14 14 11 18 12 23 26 23 25 24 21 21 33 21 17 20 24 17 17 25 21 18
新北
PM10
01/14 23 18 22 17 20 26 26 31 41 34 1000# 42 39 33 36 32 32 32 36 34 28 28 28 23
新北
PM10
01/15 31 20 22 15 20 22 24 26 36 38 37 40 27 29 36 35 16 18 22 18 26 29 26 18
新北
PM10
01/16 14 13 17 14 18 15 9 10 12 20 15 18 17 15 21 21 20 22 11 10 9 11 8 6
新北
PM10
01/17 6 6 5 5 7 11 14 19 23 30 25 29 35 35 40 42 65 60 50 52 53 57 49 53
新北
PM10
01/18 50 48 51 41 48 47 45 50 51 53 50 49 39 43 35 39 35 39 37 34 34 35 32 34
新北
PM10
01/19 34 30 26 28 27 53 69 73 80 79 67 80 65 46 56 60 60 71 85 74 65 50 47 29
新北
PM10
01/20 22 53 50 45 49 51 50 45 49 46 33 54 55 72 96 89 87 97 80 60 62 50 48 40
新北
PM10
01/21 39 42 42 31 29 31 27 26 29 23 22 30 26 25 28 21 24 18 27 29 24 24 19 19
新北
PM10
01/22 20 26 26 26 31 30 36 43 44 50 53 54 62 68 57 64 62 54 53 57 56 52 50 50
新北
PM10
01/23 58 49 51 52 52 53 60 65 64 64 61 69 70 72 1000# 72 72 70 67 62 69 64 62 61
新北
PM10
01/24 59 62 60 60 56 58 60 61 65 59 54 52 54 54# 1000# 49 55 51 56 52 59 54 49 57
新北
PM10
01/25 64 58 55 47 48 49 51 56 59 58 50 59 53 54 50 53 56 49 53 48 44 49 51 56
新北
PM10
01/26 46 46 46 38 29 39 38 42 42 61 57 55 67 68 54 47 43 41 39 34 29 28 27 25
新北
PM10
01/27 30 25 24 27 26 28 30 29 29 29 28 28 21 23 22 31 30 26 32 27 27 20 24 26
新北
PM10
01/28 25 16 20 24 21 21 21 25 24 34 31 35 29 33 34 31 37 34 22 25 26 21 22 19
新北
PM10
01/29 29 21 20 17 19 24 23 25 29 31 31 25 21 28 31 30 28 27 27 26 20 21 22 24
新北
PM10
01/30 20 25 23 15 18 22 18 24 35 35 53 56 77 71 1000# 61 73 82 83 88 80 60 50 48
新北
PM10
01/31 44 40 35 25 20 18 18 25 52 49 53 57 53 46 33 32 51 53 48 34 28 34 29 23
新北
PM10
監測年月：2019/02， 測站：林口， 測項：PM10（μg/m3）
新北
PM10
日期 00 01 02 03 04 05 06 07 08 09 10 11 12 13 14 15 16 17 18 19 20 21 22 23
新北
PM10
02/01 22 29 22 27 24 23 26 33 30 36 37 37 40 37 42 40 43 47 51 47 40 40 39 37
新北
PM10
02/02 33 30 25 21 15 16 15 22 29 24 15 21 46 54 61 68 71 74 66 70 63 45 40 83
新北
PM10
02/03 41 65 73 68 55 53 50 34 30 42 57 53 52 57 52 55 57 62 60 62 58 75 74 81
新北
PM10
02/04 66 68 72 42 26 15 14 14 14 12 23 30 31 36 30 28 32 36 34 38 45 38 42 43
新北
PM10
02/05 32 34 23 17 15 22 25 30 45 48 40 77 74 84 74 60 44 40 46 46 41 57 53 47
新北
PM10
02/06 54 65 50 47 65 64 60 53 57 53 43 36 47 26 32 45 48 56 57 64 62 70 68 58
新北
PM10
02/07 59 63 70 58 48 53 60 67 70 66 42 29 1000# 16 55 51 55 58 55 51 44 32 31 22
新北
PM10
02/08 31 20 21 19 23 27 33 35 29 11 11 20 18 18 34 73 94 66 50 27 16 24 18 21
新北
PM10
02/09 18 21 22 19 21 19 15 18 15 15 16 7 6 7 12 11 7 11 9 9 6 7 6 4
新北
PM10
02/10 5 7 8 7 9 6 10 11 6 9 13 14 15 16 17 17 20 19 16 11 13 13 13 19
新北
PM10
02/11 14 9 11 8 4 5 8 7 11 12 21 11 15 1000# 1000# 17 13 18 10 11 7 10 11 12
新北
PM10
02/12 15 8 7 4 5 7 6 8 7 11 14 12 11 11 14 16 23 19 11 10 7 8 14 23
新北
PM10
02/13 25 9 11 10 11 14 18 14 15 16 14 20 10 9 17 20 22 23 21 20 18 17 17 24
新北
PM10
02/14 13 17 17 18 11 7 11 13 14 14 22 23 22 16 18 21 18 18 20 19 25 26 28 29
新北
PM10
02/15 24 22 19 13 15 11 13 13 15 25 32 42 42 44 47 44 54 45 45 63 62 67 57 47
新北
PM10
02/16 32 23 26 20 15 15 11 13 10 22 21 22 21 13 17 13 12 14 14 16 12 9 9 8
新北
PM10
02/17 8 7 6 4 5 6 10 10 10 9 14 13 13 12 10 9 10 13 11 7 6 11 10 8
新北
PM10
02/18 5 9 6 6 7 7 6 14 11 21 19 30 26 13 8 7 11 21 15 14 13 12 18 47
新北
PM10
02/19 43 10 10 14 12 15 13 18 33 27 31 28 46 31 34 40 34 29 51 51 46 48 40 32
新北
PM10
02/20 41 34 27 25 30 31 49 46 48 48 53 53 40 43 42 41 40 57 29 22 17 19 46 26
新北
PM10
02/21 16 16 14 9 7 12 8 21 23 28 31 36 35 29 40 42 38 32 15 9 7 17 26 22
新北
PM10
02/22 24 16 10 8 7 11 7 8 10 8 9 13 9 1000* 11A 9 8 6 8 9 19 12 20 20
新北
PM10
02/23 21 23 17 22 22 20 28 38 40 41 36 38 32 31 35 29 36 31 28 33 13 18 18 15
新北
PM10
02/24 24 13 11 11 12 11 8 9 14 14 11 8 11 12 9 10 9 11 17 18 14 17 17 13
新北
PM10
02/25 17 30 32 25 20 18 21 30 20 21 1000# 26 21 30 40 49 46 32 37 30 19 27 27 24
新北
PM10
02/26 31 21 24 19 29 31 32 35 37 32 33 31 36 37 41 39 37 36 28 30 36 41 46 51
新北
PM10
02/27 53 49 59 57 58 45 36 40 52 50 51 50 72 60 53 54 68 67 45 47 47 51 51 65
新北
PM10
02/28 59 40 38 17 21 25 26 28 38 36 24 24 19 10 20 27 29 33 29 29 19 21 27 24
新北
PM10
監測年月：2019/03， 測站：林口， 測項：PM10（μg/m3）
新北
PM10
日期 00 01 02 03 04 05 06 07 08 09 10 11 12 13 14 15 16 17 18 19 20 21 22 23
新北
PM10
03/01 24 27 28 24 27 21 24 32 23 21 26 25 23 24 38 40 41 48 37 33 28 32 28 16
新北
PM10
03/02 32 35 33 32 36 46 44 42 58 42 44 90 105 99 98 63 70 70 85 87 85 78 98 96
新北
PM10
03/03 100 107 80 101 127 78 57 43 58 95 21 11 11 9 17 18 16 19 15 19 22 23 21 21
新北
PM10
03/04 23 20 21 17 19 19 17 24 24 30 32 32 32 36 35 38 40 39 32 38 31 37 41 45
新北
PM10
03/05 46 48 44 51 55 57 54 44 37 36 33 19 18 19 22 42 68 36 21 14 19 10 9 5
新北
PM10
03/06 19 15 13 11 17 13 25 22 24 24 11 17 17 16 16 25 26 30 26 24 22 23 15 16
新北
PM10
03/07 9 17 18 14 13 20 18 23 32 40 62 66 60 1000# 91 99 77 62 51 60 42 33 35 45
新北
PM10
03/08 52 40 32 22 13 14 14 13 17 14 21 23 13 9 19 11 18 17 17 14 10 11 6 4
新北
PM10
03/09 7 10 14 17 19 11 10 13 12 9 11 14 10 12 15 14 10 7 18 18 12 14 14 13
新北
PM10
03/10 9 7 9 8 9 14 13 13 10 13 13 14 13 6 4 15 23 15 22 28 27 36 46 51
新北
PM10
03/11 65 74 71 70 57 54 45 51 51 51 49 41 36 35 45 43 47 48 45 48 43 51 50 46
新北
PM10
03/12 45 47 44 48 45 48 50 54 62 65 55 54 55 48 48 41 41 52 52 54 51 51 54 52
新北
PM10
03/13 46 47 51 43 39 48 46 49 52 58 48 48 44 49 57 63 33 38 39 25 29 31 42 33
新北
PM10
03/14 41 39 45 43 35 36 38 46 47 61 80 80 81 66 60 63 59 40 46 43 40 29 23 22
新北
PM10
03/15 22 15 8 9 14 14 14 17 22 28 1000# 21 28 36 40 40 42 46 39 38 45 38 36 30
新北
PM10
03/16 42 34 39 41 36 42 43 44 44 48 50 42 45 44 44 49 49 43 41 45 41 45 41 38
新北
PM10
03/17 33 33 38 26 29 25 33 30 29 33 36 38 41 39 40 27 23 20 17 14 13 10 19 14
新北
PM10
03/18 12 14 16 20 40 47 51 50 43 59 55 46 37 41 39 41 53 68 53 47 66 69 46 42
新北
PM10
03/19 48 41 53 52 37 31 34 39 47 66 46 42 34 33 49 38 34 30 19 26 12 10 11 12
新北
PM10
03/20 13 12 14 11 13 16 14 16 38 62 68 79 77 78 90 103 97 88 72 66 64 65 65 56
新北
PM10
03/21 52 54 47 41 33 40 52 52 43 46 57 61 62 53 1000# 56 59 43 35 38 43 36 38 44
新北
PM10
03/22 39 46 42 58 61 62 48 49 52 53 51 39 40 36 32 28 29 25 19 19 19 18 11 12
新北
PM10
03/23 17 16 14 12 9 18 21 20 16 16 20 19 22 26 24 28 26 22 23 24 25 25 27 22
新北
PM10
03/24 30 25 26 29 22 23 29 28 36 29 25 29 24 25 22 18 18 21 26 17 21 17 17 24
新北
PM10
03/25 24 16 22 20 23 23 30 34 24 34 26 22 13 10 9 23 15 16 20 22 28 26 22 14
新北
PM10
03/26 17 20 19 32 14 18 25 32 27 32 31 29 33 30 1000# 36 42 38 36 36 35 31 31 25
新北
PM10
03/27 21 21 21 18 35 59 57 57 58 53 52 52 53 53 50 52 48 45 46 42 31 26 36 40
新北
PM10
03/28 44 58 70 73 70 76 86 66 54 42 38 36 33 35 42 44 41 36 41 39 49 44 49 41
新北
PM10
03/29 46 34 31 30 23 39 33 45 52 51 42 42 39 46 58 52 60 57 45 46 42 46 18 20
新北
PM10
03/30 16 12 19 17 23 21 23 24 17 33 37 45 46 40 37 46 44 34 33 32 32 33 37 38
新北
PM10
03/31 43 42 47 57 55 55 59 68 65 82 81 79 58 52 54 46 50 34 38 20 31 40 37 22
新北
PM10
監測年月：2019/04， 測站：林口， 測項：PM10（μg/m3）
新北
PM10
日期 00 01 02 03 04 05 06 07 08 09 10 11 12 13 14 15 16 17 18 19 20 21 22 23
新北
PM10
04/01 10 16 19 20 22 18 14 13 21 23 25 21 19 21 27 31 41 41 42 42 40 43 43 36
新北
PM10
04/02 38 43 44 43 41 34 34 25 33 37 29 24 23 1000# 28 32 42 42 57 72 71 64 74 53
新北
PM10
04/03 36 32 30 16 21 19 16 22 24 35 32 31 30 24 1000# 35 48 56 50 41 25 30 25 47
新北
PM10
04/04 21 21 13 18 15 12 14 17 17 22 22 35 46 44 40 29 21 20 13 14 16 24 22 24
新北
PM10
04/05 27 27 24 21 20 25 25 23 25 25 26 23 17 16 16 16 20 22 19 20 12 15 17 17
新北
PM10
04/06 11 16 17 21 16 18 11 17 12 23 22 17 19 21 24 24 33 48 59 55 64 66 60 64
新北
PM10
04/07 88 92 72 97 80 79 69 65 76 71 56 54 52 56 48 53 63 63 65 68 74 62 62 53
新北
PM10
04/08 61 56 71 92 97 98 90 75 74 67 75 68 63 61 55 55 54 55 61 65 100 112 119 128
新北
PM10
04/09 124 105 101 89 82 106 106 109 86 63 71 68 75 74 64 54 45 42 46 52 59 46 46 44
新北
PM10
04/10 40 46 35 38 38 36 36 43 48 53 52 41 28 47 47 52 42 40 23 17 13 9 10 6
新北
PM10
04/11 7 10 6 10 10 9 9 12 23 28 26 36 42 1000# 30 8 7 6 14 15 11 7 5 7
新北
PM10
04/12 13 13 13 21 24 24 29 35 32 32 32 30 33 37 38 37 39 37 35 34 32 31 27 23
新北
PM10
04/13 26 15 8 10 16 12 12 17 18 27 24 19 25 18 29 20 22 32 38 45 24 24 40 26
新北
PM10
04/14 30 24 18 19 18 23 30 31 33 31 30 26 27 18 25 26 25 27 22 18 19 53 51 46
新北
PM10
04/15 37 39 42 44 49 51 54 53 55 48 53 50 49 53 60 57 56 42 40 33 35 33 23 27
新北
PM10
04/16 21 29 27 31 26 15 26 28 26 20 12 15 15 13 10 13 27 43 44 41 47 39 36 37
新北
PM10
04/17 42 32 31 30 23 31 27 26 21 24 19 21 26 25 30 42 42 55 58 43 37 38 41 32
新北
PM10
04/18 34 31 30 29 32 53 75 86 87 69 54 52 54 1000# 43 45 37 36 55 31 35 44 44 41
新北
PM10
04/19 44 40 31 33 30 37 38 31 35 42 32 50 43 53 53 53 56 56 47 48 56 54 59 82
新北
PM10
04/20 56 66 56 40 25 27 35 37 42 35 29 29 21 26 18 20 21 22 28 22 38 51 8 16
新北
PM10
04/21 32 37 27 18 5 15 13 20 17 17 16 24 20 29 37 35 31 23 47 42 23 25 38 35
新北
PM10
04/22 42 31 32 30 27 32 26 36 23 24 31 32 23 31 38 45 45 52 56 49 31 27 29 26
新北
PM10
04/23 29 36 27 31 42 39 44 54 36 36 1000# 29 35 42 41 33 35 28 26 31 33 37 34 37
新北
PM10
04/24 38 45 47 45 44 43 57 37 20 22 33 40 38 40 37 36 35 37 40 38 39 50 47 42
新北
PM10
04/25 32 32 30 36 38 38 41 41 30 38 38 51 42 46 44 43 41 42 36 46 36 34 34 38
新北
PM10
04/26 37 33 33 31 32 25 19 17 19 23 19 24 17 23 41 25 23 29 31 26 29 37 36 33
新北
PM10
04/27 24 26 20 23 30 26 35 29 30 23 23 29 24 26 21 21 21 18 19 21 12 8 13 12
新北
PM10
04/28 6 11 10 10 12 11 29 28 28 30 15 27 40 36 39 27 25 19 34 37 39 46 32 33
新北
PM10
04/29 36 40 29 35 22 27 50 34 39 41 45 45 51 39 28 35 36 35 41 37 35 42 47 57
新北
PM10
04/30 56 52 56 44 40 44 44 47 47 48 57 53 34 36 37 30 28 29 42 44 46 35 39 38
新北
PM10
監測年月：2019/05， 測站：林口， 測項：PM10（μg/m3）
新北
PM10
日期 00 01 02 03 04 05 06 07 08 09 10 11 12 13 14 15 16 17 18 19 20 21 22 23
新北
PM10
05/01 28 18 19 8 5 2 4 5 5 5 7 10 7 8 16 19 20 15 21 26 31 38 37 40
新北
PM10
05/02 43 45 52 60 65 88 124 124 101 86 1000# 59 55 49 48 49 56 50 45 51 44 36 36 32
新北
PM10
05/03 28 32 34 29 29 30 36 43 61 57 60 55 51 34 47 75 69 49 45 47 47 35 34 38
新北
PM10
05/04 38 44 43 32 32 28 28 28 33 28 28 30 32 29 26 34 29 34 34 31 28 29 26 29
新北
PM10
05/05 32 32 33 32 33 33 33 34 45 28 34 30 28 35 32 30 29 30 20 30 28 28 32 35
新北
PM10
05/06 29 24 22 25 28 21 22 25 24 27 31 33 21 18 23 25 25 13 23 28 36 28 29 26
新北
PM10
05/07 24 18 19 16 15 10 16 14 21 12 21 18 17 38 43 37 41 45 39 35 33 33 29 20
新北
PM10
05/08 21 15 22 24 19 25 25 25 19 21 20 19 19 20 15 20 18 13 12 15 12 13 11 12
新北
PM10
05/09 20 16 15 9 11 8 15 14 10 11 11 16 1000# 15# 13# 16 21 21 11 19 18 14 11 13
新北
PM10
05/10 27 19 14 16 18 11 22 14 18 20 17 20 23 29 32 29 29 29 28 24 26 25 23 21
新北
PM10
05/11 17 22 17 17 13 13 13 12 19 22 24 21 27 16 23 22 27 18 24 22 17 23 29 23
新北
PM10
05/12 20 20 20 21 15 22 25 22 26 17 1000# 20 15 9 14 24 20 20 26 19 10 7 5 9
新北
PM10
05/13 14 8 7 7 8 8 10 8 24 39 66 75 56 55 47 51 46 52 51 54 47 52 48 61
新北
PM10
05/14 67 58 74 61 68 62 66 65 55 74 70 52 30 27 36 42 44 48 55 49 47 44 55 50
新北
PM10
05/15 54 50 43 54 53 57 55 57 53 55 39 50 46 45 45 1000# 44 37 46 50 44 45 48 50
新北
PM10
05/16 40 43 53 53 37 32 27 27 28 36 36 42 43 47 44 46 49 38 36 32 34 42 38 36
新北
PM10
05/17 23 32 32 13 18 12 12 7 12 12 12 11 10 11 27 31 31 44 36 27 29 30 25 28
新北
PM10
05/18 32 25 26 24 25 21 15 21 23 27 26 28 30 42 35 33 33 30 30 39 30 38 30 29
新北
PM10
05/19 26 21 20 19 20 30 28 28 30 24 22 21 27 28 21 18 26 22 19 18 27 34 32 28
新北
PM10
05/20 30 28 27 29 24 27 24 21 4 5 5 30 NA NA NA NA NA NA NA NA NA NA NA NA
新北
PM10
05/21 NA NA NA NA NA NA NA NA NA NA 1000# 66 70 70 64 62 54 55 51 50 50 49 47 46
新北
PM10
05/22 43 49 48 44 45 42 41 45 44 53 58 53 60 58 51 48 51 46 46 45 42 39 39 36
新北
PM10
05/23 44 37 41 38 50 61 50 42 51 53 40 27 11 22 17 14 14 17 11 15 14 16 16 17
新北
PM10
05/24 18 16 15 16 13 10 11 14 21 20 23 29 33 21 26 29 33 34 30 23 20 23 22 21
新北
PM10
05/25 26 24 24 22 27 21 26 26 26 25 26 22 23 28 27 25 34 39 37 35 28 27 34 30
新北
PM10
05/26 32 35 34 29 26 27 27 25 31 33 33 34 38 32 33 31 37 41 41 43 37 33 34 38
新北
PM10
05/27 37 31 32 30 30 40 44 44 48 33 29 27 37 25 26 16 24 25 37 31 23 33 33 34
新北
PM10
05/28 46 37 34 48 35 53 51 54 15 11 21 32 6 19 23 21 32 25 24 21 24 23 27 23
新北
PM10
05/29 27 38 32 34 34 29 33 38 35 33 35 30 33 34 28 24 25 25 23 27 23 20 29 18
新北
PM10
05/30 27 20 23 24 23 25 30 33 40 33 1000# 26 34 35 36 37 32 40 31 36 39 46 50 57
新北
SO2
01/01 1.1 0.7 1 1 0.8 0.9 1 0.8 1 1.1 1 1 1.1 1 1 1 1 1 1.1 1.2 1.1 1.1 1 1
新北
SO2
01/02 0.4 1 1.1 1.1 1 1.7 1.5 1.4 1.3 1.8 2.2 2.4 2.2 2.3 2.4 2.3 2 1.8 2.2 2 1.9 1.7 1.6 1.4
新北
SO2
01/03 1.6 1.4 1.3 1.3 1.3 1.4 1.4 1.6 1.7 2.2 2.5 2.7 3 2.9 3.1 3.8 3.1 3.4 3.3 1.9 1.7 1.6 1.5 1.3
新北
SO2
01/04 1.5 1.4 1.3 1.2 1.3 1.2 1.4 1.6 1.8 1.7 1.7 3.5 3.5 2.5 2.4 2.8 1.9 1.8 1.5 1.6 2.1 3 3.4 5
新北
SO2
01/05 3.7 2.1 2.5 3.1 2.5 2.3 2.4 2.7 1.5 1.8 2.2 2.2 1.3 1.5 1.6 1.4 1.5 1.3 1.1 1.3 1.3 1.3 1.3 1.3
新北
SO2
01/06 1.3 0.9 0.8 0.8 0.8 1 0.9 1 0.9 0.8 0.9 1 1 1.1 0.9 1.1 1.2 1.5 1.8 1.6 1.5 1.6 1.7 1.5
新北
SO2
01/07 2 1.4 1.7 2 1.6 1.6 1.5 1.5 1.4 1.5 1.5 1.6 1.6 1.6 1.7 1.9 1.8 1.9 1.9 2 1.8 1.7 2.4 2.6
新北
SO2
01/08 7.3 5.3 5.1 2.9 1.8 1.7 1.6 1.8 1.7 1.7 1.9 2 1.6 1.8 1.8 1.8 1.7 1.9 1.9 2.2 1.9 1.7 1.7 1.7
新北
SO2
01/09 1.9 1.5 1.5 1.5 1.4 1.5 2 2.7 3.2 3.2 2.9 2.8# 2.6 2.9 2.1# 3 1.7 1.7 1.8 1.5 1.7 1.4 1.4 1.4
新北
SO2
01/10 1.4 1.2 1.1 1.1 1 1.2 1.3 1.4 1.7 2 3.9 3.8 2.9 2.1# 1.4 1.5 1.4 1.5 1.5 2.5 1.7 2.9 2.7 2.6
新北
SO2
01/11 1.9 1.7 1.7 2.8 2.2 2 2.4 3 2.4 2 2.7 2 2.1 1.9 2.4 2.3 1.8 1.7 2.1 1.7 2 2.4 2.9 3.2
新北
SO2
01/12 3.9 1.7 1.8 1.8 1.4 0.9 0.9 1.1 1.1 1 1.1 1.2 1.2 1 1.2 1.1 1 1.2 1.1 1 0.9 1.1 1.1 0.8
新北
SO2
01/13 0.9 1.6 1.5 1.5 1.5 1.5 1.5 1.6 1.6 1.6 1.9 1.6 1.6 1.6 1.7 1.5 1.6 1.8 1.7 1.6 1.7 1.7 1.9 2.1
新北
SO2
01/14 2.2 2.2 2.4 2.5 1.9 1.8 1.9 2.5 2.5 2.1 1.9 1.9 1.9 2 2.2 2.7 3.2 2.6 2.2 2.2 2.1 2 1.8 1.7
新北
SO2
01/15 2.1 1.4 1.4 1.3 1.6 1.8 2 2.5 2.9 2.6 2.8 2.9 2.1 2 1.9 1.7 1.5 1.6 1.4 1.4 1.3 1.3 1.3 1.1
新北
SO2
01/16 0.7 0.4 0.5 0.4 0.3 0.5 0.3 0.6 0.7 0.6 0.7 0.7 0.7 0.9 0.9 0.8 0.8 0.6 0.5 0.5 0.3 0.4 0.3 0.4
新北
SO2
01/17 0.4 0.8 0.6 0.6 0.8 0.8 0.8 0.8 1 1.5 1.4 1.1 1 1.1 1.1 1.4 1.4 1.2 1.3 1.2 1.3 1.3 1.4 1.5
新北
SO2
01/18 1.9 1.4 1.4 2.2 1.6 0.9 1 1 1.1 1.2 1 1 1.2 0.9 0.9 1 1 1 1.1 1.2 1 0.8 0.9 1
新北
SO2
01/19 0.4 1.2 1.1 1.2 2.5 3.3 2 2.6 3.6 4 3.8 4.9 4.4 4.6 3.1 2.4 2.6 2.8 3.1 3 2.7 2.2 2 1.6
新北
SO2
01/20 1.5 2.5 2.7 2.3 2.4 2.7 2.2 2.3 2.2 2.6 2.3 1.4 1.4 1.4 1.4 1.4 1.3 1.4 1.3 1.2 1.3 1.3 1.2 1
新北
SO2
01/21 0.9 1 0.9 0.8 0.7 0.7 0.7 0.9 1 0.9 1 1.3 1.2 0.9 1 1 0.8 0.8 1 0.9 0.8 0.9 0.8 0.9
新北
SO2
01/22 1 0.6 0.7 0.8 0.9 0.8 0.9 1.2 1.4 1.5 1.9 2.4 2.8 2.9 3.1 3.2 3.2 2.6 2.4 2.5 2.6 1.8 2.2 2.7
新北
SO2
01/23 2.2 2.9 3.1 3.1 2.7 2.6 2.6 3 3.5 3.7 2.8 2.8 3.4 3# 3.6# 3.9x 4.2# 4.4 3.8 3.5 3.1 2.7 2.5 2.8
新北
SO2
01/24 2.6 2 2 2.2 2.1 2.1 2.2 2.2 2.3 2.2 2.1 3.4 3.6 3.6 2.8 3.5# 3.5 2.8 2.4 2.8 3.2 3.5 4 4.1
新北
SO2
01/25 3.9 4.3 4.4 3.3 2.7 2.1 2.3 3.2 2.4 3.3 3.3 3.2 2.4 2.1 2.1 2 2 1.9 1.9 2 1.8 2 2.1 2.1
新北
SO2
01/26 2 1.8 1.6 1.6 1.4 1.5 1.4 1.4 1.3 1.4 1.4 1.3 1.7 1.7 1.5 1.2 1.2 1.3 1.3 1.2 1.4 1.1 1.2 1.1
新北
SO2
01/27 1 0.9 0.8 0.9 1 1.2 1.1 1.3 1.3 1.2 1.1 1.2 1.4 1.5 1.2 1.6 1.5 1.5 1.4 1.6 1.4 1.3 1.2 1.2
新北
SO2
01/28 0.9 2 2.3 2.8 3.2 2.5 1.7 1.8 1.9 2.3 2.2 2.5 2.2 1.9 1.8 1.9 2.3 4.5 4.9 6.1 3 3.4 4.8 2.8
新北
SO2
01/29 3.1 2.5 2.3 2.1 2.7 3.2 2.7 3.2 3.7 4.1 2.3 2.2 2.2 2.3 3 2.4 2.4 2.2 2.3 2.3 2.1 2.2 2.1 2
新北
SO2
01/30 1.7 1.4 1.3 1.4 1.5 1.5 1.5 2.6 4.2 3.3 11 8.8 6.5 4.3 4.5 3.6 3.8 4.6 5.1 4.3 3.4 2.6 2.3 2.6
新北
SO2
01/31 2.3 2.7 2.6 2.1 2.1 3.2 2.9 3.7 7.4 5.3 4.8 4.7 4.4 4.1 3.8 3.2 3.5 2.5 2.1 2.1 1.8 1.8 1.7 1.7
新北
SO2
監測年月：2019/02， 測站：林口， 測項：SO2（ppb）
新北
SO2
日期 00 01 02 03 04 05 06 07 08 09 10 11 12 13 14 15 16 17 18 19 20 21 22 23
新北
SO2
02/01 1.4 1.1 1.1 1 1 1 1 1.2 1.1 1.2 1.1 1.2 1.2 1.2 1.2 1.4 1.4 1.9 1.5 1.9 1.2 1.2 1.2 0.9
新北
SO2
02/02 1 1.5 1.2 1.3 1.3 1.2 1.3 1.9 4 2.2 1.8 2.5 4.3 4.8 3.3 2.8 2.4 2.3 1.7 1.5 1.9 1.7 1.9 2.2
新北
SO2
02/03 2.3 3.1 3.2 2.4 2.5 2.6 2.6 2.2 2.2 3.6 3.1 3.1 4.1 4 5.4 4 3.4 3 2.7 2.4 2.4 3.8 5 3.7
新北
SO2
02/04 2.5 2.6 2.3 1.2 1.1 1 1.1 1 1 1 1.1 1.1 1.2 1.2 1.2 1.2 1.2 1.1 1.3 1.3 1.3 1.2 1.2 1.2
新北
SO2
02/05 1.4 1.1 0.9 0.9 0.9 0.8 0.8 0.8 1 1.1 1.2 1.1 1.2 1.2 1.3 0.9 0.9 0.8 0.9 1.1 2.5 2 1.4 1.8
新北
SO2
02/06 3.3 2.6 1.5 1.5 3.4 2.2 1.7 1.3 1.6 2.6 2.4 2.1 2.3 2.4 2.5 2.9 3.7 5.8 3.7 3.1 2.2 1.9 2 2.1
新北
SO2
02/07 3.3 2.8 2.9 2.9 2.3 2 2.6 4.7 2.8 2.5 2.3 1.8# 1.5 1.4 2.4 2.5 2.8 2.5 2 1.6 1.6 1.5 1.6 1.6
新北
SO2
02/08 1.3 1.3 1.2 1.1 1.2 1.1 1.3 1.2 1.2 1.2 1.2 1.2 1.2 1.2 1.4 1.6 1.5 1.5 1.2 1.2 1.2 1.1 1.2 1.3
新北
SO2
02/09 1.6 1.4 1.4 1.3 1.2 1.4 1.4 1.3 1.2 1.4 1.3 1.3 1.2 1.3 1.4 1.4 1.3 1.2 1.3 1.2 1.2 1.2 1.3 1.2
新北
SO2
02/10 1.1 1.6 1.5 1.5 1.5 1.5 1.4 1.6 1.7 1.8 2.3 2.3 1.7 1.6 1.6 1.7 1.5 1.6 1.6 1.6 1.7 1.7 1.5 1.8
新北
SO2
02/11 1.4 1.1 1.2 1.1 1.1 1.1 1 1.2 1.2 1.2 1.2 1.4 1.4 1.3 1.2# 1.4 1.1 1.2 1.3 1.5 1.6 2.1 2.1 1.5
新北
SO2
02/12 2.1 1.3 0.8 0.7 0.6 0.7 0.7 1.2 1.6 1.6 0.8 0.8 0.9 0.8 0.9 0.8 1 0.8 0.7 0.6 0.6 0.6 0.7 0.7
新北
SO2
02/13 1.4 1.2 0.8 0.8 0.8 0.9 0.8 0.9 0.9 1 0.9 1 0.8 0.9 0.9 1 1.4 1 1 1 0.8 0.8 0.9 1.1
新北
SO2
02/14 0.7 1.7 1.7 1.4 1.4 1.4 1.4 1.6 1.7 1.7 1.6 1.9 1.8 1.7 1.5 1.7 1.5 1.5 1.4 1.5 1.7 1.7 1.7 1.6
新北
SO2
02/15 2.2 2.1 1.9 2 2 1.9 1.8 2 1.8 2.2 2.5 4 4.8 3.4 2.7 2.8 2.5 2.1 2.3 2.2 2 2.6 2.4 2.2
新北
SO2
02/16 1.5 1.9 1.9 1.8 1.8 1.8 1.8 1.8 1.9 2 2.1 2 1.8 1.8 1.8 1.8 1.7 1.7 1.8 2 1.7 1.6 1.7 1.6
新北
SO2
02/17 2.1 1.4 1.3 1.4 1.3 1.5 1.4 1.5 1.4 1.5 1.8 1.9 1.8 1.6 1.7 1.8 2.1 2.4 1.7 1.9 2.4 2.8 2.3 2.2
新北
SO2
02/18 1.5 1.4 1.1 1.2 1.3 1.3 1.3 1.9 1.4 1.6 1.9 4 2.5 1.2 1.1 1.3 1.4 1.3 1.1 1.3 1.2 1.1 1.2 1.8
新北
SO2
02/19 2.1 1.7 1.4 1.6 1.6 1.7 1.6 1.9 2.5 3.5 4 3 3.6 2.7 2.9 2.9 3 2.2 3.5 4.5 6.7 5.7 3.3 2.8
新北
SO2
02/20 2.5 1.7 1.3 1.3 1.5 1.6 2.6 3.9 4.3 3.7 4.3 2.2 1.6 2.1 1.2 0.9 0.9 1 0.9 1.1 1.2 1 1 1.2
新北
SO2
02/21 0.9 1.1 1.2 1.2 1.2 1 1.2 1.5 1.6 2.3 4.2 3.9 3.5 2.9 2 2.1 1.6 1.3 1.3 1.1 1.1 1.1 1.1 1.4
新北
SO2
02/22 1.5 1.4 1.1 1.1 1.2 1.2 1.2 1.4 1.4 1.3 1.4 1.3 1.2# 1.4# 1.4 1.5 1.2 1.4 1.3 1.3 1.2 1.2 1.3 1.3
新北
SO2
02/23 1.3 1.2 1.1 1 1.1 1.1 1.1 1.4 1.5 1.3 1.3 1.4 1.3 1.1 1.5 1.3 1.3 1.3 1.3 1.2 1.2 1.2 1.3 1.4
新北
SO2
02/24 1.4 1.5 1.5 1.6 1.6 1.5 1.7 1.7 1.7 1.8 1.7 1.7 1.8 1.7 1.6 1.6 1.6 1.5 1.6 1.6 1.5 1.5 1.6 1.6
新北
SO2
02/25 1.1 1 1 0.8 0.8 0.9 1 1.4 1 1 1 1.1 1 0.9 1.1 1.6 1 1 0.9 0.8 0.9 1 1 0.9
新北
SO2
02/26 1.2 1.4 1.3 1.5 1.4 1.5 1.6 1.8 1.9 2 1.9 1.8# 1.7 2 2.9 2.6 3.4 3.6 2.7 2.4 2.7 2.7 2.8 3
新北
SO2
02/27 3.3 5.1 6.8 8.2 4.1 1.6 1.3 1.7 2.1 1.6 1.6 1.8 2.1 3.6 3 2.6 3.4 3.4 6.2 4.2 5.2 5.7 3.6 3.8
新北
SO2
02/28 3 1.8 1.5 1.2 1.2 1.2 1.4 1.5 1.3 1.6 1.4 1.2 1.2 1.3 1.3 1.3 1.2 1.5 1.4 1.3 1.2 1.3 1.1 2.1
新北
SO2
監測年月：2019/03， 測站：林口， 測項：SO2（ppb）
新北
SO2
日期 00 01 02 03 04 05 06 07 08 09 10 11 12 13 14 15 16 17 18 19 20 21 22 23
新北
SO2
03/01 1.4 1.4 2 1.7 1.6 1.8 1.9 1.5 1.7 2 2.1 2.1 2 1.9 1.8 1.9 1.6 1.6 1.5 1.5 1.5 1.8 1.5 1.4
新北
SO2
03/02 1.4 0.8 0.8 0.8 0.7 0.8 0.9 1 0.8 0.8 1.3 1.2 1.3 1 0.9 0.7 1.7 1.1 1.3 1.4 1.2 0.8 0.9 1.1
新北
SO2
03/03 0.9 2.1 1.5 1.1 1.2 1.2 1 1 0.9 1.6 0.9 0.8 0.7 0.8 1.3 1.2 1 1 1.7 1.2 1 0.8 0.8 0.7
新北
SO2
03/04 0.8 1.2 1.3 1.3 1.4 1.5 1.3 1.6 1.5 1.5 2 2.4 2.1 1.9 1.7 1.8 1.9 2.6 5 4.9 4.5 3.7 3.2 2.9
新北
SO2
03/05 2.4 3.3 2.5 3.1 2.7 2.4 2.1 1.8 2.1 2.4 1.8 1.7 1.7 1.7 1.9 4.1 3 1.7 1.4 1.5 1.9 2.8 2.2 1.8
新北
SO2
03/06 2.6 3.1 2.6 2.4 2.5 2 2.5 2.9 2.8 1.9 1.6 1.4 1.5 1.5 1.5 1.5 1.4 1.3 1.4 1.2 1.5 1.4 1.2 1.2
新北
SO2
03/07 1 0.8 0.5 0.5 0.7 0.8 0.7 0.8 1.3 1.3 1.3 1.5 1.5 1.5# 1.5 1.3 1.2 0.9 0.9 1.2 1 0.9 1 1
新北
SO2
03/08 1.6 1.1 1.1 0.9 0.7 1.4 1.2 1.8 1.8 1.7 1.2 1.4 1.3 0.9 1.4 1.1 1 1.4 1 1.1 1 1 0.9 0.8
新北
SO2
03/09 0.9 1.1 1.5 1.2 1.1 1.2 1.2 1.3 1.2 1.2 1.3 1.8 1.7 1.8 1.7 1.8 1.7 1.3 1.6 1.5 1.3 1.4 1.2 1.3
新北
SO2
03/10 1.1 2 2.1 1.7 1.7 1.6 2.2 2.6 2.7 1.8 1.7 1.7 1.9 1.6 1.7 2 1.8 1.7 1.7 1.9 1.9 2.1 2.3 2.8
新北
SO2
03/11 2.2 2.4 2.5 2.5 2.2 2.3 2.3 2.4 2.4 2.6 2.7 2.2 2.2 2.4 2.4 2.8 3.8 3.9 4.2 2.7 3.7 2.8 2.7 2.2
新北
SO2
03/12 2.6 1.3 1.3 1.3 1.5 1.5 1.5 1.5 1.7 1.7 1.5 1.7 2.5 2.3 1.9 2 2 1.8 1.3 1.5 1.8 1.5 1.7 1.6
新北
SO2
03/13 1.3 1.6 1.5 1.5 1.5 1.7 1.7 2.2 2.3 2 1.7 1.5 1.5 1.5 1.6 1.4 1.3 1.5 1.3 1.4 1.3 1.4 1.4 1.4
新北
SO2
03/14 0.9 1.2 1.4 1.4 1.3 1.3 1.4 1.6 2.1 3.7 3.2 3.6 3.4 2.8 1.9 1.6 1.6 1.4 1.4 1.6 1.3 1.3 1.2 1.2
新北
SO2
03/15 1.6 1.4 1.4 1.4 1.4 1.5 1.6 2 1.9 1.5 1.6 1.7 1.5 1.9 2.1 2.1 2.7 2.4 2.4 2.3 2.4 2.3 2.2 2.3
新北
SO2
03/16 2.2 2.4 2.2 2.4 2.2 2.2 2.3 2.3 2.2 2.2 2.2 2.3 2.3 2.3 2.2 2.2 2.2 2 2 2.1 2.1 1.9 1.7 1.7
新北
SO2
03/17 1.6 1.3 1.5 1.2 1.4 1.4 1.6 1.5 1.4 1.6 1.8 1.7 1.7 2 2.2 1.6 1.5 1.9 1.5 2.3 2 2.1 2.1 1.6
新北
SO2
03/18 1 1.6 1.7 1.8 2.4 3.4 8.1 4.9 4.1 3.3 3 2.3 2 2.1 1.7 2 2.7 3.1 2.3 2.1 2.6 2.4 1.9 2.1
新北
SO2
03/19 2.2 1.6 1.8 1.4 1.4 1.3 1.3 1.6 2.2 2.6 2.2 2.2 3 3.2 3.3 2 1.5 1.5 1.3 1.4 1.4 1.3 1.3 1.2
新北
SO2
03/20 0.9 1.2 1.3 1.3 1.3 1.2 1.3 1.6 2.4 6.8 6.6 4.6 2.8 3.9 3.6 3.1 3.4 4.7 3.3 2.4 2 2 2.3 2.2
新北
SO2
03/21 2.8 2.6 4.3 4.5 4.5 2.5 2.1 2.5 2.7 3.2 3.6 3.1 3.7 3.4 2.9# 2.7 3.4 3.9 3.3 2.8 2.1 1.6 1.6 1.5
新北
SO2
03/22 1.7 1.8 1.8 1.7 1.7 1.7 1.7 1.9 1.8 2.5 3.3 1.9 1.7 1.6 1.7 1.6 1.5 1.5 1.5 1.5 1.5 1.4 1.5 1.3
新北
SO2
03/23 1.1 1.2 1.3 1.2 1.3 1.3 1.3 1.2 1.4 1.1 1.3 1.3 1.3 1.3 1.3 1.3 1.3 1.2 1.3 1.3 1.4 1.3 1.2 1.4
新北
SO2
03/24 1.7 1.8 1.8 1.6 1.7 2 1.8 1.7 1.8 1.7 1.8 1.7 1.6 1.9 1.7 1.9 2 1.8 1.9 1.9 2 1.9 1.9 2.3
新北
SO2
03/25 1.5 1.5 1.5 2 3.7 2.2 2.5 3.1 2.9 3.4 2.7 2.2 1.4 1.2 1.2 1.6 1.3 1.1 1.1 1.3 1.2 1.2 1.1 1.2
新北
SO2
03/26 1.8 2.1 2 2.2 2.1 2.1 2.5 3.1 2.5 2.5 2.4 2.7 2.8 2.9 2.9 3.6 3.5 2.7 2.5 2.6 2.3 2.1 2.1 2
新北
SO2
03/27 2 1.1 1.1 1.3 2.4 3.4 3.6 3.8 3.5 4.1 3.6 2.9 2.6 3.5 3.7 3.6 4 3.5 3.5 3.5 1.9 1.8 2 4.4
新北
SO2
03/28 4.5 5.3 4.1 4.4 4 3.2 2.6 3.5 3.6 3.3 2.7 1.7 1.4 2.1 2.3 2.3 2.8 2.4 3.3 2.3 2.4 3.1 3 2.6
新北
SO2
03/29 3 3.2 4 1.2 0.9 1.5 1.8 1.3 1.5 1.9 1.3 1 0.7 0.6 0.7 0.7 0.8 0.8 0.7 0.6 0.9 0.7 0.6 0.4
新北
SO2
03/30 0.3 1.1 1.3 1.1 1 1.4 1.8 1.6 1.1 1 1.3 1.2 1.5 1.3 1.5 1.5 1.3 1.1 1.7 1.5 1.3 2 3 2.3
新北
SO2
03/31 1.8 1.1 1.2 1.2 1.2 1.5 1.6 1.4 1.5 1.7 1.5 2 1.5 1.3 1.4 1.3 1.2 1.3 1.6 1.3 1.5 2.2 1.6 1.1
新北
SO2
監測年月：2019/04， 測站：林口， 測項：SO2（ppb）
新北
SO2
日期 00 01 02 03 04 05 06 07 08 09 10 11 12 13 14 15 16 17 18 19 20 21 22 23
新北
SO2
04/01 0.8 1.5 1.6 1.5 1.6 1.5 1.4 1.5 1.9 3 2 1.8 1.6 1.8 2 2.3 2.4 2.5 3.3 2.2 1.8 1.9 1.8 1.9
新北
SO2
04/02 2 0.8 0.8 0.7 0.7 0.7 0.7 0.8 0.9 1 1 1 1 0.9# 1.1 1.3 1.5 1.6 3.6 3.6 2.3 1.9 4.2 3.9
新北
SO2
04/03 1 7.4 5.8 1.8 1.5 1.6 1.5 3.2 3.2 3.1 2.6 2.8 2.8 1.9 2.8 2.8 2.9 3.2 2.4 2.2 1.6 1.9 1.5 2.7
新北
SO2
04/04 1.9 1.7 1.7 1.6 1.5 1.6 1.6 1.7 1.8 1.8 3 3.7 3.3 3.5 3.4 2.4 1.8 1.7 1.4 1.6 1.6 1.7 1.8 2.2
新北
SO2
04/05 2.7 2.6 2 1.8 1.5 1.5 1.6 1.6 1.4 1.6 1.7 1.8 1.9 2.3 2 1.8 2 1.7 2.1 2.6 2 2.4 3.5 2.3
新北
SO2
04/06 1.2 2.6 2.6 3 2.9 2.3 1.9 2 1.9 3.2 4.1 3.6 3.2 3.3 3.1 4 3.7 3.6 4.6 4.1 4.1 3.3 2.9 2.9
新北
SO2
04/07 4.6 3.5 3.4 2.8 2.7 3.1 2 2.7 2.7 2.5 2.1 2.3 2.4 2.7 2.3 1.9 2.3 2.4 2.3 3 3.2 2.1 2 2.4
新北
SO2
04/08 2.6 2.9 3.2 3.4 3.2 2.8 3 5 5.6 5.8 6 7.5 6.7 7.1 3.7 2.4 2.8 2.9 3.3 6.9 9.6 8.4 7.2 8.1
新北
SO2
04/09 12 6 5.3 4.2 4.6 5.5 5.3 6 3.9 3 4.1 3.2 3.6 3.6 2.4 2 1.4 1.6 1.8 2 2.1 1.5 1.8 2.4
新北
SO2
04/10 1.9 1.7 1.3 1.9 2.6 3.2 3 3.1 2.5 2.7 2.3 2 1.6 1.8 1.5 1.5 1.6 1.4 1.2 1.3 1.4 1.3 1.7 2.9
新北
SO2
04/11 3.2 4.3 2.5 2.5 2.8 2.4 1.5 1.5 1.8 1.6 2.1 3 3.2 3.6 2.8 1.3 1.2 1.2 1.3 1.5 1.3 1.3 1.3 1.2
新北
SO2
04/12 1.4 0.8 0.9 1 1 0.8 1 1 1.1 1.6 1.5 1.3 1.2 1.4 3.2 3.6 4 3.7 4.6 1.6 1.1 1.1 1.1 0.9
新北
SO2
04/13 0.7 1.9 2 1.9 1.9 2.2 1.9 2 2.1 2.4 2.3 3.4 4 3.2 3.7 2.7 2.3 2.2 3.1 3.7 2.3 2.3 2.6 2.3
新北
SO2
04/14 1.9 1.3 1.3 1.2 1.3 1.3 1.5 1.7 1.5 1.4 1.5 1.5 1.8 1.6 1.5 1.5 1.4 1.4 1.4 1.4 1.3 1.7 1.8 1.5
新北
SO2
04/15 1.6 1.5 1.6 1.7 1.7 2.1 1.8 1.7 1.8 1.7 1.8 1.9 1.7 2.4 2.5 2.9 2.9 3 2.9 2.1 1.4 1.3 1.4 1.2
新北
SO2
04/16 0.9 1.7 1.7 1.7 1.7 2.8 2.8 2.1 2 1.9 1.7 1.8 1.6 1.5 1.4 1.6 1.8 1.9 1.8 2 1.9 1.8 2 1.9
新北
SO2
04/17 2.4 1.2 1.4 1.4 1.4 1.7 1.7 1.8 1.6 1.6 1.5 1.6 1.8 1.5 1.5 1.8 1.8 1.6 2.5 3.9 5.2 2.3 1.7 1.5
新北
SO2
04/18 0.9 1.2 1.2 1.2 4.8 5.9 5 5 4.7 4.2 3.2 3.6 3.4# 3.7# 3.2# 2.8x 2.9# 2.8 3.9 2.8 3.4 2.9 1.9 1.6
新北
SO2
04/19 1.5 2.4 2.5 2.2 2.1 4.4 4.5 2.8 3.3 4.7 3.5 4.1 4.8 4.8 4.7 3.7 3.3 3.2 2.6 2.6 2.6 2.4 3.1 4
新北
SO2
04/20 3.8 6.6 4.3 3 2.6 3 4.5 4.6 3.8 3.5 3.1 3.4 3.7 3.3 3 2.7 3 2.8 2.4 2.2 2.4 2 2.2 1.9
新北
SO2
04/21 2.3 1.2 1 1 0.7 0.7 1.4 3.6 1.6 1.6 2.3 3.3 2.2 2 1.9 2.2 1.7 1.3 1.5 1.5 1.6 1.7 2.1 2.7
新北
SO2
04/22 2.2 1.8 3.2 1.2 1.2 1.3 1.4 2.5 4.4 4.3 3 2.4 1.5 2.3 3.1 3.1 2.9 3 3.1 3.3 2 2.5 2.3 2.9
新北
SO2
04/23 2.2 3.2 2.7 2.9 3.5 3 5.9 4.7 4 3.8 2.9 2.7 3.3 3.4 4.1 4.1 3.8 3.3 3.9 4.9 5.3 3.9 4 2.9
新北
SO2
04/24 4.3 6.2 5.1 3.6 3.5 4.3 6.5 5.1 4.1 3.1 2.7 2.9 2.6 2.5 3 2.7 3.4 2.6 2.6 3.2 3.3 3 3.2 3.3
新北
SO2
04/25 2.5 4.1 3.3 4.8 5.3 4.5 3.4 2.6 2.8 2.6 2.8 2.4 2.7 2.7 3.3 3.2 3.2 3.1 3.8 3.5 2.3 3.3 2.4 2
新北
SO2
04/26 1.7 1.3 1.1 1 1.2 1.7 1.5 1.6 1.9 2.5 2.4 1.6 2.3 2.2 1.6 1.6 2.1 3.9 3.6 1.6 1.7 2.8 3.7 2.8
新北
SO2
04/27 2 1.4 1.4 1.4 1.3 1.4 1.7 2.1 1.6 1.5 1.5 1.4 1.5 1.7 2 2.2 2.6 3.3 3.4 3.3 2.2 1.9 2.1 1.7
新北
SO2
04/28 1.8 1.1 1.1 1.9 1.8 1.5 3.6 3.8 3.3 1.9 0.9 1.2 1.2 1.4 2 2.2 2 2.3 3.7 3.5 3.1 2.6 2.5 1.6
新北
SO2
04/29 2.5 3.2 3.5 2.4 3.6 2.3 11 5 4.8 6 5 4.5 6.5 4.2 3.6 3.7 3.6 3.6 3.7 2.6 2.8 3 5.5 5.9
新北
SO2
04/30 4.1 4.5 5 3.3 2.4 1.8 2.2 3.9 4.2 3.2 2.8 2.3 1.9 1.7 1.9 1.6 1.9 1.8 2.4 2.3 2.1 1.8 1.6 1.7
新北
SO2
監測年月：2019/05， 測站：林口， 測項：SO2（ppb）
新北
SO2
日期 00 01 02 03 04 05 06 07 08 09 10 11 12 13 14 15 16 17 18 19 20 21 22 23
新北
SO2
05/01 1.7 2.1 2.3 2 1.5 1.6 1.5 1.6 1.6 1.4 1.6 1.5 1.6 1.5 1.7 1.7 1.7 1.6 1.6 1.7 1.7 1.8 1.7 1.7
新北
SO2
05/02 1.6 1.8 1.7 1.8 1.9 2.3 2.9 2.5 2.4 2 2# 1.8 1.7 1.7 1.8 1.8 1.8 2 2 2 2 1.7 1.7 1.5
新北
SO2
05/03 1.8 2.8 3.5 1.2 1.1 1.1 1.4 1.7 1.7 1.6 1.7 1.7 1.5 1.3 1.3 1.5 1.4 2.1 2.7 1.8 1.7 1.4 1.4 1.3
新北
SO2
05/04 1.5 1.5 1.6 1.8 1.7 1.5 1.6 1.6 1.6 1.5 1.6 1.5 1.6 1.5 1.6 1.8 1.6 1.7 1.7 1.6 1.7 1.8 1.7 1.6
新北
SO2
05/05 1.7 1.3 1.3 1.3 1.2 1.2 1.2 1.1 1.1 1.3 1.2 1.1 1.2 1.1 1.1 1 1.1 1.1 1.3 1.3 1.4 1.3 1 1.2
新北
SO2
05/06 1.5 1.2 1.1 1.2 1 1.2 1.2 1.5 1.3 1.2 1.5 1.5 1.1 1.3 1.4 1.7 1.5 1.5 1.4 1.3 1.5 1.3 1.5 1.3
新北
SO2
05/07 0.7 1.2 1 1.1 1 1.1 1 1.1 1.4 1 1.1 1.2 1.4 1.5 1.5 1.6 1.6 1.6 1.4 1.4 1.7 1.3 1.4 1
新北
SO2
05/08 1.7 0.8 1 1 1 1 1.1 1.5 1.1 1.4 1.2 1.7 1.2 1.1 1.1 1.1 1.1 1 1.1 1 1.1 1 0.9 1
新北
SO2
05/09 0.9 1 1 1 1 1 1 1.3 1.3 1.1 1.2 1.2 1.1 1.2 1.1 1.2 1.4 1.2 1.2 1.3 1.2 1.1 1.3 1.4
新北
SO2
05/10 2 1.5 1.3 1.7 1.7 2.1 1.9 1.5 2 2.8 2.1 2 1.8 2 1.8 2.2 3.1 2.2 2.1 1.4 1.7 1.2 1.4 1.6
新北
SO2
05/11 2.5 4.2 3.6 2.3 2 2.3 1.9 2.2 4.1 2.8 2.1 2.1 1.9 1.8 2 2 2.2 2.5 1.9 1.7 1.9 3 2.7 2.8
新北
SO2
05/12 1.8 1 0.8 1 1.8 2.4 2.8 1.9 2 1.5 1.7 1.2# 0.5# 0.5 0.6 0.7 0.6 0.5 0.9 1.2 1.4 0.9 0.6 0.7
新北
SO2
05/13 0.9 1.1 1 1 1 1.1 1.1 1.4 1.8 2.8 4.3 3.5 2.8 1.9 2.1 2.6 2.8 3.1 3.4 2.2 2.6 4.5 3.4 12
新北
SO2
05/14 8.4 6.1 7.9 6.1 6.6 5.3 5.3 6 4.9 5.3 4.9 3.5 3.5 2.9 2.8 2.4 2.3 2.5 2.6 2.4 2.2 2.4 2.3 2.3
新北
SO2
05/15 3.3 2.7 1.9 2.2 2.2 2.5 2.3 2.7 3.1 2.7 3.2 3.7 3.7 3.1 2.6 2.9# 2 2.7 3.3 3.5 3.8 2.7 2.9 5.5
新北
SO2
05/16 3 1.8 2.6 2.6 2.2 2.1 2.6 2.7 2.5 2.2 2.1 2.3 1.9 1.8 2.1 2.2 2.1 1.4 1.7 2 2.6 2.3 2 1.7
新北
SO2
05/17 2.1 2.3 2.5 1.9 1.8 1.8 2.4 1.9 2.1 1.9 1.7 1.9 1.8 2 2.5 2.6 3 2.5 2.6 3 2.3 2.7 3.7 3.6
新北
SO2
05/18 3.2 3.3 3.5 2.5 2.1 2.2 2.2 2.2 2 2.3 2 2 1.8 1.8 1.9 2 1.9 2 2 2 1.7 1.6 1.8 1.9
新北
SO2
05/19 2.6 3.6 2.9 2.4 3.4 3.4 3.3 3.2 3.6 2.9 2.2 2.3 2.4 2.3 2.3 2.4 2.6 2.4 2.8 2.5 2.9 2.5 2.4 2.8
新北
SO2
05/20 5 1.8 1.7 1.7 1.4 1.6 2.1 1 1.1 1.2 1.1 1.1 NA NA NA NA NA NA NA NA NA NA NA NA
新北
SO2
05/21 NA NA NA NA NA NA NA NA NA NA -0.3# -0.3# -0.3# 2.6# 1.9 1.4 1.8 2.7 2.4 1.1 0.8 0.7 0.7 0.7
新北
SO2
05/22 1.3 4 2.7 3.5 3.4 4.3 2.4 3.9 2.6 1.7 1.6 1.9 2.3 1.3 1.9 3.1 2.4 1.2 0.9 0.6 0.3 0 -0.3 -0.2
新北
SO2
05/23 1.7 0.7 0.8 0.7 1.4 1.6 0.7 0.3 0.4 0.2 0 -0.3 -0.7* -0.8* -0.9* -1.3* -1.4* -1.5* -1.6* -1.9* -2* -2.3* -2.4* -2.6*
新北
SO2
05/24 0.4 0.7 0.5 0.4 0.2 0.1 0.1 -0.1 0 -0.3 1.3 1.1 1 0.9 0.6 0.3 0.3 0 -0.2 -0.2 -0.4 -0.3 -0.6* -0.8*
新北
SO2
05/25 2.1 1 0.7 0 0.1 0.2 0.3 0.3 0.1 -0.2 -0.4 -0.6* -0.9* -1* -1.1* -1* -1* -1.1* -1.4* -1.2* -1.2* -1.4* -1.4* -1.5*
新北
SO2
05/26 0.9 0.9 0.8 0.9 0.7 0.5 0.6 0.8 0.8 1.7 1 1.1 1.4 1 1.1 0.7 0.7 0.9 0.6 0.1 -0.3 -0.6* -0.7* -0.7*
新北
SO2
05/27 0.4 1.2 1 0.9 1.3 3.2 3.1 2.7 2.4 2 1.8 1.6 1.7 0.7 0.7 0.2 0.1 0.3 0.3 0.1 0 0.1 0 -0.1
新北
SO2
05/28 2.2 3.5 5.7 5.2 4.4 4.8 4.2 3.9 2 1.7 1.8 2 1.5 1.5 1.3 2.5 2.3 2.4 2.3 2.2 2.2 2 2.1 2.1
新北
SO2
05/29 2.1 1.1 1.1 1.3 1.2 1.4 1.8 1.4 1.2 1.3 1 0.9 0.7 0.8 0.5 0.8 1.1 0.6 0.5 1 0.7 1.2 0.8 1
新北
SO2
05/30 2 2.1 2 2.1 2.7 3.7 2.8 3.5 3.5 3.3 2.4# 1.4 1.6 2.3 3.5 2.1 2 1.6 1.4 1 1.4 3.1 3.7 3.1
新北
CO
01/01 0.23 0.22 0.21 0.19 0.19 0.19 0.2 0.24 0.25 0.25 0.25 0.24 0.25 0.25 0.26 0.27 0.29 0.28 0.27 0.27 0.24 0.24 0.24 0.21
新北
CO
01/02 0.19 0.2 0.19 0.19 0.19 0.2 0.24 0.39 0.41 0.35 0.3 0.3 0.3 0.29 0.31 0.33 0.34 0.4 0.42 0.39 0.34 0.32 0.3 0.29
新北
CO
01/03 0.25 0.22 0.21 0.22 0.22 0.23 0.29 0.4 0.47 0.42 0.4 0.37 0.39 0.38 0.39 0.43 0.42 0.46 0.48 0.44 0.39 0.38 0.36 0.32
新北
CO
01/04 0.28 0.23 0.22 0.21 0.2 0.2 0.23 0.36 0.45 0.37 0.33 0.45 0.46 0.29 0.23 0.25 0.25 0.25 0.26 0.25 0.42 0.44 0.33 0.26
新北
CO
01/05 0.24 0.25 0.24 0.24 0.23 0.24 0.24 0.28 0.23 0.28 0.26 0.39 0.24 0.42 0.34 0.47 0.43 0.44 0.47 0.51 0.53 0.55 0.55 0.41
新北
CO
01/06 0.35 0.38 0.37 0.37 0.35 0.33 0.31 0.33 0.37 0.44 0.42 0.46 0.45 0.45 0.46 0.48 0.46 0.46 0.44 0.38 0.33 0.31 0.31 0.29
新北
CO
01/07 0.26 0.25 0.24 0.24 0.24 0.25 0.28 0.38 0.42 0.36 0.33 0.32 0.33 0.33 0.36 0.41 0.43 0.56 0.67 0.69 0.64 0.8 0.87 0.71
新北
CO
01/08 0.79 0.47 0.41 0.33 0.22 0.21 0.22 0.26 0.25 0.25 0.24 0.24 0.25 0.27 0.29 0.28 0.3 0.4 0.43 0.48 0.38 0.34 0.32 0.31
新北
CO
01/09 0.29 0.27 0.27 0.27 0.27 0.28 0.32 0.41 0.43 0.37 0.35 0.38# 0.42 0.41 0.39# 0.4 0.39 0.46 0.5 0.48 0.46 0.44 0.41 0.39
新北
CO
01/10 0.36 0.34 0.33 0.32 0.32 0.33 0.36 0.47 0.49 0.42 0.58 0.35 0.32 0.29# 0.25 0.24 0.25 0.27 0.43 0.72 0.56 0.72 0.67 0.76
新北
CO
01/11 0.48 0.31 0.32 0.64 0.49 0.43 0.51 0.5 0.37 0.29 0.54 0.22 0.21 0.19 0.25 0.24 0.23 0.22 0.23 0.24 0.47 0.63 0.71 0.43
新北
CO
01/12 0.44 0.25 0.29 0.3 0.24 0.22 0.23 0.25 0.26 0.28 0.32 0.39 0.33 0.33 0.34 0.37 0.45 0.58 0.6 0.56 0.54 0.59 0.62 0.61
新北
CO
01/13 0.58 0.6 0.54 0.45 0.43 0.44 0.47 0.52 0.53 0.52 0.55 0.46 0.44 0.43 0.45 0.42 0.42 0.47 0.48 0.51 0.53 0.51 0.47 0.43
新北
CO
01/14 0.4 0.36 0.35 0.33 0.33 0.33 0.37 0.48 0.53 0.45 0.39 0.38 0.37 0.36 0.36 0.37 0.39 0.43 0.44 0.42 0.38 0.37 0.35 0.33
新北
CO
01/15 0.31 0.29 0.28 0.26 0.29 0.34 0.49 0.64 0.63 0.49 0.4 0.48 0.31 0.36 0.33 0.28 0.27 0.3 0.29 0.28 0.27 0.27 0.26 0.25
新北
CO
01/16 0.25 0.25 0.33 0.4 0.43 0.45 0.44 0.51 0.48 0.42 0.41 0.41 0.46 0.45 0.54 0.55 0.56 0.52 0.34 0.33 0.29 0.27 0.25 0.24
新北
CO
01/17 0.24 0.3 0.3 0.29 0.29 0.29 0.3 0.33 0.32 0.37 0.36 0.36 0.34 0.33 0.35 0.36 0.41 0.44 0.43 0.41 0.41 0.39 0.38 0.38
新北
CO
01/18 0.36 0.29 0.3 0.29 0.28 0.27 0.28 0.33 0.37 0.32 0.25 0.24 0.25 0.22 0.21 0.22 0.24 0.33 0.38 0.32 0.3 0.29 0.28 0.27
新北
CO
01/19 0.25 0.23 0.23 0.23 0.28 0.41 0.43 0.72 0.7 0.5 0.36 0.36 0.29 0.24 0.24 0.24 0.29 0.45 0.61 0.82 0.85 0.68 0.62 0.44
新北
CO
01/20 0.36 0.3 0.34 0.29 0.33 0.45 0.29 0.27 0.3 0.34 0.27 0.38 0.44 0.55 0.66 0.63 0.58 0.66 0.54 0.48 0.49 0.49 0.5 0.48
新北
CO
01/21 0.46 0.42 0.38 0.3 0.29 0.28 0.29 0.32 0.32 0.26 0.27 0.33 0.31 0.24 0.21 0.21 0.23 0.27 0.3 0.27 0.24 0.21 0.21 0.21
新北
CO
01/22 0.21 0.22 0.24 0.27 0.26 0.26 0.27 0.33 0.35 0.35 0.34 0.34 0.35 0.37 0.36 0.38 0.39 0.42 0.41 0.47 0.45 0.4 0.37 0.45
新北
CO
01/23 0.49 0.38 0.36 0.35 0.33 0.35 0.39 0.54 0.57 0.46 0.37 0.36 0.36 0.38# 0.39# 0.38x 0.38# 0.44 0.47 0.49 0.45 0.43 0.44 0.4
新北
CO
01/24 0.36 0.34 0.34 0.34 0.34 0.35 0.35 0.47 0.58 0.42 0.34 0.33 0.34 0.35 0.35 0.33 0.35 0.39 0.45 0.49 0.49 0.44 0.44 0.45
新北
CO
01/25 0.44 0.41 0.37 0.35 0.37 0.37 0.46 0.72 0.73 0.62 0.41 0.39 0.31 0.3 0.29 0.3 0.3 0.32 0.36 0.32 0.31 0.33 0.32 0.34
新北
CO
01/26 0.32 0.31 0.27 0.23 0.17 0.18 0.18 0.2 0.21 0.29 0.28 0.28 0.33 0.33 0.26 0.19 0.19 0.21 0.23 0.2 0.2 0.18 0.16 0.15
新北
CO
01/27 0.15 0.13 0.14 0.13 0.13 0.14 0.17 0.21 0.2 0.19 0.22 0.22 0.2 0.2 0.18 0.19 0.2 0.24 0.26 0.29 0.3 0.31 0.28 0.26
新北
CO
01/28 0.22 0.18 0.17 0.16 0.15 0.17 0.23 0.39 0.38 0.42 0.37 0.31 0.16 0.14 0.14 0.14 0.21 0.38 0.35 0.28 0.33 0.3 0.21 0.26
新北
CO
01/29 0.26 0.2 0.18 0.17 0.18 0.19 0.24 0.32 0.4 0.33 0.27 0.26 0.26 0.25 0.26 0.25 0.28 0.34 0.37 0.33 0.31 0.31 0.31 0.31
新北
CO
01/30 0.31 0.27 0.22 0.22 0.22 0.22 0.29 0.59 0.87 0.53 0.55 0.51 0.44 0.35 0.38 0.34 0.35 0.71 0.84 0.77 0.81 0.84 0.85 0.88
新北
CO
01/31 0.73 0.77 0.56 0.32 0.27 0.27 0.28 0.39 0.47 0.41 0.38 0.36 0.33 0.26 0.24 0.24 0.31 0.41 0.49 0.4 0.42 0.47 0.46 0.41
新北
CO
監測年月：2019/02， 測站：林口， 測項：CO（ppm）
新北
CO
日期 00 01 02 03 04 05 06 07 08 09 10 11 12 13 14 15 16 17 18 19 20 21 22 23
新北
CO
02/01 0.36 0.29 0.26 0.26 0.26 0.29 0.33 0.4 0.39 0.37 0.37 0.41 0.43 0.44 0.44 0.49 0.49 0.49 0.47 0.44 0.37 0.33 0.31 0.29
新北
CO
02/02 0.28 0.28 0.29 0.29 0.3 0.29 0.35 0.54 0.68 0.55 0.43 0.47 0.47 0.37 0.33 0.35 0.37 0.39 0.41 0.47 0.58 0.65 0.61 0.81
新北
CO
02/03 0.66 0.83 0.58 0.54 0.49 0.42 0.38 0.44 0.43 0.55 0.67 0.49 0.39 0.36 0.32 0.31 0.33 0.38 0.35 0.43 0.68 0.74 0.82 0.8
新北
CO
02/04 0.56 0.54 0.52 0.71 0.78 0.69 0.7 0.71 0.65 0.65 0.65 0.68 0.74 0.78 0.79 0.8 0.78 0.75 0.81 0.76 0.71 0.68 0.61 0.55
新北
CO
02/05 0.52 0.51 0.49 0.47 0.4 0.38 0.37 0.35 0.31 0.38 0.38 0.23 0.18 0.24 0.21 0.18 0.2 0.21 0.41 0.43 0.35 0.37 0.33 0.33
新北
CO
02/06 0.31 0.37 0.32 0.31 0.32 0.33 0.41 0.42 0.4 0.51 0.47 0.43 0.33 0.33 0.37 0.37 0.41 0.45 0.49 0.45 0.47 0.56 0.76 0.69
新北
CO
02/07 0.45 0.4 0.44 0.4 0.36 0.37 0.4 0.47 0.44 0.41 0.33 0.23# 0.18 0.16 0.31 0.32 0.32 0.34 0.34 0.38 0.37 0.37 0.39 0.44
新北
CO
02/08 0.42 0.34 0.27 0.25 0.26 0.27 0.25 0.24 0.24 0.23 0.22 0.22 0.2 0.19 0.21 0.24 0.29 0.25 0.22 0.21 0.2 0.18 0.17 0.17
新北
CO
02/09 0.17 0.22 0.26 0.24 0.2 0.19 0.19 0.21 0.24 0.2 0.2 0.19 0.2 0.22 0.25 0.21 0.21 0.2 0.19 0.19 0.18 0.18 0.19 0.19
新北
CO
02/10 0.19 0.15 0.15 0.15 0.15 0.15 0.16 0.19 0.24 0.25 0.27 0.29 0.23 0.22 0.21 0.22 0.22 0.21 0.21 0.2 0.2 0.2 0.19 0.19
新北
CO
02/11 0.17 0.18 0.19 0.19 0.19 0.19 0.21 0.27 0.29 0.26 0.27 0.23 0.21 0.2 0.2# 0.22 0.23 0.29 0.33 0.36 0.3 0.26 0.26 0.24
新北
CO
02/12 0.24 0.2 0.19 0.18 0.18 0.2 0.23 0.33 0.37 0.37 0.28 0.27 0.25 0.24 0.27 0.29 0.24 0.2 0.2 0.18 0.17 0.17 0.18 0.2
新北
CO
02/13 0.22 0.2 0.2 0.2 0.2 0.19 0.2 0.26 0.27 0.24 0.23 0.23 0.24 0.26 0.25 0.28 0.3 0.35 0.39 0.37 0.37 0.32 0.34 0.31
新北
CO
02/14 0.29 0.25 0.25 0.22 0.21 0.21 0.23 0.29 0.31 0.27 0.25 0.27 0.28 0.29 0.31 0.33 0.34 0.37 0.41 0.38 0.46 0.55 0.48 0.46
新北
CO
02/15 0.4 0.33 0.29 0.28 0.25 0.26 0.27 0.35 0.32 0.28 0.28 0.34 0.34 0.29 0.26 0.28 0.29 0.28 0.3 0.31 0.39 0.52 0.47 0.33
新北
CO
02/16 0.28 0.29 0.31 0.3 0.28 0.27 0.27 0.3 0.35 0.47 0.42 0.3 0.28 0.27 0.28 0.3 0.32 0.36 0.35 0.39 0.36 0.34 0.4 0.37
新北
CO
02/17 0.33 0.28 0.29 0.29 0.3 0.3 0.3 0.28 0.28 0.28 0.29 0.28 0.28 0.26 0.27 0.29 0.27 0.29 0.28 0.24 0.23 0.22 0.22 0.22
新北
CO
02/18 0.23 0.23 0.2 0.18 0.18 0.19 0.24 0.47 0.3 0.33 0.34 0.45 0.33 0.16 0.15 0.18 0.2 0.2 0.18 0.2 0.18 0.18 0.25 0.47
新北
CO
02/19 0.5 0.18 0.19 0.2 0.24 0.27 0.32 0.59 0.7 0.33 0.29 0.27 0.46 0.35 0.26 0.26 0.27 0.37 0.74 0.89 0.68 0.65 0.54 0.48
新北
CO
02/20 0.36 0.33 0.28 0.25 0.26 0.28 0.45 0.52 0.62 0.71 0.69 0.33 0.24 0.23 0.2 0.19 0.2 0.2 0.21 0.24 0.26 0.31 0.32 0.3
新北
CO
02/21 0.31 0.3 0.3 0.31 0.32 0.34 0.4 0.47 0.53 0.48 0.43 0.43 0.42 0.39 0.3 0.29 0.25 0.26 0.24 0.32 0.31 0.31 0.39 0.38
新北
CO
02/22 0.35 0.28 0.27 0.27 0.27 0.27 0.29 0.32 0.26 0.26 0.26 0.27 0.27# 0.28# 0.31# 0.31 0.31 0.34 0.32 0.33 0.34 0.37 0.41 0.43
新北
CO
02/23 0.47 0.45 0.44 0.44 0.44 0.45 0.47 0.56 0.54 0.5 0.48 0.45 0.44 0.42 0.46 0.41 0.44 0.53 0.5 0.47 0.41 0.41 0.36 0.31
新北
CO
02/24 0.31 0.27 0.25 0.23 0.22 0.22 0.23 0.26 0.32 0.36 0.4 0.41 0.42 0.41 0.42 0.38 0.37 0.39 0.39 0.4 0.42 0.39 0.37 0.38
新北
CO
02/25 0.42 0.57 0.5 0.42 0.41 0.33 0.36 0.57 0.38 0.34 0.29 0.28 0.27 0.29 0.41 0.4 0.34 0.32 0.3 0.28 0.27 0.34 0.31 0.28
新北
CO
02/26 0.26 0.22 0.21 0.21 0.21 0.25 0.28 0.42 0.46 0.39 0.28 0.28# 0.32 0.27 0.27 0.26 0.28 0.31 0.3 0.32 0.34 0.45 0.54 0.5
新北
CO
02/27 0.46 0.47 0.48 0.49 0.41 0.37 0.38 0.47 0.52 0.43 0.4 0.37 0.43 0.45 0.39 0.43 0.47 0.45 0.4 0.56 0.68 0.76 0.6 0.38
新北
CO
02/28 0.33 0.26 0.22 0.2 0.21 0.23 0.27 0.28 0.35 0.26 0.24 0.24 0.25 0.24 0.27 0.33 0.34 0.4 0.36 0.36 0.34 0.33 0.32 0.31
新北
CO
監測年月：2019/03， 測站：林口， 測項：CO（ppm）
新北
CO
日期 00 01 02 03 04 05 06 07 08 09 10 11 12 13 14 15 16 17 18 19 20 21 22 23
新北
CO
03/01 0.3 0.31 0.31 0.29 0.33 0.32 0.33 0.42 0.36 0.35 0.35 0.35 0.34 0.34 0.33 0.32 0.32 0.35 0.36 0.34 0.32 0.33 0.29 0.28
新北
CO
03/02 0.31 0.42 0.36 0.32 0.32 0.32 0.38 0.44 0.5 0.56 0.55 0.41 0.41 0.41 0.42 0.43 0.46 0.49 0.57 0.6 0.61 0.46 0.54 0.63
新北
CO
03/03 0.55 0.84 0.47 0.6 0.84 0.51 0.47 0.4 0.45 0.66 0.42 0.26 0.2 0.22 0.34 0.32 0.32 0.36 0.4 0.28 0.26 0.29 0.31 0.31
新北
CO
03/04 0.34 0.3 0.31 0.3 0.3 0.34 0.37 0.48 0.46 0.45 0.49 0.49 0.49 0.49 0.5 0.51 0.54 0.58 0.58 0.54 0.51 0.49 0.46 0.4
新北
CO
03/05 0.35 0.33 0.32 0.34 0.34 0.34 0.38 0.48 0.49 0.46 0.45 0.4 0.39 0.4 0.44 0.43 0.41 0.39 0.35 0.37 0.46 0.55 0.49 0.35
新北
CO
03/06 0.38 0.43 0.35 0.32 0.29 0.29 0.32 0.43 0.54 0.33 0.34 0.36 0.34 0.3 0.32 0.33 0.38 0.43 0.44 0.42 0.53 0.55 0.47 0.45
新北
CO
03/07 0.36 0.3 0.27 0.25 0.24 0.25 0.27 0.38 0.46 0.43 0.43 0.45 0.42 0.45# 0.58 0.64 0.56 0.5 0.47 0.58 0.46 0.48 0.48 0.51
新北
CO
03/08 0.47 0.48 0.39 0.3 0.21 0.21 0.22 0.3 0.35 0.36 0.37 0.31 0.28 0.23 0.27 0.25 0.25 0.41 0.34 0.36 0.27 0.27 0.26 0.28
新北
CO
03/09 0.24 0.33 0.35 0.34 0.33 0.3 0.36 0.47 0.45 0.36 0.53 0.56 0.46 0.39 0.45 0.48 0.39 0.28 0.54 0.52 0.33 0.28 0.25 0.24
新北
CO
03/10 0.23 0.24 0.25 0.19 0.17 0.17 0.22 0.22 0.25 0.29 0.3 0.32 0.34 0.33 0.34 0.35 0.37 0.38 0.46 0.42 0.53 0.63 0.52 0.45
新北
CO
03/11 0.44 0.42 0.41 0.39 0.37 0.36 0.38 0.54 0.55 0.48 0.38 0.33 0.3 0.32 0.35 0.34 0.43 0.53 0.51 0.49 0.43 0.47 0.48 0.41
新北
CO
03/12 0.33 0.32 0.32 0.3 0.29 0.31 0.36 0.47 0.6 0.49 0.41 0.37 0.37 0.31 0.27 0.26 0.3 0.43 0.48 0.54 0.49 0.43 0.4 0.35
新北
CO
03/13 0.3 0.27 0.26 0.26 0.26 0.3 0.35 0.48 0.53 0.36 0.29 0.28 0.28 0.26 0.28 0.3 0.32 0.39 0.4 0.37 0.38 0.36 0.36 0.33
新北
CO
03/14 0.31 0.3 0.29 0.28 0.28 0.29 0.35 0.53 0.67 0.67 0.43 0.4 0.34 0.28 0.25 0.24 0.25 0.27 0.25 0.23 0.23 0.23 0.23 0.22
新北
CO
03/15 0.22 0.18 0.18 0.19 0.19 0.21 0.26 0.41 0.32 0.24 0.22 0.22 0.2 0.2 0.21 0.23 0.32 0.39 0.38 0.36 0.38 0.33 0.32 0.3
新北
CO
03/16 0.32 0.26 0.25 0.22 0.23 0.21 0.23 0.28 0.28 0.26 0.27 0.29 0.27 0.26 0.26 0.28 0.28 0.29 0.28 0.29 0.28 0.28 0.27 0.26
新北
CO
03/17 0.26 0.23 0.22 0.21 0.21 0.22 0.25 0.27 0.31 0.36 0.36 0.39 0.46 0.39 0.34 0.32 0.29 0.28 0.3 0.32 0.31 0.3 0.32 0.32
新北
CO
03/18 0.26 0.22 0.26 0.28 0.33 0.4 0.52 0.51 0.6 0.61 0.37 0.26 0.21 0.22 0.22 0.22 0.27 0.51 0.28 0.28 0.33 0.27 0.29 0.27
新北
CO
03/19 0.27 0.26 0.28 0.28 0.21 0.21 0.26 0.39 0.5 0.65 0.54 0.37 0.3 0.31 0.31 0.31 0.32 0.36 0.38 0.35 0.34 0.34 0.34 0.32
新北
CO
03/20 0.29 0.29 0.3 0.32 0.33 0.34 0.35 0.61 0.67 0.79 0.73 0.6 0.38 0.45 0.52 0.49 0.49 0.37 0.33 0.29 0.3 0.32 0.32 0.29
新北
CO
03/21 0.3 0.28 0.33 0.32 0.28 0.27 0.36 0.47 0.39 0.39 0.39 0.39 0.39 0.24 0.22# 0.21 0.28 0.37 0.31 0.24 0.19 0.16 0.17 0.19
新北
CO
03/22 0.2 0.21 0.25 0.3 0.29 0.28 0.28 0.41 0.48 0.38 0.32 0.31 0.31 0.3 0.32 0.28 0.28 0.33 0.29 0.25 0.24 0.23 0.21 0.2
新北
CO
03/23 0.19 0.16 0.16 0.15 0.14 0.16 0.15 0.18 0.18 0.17 0.18 0.16 0.15 0.15 0.16 0.17 0.17 0.19 0.17 0.18 0.18 0.19 0.21 0.23
新北
CO
03/24 0.22 0.18 0.17 0.18 0.18 0.2 0.2 0.22 0.23 0.24 0.23 0.24 0.25 0.26 0.26 0.24 0.27 0.31 0.45 0.37 0.36 0.3 0.31 0.38
新北
CO
03/25 0.35 0.32 0.3 0.3 0.3 0.29 0.42 0.45 0.5 0.74 0.49 0.25 0.22 0.25 0.25 0.27 0.26 0.26 0.27 0.26 0.28 0.28 0.25 0.24
新北
CO
03/26 0.24 0.24 0.26 0.3 0.29 0.3 0.37 0.47 0.43 0.37 0.33 0.33 0.32 0.3 0.3 0.31 0.33 0.37 0.38 0.35 0.34 0.34 0.34 0.32
新北
CO
03/27 0.29 0.27 0.27 0.3 0.35 0.43 0.54 0.64 0.64 0.49 0.33 0.25 0.25 0.27 0.27 0.27 0.32 0.36 0.49 0.56 0.49 0.41 0.41 0.46
新北
CO
03/28 0.47 0.56 0.43 0.42 0.36 0.38 0.45 0.55 0.51 0.39 0.26 0.23 0.22 0.23 0.22 0.23 0.26 0.27 0.3 0.29 0.31 0.39 0.39 0.34
新北
CO
03/29 0.3 0.27 0.29 0.2 0.18 0.18 0.2 0.21 0.25 0.25 0.2 0.18 0.19 0.19 0.19 0.2 0.24 0.28 0.27 0.24 0.23 0.24 0.21 0.22
新北
CO
03/30 0.27 0.26 0.26 0.27 0.3 0.3 0.42 0.37 0.29 0.28 0.31 0.24 0.25 0.21 0.23 0.27 0.36 0.36 0.32 0.31 0.3 0.28 0.26 0.25
新北
CO
03/31 0.22 0.19 0.19 0.18 0.18 0.19 0.23 0.33 0.4 0.4 0.37 0.34 0.3 0.27 0.26 0.25 0.26 0.26 0.27 0.25 0.25 0.24 0.2 0.19
新北
CO
監測年月：2019/04， 測站：林口， 測項：CO（ppm）
新北
CO
日期 00 01 02 03 04 05 06 07 08 09 10 11 12 13 14 15 16 17 18 19 20 21 22 23
新北
CO
04/01 0.19 0.18 0.18 0.18 0.18 0.2 0.24 0.35 0.39 0.33 0.27 0.27 0.25 0.25 0.27 0.28 0.29 0.35 0.34 0.33 0.32 0.33 0.31 0.26
新北
CO
04/02 0.25 0.23 0.23 0.22 0.22 0.23 0.26 0.34 0.4 0.35 0.32 0.33 0.35 0.36# 0.42 0.45 0.57 0.91 0.79 0.88 0.77 0.58 0.62 0.36
新北
CO
04/03 0.18 0.18 0.18 0.18 0.19 0.19 0.19 0.26 0.34 0.35 0.32 0.34 0.36 0.31 0.3 0.34 0.45 0.71 0.74 0.51 0.41 0.4 0.37 0.88
新北
CO
04/04 0.35 0.25 0.22 0.21 0.21 0.23 0.24 0.36 0.36 0.37 0.49 0.42 0.35 0.33 0.29 0.21 0.2 0.21 0.21 0.22 0.22 0.21 0.23 0.22
新北
CO
04/05 0.22 0.18 0.17 0.17 0.17 0.17 0.18 0.18 0.18 0.18 0.18 0.19 0.22 0.21 0.24 0.24 0.24 0.27 0.42 0.36 0.32 0.32 0.34 0.34
新北
CO
04/06 0.34 0.34 0.31 0.3 0.29 0.28 0.28 0.32 0.34 0.36 0.31 0.28 0.31 0.31 0.31 0.32 0.37 0.5 0.59 0.56 0.53 0.55 0.71 0.69
新北
CO
04/07 0.68 0.51 0.47 0.49 0.44 0.47 0.44 0.47 0.43 0.41 0.36 0.35 0.35 0.34 0.35 0.36 0.38 0.4 0.45 0.42 0.4 0.45 0.49 0.47
新北
CO
04/08 0.47 0.43 0.58 0.74 0.82 0.84 0.96 0.97 0.58 0.49 0.54 0.49 0.43 0.37 0.35 0.32 0.33 0.33 0.35 0.46 0.65 0.81 0.71 0.88
新北
CO
04/09 0.73 0.49 0.43 0.4 0.42 0.67 0.74 0.87 0.8 0.46 0.49 0.43 0.41 0.31 0.24 0.23 0.22 0.28 0.28 0.29 0.29 0.23 0.25 0.24
新北
CO
04/10 0.21 0.2 0.21 0.22 0.24 0.26 0.32 0.31 0.28 0.25 0.19 0.19 0.18 0.19 0.22 0.26 0.35 0.41 0.53 0.41 0.35 0.31 0.29 0.26
新北
CO
04/11 0.25 0.23 0.22 0.22 0.22 0.24 0.28 0.41 0.53 0.54 0.59 0.61 0.4 0.3 0.26 0.2 0.18 0.22 0.27 0.44 0.29 0.22 0.18 0.18
新北
CO
04/12 0.19 0.24 0.26 0.26 0.26 0.29 0.33 0.42 0.42 0.38 0.33 0.31 0.29 0.28 0.25 0.25 0.26 0.31 0.3 0.27 0.27 0.24 0.22 0.21
新北
CO
04/13 0.19 0.18 0.18 0.18 0.18 0.21 0.22 0.26 0.4 0.49 0.41 0.22 0.21 0.42 0.41 0.22 0.19 0.38 0.41 0.45 0.22 0.27 0.34 0.22
新北
CO
04/14 0.2 0.18 0.18 0.16 0.17 0.19 0.3 0.37 0.29 0.25 0.2 0.19 0.18 0.17 0.18 0.2 0.21 0.21 0.21 0.22 0.23 0.32 0.3 0.26
新北
CO
04/15 0.29 0.27 0.25 0.23 0.24 0.26 0.32 0.42 0.4 0.33 0.3 0.3 0.28 0.29 0.28 0.28 0.29 0.35 0.37 0.33 0.29 0.29 0.26 0.23
新北
CO
04/16 0.22 0.22 0.21 0.22 0.21 0.25 0.4 0.37 0.33 0.26 0.24 0.35 0.31 0.16 0.16 0.16 0.18 0.22 0.21 0.21 0.23 0.2 0.21 0.2
新北
CO
04/17 0.2 0.18 0.18 0.19 0.2 0.23 0.31 0.37 0.33 0.31 0.29 0.27 0.27 0.27 0.29 0.31 0.32 0.47 0.5 0.48 0.39 0.37 0.38 0.36
新北
CO
04/18 0.33 0.28 0.27 0.28 0.37 0.5 0.63 0.73 0.68 0.54 0.41 0.36 0.31# 0.31# 0.3# 0.31x 0.37# 0.34 0.41 0.6 0.71 0.99 0.8 0.5
新北
CO
04/19 0.53 0.75 0.48 0.36 0.31 0.41 0.51 0.44 0.41 0.46 0.43 0.38 0.36 0.38 0.35 0.35 0.36 0.36 0.49 0.51 0.4 0.37 0.48 0.7
新北
CO
04/20 0.48 0.46 0.38 0.31 0.31 0.33 0.41 0.48 0.36 0.25 0.25 0.24 0.24 0.23 0.23 0.24 0.25 0.29 0.3 0.39 0.57 0.52 0.28 0.45
新北
CO
04/21 0.51 0.64 0.53 0.45 0.3 0.24 0.26 0.32 0.27 0.27 0.24 0.28 0.22 0.23 0.24 0.24 0.25 0.26 0.4 0.46 0.38 0.56 0.71 0.81
新北
CO
04/22 0.61 0.51 0.35 0.32 0.32 0.36 0.4 0.67 0.29 0.29 0.24 0.22 0.16 0.16 0.17 0.18 0.17 0.18 0.19 0.21 0.21 0.25 0.3 0.29
新北
CO
04/23 0.25 0.52 0.3 0.31 0.2 0.22 0.26 0.52 0.37 0.23 0.23 0.26 0.27 0.25 0.24 0.23 0.21 0.23 0.3 0.33 0.4 0.47 0.41 0.32
新北
CO
04/24 0.34 0.54 0.67 0.62 0.49 0.54 0.6 0.47 0.24 0.2 0.17 0.2 0.18 0.18 0.17 0.16 0.18 0.17 0.2 0.25 0.37 0.33 0.28 0.24
新北
CO
04/25 0.21 0.2 0.19 0.24 0.22 0.28 0.29 0.36 0.25 0.28 0.21 0.18 0.15 0.14 0.18 0.17 0.16 0.17 0.26 0.15 0.09 0.13 0.1 0.1
新北
CO
04/26 0.12 0.14 0.15 0.15 0.17 0.21 0.29 0.42 0.45 0.38 0.32 0.3 0.29 0.29 0.24 0.28 0.35 0.44 0.44 0.37 0.45 0.43 0.4 0.37
新北
CO
04/27 0.35 0.31 0.33 0.31 0.29 0.29 0.34 0.39 0.39 0.36 0.34 0.35 0.33 0.33 0.3 0.28 0.27 0.31 0.35 0.36 0.32 0.31 0.32 0.32
新北
CO
04/28 0.27 0.29 0.27 0.24 0.22 0.26 0.5 0.46 0.39 0.21 0.16 0.16 0.18 0.17 0.2 0.17 0.2 0.34 0.54 0.66 0.67 0.55 0.37 0.52
新北
CO
04/29 0.63 0.4 0.3 0.32 0.31 0.33 0.42 0.64 0.58 0.39 0.32 0.31 0.31 0.28 0.2 0.2 0.21 0.19 0.23 0.28 0.37 0.56 0.59 0.67
新北
CO
04/30 0.78 0.62 0.67 0.58 0.36 0.31 0.42 0.44 0.42 0.33 0.27 0.22 0.14 0.15 0.14 0.14 0.14 0.16 0.17 0.17 0.19 0.21 0.23 0.24
新北
CO
監測年月：2019/05， 測站：林口， 測項：CO（ppm）
新北
CO
日期 00 01 02 03 04 05 06 07 08 09 10 11 12 13 14 15 16 17 18 19 20 21 22 23
新北
CO
05/01 0.21 0.15 0.18 0.18 0.18 0.16 0.17 0.24 0.3 0.33 0.32 0.29 0.31 0.29 0.28 0.29 0.28 0.28 0.26 0.36 0.53 0.36 0.31 0.3
新北
CO
05/02 0.32 0.27 0.3 0.35 0.37 0.42 0.49 0.53 0.52 0.47 0.41# 0.39 0.4 0.37 0.38 0.35 0.38 0.47 0.49 0.4 0.35 0.31 0.34 0.33
新北
CO
05/03 0.28 0.24 0.23 0.21 0.23 0.24 0.31 0.4 0.32 0.24 0.22 0.21 0.2 0.2 0.19 0.2 0.21 0.26 0.27 0.34 0.33 0.33 0.32 0.29
新北
CO
05/04 0.23 0.21 0.2 0.19 0.19 0.18 0.2 0.24 0.24 0.24 0.25 0.25 0.22 0.23 0.23 0.23 0.24 0.29 0.33 0.31 0.26 0.24 0.24 0.22
新北
CO
05/05 0.21 0.2 0.18 0.18 0.18 0.19 0.22 0.25 0.23 0.23 0.23 0.22 0.21 0.21 0.19 0.2 0.22 0.24 0.25 0.25 0.24 0.24 0.23 0.23
新北
CO
05/06 0.19 0.16 0.16 0.15 0.15 0.16 0.18 0.33 0.39 0.32 0.35 0.33 0.18 0.2 0.27 0.35 0.36 0.34 0.36 0.32 0.39 0.31 0.28 0.22
新北
CO
05/07 0.21 0.18 0.16 0.15 0.15 0.15 0.16 0.26 0.46 0.23 0.19 0.19 0.18 0.24 0.23 0.27 0.32 0.4 0.37 0.34 0.31 0.29 0.21 0.18
新北
CO
05/08 0.16 0.16 0.16 0.15 0.15 0.17 0.21 0.35 0.34 0.45 0.46 0.35 0.27 0.22 0.22 0.21 0.2 0.21 0.22 0.21 0.21 0.19 0.16 0.18
新北
CO
05/09 0.2 0.19 0.18 0.13 0.13 0.13 0.15 0.23 0.19 0.18 0.17 0.16 0.17 0.17 0.18 0.19 0.39 0.22 0.35 0.5 0.42 0.28 0.28 0.21
新北
CO
05/10 0.18 0.19 0.18 0.19 0.19 0.22 0.28 0.45 0.49 0.39 0.3 0.34 0.38 0.35 0.33 0.34 0.37 0.39 0.43 0.34 0.25 0.23 0.26 0.23
新北
CO
05/11 0.21 0.18 0.18 0.17 0.17 0.18 0.22 0.38 0.46 0.31 0.2 0.26 0.25 0.26 0.23 0.21 0.24 0.26 0.33 0.31 0.26 0.22 0.21 0.2
新北
CO
05/12 0.17 0.16 0.17 0.18 0.19 0.2 0.23 0.28 0.31 0.25 0.25 0.25# 0.21# 0.21 0.2 0.2 0.2 0.23 0.24 0.23 0.25 0.23 0.24 0.23
新北
CO
05/13 0.21 0.17 0.17 0.17 0.16 0.18 0.23 0.41 0.39 0.35 0.42 0.36 0.31 0.29 0.29 0.32 0.32 0.32 0.43 0.37 0.68 0.78 0.61 0.73
新北
CO
05/14 0.49 0.38 0.43 0.46 0.39 0.29 0.33 0.41 0.38 0.35 0.25 0.2 0.17 0.17 0.13 0.13 0.16 0.18 0.25 0.27 0.25 0.45 0.55 0.46
新北
CO
05/15 0.45 0.42 0.36 0.36 0.32 0.34 0.41 0.67 0.7 0.68 0.39 0.37 0.26 0.27 0.27 0.26# 0.21 0.31 0.62 0.9 0.77 0.72 0.73 0.37
新北
CO
05/16 0.25 0.17 0.17 0.17 0.16 0.17 0.21 0.23 0.24 0.17 0.19 0.21 0.19 0.19 0.19 0.18 0.17 0.16 0.18 0.2 0.18 0.16 0.15 0.14
新北
CO
05/17 0.11 0.18 0.18 0.17 0.13 0.14 0.27 0.37 0.46 0.27 0.21 0.22 0.2 0.2 0.22 0.39 0.42 0.7 0.66 0.26 0.16 0.2 0.3 0.33
新北
CO
05/18 0.18 0.12 0.13 0.11 0.11 0.13 0.18 0.21 0.22 0.22 0.25 0.18 0.13 0.12 0.15 0.23 0.27 0.33 0.22 0.18 0.12 0.13 0.14 0.16
新北
CO
05/19 0.21 0.22 0.19 0.17 0.18 0.2 0.21 0.21 0.27 0.22 0.15 0.15 0.16 0.16 0.17 0.19 0.19 0.2 0.27 0.31 0.28 0.23 0.21 0.34
新北
CO
05/20 0.47 0.19 0.18 0.15 0.14 0.16 0.18 0.2 0.28 0.37 0.37 0.47 NA NA NA NA NA NA NA NA NA NA NA NA
新北
CO
05/21 NA NA NA NA NA NA NA NA NA NA 0.34# 0.25 0.26 0.25# 0.26 0.28 0.26 0.31 0.31 0.3 0.33 0.29 0.29 0.31
新北
CO
05/22 0.3 0.31 0.23 0.2 0.21 0.21 0.25 0.49 0.55 0.49 0.56 0.49 0.5 0.51 0.47 0.41 0.35 0.47 0.59 0.53 0.69 0.49 0.48 0.5
新北
CO
05/23 0.46 0.33 0.38 0.3 0.36 0.42 0.4 0.37 0.62 0.83 0.63 0.37 0.33 0.32 0.28 0.29 0.28 0.34 0.34 0.29 0.26 0.25 0.24 0.22
新北
CO
05/24 0.2 0.18 0.18 0.17 0.18 0.19 0.24 0.31 0.39 0.34 0.28 0.29 0.28 0.27 0.29 0.29 0.29 0.33 0.33 0.32 0.28 0.27 0.28 0.29
新北
CO
05/25 0.27 0.21 0.2 0.19 0.18 0.21 0.27 0.33 0.29 0.27 0.25 0.25 0.25 0.26 0.27 0.27 0.29 0.31 0.3 0.31 0.32 0.29 0.31 0.31
新北
CO
05/26 0.29 0.26 0.26 0.2 0.21 0.23 0.25 0.35 0.37 0.3 0.24 0.22 0.22 0.2 0.2 0.19 0.23 0.25 0.33 0.4 0.33 0.38 0.39 0.38
新北
CO
05/27 0.43 0.34 0.24 0.2 0.23 0.29 0.36 0.78 0.53 0.41 0.28 0.23 0.23 0.19 0.29 0.35 0.4 0.54 0.69 0.93 0.91 0.97 0.92 0.8
新北
CO
05/28 0.47 0.34 0.27 0.23 0.22 0.27 0.33 0.75 0.3 0.3 0.39 0.41 0.36 0.29 0.22 0.22 0.22 0.24 0.21 0.18 0.18 0.16 0.17 0.2
新北
CO
05/29 0.2 0.16 0.14 0.14 0.15 0.16 0.2 0.23 0.2 0.2 0.14 0.14 0.13 0.14 0.14 0.16 0.18 0.19 0.23 0.27 0.25 0.25 0.23 0.23
新北
CO
05/30 0.21 0.21 0.24 0.2 0.19 0.21 0.25 0.43 0.52 0.4 0.34# 0.3 0.21 0.2 0.19 0.18 0.18 0.19 0.18 0.17 0.22 0.46 0.74 0.61
新北
O3
01/01 34 35 36 38 39 38 36 34 34 36 38 40 40 40 37 35 34 35 36 35 37 38 37 41
新北
O3
01/02 42 42 43 43 43 40 35 23 26 27 30 32 34 34 31 28 26 25 24 25 28 28 30 31
新北
O3
01/03 32 33 38 38 38 32 30 24 25 25 26 29 28 31 30 23 25 25 23 29 32 33 34 35
新北
O3
01/04 38 38 39 37 36 34 33 26 23 26 27 29 38 49 38 24 26 29 29 26 9.4 4.9 8.7 14
新北
O3
01/05 21 20 19 16 18 19 19 18 25 29 28 30 32 23 18 15 16 16 16 13 9.5 7.9 9.9 18
新北
O3
01/06 18 13 15 15 19 22 25 27 34 34 43 41 41 41 37 36 37 35 35 36 37 38 38 40
新北
O3
01/07 41 43 43 43 43 40 38 32 31 35 38 36 40 38 32 27 25 15 13 14 13 5.2 3 4.4
新北
O3
01/08 2 7.6 9.5 19 36 40 38 34 35 32 33 36 38 33 29 30 30 24 26 24 30 34 36 36
新北
O3
01/09 40 40 40 40 38 37 30 24 25 29 33 39 39 41 41# 37 38 37 38 40 39 40 41 42
新北
O3
01/10 44 45 44 44 42 38 35 27 25 31 23 40 46 48# 50 47 31 29 13 5.8 5.8 4.5 8.2 6.6
新北
O3
01/11 14 17 22 2.8 4.3 9.2 7.4 5.1 12 19 13 19 29 25 16 14 20 25 20 16 7 3.3 4.4 10
新北
O3
01/12 2.8 17 13 7.5 22 29 26 23 27 26 22 20 21 24 21 17 16 18 19 20 21 17 17 18
新北
O3
01/13 24 25 26 32 32 29 29 24 23 27 25 32 34 34 31 34 34 30 30 28 27 29 33 37
新北
O3
01/14 40 42 42 43 44 42 39 32 31 35 40 37 43 45 43 40 40 38 40 41 42 43 43 42
新北
O3
01/15 44 44 44 42 38 23 8.1 11 7 13 17 14 36 40 37 36 40 42 43 46 46 47 48 48
新北
O3
01/16 48 49 53 54 55 54 48 38 36 34 33 31 37 38 31 31 27 29 35 34 34 37 38 40
新北
O3
01/17 42 43 45 44 45 43 41 37 40 39 37 36 36 34 35 32 31 35 40 43 47 47 47 44
新北
O3
01/18 45 50 50 49 50 46 42 39 36 39 43 45 46 48 48 46 44 36 31 37 40 40 41 41
新北
O3
01/19 43 42 39 35 23 8.9 18 7.4 9.5 28 46 51 59 62 65 65 53 34 21 14 9 18 17 26
新北
O3
01/20 26 36 44 43 43 21 34 38 36 37 41 43 46 45 35 37 41 37 45 50 54 54 56 55
新北
O3
01/21 55 55 54 51 50 45 40 37 32 34 30 26 29 31 34 32 31 29 28 29 34 40 42 44
新北
O3
01/22 46 48 49 49 50 48 45 40 39 31 35 38 38 38 41 41 46 47 49 42 47 49 49 42
新北
O3
01/23 38 46 47 47 48 47 40 29 32 44 54 55 55 50# 48x 52# 49# 46# 44 41 44 48 47 52
新北
O3
01/24 59 63 65 63 59 55 54 42 39 48 56 60 59 58 48# 56# 55 52 51 49 48 55 53 50
新北
O3
01/25 51 52 54 52 42 39 24 17 25 41 51 54 63 63 65 61 61 59 53 59 58 59 61 59
新北
O3
01/26 63 63 63 62 55 55 49 44 46 44 46 47 52 52 47 44 42 43 41 43 43 42 41 41
新北
O3
01/27 41 42 43 43 43 41 37 33 37 39 38 37 39 40 41 41 40 36 33 30 28 30 31 33
新北
O3
01/28 37 40 40 40 40 32 29 23 23 24 32 37 45 47 46 43 33 26 30 33 32 36 45 40
新北
O3
01/29 39 43 46 47 44 41 35 34 31 37 42 44 45 47 46 46 40 36 33 37 39 40 39 39
新北
O3
01/30 37 40 43 41 40 39 29 18 7.9 24 32 50 61 56 42 39 46 24 12 17 16 16 11 5.1
新北
O3
01/31 9.2 8.8 20 34 33 34 30 14 20 30 41 53 65 65 59 57 58 49 29 41 51 51 50 48
新北
O3
監測年月：2019/02， 測站：林口， 測項：O3（ppb）
新北
O3
日期 00 01 02 03 04 05 06 07 08 09 10 11 12 13 14 15 16 17 18 19 20 21 22 23
新北
O3
02/01 48 48 48 46 44 43 41 39 38 37 37 38 40 41 42 35 36 36 37 37 44 46 45 46
新北
O3
02/02 47 47 45 45 43 44 35 18 9 18 29 38 62 57 55 59 52 44 43 35 23 20 19 4.6
新北
O3
02/03 15 6.7 24 29 27 31 39 28 29 38 54 71 78 82 72 73 71 65 64 51 28 28 23 25
新北
O3
02/04 43 44 37 29 23 30 26 24 30 32 35 37 35 36 38 39 38 41 35 36 37 38 38 38
新北
O3
02/05 39 41 40 40 42 42 42 45 40 33 36 41 43 43 43 47 45 42 26 21 26 24 24 18
新北
O3
02/06 23 23 32 28 37 32 26 27 30 27 37 44 42 47 49 51 46 35 30 33 34 31 17 22
新北
O3
02/07 37 40 35 31 34 35 30 20 27 37 44 47# 33 46 67 67 61 57 56 54 46 43 40 36
新北
O3
02/08 35 38 40 41 40 41 42 42 39 39 36 37 40 41 40 38 37 36 36 32 33 36 37 38
新北
O3
02/09 37 33 27 28 33 37 36 31 30 35 37 37 37 33 30 34 35 38 36 36 37 39 35 36
新北
O3
02/10 34 37 39 39 40 39 38 31 33 35 36 37 39 39 40 37 36 36 35 36 32 33 33 33
新北
O3
02/11 37 39 41 42 41 40 36 28 27 26 27 32 35 31 23# 26 29 28 21 25 29 32 32 32
新北
O3
02/12 33 34 36 37 37 35 32 26 25 26 33 35 38 39 37 35 39 39 37 35 37 37 35 32
新北
O3
02/13 28 32 34 34 33 32 33 26 27 24 27 29 32 26 29 23 31 34 33 33 31 37 36 37
新北
O3
02/14 39 40 35 28 34 38 35 29 29 31 35 35 36 37 36 32 39 45 38 40 30 26 28 30
新北
O3
02/15 30 31 32 28 33 35 37 28 35 35 39 35 46 58 60 52 49 51 44 43 35 26 23 32
新北
O3
02/16 42 38 33 34 29 32 33 34 28 23 28 31 37 41 41 41 40 37 39 34 36 40 41 40
新北
O3
02/17 39 44 44 42 41 41 35 37 37 37 40 43 43 44 40 38 38 34 35 37 37 37 38 38
新北
O3
02/18 37 36 39 41 43 40 34 16 25 23 22 18 28 41 45 34 34 38 37 33 33 33 28 8.5
新北
O3
02/19 9 31 35 30 25 19 18 9.6 6.4 22 30 33 30 47 45 46 40 32 15 4.6 8.7 4.7 11 15
新北
O3
02/20 23 21 22 20 15 12 5.3 6.2 9.2 17 23 39 45 54 54 54 59 47 39 35 36 31 29 26
新北
O3
02/21 25 31 29 30 31 27 24 21 21 23 26 23 25 31 43 43 48 47 40 49 46 39 28 27
新北
O3
02/22 36 40 44 44 45 45 42 36 43 41 39 40 42 27# 33 38 44 44 45 44 42 40 41 47
新北
O3
02/23 46 46 45 43 42 36 33 28 35 40 37 30 33 35 29 30 25 23 30 29 33 34 37 40
新北
O3
02/24 40 43 46 47 45 46 47 46 46 44 42 44 43 46 47 45 45 50 51 48 45 48 49 47
新北
O3
02/25 42 32 35 39 35 44 39 22 34 33 36 34 39 39 30 24 28 37 37 38 38 37 41 46
新北
O3
02/26 44 50 48 46 43 39 36 24 29 34 39 42# 38 45 44 41 40 39 45 43 41 31 28 37
新北
O3
02/27 41 24 13 12 27 45 40 31 21 43 48 53 46 53 57 54 58 53 42 17 8 6.1 16 37
新北
O3
02/28 36 36 43 41 43 40 36 32 27 30 35 39 41 42 40 34 40 35 32 38 43 44 45 45
新北
O3
監測年月：2019/03， 測站：林口， 測項：O3（ppb）
新北
O3
日期 00 01 02 03 04 05 06 07 08 09 10 11 12 13 14 15 16 17 18 19 20 21 22 23
新北
O3
03/01 46 47 41 42 39 45 38 27 42 45 46 48 51 50 46 42 43 41 38 36 37 37 42 41
新北
O3
03/02 31 34 36 38 31 37 36 35 29 26 30 56 61 64 67 61 54 56 44 39 25 44 33 18
新北
O3
03/03 18 6.1 33 31 6 21 21 34 32 16 46 50 50 48 33 31 35 33 24 40 46 42 42 40
新北
O3
03/04 42 45 46 44 44 41 36 28 37 39 34 41 52 54 52 49 50 50 50 51 51 54 54 56
新北
O3
03/05 58 60 60 58 57 54 48 42 45 45 47 52 53 53 52 70 59 54 56 54 39 34 35 43
新北
O3
03/06 27 21 28 34 34 30 24 22 19 34 43 45 52 49 51 49 49 51 52 54 43 44 49 53
新北
O3
03/07 60 62 63 63 61 56 45 37 34 35 39 40 45 34# 42# 49 54 56 58 44 55 56 62 60
新北
O3
03/08 59 61 59 54 55 52 49 41 37 32 25 30 38 40 33 33 34 28 31 34 40 41 46 44
新北
O3
03/09 45 32 31 27 27 35 32 24 22 30 20 15 33 32 27 20 29 41 19 18 31 37 38 44
新北
O3
03/10 48 44 39 46 49 49 42 39 36 37 37 37 36 38 35 37 41 40 30 31 31 26 44 56
新北
O3
03/11 61 67 69 65 53 44 29 19 29 29 37 43 49 47 43 44 34 28 36 47 52 47 45 54
新北
O3
03/12 62 65 67 69 69 64 57 49 46 57 62 71 79 80 79 79 69 60 57 48 50 55 58 61
新北
O3
03/13 65 67 65 62 62 54 50 40 42 55 61 66 69 72 70 68 67 64 64 66 65 65 66 67
新北
O3
03/14 69 69 68 65 65 59 51 36 33 36 47 44 57 66 69 60 61 59 58 53 57 58 57 57
新北
O3
03/15 58 59 60 61 60 57 47 30 44 51 57 60 54 62 62 57 55 53 55 55 52 55 57 57
新北
O3
03/16 55 58 60 63 62 65 61 58 56 56 57 56 58 60 62 61 63 63 63 61 61 60 61 64
新北
O3
03/17 63 62 60 58 58 54 49 46 42 40 43 45 46 52 54 53 51 53 53 49 51 50 49 48
新北
O3
03/18 54 55 45 37 33 18 9.5 14 15 23 47 50 57 64 68 68 61 39 52 54 45 53 50 50
新北
O3
03/19 48 51 47 42 44 46 38 31 29 20 34 48 57 54 49 48 48 48 49 50 49 48 47 48
新北
O3
03/20 50 49 46 39 38 34 36 23 13 14 28 51 61 76 83 88 79 71 63 57 51 44 38 33
新北
O3
03/21 15 12 7 5.2 5.3 11 12 13 19 25 38 56 68 59 52# 47# 49 22 17 20 21 21 20 25
新北
O3
03/22 26 24 28 39 43 48 46 32 38 39 36 41 47 51 42 38 40 37 38 41 40 44 45 44
新北
O3
03/23 43 44 46 49 51 51 48 45 40 43 43 43 44 45 44 45 44 45 48 49 51 53 53 50
新北
O3
03/24 53 57 56 57 60 58 57 54 54 53 54 54 50 48 46 48 45 40 28 36 36 42 42 32
新北
O3
03/25 30 30 28 26 24 24 12 8 8.4 5 13 37 58 57 58 54 58 62 61 60 53 52 55 56
新北
O3
03/26 52 50 46 40 43 41 33 26 36 41 46 50 51 54 48 50 50 50 51 55 56 52 51 51
新北
O3
03/27 52 51 48 38 34 18 11 13 20 37 54 66 72 78 77 76 67 55 38 31 36 43 42 35
新北
O3
03/28 34 28 35 30 34 33 30 20 24 29 39 46 49 51 53 45 41 39 31 34 31 18 12 10
新北
O3
03/29 14 15 16 23 24 25 25 25 24 28 38 43 47 49 53 53 48 45 50 50 51 50 58 61
新北
O3
03/30 56 55 50 47 42 40 21 22 48 48 46 54 61 64 61 49 50 51 54 54 56 55 56 57
新北
O3
03/31 59 60 64 66 65 63 61 63 64 70 72 70 66 63 62 61 60 59 56 57 54 53 57 58
新北
O3
監測年月：2019/04， 測站：林口， 測項：O3（ppb）
新北
O3
日期 00 01 02 03 04 05 06 07 08 09 10 11 12 13 14 15 16 17 18 19 20 21 22 23
新北
O3
04/01 58 57 56 56 53 51 47 40 36 37 41 44 49 47 43 43 43 43 51 56 58 59 62 65
新北
O3
04/02 66 67 68 67 66 63 59 51 46 44 45 44 43 34# 28# 22 13 5.9 15 15 28 39 27 34
新北
O3
04/03 46 44 46 46 46 47 46 37 31 31 32 28 21 33 40# 34 19 12 13 23 29 27 27 7.4
新北
O3
04/04 38 47 51 52 52 48 48 39 40 39 39 50 59 65 66 54 49 58 60 59 58 56 55 52
新北
O3
04/05 53 50 52 53 53 51 52 53 52 52 56 59 59 62 61 62 62 58 45 49 55 54 51 50
新北
O3
04/06 48 46 48 46 47 48 43 36 42 43 53 63 67 64 60 58 57 55 47 55 60 58 41 40
新北
O3
04/07 32 42 47 43 45 43 47 49 55 63 73 80 82 80 82 81 83 81 76 73 72 76 68 60
新北
O3
04/08 57 52 41 32 25 15 9.5 18 37 52 63 79 88 83 81 71 67 69 72 51 22 16 26 6.9
新北
O3
04/09 14 18 21 16 9.6 4.3 7.8 11 16 39 59 70 83 74 54 41 33 23 21 20 20 22 18 17
新北
O3
04/10 18 16 16 12 8.5 5.3 6 12 18 23 33 37 38 34 34 37 33 31 32 40 44 48 49 51
新北
O3
04/11 52 52 56 55 54 51 48 38 35 32 28 24 46 48 53 55 51 49 46 29 40 52 52 53
新北
O3
04/12 54 54 51 52 53 51 48 39 35 39 47 53 56 54 51 48 49 48 48 51 50 51 53 56
新北
O3
04/13 55 55 54 54 53 48 50 45 34 30 35 46 49 43 44 44 48 34 27 21 40 42 34 46
新北
O3
04/14 50 52 52 52 51 43 32 31 38 46 50 55 59 60 62 60 57 58 59 55 57 79 76 73
新北
O3
04/15 66 63 62 59 60 58 55 53 56 51 54 54 59 61 62 58 58 50 47 52 55 56 59 62
新北
O3
04/16 62 61 59 46 47 38 22 23 30 45 42 54 57 62 64 64 69 68 67 65 59 62 54 49
新北
O3
04/17 52 54 52 48 44 37 35 39 50 52 56 63 68 65 67 60 67 59 57 49 56 60 57 58
新北
O3
04/18 60 61 56 50 27 15 15 20 37 56 75 83 90# NA 73# 83x 83# 79# 71 35 28 15 24 39
新北
O3
04/19 31 16 32 38 41 33 24 42 43 42 30 51# 71 75 74 75 67 63 53 48 45 41 35 16
新北
O3
04/20 32 27 37 45 41 29 26 26 36 46 52 57 65 69 69 71 62 54 47 48 35 28 51 39
新北
O3
04/21 27 19 26 25 32 52 42 38 46 43 40 43 57 58 52 49 36 30 26 23 17 9.2 3.2 4.1
新北
O3
04/22 14 14 19 20 18 12 14 11 25 33 41 46 41 43 47 48 46 40 35 25 17 11 9.5 9.1
新北
O3
04/23 9.1 4.6 14 6.4 15 31 24 8.3 13 24 47 96 62 74 69 59 45 40 28 16 7.5 6.7 7.8 12
新北
O3
04/24 8.5 5.2 2.3 2.1 5.4 3.4 5.1 10 20 25 34 47 53 59 51 43 40 34 23 17 8.2 10 7 4.5
新北
O3
04/25 2.7 4.2 7.2 2.4 2.2 3.1 6.9 15 26 35 47 55 60 53 53 49 40 30 18 20 25 22 24 26
新北
O3
04/26 26 33 33 39 36 34 36 38 46 52 56 59 63 62 60 57 49 41 43 56 56 56 57 58
新北
O3
04/27 61 66 69 69 67 66 59 56 53 56 59 58 58 57 58 55 51 49 43 41 46 46 44 46
新北
O3
04/28 49 49 47 45 40 28 13 23 36 44 49 49 50 52 53 60 55 47 37 24 20 22 27 16
新北
O3
04/29 9.8 22 30 19 9.3 6.6 10 9.3 16 33 46 59 88 88 63 63 58 58 50 28 16 11 5.6 4
新北
O3
04/30 7.2 14 7.9 11 21 24 13 13 28 37 46 54 41 35 29 28 28 26 23 29 30 34 31 27
新北
O3
監測年月：2019/05， 測站：林口， 測項：O3（ppb）
新北
O3
日期 00 01 02 03 04 05 06 07 08 09 10 11 12 13 14 15 16 17 18 19 20 21 22 23
新北
O3
05/01 30 31 24 28 38 51 51 45 46 47 49 50 50 49 48 38 43 48 48 40 25 44 57 57
新北
O3
05/02 54 61 64 65 68 69 62 54 57 57 45 42# 45 47 47 51 54 48 53 58 58 60 54 55
新北
O3
05/03 59 64 61 65 61 54 45 38 50 57 62 65 66 64 64 62 63 61 62 54 50 50 53 53
新北
O3
05/04 61 62 59 58 57 59 58 55 55 56 56 58 59 55 55 56 56 51 46 47 52 56 56 60
新北
O3
05/05 61 63 63 63 62 63 58 55 59 61 60 62 58 58 58 56 53 50 48 47 47 45 46 44
新北
O3
05/06 47 48 49 50 51 51 51 37 39 39 31 30 46 42 35 26 26 35 33 35 31 38 41 50
新北
O3
05/07 55 57 62 65 64 60 55 40 33 42 44 43 48 45 47 38 36 35 43 46 46 47 56 58
新北
O3
05/08 57 58 59 61 61 56 55 41 30 26 37 40 43 48 49 44 52 54 53 51 50 53 58 54
新北
O3
05/09 43 38 45 53 50 53 50 41 47 45 47 47 38 44 41 37 24 40 36 24 31 40 39 50
新北
O3
05/10 55 60 64 62 59 44 34 28 35 40 45 41 46 49 51 46 44 44 44 50 56 60 55 54
新北
O3
05/11 54 52 53 53 52 50 46 32 31 38 43 47 45 49 51 50 45 42 36 34 36 38 42 44
新北
O3
05/12 45 44 43 40 37 35 32 32 35 39 41 36 43# 41 36 34 33 31 30 28 23 24 24 26
新北
O3
05/13 27 29 30 27 26 24 21 19 40 37 58 68 71 69 67 67 62 50 35 21 21 15 17 3.1
新北
O3
05/14 5.1 14 6 4.3 8.2 22 15 10 14 17 28 43 41 34 47 48 46 40 37 33 31 18 17 21
新北
O3
05/15 17 16 22 17 21 15 14 6.9 7.6 15 27 37 52 66 74# 82 58 41 20 4.4 7.6 9.2 4.5 15
新北
O3
05/16 23 28 24 22 19 13 13 15 19 19 23 36 47 44 40 33 26 19 20 19 14 14 14 13
新北
O3
05/17 15 12 10 18 17 15 7.5 7.3 8.1 16 20 16 20 19 21 23 29 16 11 11 13 11 5.9 5
新北
O3
05/18 9 13 17 21 21 20 17 19 20 21 16 23 30 30 37 40 40 30 24 20 23 22 20 20
新北
O3
05/19 17 18 23 24 19 17 17 20 21 29 36 38 45 36 36 40 38 31 18 15 16 18 16 7.7
新北
O3
05/20 4.6 12 13 17 18 17 13 47 44 36 55 68 NA NA NA NA NA NA NA NA NA NA NA NA
新北
O3
05/21 NA NA NA NA NA NA NA NA NA NA 58# 68 74 70# 63 54 63 54 56 58 54 57 56 54
新北
O3
05/22 53 47 54 55 53 50 50 30 35 39 31 33 35 39 38 37 40 33 26 29 17 32 33 31
新北
O3
05/23 34 43 36 42 33 16 18 23 21 9.5 25 39 50 54 55 51 50 43 45 52 53 52 51 50
新北
O3
05/24 54 57 57 56 54 51 48 45 43 49 55 56 55 54 50 46 44 40 39 38 37 36 37 35
新北
O3
05/25 38 42 42 41 42 38 36 32 36 44 51 54 56 56 54 46 42 43 41 37 35 35 32 32
新北
O3
05/26 32 33 30 31 30 28 27 25 32 51 62 64 65 60 56 54 60 65 53 35 32 23 20 18
新北
O3
05/27 16 22 27 30 23 18 13 8.2 20 33 46 52 49 40 38 38 42 33 21 14 14 6.4 2.2 4
新北
O3
05/28 28 34 32 31 31 16 17 4.5 21 20 19 24 39 48 50 47 54 50 52 54 55 55 54 49
新北
O3
05/29 48 48 43 45 43 41 36 29 35 37 42 47 51 52 52 47 52 51 45 47 53 48 46 53
新北
O3
05/30 52 53 44 50 54 50 49 37 39 43 48 48# 67 75 69 71 73 74 65 59 57 29* 12 12
新北
NO2
01/01 7.2 6.3 5.6 4.4 4 4.1 5.8 8.6 8.7 6.9 7.1 5.4 5.7 5.2 7.4 9.2 10 9.9 8.8 10 8.6 8.5 8.5 6.1
新北
NO2
01/02 4.9 3 2.4 2 1.6 3.1 7.8 22 17 17 15 14 12 11 13 17 18 19 18 17 14 13 11 11
新北
NO2
01/03 6.6 4.6 3.3 3.6 4.4 9.5 13 20 19 19 18 15 16 13 14 21 17 17 18 14 10 9.7 8.8 7.3
新北
NO2
01/04 5.5 2.1 1.6 1.9 2.3 3.9 6.1 14 17 15 16 23 23 7.9 8.5 13 10 8.3 6.3 6.5 22 24 19 16
新北
NO2
01/05 8.5 11 9.7 10 7.7 9.2 10 12 8.3 6.9 8.6 7.4 7.2 11 16 18 19 19 19 19 19 18 16 10
新北
NO2
01/06 8.6 12 11 11 8.7 6.9 7 7.7 6.2 7.6 6 7 6.5 5.9 8.5 11 11 13 13 12 9.8 9.4 9.4 8.2
新北
NO2
01/07 6.2 3.8 3.3 3.4 3.1 4.5 8 15 16 13 12 12 11 13 17 23 22 30 33 30 29 35 37 33
新北
NO2
01/08 35 23 23 12 4.8 3.8 5.2 13 9.5 12 11 9.7 7.6 12 16 16 14 19 18 21 15 11 8.8 8.2
新北
NO2
01/09 6.2 4.1 3.7 3.3 3.7 4.3 9.9 16 16 12 11 9.4# 11 9.8 9.7# 14# 13 14 13 11 10 8.8 8 6
新北
NO2
01/10 4.3 2.2 1.9 1.9 3.3 5.6 8.7 17 17 13 28 11 7.9 4.9# 4 3 9.9 11 26 36 22 28 28 31
新北
NO2
01/11 14 9 11 29 21 18 24 21 14 16 25 11 7.2 7.4 15 17 11 7.8 9.4 9.3 20 27 31 23
新北
NO2
01/12 27 8.8 14 18 7.6 4.4 6.7 8.9 9.7 10 9.9 13 9.6 8.3 13 16 16 17 15 13 12 15 18 16
新北
NO2
01/13 13 9.1 6.1 4.2 3.7 5.9 5.5 9.7 11 9.4 12 6.2 6 5.8 8.2 5.8 6.2 9.8 9.2 11 16 14 11 9
新北
NO2
01/14 7.5 4.8 4.5 4.5 4 5.8 9.4 17 19 16 12 9.6 8.7 8.4 11 13 12 13 12 11 9 8.1 6.5 6.2
新北
NO2
01/15 5.2 3.1 2.9 3.1 6.9 15 32 31 31 25 19 27 8.9 7.1 12 16 9.2 8.3 6.2 4.4 4.2 4 3 2.4
新北
NO2
01/16 2.3 0.9 0.9 1.3 1.8 3.5 7.9 17 18 18 19 22 19 17 25 24 23 19 12 10 8.2 5.2 3.5 2.8
新北
NO2
01/17 1.3 2.1 1.6 1.6 1.9 3.4 6.6 11 7.6 9.3 9.4 11 9 10 11 16 16 15 13 10 9.3 7.7 6.1 7.3
新北
NO2
01/18 7.1 3.4 3.6 4.2 4.4 6.7 10 16 18 17 12 10 10 9.4 8.8 11 12 18 22 18 15 14 12 11
新北
NO2
01/19 9.4 7.7 8 8.9 19 28 21 33 34 22 14 19 9.9 6.9 6.1 5.4 13 27 40 52 54 39 34 20
新北
NO2
01/20 14 11 11 8.7 11 19 11 9.2 12 12 9.2 7.1 7.4 10 18 17 13 15 11 7.4 7.2 6.4 5.8 5.1
新北
NO2
01/21 4.9 1.9 2 1.6 2.1 4.8 8.4 9.8 16 12 16 20 17 13 9.4 11 12 12 14 11 7.5 4.5 2.7 2.4
新北
NO2
01/22 1.6 1.7 1.6 2.2 2.6 3.5 5.7 11 11 17 12 11 13 14 14 19 17 18 18 22 17 17 15 19
新北
NO2
01/23 21 14 13 13 12 13 21 32 30 23 14 14 14 NA 16# 17x 18# 22 24 25 22 19 19 17
新北
NO2
01/24 13 8.8 7.7 8.1 9.1 13 14 25 34 25 16 13 14 14# 18# 15 16 17 19 21 21 17 16 17
新北
NO2
01/25 16 12 10 8.8 15 17 34 42 35 28 20 20 11 10 8.4 12 10 9.4 14 8.9 8.8 8.4 5.9 6.6
新北
NO2
01/26 4.9 3 2.8 2.6 2.7 4.1 6.8 7.6 6.7 7.7 6.9 10 7.7 7.8 11 7.7 9.4 8 9 7.3 6.4 5.5 4.3 3.7
新北
NO2
01/27 2.6 1.8 1.5 1.6 1.5 3 6.5 11 8.5 7.6 8.5 9.3 7.6 6.6 5.5 6.6 7.3 11 13 16 17 16 15 13
新北
NO2
01/28 9.8 7.3 6.6 6.4 6 11 14 20 21 25 24 20 8.9 7.6 9.2 10 21 29 24 21 22 19 12 14
新北
NO2
01/29 15 9.2 7.1 6 6.8 8.8 14 17 21 17 13 12 13 11 12 11 15 17 20 16 13 12 12 12
新北
NO2
01/30 12 8.4 5.6 5.6 6.4 6.8 14 25 40 33 41 33 25 16 23 19 21 50 57 47 48 42 41 46
新北
NO2
01/31 42 39 27 11 11 13 18 30 29 27 23 17 12 9.9 9.9 10 11 14 19 12 7.4 6.9 5.8 4.9
新北
NO2
監測年月：2019/02， 測站：林口， 測項：NO2（ppb）
新北
NO2
日期 00 01 02 03 04 05 06 07 08 09 10 11 12 13 14 15 16 17 18 19 20 21 22 23
新北
NO2
02/01 4.2 1.9 1.9 1.8 2.9 4.1 6.1 9.4 9 8.1 9.1 9.4 8.1 8.7 9 15 15 16 16 15 10 7.7 7.7 6.2
新北
NO2
02/02 4.9 3.8 4.1 3.7 4.6 4.2 11 24 31 24 16 16 15 12 6.1 5.5 6.6 11 6.8 9.9 22 26 24 27
新北
NO2
02/03 27 34 19 17 15 12 8.9 15 16 19 21 13 8.3 5.9 6.3 5.4 5.2 8.4 6.4 13 34 29 28 28
新北
NO2
02/04 15 15 13 7.2 6.7 5.4 6.4 10 6.6 6.8 7.1 6.5 6.8 6.2 6.5 6.7 7 6.8 12 11 7.2 6.4 6.1 6.2
新北
NO2
02/05 5.4 4.5 3.7 3.2 2.6 2.6 3.2 3.3 4 9.2 7.8 4.5 4.1 6.7 5.4 3 3.9 3.6 18 21 16 17 12 14
新北
NO2
02/06 12 14 8.7 6.5 6.1 8.7 9.7 11 8.5 13 11 9.6 6.4 5.9 7.2 11 13 22 22 17 16 19 32 27
新北
NO2
02/07 13 8.2 10 9.7 8.6 7.9 12 20 11 8.8 6.6 5.4# 3.9 2.1 3.5 4 4.4 4.8 5.9 5.1 4.2 4.8 4.6 4
新北
NO2
02/08 4.4 1.6 1 0.7 0.9 1.1 1.4 1.8 3.1 3.5 5.9 4.4 2.6 2.3 2.5 3.7 4 4.2 5 7.1 3.9 2.4 1.8 1.7
新北
NO2
02/09 2.1 4.2 5.8 6.6 4.3 3 4.7 6 6.3 6.6 4.6 4.6 4.8 8.1 8.2 7.7 6.4 4.8 6.4 6.4 5.4 3.1 4.9 4.3
新北
NO2
02/10 4.3 2 1.6 1.4 1.2 1.2 2.6 8 8.5 7.6 6.9 7.8 2.9 3.4 4 4.8 4.7 4.2 5.1 3.9 8.1 6.1 4.3 3.6
新北
NO2
02/11 2.4 0.8 0.3 0.3 0.3 2.3 5.2 14 13 13 13 8.1 4.9 4.9 7# 13# 8.5 10 17 15 10 7.3 6.9 6.7
新北
NO2
02/12 6 5.8 4.6 3.8 3.6 4.7 8.6 15 16 17 13 12 8.5 8.4 12 15 7.7 3.8 4.2 5 3.9 3.1 3.5 5
新北
NO2
02/13 7.1 3.9 3.1 3 2.7 5.3 5.7 16 10 13 9.9 10 10 16 14 24 19 16 16 14 16 11 12 10
新北
NO2
02/14 9.2 5.8 6.6 6.6 4.3 4.6 9.6 16 15 12 9.6 11 9.6 10 13 21 15 12 17 12 17 24 16 15
新北
NO2
02/15 8.9 8.6 6 7.2 4.6 9 7.6 21 11 9.2 7.6 19 17 8.9 6.6 12 9.7 8 12 8.8 14 22 17 7.3
新北
NO2
02/16 4.1 3.9 4.2 5.6 3.1 3.4 5.1 6.1 13 20 16 9.9 7.1 4.8 5.9 6.6 5.9 7.3 5.4 7.3 4.8 3.1 2.7 2.8
新北
NO2
02/17 3.1 1.1 0.9 1.1 1.2 2.8 4.7 4.8 4.7 5.6 5.6 4.7 4.7 3.6 5 7.4 6.9 10 9.4 7.2 7 7 6.4 5.5
新北
NO2
02/18 5.4 6.8 4.7 3.3 3.1 3.8 8.8 29 14 18 19 28 18 4.9 2.4 13 9.2 7.3 5.7 9.1 7.5 6.8 10 25
新北
NO2
02/19 26 5.2 4.9 8.1 12 14 17 24 28 14 13 9.3 26 10 14 18 17 20 41 46 38 38 29 24
新北
NO2
02/20 17 13 7.9 6.7 11 11 24 21 25 26 32 13 8.4 6.8 4.6 3.4 3.4 5.7 7.7 8.1 5.3 8.7 5.8 6.8
新北
NO2
02/21 8.8 3.8 3.9 4.4 4.3 6.2 13 17 18 20 21 22 21 18 9.9 10 5.8 5.6 6.7 5.2 5.1 6.9 11 9.2
新北
NO2
02/22 6.4 3.4 2.6 2.4 2.7 3.4 6.2 13 5 5.7 7.4 9.3 8.8# 12# 10 12 8.3 8.9 8.8 8.6 8.9 10 8.1 4.9
新北
NO2
02/23 6.9 5 3.5 2.9 3.5 8.7 13 20 13 10 12 16 11 12 19 20 24 25 17 14 12 15 12 9.3
新北
NO2
02/24 8.8 5.7 4.3 3.4 3.2 3.5 5.2 7.2 9.5 12 14 14 15 13 13 12 12 8.3 7.3 9.4 6.8 5.5 5.9 6.6
新北
NO2
02/25 7.5 14 12 8.3 10 9.2 13 29 17 21 16 11 10 16 24 27 24 15 14 15 14 17 13 8.9
新北
NO2
02/26 10 5.3 5.6 6 6.5 12 16 30 25 22 17 17# 18 12 14 15 16 15 11 12 14 23 28 21
新北
NO2
02/27 18 29 37 35 18 9 8.4 16 20 12 8.6 7.2 17 20 17 22 22 21 19 40 47 48 31 14
新北
NO2
02/28 10 8.7 5.6 4.3 3.5 4.6 8.7 9 13 8 7.5 5.8 6.7 6.4 8.9 16 14 18 13 13 11 10 9.2 9.2
新北
NO2
監測年月：2019/03， 測站：林口， 測項：NO2（ppb）
新北
NO2
日期 00 01 02 03 04 05 06 07 08 09 10 11 12 13 14 15 16 17 18 19 20 21 22 23
新北
NO2
03/01 8 6 6.3 5.7 6.8 6.5 9.6 19 11 10 10 9.1 8.3 8.9 9.2 12 8.5 10 10 9.6 9.8 7 5.5 3.6
新北
NO2
03/02 4.9 11 8.5 6.6 6.6 6.7 10 13 17 20 18 6 6 5.4 4.1 4.5 15 17 19 21 18 11 13 19
新北
NO2
03/03 11 26 9.9 13 29 11 8 7.1 13 22 8.2 3.7 3.2 7.1 21 23 20 20 24 9.6 5.5 5.1 5.1 5.3
新北
NO2
03/04 7.4 4.6 3.9 3.5 3.7 6.1 10 20 11 11 17 16 11 10 13 15 14 14 15 14 13 11 9.6 7.9
新北
NO2
03/05 6 5.3 4.6 4.4 4.5 5.9 11 16 15 17 16 13 12 12 19 16 13 8.3 4.3 4.2 17 25 21 10
新北
NO2
03/06 18 26 22 15 16 20 21 31 35 23 9.7 7.5 4.9 7.5 9.9 14 9.2 10 10 8.4 15 17 14 12
新北
NO2
03/07 4.3 1 1 1.4 1.7 6.8 13 22 26 27 26 25 22 24# 26 26 20 16 13 22 11 13 8.5 9.9
新北
NO2
03/08 9.1 7.7 7.1 7.1 5.8 6.8 9.5 17 20 26 32 26 18 16 22 22 18 25 19 19 12 13 10 13
新北
NO2
03/09 7.7 16 16 11 9.1 11 16 22 25 21 30 35 20 18 24 31 22 12 31 25 12 7.9 7.7 5.3
新北
NO2
03/10 3.5 4.2 7 3.5 2.3 2.6 8.2 7.7 6.1 4.2 3.7 3.3 4.3 2.7 4.4 5.2 4.1 3.8 10 11 17 24 17 12
新北
NO2
03/11 9.1 8.3 6.8 7.2 8.7 13 26 34 29 30 24 19 14 17 24 24 33 38 32 23 20 23 23 17
新北
NO2
03/12 10 6.9 5.7 4.5 4.2 7 13 23 29 22 19 15 10 8.1 6 3.9 12 21 20 25 23 18 15 12
新北
NO2
03/13 8.9 6.2 5.5 5.8 6.2 9.4 15 28 27 17 13 11 10 8.6 11 12 11 14 14 11 13 12 11 9.8
新北
NO2
03/14 7.9 6 5.6 5.8 5.5 7.7 15 29 32 33 18 21 14 7.2 4.9 11 8.7 9.4 9.1 7.8 6.2 5.1 4.6 4.5
新北
NO2
03/15 3.6 1.4 1.3 1.1 2.1 5.6 14 27 15 13 9.2 8.7 7.3 6.6 10 15 21 22 18 17 18 14 13 13
新北
NO2
03/16 14 9.8 7.7 5.9 6.3 5.8 7.2 13 14 14 14 15 14 12 12 14 13 11 9.5 11 11 10 9 6.8
新北
NO2
03/17 6.5 5.6 4.8 4.3 4.4 5 7.5 9.1 11 13 13 14 20 14 13 12 13 11 9.9 12 13 13 13 13
新北
NO2
03/18 7.6 5.7 9.9 12 11 15 26 27 38 31 16 12 6.3 6 5.1 5.2 13 33 11 8 14 7.9 9.3 11
新北
NO2
03/19 13 8.3 7.5 7.9 6.8 12 19 27 25 36 29 19 12 12 15 15 13 12 12 11 9.8 9.6 9.6 8.5
新北
NO2
03/20 6.5 4.6 4.7 6.3 6.6 9.4 10 26 36 38 38 27 12 13 19 18 23 14 10 7.6 7.6 10 12 9.7
新北
NO2
03/21 17 18 16 18 16 13 17 18 17 18 18 18 14 9.1 8.7# 8.2 14 26 21 12 9.7 5.9 7.3 6.3
新北
NO2
03/22 5.7 4.2 6.2 4.1 3.1 3.3 8.1 20 18 19 19 16 12 10 15 14 12 14 10 8.8 7.6 6.1 5.4 4.1
新北
NO2
03/23 3.9 2.3 2.2 1.8 1.8 2.4 5.1 7.9 11 7.8 8.4 8 6.4 5.9 7.8 8.6 10 8 5.2 4.3 4.7 5.3 6.6 8.8
新北
NO2
03/24 7.3 5.1 5 4.6 4.2 5.3 6.5 8.2 9.3 9.4 8.7 8.1 10 12 12 10 11 16 26 19 19 13 13 18
新北
NO2
03/25 19 12 11 11 15 12 23 26 28 35 34 16 4.3 7.1 5.4 8.1 6.5 4.4 4.9 3.9 7.5 9.8 5.8 4.3
新北
NO2
03/26 4.7 4.4 5.7 9.7 6.8 10 19 25 17 14 12 11 10 10 12 14 15 15 14 11 11 11 11 9.5
新北
NO2
03/27 7.8 5.1 4.6 6.7 11 21 30 31 30 24 13 6.2 5.6 6.9 8.2 8 12 17 29 31 23 16 16 22
新北
NO2
03/28 20 23 18 20 17 15 18 24 23 18 9.9 6.9 5.2 5.9 6.5 7.8 11 10 14 11 11 19 22 19
新北
NO2
03/29 17 13 13 6.9 5 6 6.9 7.7 12 13 4.7 3.4 4.2 5.7 6.2 6.2 11 13 9.9 7.6 6.9 6.5 3.4 3.4
新北
NO2
03/30 6.9 4.9 5.9 7.5 15 15 32 28 10 9.9 13 9.7 5.7 6 7.8 19 15 12 9.6 8.9 7.5 7.7 8.2 7.3
新北
NO2
03/31 5.1 1.6 1.1 1.5 1.6 2.2 4.4 8.6 9.9 8.3 6.7 5.9 5.3 4.9 5 4.7 5.4 6 7.8 6.1 7.9 8 4.5 2.8
新北
NO2
監測年月：2019/04， 測站：林口， 測項：NO2（ppb）
新北
NO2
日期 00 01 02 03 04 05 06 07 08 09 10 11 12 13 14 15 16 17 18 19 20 21 22 23
新北
NO2
04/01 2.6 3 3 2.6 3.3 5.8 11 19 24 23 19 17 12 14 19 19 19 19 16 12 11 11 9.7 6.3
新北
NO2
04/02 5.3 3.2 2.8 2.5 2.7 4 7 14 17 19 17 18 18 20# 30 35 45 52 41 44 35 26 28 18
新北
NO2
04/03 5 6.1 4.8 2.4 1.8 1.6 3.7 12 20 20 21 28 34 23 18 33# 36 44 42 28 22 17 14 41
新北
NO2
04/04 14 6.6 4.1 3.2 3 4.9 5.4 12 12 12 15 14 10 10 8.4 3.5 2.1 3.4 3.7 3.3 3.3 3.2 3.7 4.2
新北
NO2
04/05 3.9 3.5 2.4 1.9 1.3 1.5 1.6 1.8 1.5 1.7 1.7 2 1.8 2.6 2.7 3.5 4.4 5.8 15 13 8.6 8.3 9.5 9.2
新北
NO2
04/06 9 8 6.5 5.9 5.2 4.4 3.9 6.6 8.7 10 6 3.5 3.3 3.5 3.9 6.8 11 16 22 21 17 17 22 20
新北
NO2
04/07 23 15 12 9.7 10 9.6 9.3 14 11 7.1 5.5 4.1 3.8 3.6 4 3.9 5 5.7 9.4 6.7 6.8 8.5 13 12
新北
NO2
04/08 14 12 14 15 21 30 39 39 25 17 16 12 8.5 8.4 6.2 3.9 8.4 7.1 5.8 21 44 48 33 45
新北
NO2
04/09 35 23 18 19 24 30 29 32 33 20 17 16 12 9.4 7.3 9.2 8 11 13 13 11 7.6 11 11
新北
NO2
04/10 8.5 9.2 7.9 9.6 13 16 16 12 9.3 7.7 6 4.9 3.9 4.1 5.2 6.1 12 16 20 15 12 9.6 9 8.3
新北
NO2
04/11 8.5 7.3 5.8 5 5.7 7.3 10 20 23 26 32 37 19 11 7.5 4 5.4 8 11 23 12 6.6 4 3.3
新北
NO2
04/12 3.3 2.1 2.5 2.5 2.9 3.9 9.6 20 22 21 17 13 10 11 14 16 15 17 16 13 12 10 9.1 7
新北
NO2
04/13 5.9 4.6 5 4.2 4.9 7.7 7.5 11 18 22 21 9.5 8.5 9.3 9.6 9.4 6 20 20 21 6.9 9.2 12 5.2
新北
NO2
04/14 4.1 2.1 2.1 2.4 2.2 4.3 10 13 8.2 7.4 4.3 3.9 3.5 3.3 2.9 3.6 4.1 4.2 3.5 3.5 3.4 5.1 5 4.5
新北
NO2
04/15 5.5 8 7.6 7 6.3 9.9 17 22 17 18 14 15 11 12 14 16 15 20 21 17 14 13 10 7
新北
NO2
04/16 5.5 2.6 2.4 5.3 4.7 14 27 22 17 6.3 9.4 6.6 6.2 2.4 1.6 2 3.5 4.3 4.2 3.1 3.6 2.4 3.9 2.5
新北
NO2
04/17 3.1 2.5 3.1 4.4 6.4 15 18 18 8.3 8.3 8.2 5.1 7 8.1 8.4 17 12 22 26 28 20 17 18 13
新北
NO2
04/18 9.4 5.2 5.6 5.2 24 33 29 28 26 19 12 10 7.3# NA 5.5# 5.2x 7.1# 6.5 13 38 38 48 35 20
新北
NO2
04/19 19 35 19 11 7.9 18 23 16 15 19 25# 14# 10 12 12 13 15 13 21 20 12 13 19 33
新北
NO2
04/20 18 22 13 6.6 6.6 18 25 23 15 7.2 6.4 5.6 5.1 4.7 4.3 3.6 6.8 10 13 13 21 17 8.2 16
新北
NO2
04/21 20 22 16 13 9.1 6.4 15 19 9.3 10 9.1 11 5.4 5.5 5.5 6.5 9.4 7.9 18 20 20 25 33 36
新北
NO2
04/22 28 21 16 10 9.2 13 15 24 12 12 8.8 7.2 5.3 5.1 6.4 6.6 6.9 7.7 7.9 10 11 16 17 15
新北
NO2
04/23 12 21 11 15 11 5.9 12 26 16 11 7.9 13 10 6.9 7.9 7.7 8.5 8.5 16 21 27 26 23 16
新北
NO2
04/24 18 26 30 28 26 26 27 22 9.5 10 8 8.7 7.6 7 7.4 7.4 11 9.7 12 15 24 17 15 17
新北
NO2
04/25 21 16 12 18 18 20 17 16 12 16 10 7.7 6.7 6.1 12 8.4 7.9 9.5 19 12 5.2 8.9 6.2 4.8
新北
NO2
04/26 6.8 4.1 3.7 3.1 4.5 8.2 14 21 20 18 17 15 14 14 9.4 15 18 23 21 12 13 12 11 9.5
新北
NO2
04/27 7.2 3.4 4 3.7 3.2 3.5 7.8 11 15 13 11 13 11 11 10 10 11 12 15 15 11 11 12 10
新北
NO2
04/28 6.9 6.6 6.4 5.7 5.6 10 26 19 13 6.8 3.5 4.3 5 4.2 6.6 5.1 7.9 17 26 35 37 31 23 23
新北
NO2
04/29 32 20 14 18 24 23 28 26 27 22 17 16 11 7 7.4 8.2 8.6 7.9 8.8 16 24 31 37 39
新北
NO2
04/30 38 26 28 25 13 13 26 25 20 17 13 7.7 5.2 5 6.4 5.8 6.1 6.6 7.9 6.5 6.2 5.3 6 8.2
新北
NO2
監測年月：2019/05， 測站：林口， 測項：NO2（ppb）
新北
NO2
日期 00 01 02 03 04 05 06 07 08 09 10 11 12 13 14 15 16 17 18 19 20 21 22 23
新北
NO2
05/01 7.2 7.8 12 9.8 4.5 3.3 4.5 9.9 8.7 7.5 7.3 7.1 8.1 8.3 8.4 18 12 11 10 14 26 17 11 10
新北
NO2
05/02 11 5.9 5.3 6.3 6.8 9.5 17 26 20 20 21# 23 23 22 25 22 21 25 23 17 15 13 15 13
新北
NO2
05/03 10 6.2 6.8 4.1 4.4 7.7 16 28 18 14 12 11 9.8 12 9.7 13 12 13 12 16 18 17 16 14
新北
NO2
05/04 9 6.5 6 5.8 5.7 5.3 7.3 11 11 10 10 10 8.2 11 10 8.7 10 12 16 15 11 9.4 8.2 7
新北
NO2
05/05 5.4 3.2 2.6 2.3 2.3 2.4 5.1 8.3 6.2 6.1 6.1 4.9 5.2 4.8 3.8 5 6 7.5 8.5 9.1 8.6 8.9 8 8.6
新北
NO2
05/06 6 4.4 4 3.4 3.9 4.9 7.7 21 20 21 28 26 13 17 26 33 32 22 21 18 22 16 14 9
新北
NO2
05/07 7.7 4.4 2.3 1.4 2.9 5.5 8.6 24 30 20 16 16 11 16 15 24 26 27 20 16 17 15 8.7 6.2
新北
NO2
05/08 5.3 2.7 2.4 2.1 1.8 5.8 9.8 22 26 33 26 20 15 12 9.5 17 8.5 6.5 6.2 6.7 6.3 5.3 2.8 3.4
新北
NO2
05/09 4.5 3.7 3.8 3 3.2 5.2 6.4 18 11 14 10 9.4 11 10 12 20 31 12 18 29 22 13 14 9.6
新北
NO2
05/10 7.8 4.7 4.4 4.6 4.7 10 15 23 21 20 17 20 19 17 17 19 21 19 18 15 9.1 6.8 8.7 8.5
新北
NO2
05/11 7.6 8.6 6.6 4.9 4.4 4.9 7.3 18 22 15 8.6 6.3 11 10 9 8 9.9 10 13 12 11 9.2 8.3 8.4*
新北
NO2
05/12 4.9x 1.5* 1.6* 3.5x 4.1* 4.8* 6.2* 5.7* 7.9* 5.5* 4.2# 3.2# 4.2# 3.3 3.5 4 3.6 4.5 5.3 6.1 7.9 6.5 5.8 6.3
新北
NO2
05/13 4.4 3.5 3.6 3.9 3.8 5.6 8.9 16 9.7 13 13 9 6.7 6.1 6.5 6.5 7.8 13 25 22 34 39 30 47
新北
NO2
05/14 43 29 33 31 25 15 19 22 18 20 15 8.2 7.2 6.7 3.6 2.6 5.1 8.4 12 13 11 21 25 20
新北
NO2
05/15 21 21 13 17 15 19 19 27 28 29 17 17 11 8.4 6.2 6.7# 5.2 16 34 44 39 34 36 22
新北
NO2
05/16 14 9.9 10 9.5 7.2 8.5 11 11 12 9.9 12 10 8 7.8 8.9 9.7 9.5 8.6 10 9.9 12 12 8.3 7.1
新北
NO2
05/17 5.1 5.4 5.8 5.4 4.3 8 18 18 21 17 17 18 13 14 13 22 21 39 38 15 7.5 7.5 14 16
新北
NO2
05/18 11 8.5 7.6 4.5 4.2 5.1 9.4 9.7 11 11 16 8.8 4.3 4.8 5.6 10 12 16 9.8 8.6 3.3 3.2 5.2 6.5
新北
NO2
05/19 9.5 11 8.8 6 9.2 11 9.6 8.9 10 7.6 4.5 3.4 3.4 3.8 4.4 5.2 5.3 6.6 14 17 14 11 9.2 17
新北
NO2
05/20 23 10 9.2 7.6 6.3 9 12 14 17 22 11 8.5 NA NA NA NA NA NA NA NA NA NA NA NA
新北
NO2
05/21 NA NA NA NA NA NA NA NA NA NA 8.4# 12 13 11# 16 24 16 20 18* 16* 17 14 15 15
新北
NO2
05/22 14 16 9.4 8.4 8.6 11 14 33 31 30 38 41 40 34 35 32 25 31 36 31 41 24 21 22
新北
NO2
05/23 19 10 15 8.4 13 25 18 17 33 42 36 28 20 18 16 20 16 18 15 10 8.7 8.7 8.6 7.9
新北
NO2
05/24 5.3 3.1 2.8 2.5 3.1 5.3 9.3 14 17 16 13 14 14 11 14 15 12 11 9.5 10 8.9 9.2 8.2 9.5
新北
NO2
05/25 8.5 6.2 6 5.4 5.1 8.1 13 18 16 13 10 11 9 10 9.5 11 11 10 11 13 13 11 13 12
新北
NO2
05/26 12 10 10 5.6 5.5 6.4 7.4 11 14 8.8 4.1 4.3 3.6 2.9 3 3.5 4.8 6.5 10 15 12 18 20 20
新北
NO2
05/27 22 14 8.6 5.4 13 19 23 33 27 18 9.4 8.2 8.2 7.7 16 20 20 30 40 44 39 41 43 38
新北
NO2
05/28 17 8.5 9.5 7.4 7 18 16 28 14 20 26 25 12 7 7.5 11# 7 8.2 5.5 3.6 4.4 4 4.3 5.2
新北
NO2
05/29 5.6 5.9 5.2 5.2 7.5 11 18 19 19 17 13 11 9.3 11 11 18 12 9.6 13 15 13 15 11 13
新北
NO2
05/30 12 8.8 8.8 7.7 7.3 10 13 25 26 22 17# 21 5.7 4.7 4.6 3.7 3.9 4.1 3.6 3.1 3.6 29 37 32
