®ç¶é
PM10
01/01 5 5 4 5 3 5 5 5 4 4 7 6 5 5 9 10 7 7 12 7 2 3 5 6
®ç¶é
PM10
01/02 5 3 6 8 6 9 8 4 5 5 6 5 5 4 8 9 8 6 10 6 6 5 9 7
®ç¶é
PM10
01/03 6 5 9 6 4 5 7 7 8 6 10 11 7 7 8 4 6 7 10 10 9 9 15 15
®ç¶é
PM10
01/04 12 8 8 9 12 11 8 6 11 13 14 1000# 56 43 46 51 48 52 41 40 49 63 71 63
®ç¶é
PM10
01/05 47 54 63 58 82 66 75 63 69 45 42 42 37 29 28 24 35 44 36 29 31 23 17 11
®ç¶é
PM10
01/06 6 6 4 10 7 3 7 12 10 12 11 10 8 11 13 13 22 26 31 21 21 18 17 17
®ç¶é
PM10
01/07 11 8 7 5 6 9 10 7 21 14 16 18 14 1000# 18 29 27 36 30 28 38 57 70 68
®ç¶é
PM10
01/08 73 85 56 52 38 33 37 21 14 16 19 23 18 17 15 13 19 16 16 20 20 14 9 14
®ç¶é
PM10
01/09 11 11 10 18 16 19 16 14 17 20 16 20 17 15 13 24 18 20 32 23 32 28 18 17
®ç¶é
PM10
01/10 14 11 14 16 12 14 13 27 32 38 37 41 47 50 55 54 48 44 52 66 57 61 61 72
®ç¶é
PM10
01/11 53 46 44 49 27 37 50 55 49 76 66 61 44 38 33 27 32 26 26 33 32 34 44 44
®ç¶é
PM10
01/12 46 36 31 34 32 26 34 37 26 28 29 38 42 15 24 20 19 17 21 21 13 16 19 15
®ç¶é
PM10
01/13 13 14 13 11 11 10 8 22 27 30 23 28 26 28 32 23 25 24 18 21 23 24 23 21
®ç¶é
PM10
01/14 18 18 17 23 22 20 23 27 22 22 19 22 26 24 24 25 25 20 27 27 27 30 23 23
®ç¶é
PM10
01/15 25 24 30 27 32 37 43 48 48 52 52 44 37 29x 1000# 39 22 24 34 30 19 16 11 13
®ç¶é
PM10
01/16 12 9 7 10 7 9 7 12 13 12 11 12 10 17 11 13 12 15 17 11 14 14 11 11
®ç¶é
PM10
01/17 9 6 3 2 3 2 4 15 14 14 13 20 16 24 18 23 31 41 32 33 27 38 39 42
®ç¶é
PM10
01/18 39 40 50 48 45 48 46 50 46 48 46 47 44 47 41 44 44 45 43 34 40 39 33 29
®ç¶é
PM10
01/19 32 31 37 35 49 76 74 70 79 89 1000# 71 81 64 56 75 77 77 71 92 98 82 91 58
®ç¶é
PM10
01/20 43 64 56 65 59 54 61 58 55 48 45 44 48 55 72 77 64 64 60 53 44 42 29 36
®ç¶é
PM10
01/21 30 32 33 23 29 23 24 18 18 23 22 24 24 20 17 23 16 20 25 22 29 26 21 14
®ç¶é
PM10
01/22 14 18 21 24 22 23 25 27 30 32 44 52 50 61 59 60 71 60 48 44 46 43 36 30
®ç¶é
PM10
01/23 30 30 31 31 28 30 35 37 29 37 1000# 73 77 73 78 71 76 70 65 65 60 62 58 61
®ç¶é
PM10
01/24 57 55 59 68 59 64 57 63 63 66 62 62 51 55 59 54 61 57 55 74 55 53 56 56
®ç¶é
PM10
01/25 55 60 58 53 54 54 54 60 57 58 56 51 53 56 54 53 59 54 53 57 50 49 51 49
®ç¶é
PM10
01/26 48 50 46 42 36 32 39 37 44 46 61 59 61 71 65 56 44 47 42 37 34 33 33 31
®ç¶é
PM10
01/27 25 24 32 32 34 30 27 25 25 33 32 29 27 23 22 28 27 31 25 27 27 24 26 25
®ç¶é
PM10
01/28 19 23 19 24 22 27 30 31 53 34 31 34 32 26 32 31 33 38 32 31 27 28 26 29
®ç¶é
PM10
01/29 26 24 25 28 22 22 27 28 27 32 26 20 29 26 28 24 24 27 26 31 26 24 24 28
®ç¶é
PM10
01/30 33 39 45 31 34 31 42 50 62 64 36 49 68 51 59 65 83 98 102 103 107 107 82 68
®ç¶é
PM10
01/31 54 36 32 28 32 29 39 35 47 52 1000# 88 71 54 47 48 47 67 57 41 38 26 26 29
®ç¶é
PM10
ºÊ´ú¦~¤ë¡G2019/02¡A ´ú¯¸¡G®ç¶é¡A ´ú¶µ¡GPM10¡]£gg/m3¡^
®ç¶é
PM10
¤é´Á 00 01 02 03 04 05 06 07 08 09 10 11 12 13 14 15 16 17 18 19 20 21 22 23
®ç¶é
PM10
02/01 24 24 19 26 24 27 26 31 38 36 42 44 34 41 38 45 46 48 40 49 42 42 46 41
®ç¶é
PM10
02/02 40 32 35 41 33 35 38 42 53 52 42 42 65 70 76 75 83 94 106 96 106 117 116 119
®ç¶é
PM10
02/03 113 121 108 101 73 75 68 66 56 60 61 1000# 63 65 61 64 67 50 59 73 78 83 74 86
®ç¶é
PM10
02/04 93 82 73 64 50 19 13 11 16 9 20 20 25 28 19 22 24 32 27 34 39 42 33 34
®ç¶é
PM10
02/05 38 33 38 30 26 24 30 47 53 40 39 74 74 79 84 72 54 52 52 40 50 51 63 77
®ç¶é
PM10
02/06 68 50 41 44 41 44 51 62 49 43 35 42 61 46 50 46 51 46 46 58 59 74 79 72
®ç¶é
PM10
02/07 68 64 67 61 56 52 47 65 66 57 32 23 18 21 41 47 42 51 50 50 49 39 33 28
®ç¶é
PM10
02/08 26 22 19 14 11 20 39 39 24 18 20 20 14 13 15 28 38 35 22 25 27 20 32 19
®ç¶é
PM10
02/09 17 20 16 23 21 19 22 21 25 23 16 18 11 11 14 8 9 9 12 8 13 11 9 9
®ç¶é
PM10
02/10 8 6 4 6 6 6 5 8 11 10 10 16 12 17 16 16 16 22 24 20 11 16 20 17
®ç¶é
PM10
02/11 22 16 8 8 8 6 8 11 10 10 14 10 13 9 10 11 12 14 10 10 11 14 10 8
®ç¶é
PM10
02/12 6 6 6 7 6 7 6 8 6 10 8 10 7 9 25 21 28 33 46 33 20 21 26 24
®ç¶é
PM10
02/13 24 25 29 23 13 10 13 14 14 18 11 16 21 30 1000# 16 21 29 31 26 23 24 20 25
®ç¶é
PM10
02/14 22 24 21 27 25 28 36 18 17 23 76 40 33 26 1000# 33 36 31 33 29 25 23 24 24
®ç¶é
PM10
02/15 23 31 29 32 48 70 54 54 62 NA 53 51 58 61 82 65 68 64 57 60 63 78 79 70
®ç¶é
PM10
02/16 59 44 33 23 21 26 24 23 27 21 21 25 22 19 18 18 18 12 12 9 10 9 8 7
®ç¶é
PM10
02/17 7 7 8 6 3 3 9 15 8 7 13 13 11 8 11 11 15 10 9 7 7 7 4 4
®ç¶é
PM10
02/18 6 6 9 7 8 7 7 13 21 26 21 31 29 25 22 20 24 26 35 33 32 41 40 52
®ç¶é
PM10
02/19 66 42 11 15 15 25 18 38 62 115 46 51 61 55 61 53 50 40 52 48 54 55 50 49
®ç¶é
PM10
02/20 35 41 43 37 38 41 49 56 52 71 79 77 57 57 63 73 72 78 119 74 53 42 36 44
®ç¶é
PM10
02/21 46 52 65 39 23 15 13 16 24 23 27 27 30 29 48 58 51 46 27 13 13 19 29 21
®ç¶é
PM10
02/22 29 30 24 13 11 14 13 17 12 16 1000# 19 9 10 19 8 7 6 6 13 11 20 25 28
®ç¶é
PM10
02/23 27 21 23 18 19 21 33 40 40 44 40 35 32 39 28 27 29 25 26 26 21 22 16 12
®ç¶é
PM10
02/24 16 11 11 8 5 6 4 6 9 9 7 10 9 12 8 7 4 12 16 17 19 17 30 30
®ç¶é
PM10
02/25 30 29 23 16 12 20 30 31 36 32 29 1000# 31 29 32 36 37 33 40 41 35 28 28 32
®ç¶é
PM10
02/26 28 28 32 30 32 29 32 40 32 39 39 37 43 38 40 40 41 40 36 43 45 44 42 53
®ç¶é
PM10
02/27 44 50 58 55 49 50 57 64 84 71 81 77 72 62 46 53 68 53 53 43 46 54 62 77
®ç¶é
PM10
02/28 64 70 71 50 49 39 34 44 62 49 35 20 12 16 25 19 32 31 35 32 24 25 27 26
®ç¶é
PM10
ºÊ´ú¦~¤ë¡G2019/03¡A ´ú¯¸¡G®ç¶é¡A ´ú¶µ¡GPM10¡]£gg/m3¡^
®ç¶é
PM10
¤é´Á 00 01 02 03 04 05 06 07 08 09 10 11 12 13 14 15 16 17 18 19 20 21 22 23
®ç¶é
PM10
03/01 28 27 27 29 26 18 22 22 27 29 28 24 27 31 30 34 35 34 26 24 23 29 37 34
®ç¶é
PM10
03/02 22 28 31 38 41 54 46 38 36 36 46 62 100 95 118 119 101 103 120 127 142 123 123 132
®ç¶é
PM10
03/03 131 142 123 130 123 126 128 116 110 123 39 6 8 12 15 14 12 10 21 27 35 31 33 21
®ç¶é
PM10
03/04 20 24 26 25 14 23 21 28 27 26 36 32 33 35 38 33 40 39 39 41 42 39 42 43
®ç¶é
PM10
03/05 47 44 49 55 58 59 57 45 38 31 22 13 16 15 34 53 84 67 31 19 13 13 13 11
®ç¶é
PM10
03/06 14 13 14 18 12 19 17 27 29 33 25 26 28 25 13 21 26 22 32 26 27 24 18 20
®ç¶é
PM10
03/07 20 21 13 14 11 17 29 30 32 36 59 78 63 1000# 85# 115 95 77 66 67 58 50 46 50
®ç¶é
PM10
03/08 38 38 32 22 17 10 16 14 15 17 17 14 19 16 12 15 13 12 14 17 13 9 6 12
®ç¶é
PM10
03/09 19 29 27 16 21 25 27 19 11 12 21 13 14 14 20 15 16 15 21 13 28 27 35 28
®ç¶é
PM10
03/10 10 9 6 4 5 11 9 15 12 10 17 15 15 6 6 7 20 25 24 30 33 35 37 47
®ç¶é
PM10
03/11 60 69 77 63 54 46 44 48 50 50 54 39 36 35 45 49 46 46 53 51 46 51 52 46
®ç¶é
PM10
03/12 48 46 44 48 51 52 48 51 58 61 54 47 54 52 49 54 43 51 58 56 55 52 57 53
®ç¶é
PM10
03/13 51 58 58 50 45 62 56 47 48 55 51 41 42 49 52 40 33 35 41 30 35 30 42 26
®ç¶é
PM10
03/14 33 33 34 37 37 47 46 57 62 67 82 82 84 76 71 64 64 54 51 49 43 36 26 32
®ç¶é
PM10
03/15 19 13 10 10 8 10 17 17 27 25 21 21 28 30 1000# 27 32 44 44 37 37 32 31 35
®ç¶é
PM10
03/16 30 33 36 37 34 40 41 40 41 45 43 40 38 43 49 50 48 50 40 40 41 45 42 36
®ç¶é
PM10
03/17 34 39 40 33 30 29 41 35 38 42 54 45 49 41 41 37 24 15 19 14 18 14 17 20
®ç¶é
PM10
03/18 13 15 15 36 42 48 47 54 62 63 58 48 1000# 51 53 50 48 53 65 69 74 61 57 57
®ç¶é
PM10
03/19 62 68 77 83 63 38 39 48 59 55 50 44 46 32 41 27 33 31 26 21 18 7 9 9
®ç¶é
PM10
03/20 16 18 35 42 54 21 21 46 45 51 64 82 72 68 82 90 80 82 70 59 62 62 65 63
®ç¶é
PM10
03/21 55 73 55 42 32 48 55 50 64 50 54 1000# 60 58 63 55 48 33 32 23 37 42 38 50
®ç¶é
PM10
03/22 48 48 50 64 63 63 55 52 45 58 57 48 28 39 30 23 25 25 13 17 9 21 23 13
®ç¶é
PM10
03/23 12 11 12 11 9 11 15 24 23 12 24 16 24 20 27 19 29 25 33 33 31 32 22 24
®ç¶é
PM10
03/24 21 17 21 24 22 25 24 28 26 26 22 26 29 27 28 21 26 26 27 26 25 30 35 33
®ç¶é
PM10
03/25 26 40 42 34 18 16 27 34 43 39 38 33 25 13 1000# 28 32 38 39 37 45 35 42 30
®ç¶é
PM10
03/26 23 23 26 35 19 19 21 32 33 28 33 36 28 32 31 31 39 41 36 38 37 29 31 27
®ç¶é
PM10
03/27 27 37 43 36 44 50 51 61 54 55 58 55 59 53 41 56 41 41 42 32 46 47 52 55
®ç¶é
PM10
03/28 76 61 71 73 82 87 90 68 48 34 30 34 34 37 42 40 39 35 35 46 53 58 54 58
®ç¶é
PM10
03/29 58 37 51 33 63 69 71 76 64 55 57 51 46 47 52 51 51 52 49 47 45 48 29 17
®ç¶é
PM10
03/30 17 16 21 19 25 29 32 36 21 29 27 35 43 42 48 44 36 39 35 30 31 37 38 41
®ç¶é
PM10
03/31 39 44 49 55 52 47 54 62 71 73 55 79 78 61 60 53 55 43 35 28 34 31 35 30
®ç¶é
PM10
ºÊ´ú¦~¤ë¡G2019/04¡A ´ú¯¸¡G®ç¶é¡A ´ú¶µ¡GPM10¡]£gg/m3¡^
®ç¶é
PM10
¤é´Á 00 01 02 03 04 05 06 07 08 09 10 11 12 13 14 15 16 17 18 19 20 21 22 23
®ç¶é
PM10
04/01 24 18 18 21 22 20 12 14 14 16 24 19 18 23 1000# 32# 34 37 35 38 38 36 34 33
®ç¶é
PM10
04/02 33 37 39 42 38 36 27 24 25 31 32 28 21 19 27 32 34 57 79 70 80 65 60 46
®ç¶é
PM10
04/03 36 40 38 33 25 24 29 33 33 35 33 33 42 36 28 37 38 39 50 48 52 46 53 60
®ç¶é
PM10
04/04 36 24 14 17 17 12 12 10 21 30 23 29 32 40 33 28 20 28 23 32 35 32 35 41
®ç¶é
PM10
04/05 39 37 50 42 41 47 43 45 31 34 27 23 23 22 19 14 19 18 23 19 21 21 21 14
®ç¶é
PM10
04/06 17 7 9 18 13 28 31 21 26 26 21 32 29 19 24 32 50 56 53 53 66 54 59 62
®ç¶é
PM10
04/07 56 71 64 55 50 54 49 60 59 63 56 55 48 47 47 47 58 60 62 64 66 59 58 62
®ç¶é
PM10
04/08 62 60 81 71 78 58 51 60 67 63 72 65 63 59 55 72 70 72 83 86 104 98 115 116
®ç¶é
PM10
04/09 112 100 99 91 66 57 67 75 74 58 60 56 63 61 48 42 43 40 38 44 46 45 48 40
®ç¶é
PM10
04/10 36 33 35 33 35 41 51 53 42 42 53 43 34 37 56 47 40 37 27 21 21 18 9 6
®ç¶é
PM10
04/11 4 3 12 7 9 7 6 13 13 20 26 31 44 44 36 14 14 12 17 17 17 14 9 7
®ç¶é
PM10
04/12 7 12 13 23 29 23 29 38 35 32 32 35 38 37 36 32 36 38 37 37 34 28 26 23
®ç¶é
PM10
04/13 19 20 13 12 19 23 15 20 20 27 1000# 38 33 22 25 29 27 40 42 42 48 43 60 46
®ç¶é
PM10
04/14 35 32 15 19 21 25 31 29 38 31 25 30 28 23 15 19 21 18 22 22 18 31 40 51
®ç¶é
PM10
04/15 42 39 40 39 51 51 55 53 56 50 49 50 53 53 53 60 46 43 39 38 36 38 32 27
®ç¶é
PM10
04/16 30 28 32 32 41 28 36 36 22 31 36 39 15 14 15 24 49 57 65 61 62 50 44 39
®ç¶é
PM10
04/17 39 41 47 38 34 29 60 49 19 21 16 20 15 30 1000# 40 37 53 52 47 38 40 35 37
®ç¶é
PM10
04/18 32 37 46 56 57 63 71 68 76 65 56 52 55 66 59 52 45 48 60 47 63 56 43 62
®ç¶é
PM10
04/19 69 63 59 71 53 48 44 44 58 60 62 68 60 63 64 57 67 65 74 75 88 81 75 84
®ç¶é
PM10
04/20 63 61 68 69 66 75 75 65 41 41 33 24 30 27 26 31 28 37 32 37 48 34 9 12
®ç¶é
PM10
04/21 23 44 35 25 6 0* 6 11 12 14 12 20 21 34 35 29 22 15 14 26 26 39 33 35
®ç¶é
PM10
04/22 36 27 33 37 38 44 36 50 37 22 30 20 10* 1000# 30 24 32 30 34 32 29 30 36 21
®ç¶é
PM10
04/23 21 38 29 35 44 53 60 39 29 22 21 24 29 38 37 31 28 25 35 23 31 32 40 30
®ç¶é
PM10
04/24 38 47 56 53 44 41 45 32 19 22 27 33 30 32 37 34 32 34 41 40 52 54 40 39
®ç¶é
PM10
04/25 32 34 30 34 36 38 42 29 24 27 35 36 35 34 31 38 30 39 32 38 40 38 24 43
®ç¶é
PM10
04/26 36 35 29 27 27 31 19 14 20 17 11 20 19 22 18 29 28 32 30 33 39 37 37 37
®ç¶é
PM10
04/27 24 38 37 43 36 34 32 26 27 32 25 32 29 27 19 15 12 14 17 14 17 11 11 15
®ç¶é
PM10
04/28 7 8 12 16 17 16 26 27 30 74 66 67 59 43 39 31 27 33 33 45 50 50 49 42
®ç¶é
PM10
04/29 37 40 36 37 37 38 43 49 44 39 46 47 53 46 25 30 27 25 24 26 38 37 49 48
®ç¶é
PM10
04/30 48 62 67 71 57 67 63 66 39 32 36 47 30 34 36 33 29 47 30 35 45 43 35 42
®ç¶é
PM10
ºÊ´ú¦~¤ë¡G2019/05¡A ´ú¯¸¡G®ç¶é¡A ´ú¶µ¡GPM10¡]£gg/m3¡^
®ç¶é
PM10
¤é´Á 00 01 02 03 04 05 06 07 08 09 10 11 12 13 14 15 16 17 18 19 20 21 22 23
®ç¶é
PM10
05/01 20 11 20 7 5 3 1 1 4 4 7 8 8 4 5 10 26 17 20 24 27 35 43 38
®ç¶é
PM10
05/02 31 35 40 57 67 72 94 100 103 63 62 55 1000# 41 50 49 48 46 46 52 42 30 28 22
®ç¶é
PM10
05/03 19 30 21 30 33 37 37 42 56 50 1000# 1000# 46 40 31 56 66 59 44 45 42 36 39 36
®ç¶é
PM10
05/04 41 44 44 41 22 26 25 27 16 23 14 23 21 27 24 27 32 22 28 24 31 29 24 29
®ç¶é
PM10
05/05 21 27 27 28 29 26 28 22 26 25 28 25 28 27 25 20 18 25 25 23 24 32 29 23
®ç¶é
PM10
05/06 23 18 19 17 16 20 21 25 26 28 25 29 30 15 15 22 23 21 31 29 27 26 25 17
®ç¶é
PM10
05/07 17 18 21 14 15 13 21 18 19 12 19 19 18 31 35 37 35 37 33 30 29 34 29 23
®ç¶é
PM10
05/08 20 16 23 27 23 22 25 25 26 28 18 16 21 20 19 22 21 21 19 21 17 20 16 22
®ç¶é
PM10
05/09 24 25 20 24 15 11 9 10 10 6 14 11 13 9 1000# 16 19 21 14 16 18 8 13 10
®ç¶é
PM10
05/10 13 21 23 20 9 16 18 6 8 12 10 24 17 28 25 23 34 32 27 29 29 26 23 19
®ç¶é
PM10
05/11 13 12 9 6 9 11 10 20 23 17 20 22 21 19 23 34 32 30 28 26 19 14 18 18
®ç¶é
PM10
05/12 19 16 20 26 30 36 31 27 16 15 15 21 17 15 9 11 13 19 15 20 11 7* 3 6
®ç¶é
PM10
05/13 7 6 5 7 4 10 9 8 17 44 68 67 55 49 40 43 47 46 52 60 53 64 69 70
®ç¶é
PM10
05/14 69 77 67 52 62 54 40 34 37 63 64 40 28 1000# 27 35 42 42 41 44 37 42 63 67
®ç¶é
PM10
05/15 54 62 58 65 73 83 74 75 43 41 37 NA NA NA NA NA 34 33 31 53 51 49 48 38
®ç¶é
PM10
05/16 30 40 45 49 37 26 50 39 29 15 20 29 31 1000# 30 34 29 38 34 33 42 57 31 35
®ç¶é
PM10
05/17 31 25 22 17 7 12 11 11 7 11 6 10 10 15 18 15 26 25 26 24 23 22 40 30
®ç¶é
PM10
05/18 21 21 19 26 21 26 28 18 11 14 22 29 29 41 34 23 23 24 28 42 36 32 35 34
®ç¶é
PM10
05/19 24 21 17 17 19 28 30 23 28 22 15 21 28 24 13 17 22 14 12 16 11 19 25 31
®ç¶é
PM10
05/20 16 23 26 19 19 21 25 30 9 12 6 10 38 38 26 30 26 26 27 24 31 28 28 30
®ç¶é
PM10
05/21 53 68 65 73 72 71 70 70 70 78 82 82 74 70 67 63 56 54 51 47 53 44 47 48
®ç¶é
PM10
05/22 44 47 47 39 36 45 49 42 41 44 52 50 55 65 46 43 52 58 47 43 52 49 53 48
®ç¶é
PM10
05/23 43 40 55 65 68 68 62 51 57 60 60 27 20 16 22 18 20 21 19 13 15 18 12 17
®ç¶é
PM10
05/24 11 17 10 13 16 14 16 10 11 11 14 16 19 1000# 21 21 26 23 26 25 17 26 23 18
®ç¶é
PM10
05/25 12 24 28 16 20 24 27 27 23 16 20 15 19 23 33 42 43 32 31 37 35 31 31 32
®ç¶é
PM10
05/26 37 40 41 29 44 41 44 39 32 37 37 44 37 39 35 33 30 39 46 48 35 39 34 35
®ç¶é
PM10
05/27 33 29 32 36 35 35 42 46 40 21 18 26 31 15 11 7 11 13 21 25 30 29 31 36
®ç¶é
PM10
05/28 35 41 41 18 23 42 41 30 19 2x 0* 0* 0* 5x 1000# 18 20 24 25 18 14 19 24 24
®ç¶é
PM10
05/29 29 28 34 35 34 30 26 36 36 37 42 35 32 35 27 25 26 27 26 28 22 22 25 21
®ç¶é
PM10
05/30 19 23 18 23 22 27 31 26 31 30 29 25 44 42 39 39 45 43 39 35 37 41 46 45
®ç¶é
SO2
01/01 3.2 2.6 2.3 2.1 2.3 2.4 1.7 2.1 2.3 2 1.8 2.1 1.9 2.4 2.4 2.1 3.2 3 2.7 2.4 2 2 2.4 2
®ç¶é
SO2
01/02 2.4 2.3 3.2 3 2.5 2.7 2.1 2.4 3.5 3.1 3 2.8 2.9 2.9 2.7 3.8 3.7 4 3.5 4.6 4.2 3.7 3.3 3.2
®ç¶é
SO2
01/03 1.7 2 1.6 1.6 1.5 3.9 3.1 3.4 3.7 6.3# 3.6 3 2.1 3.2 2.2 1.7 2.5 3.1 1.9 2.9 3.1 2.9 4.8 4.7
®ç¶é
SO2
01/04 4 5.8 3.9 4.6 7.3 9.6 5.8 5.1 7.2 7.8 5.9 5 5.5 4.5 4.3 3.7 3.6 3.8 5.1 5 4.2 3.9 4.4 5
®ç¶é
SO2
01/05 4 2.7 4.7 4.8 6 7.2 5.9 6.1 8.3 5.6 5.3 6.4 6.9 6.6 4.6 4.2 4.4 4.7 3.5 5.4 5.5 6.1 3.8 4
®ç¶é
SO2
01/06 3.9 3.4 3.2 2.2 1.3 1 1.7 1.9 1.8 1.4 1.5 1.3 1.5 2.3 3.4 2.2 1.9 1.6 1.7 1.9 1.4 1.5 1.2 1.2
®ç¶é
SO2
01/07 1.8 2.5 2.6 2.1 2 2.4 2.2 2.3 2.9 2.9 3.1 3.4 3.2 3.7# 4.6 6.4 5.3 5.6 11 4.8 12 9.3 10 9.2
®ç¶é
SO2
01/08 6.6 4.7 2.8 2.5 2.8 0.8 0.3 0.4 0.3 0.5 0.9 0.9 0.5 1 2.1 1.1 2.6 2.9 2.8 4.1 3.7 3.1 2.6 2.9
®ç¶é
SO2
01/09 4.2 4.4 4.2 4.3 4.4 4 2.8 3.1 3.6 2.6 2.7 2.1 1.6 1.6 1.5 1.7 1.7 1.8 2 2 1.9 2.1 2 2
®ç¶é
SO2
01/10 3.2 2.3 2.7 6.2 8.2 6.4 6.6 6.5 7.5 8.9 6.6 5.2 6.5 7 6.9 6.7 5.2 3.8 4.2 4.6 7.2 6.9 6.2 6
®ç¶é
SO2
01/11 6.1 10 9.5 7.5 7.6 6.1 5.3 5.4 6.6 11 6.3 6.5 7.4 4.7 3.8 4.7 5.7 6 4.7 4.5 5.4 3.6 7.1 9.6
®ç¶é
SO2
01/12 8.5 9.1 5.8 3.8 4.8 3.1 2.5 1.3 1.1 1 1.5 1.4 1.6 1.3 1.3 1.4 1.5 1.4 2.2 2.5 2.1 2.7 3.2 1.3
®ç¶é
SO2
01/13 3.1 1.9 1.7 1.5 1.4 1.7 1.7 1.7 1.9 2.2 2.4 2 2 1.4 1.8 1.6 1.5 1.9 2.6 2.5 2.9 3.2 2.3 1.5
®ç¶é
SO2
01/14 2.9 2.9 2.8 2.7 3.5 4.1 4.5 3.8 3.5 3.8 3.2 2.8 3 2.9 3 3 3.1 3.3 3.7 3.3 3.5 3.4 3.5 3.2
®ç¶é
SO2
01/15 3 5 4 2.9 3.4 3.9 4.8 7 11 10 9.3 8.6 6.1 4.1 2.3 3.1 1.6 1.9 1.7 1.6 1.4 1.3 1 1
®ç¶é
SO2
01/16 1.6 2.2 2.1 2.1 2 2 2.8 3 4.1 3.6 3.7 3.6 4.2 3.4 3.4 2.8 3.1 3.9 3.6 3.9 5.5 3.6 3.6 4.3
®ç¶é
SO2
01/17 2.3 2.5 2.3 2.2 2.2 2.3 2.5 2.5 2.5 2.9 3 2.9 2.8 2.9 2.8 3 3.4 3.4 3.7 4 3.5 3.8 3.5 3.4
®ç¶é
SO2
01/18 3.4 2.8 3 3.1 3.9 4.2 4 3.3 3.4 2.9 3.4 2.5 3.3 3.2 3.3 3.8 4.8 4.8 6 6.8 6.9 5.6 4.3 3.7
®ç¶é
SO2
01/19 5.4 8.8# 9.2 4.2 4.2 3.4 3.2 3.8 4 4.4 7.3 4.6# 4.7 4.2 4.6 7.6 5.6 5.3 6.4 6.4 18 15 22 13
®ç¶é
SO2
01/20 8 6.9 4.6 10 11 19 5.3 3.5 3.3 3.7 3.3 2.2 1.3 1.1 1.2 1.1 1 0.8 0.9 0.8 0.7 0.6 0.4 -0.1
®ç¶é
SO2
01/21 2 1.6 1.7 1.7 1.4 1.6 1.5 2.1 2.6 2 2.4 4.1 2.3 2.5 2.4 2.1 1.9 2.4 2.8 2.7 3.7 2.5 2.8 2.2
®ç¶é
SO2
01/22 2.2 1.4 1.5 1.1 1.1 0.9 1.1 1.5 1.9 2 2.7 3.1 3.2 3.6 3.5 4.2 6 4.3 4.2 7.5 9.7 8.1 5.9 5.1
®ç¶é
SO2
01/23 3.8 3 3.4 2.6 3 3.1 4.3 5.2 4.2 3.8 2.8# 2.7 2.3 3 3.3 3.1 3.1 4.5 5.5 5.1 4.4 4.9 3.2 5.1
®ç¶é
SO2
01/24 6.5 3.6 2.8 4.4 2.4 2.6 3 3.7 4.3 4.8 4.5 3.2 2.9 3.1 3 3.1 3.7 4.3 4.8 6.6 5.9 4.6 3.9 3.7
®ç¶é
SO2
01/25 5 7.3 9 6.2 4.6 5 4.6 5.4 7.8 7.3 6.7 5.6 5 5.1 6.9 6 4.5 3.9 4.2 4.4 3.9 3.8 3.8 3.9
®ç¶é
SO2
01/26 3.2 2 1.7 1.6 1.7 1.5 1.7 1.6 1.7 1.9 1.9 1.8 1.8 1.8 2 2.2 2 2.2 2.2 2 2.1 2.1 2 1.9
®ç¶é
SO2
01/27 2.3 2.7 0.9 0.9 -0.2x 0.9 2.5 2.4 2.4 1.6 1.1 0.9 0.6 0.3 0.7 0.8 0.9 1.7 3 3.3 3.3 2.1 1.1 0.9
®ç¶é
SO2
01/28 0.9 2.8 4.6 5.2 3.8 3.8 4.1 5.1 7.8 6.8 6.9 6.2 4.8 4.3 3.9 3.9 7.5 8.4 7.8 7.5 6.4 5.7 5.9 7.7
®ç¶é
SO2
01/29 6.3 5.7 4.5 4.9 3.3 4.8 4.5 4.1 4.8 4 3.6 2.4 3.1 2.7 2.7 2.5 2.7 4.1 4.8 3.8 2.9 2.9 3.9 4.6
®ç¶é
SO2
01/30 7.7 8.8 10 9 8.9 7.4 8.5 11 14 11 5.9 5.7 5.8 4 3.9 3.7 5.1 5.6 7.3 11 13 20 18 15
®ç¶é
SO2
01/31 14 12 8.4 10 4.4 3 6.6 5.8 5.2 3.9 3.5 2.4 2.6 1.5 1.2 1.1 1.6 0.5 0.8 0.8 0.1x 0.2x -0.4x -0.8*
®ç¶é
SO2
ºÊ´ú¦~¤ë¡G2019/02¡A ´ú¯¸¡G®ç¶é¡A ´ú¶µ¡GSO2¡]ppb¡^
®ç¶é
SO2
¤é´Á 00 01 02 03 04 05 06 07 08 09 10 11 12 13 14 15 16 17 18 19 20 21 22 23
®ç¶é
SO2
02/01 2.4 2.2 1.7 1.9 3.3 4.2 3.8 2.6 2.4 2.4 2.4 2.4 2.6 2.8 2.9 3.3 2.7 2.5 2.4 1.4 1.4 1.6 1.7 1.6
®ç¶é
SO2
02/02 2.6 2.1 3 2.1 2.1 2.6 2.8 3.6 4.9 6 4.9 4.4 4.4 4.7 4.1 4.8 7.4 7.5 7.2 6.6 5.7 5.9 5 5.2
®ç¶é
SO2
02/03 3.1 3.2 3.5 5.5 5.3 10 6.7 5.7 7.6 7.9 8 4.5# 4.1# 3.7 2.4 3.3 3.5 2 2 2.2 3.8 5 2.9 6
®ç¶é
SO2
02/04 6.5 4.5 6 3.6 0.9 0.4 0.3 1.9 1.6 2.1 2.5 1.9 1.8 1.8 1.3 1.4 1.7 1.8 1.6 0.1 0.1 0.1 0 0.2
®ç¶é
SO2
02/05 2.6 2.4 2.4 2.2 2.2 2.1 2.4 2.2 2.8 3 2.5 3 3.9 3.9 2.5 2.6 1.7 3.2 3.1 2.1 2.5 2.4 2.5 2.4
®ç¶é
SO2
02/06 1.9 2.4 2.3 2.5 2.6 2.6 3 3.5 3.5 3.9 3.4 3.6 4.3 5 3.1 3.3 2.8 2.7 2.3 2.4 2.6 2.4 2.1 2.6
®ç¶é
SO2
02/07 3.1 3.1 3.7 3.9 4.6 4.1 3.2 3.4 3.9 3.6 2.9 2.1 1.6 1.3 2.7 3.6 3.1 4.2 3.9 2.7 2.1 1.7 1.8 1.9
®ç¶é
SO2
02/08 2.4 1.7 1.6 1.3 1.2 1.6 1.9 1.3 1.5 1.5 2.4 2.2 1.6 1.6 2 1.8 2.1 2.2 2.2 2.5 2.7 3.2 5.7 3.4
®ç¶é
SO2
02/09 0.9 2 2.2 2.5 2.8 2.8 2.3 2.4 2.3 2.7 2.7 2.6 2.3 2.3 2.4 2.3 2.9 2.8 2.4 2.5 2.8 2.4 2.5 2.3
®ç¶é
SO2
02/10 2.5 1.1 1.3 1.4 1.7 1.9 1.5 1.3 1.7 2.4 2.3 3.5 2.3 3 2.7 2 2.1 3.5 2.3 2.7 2.3 2.1 2.9 3.1
®ç¶é
SO2
02/11 2.1 1.8 1.8 1.7 1.6 1.6 1.4 2.1 2.6 2.6 2.4 2.4 2.4 2.3 2.3 2.3 2.4 2.7 2.8 2.8 2.8 2.5 2.3 2.1
®ç¶é
SO2
02/12 2.1 2.1 2.8 2.7 2.8 3.1 3.4 3 3.5 3.3 3 3 3 3.3 5.9 3.4 3.5 5.6 5.5 4.2 4.4 3.7 3.1 2.2
®ç¶é
SO2
02/13 3.4 3.6 4 4.2 3.4 4.1 4.6 3.7 3.6 3.7 3.5 3# 2.9 3.3 3.1# 2.7# 3.1 3 3.4 3.5 3.7 3.9 3.4 3.2
®ç¶é
SO2
02/14 2.8 5.1 4.6 5.9 8.6 5.9 3.9 3.9 4 4.5 6.5 4.3# 4.2 4 4.2 4.1 4.2 4.1 4.6 4.5 5.4 5.6 4.5 4.2
®ç¶é
SO2
02/15 3.5 5.8 6 5.1 4.7 3.8 3.5 3.7 4.3 5.3 5.5 5.6 4.6 4.3 7.1 6.3 6.4 5.4 6.2 5.4 4.2 4.5 4.5 4.3
®ç¶é
SO2
02/16 2.9 2.8 2.4 2.3 1.8 1.8 2.2 2.1 2 2 2 3 2.3 1.8 1.7 1.7 2 1.9 2 1.7 1.8 2 1.9 1.7
®ç¶é
SO2
02/17 2.8 1.4 1 1.1 0.9 1 1 1 1.5 1.5 1.6 1.6 1.5 1.7 1.7 2 1.6 1.9 2.2 1.6 1.3 1.5 1.4 1.4
®ç¶é
SO2
02/18 1.6 1.2 1.4 1.6 1.2 2.1 2 2.5 4.1 4.7 4.7 3.6 3.5 3.6 3.7 3.2 3.9 3.5 3.8 3.9 3.9 4.4 3.7 3.4
®ç¶é
SO2
02/19 3 2.3 1.4 2 2.9 4 2.9 7.4 15 14 8.9 10 9.2 7.1 6.4 7.6 7.5 5.8 9.9 8.5 7.6 8.7 7.4 5.6
®ç¶é
SO2
02/20 2.5 3.1 2.7 2.5 7 4.8 7.6 9.6 7.8 8.9 6.6 6.8 4.9 5.4 4.9 3.9 3.6 2.9 3.3 4.4 4.2 1.6 1.2 3.4
®ç¶é
SO2
02/21 6.2 2.8 2.1 2.2 1.9 1.7 1.6 4.2 3.8 4 3 2.6 2.8 3.4 6 6.6 5.4 4.3 4 2.7 1.6 1.8 2 3
®ç¶é
SO2
02/22 7.1 4 4.6 3.7 3.6 3.3 3.1 2.9 3.1 3# 3 2.5 2 2.1 2.1 2 1.8 1.7 1.7 1.9 2.1 2 2.1 1.9
®ç¶é
SO2
02/23 1.1 1.7 1.7 1.8 1.4 1.8 1.9 2 3.4 3 3.5 2.5 2.1 2.3 2.4 2.3 2.6 2.8 2.9 3 2.7 2.9 3.1 2.6
®ç¶é
SO2
02/24 2.7 1.6 1.2 1.3 1.4 1.4 1.5 1.1 1.3 1.5 1.7 1.8 1.6 1.7 1.6 1.7 1.6 2 2 2.2 2 2.5 2.7 3.3
®ç¶é
SO2
02/25 2.5 1.9 2.2 1.9 1.9 1.4 1.6 2 2.6 2.3 2.6 2.3 2.3 2.2 2.4 2.1 2 2.1 2.3 2.1 2.2 2.2 2.5 2.3
®ç¶é
SO2
02/26 1.5 2.1 2.7 3.5 2.2 2.3 3 3.2 3.6 4.2 4.7 4.8 4.8 4 2.5 2.5 2.5 3.4 4.6 4.9 5.4 4.9 6.1 5.6
®ç¶é
SO2
02/27 6.5 3.5 3.9 3.4 3.1 2.8 2.9 3.6 4.2 4.6 5.4 5.4 3.7 2.5 1.8 2.1 2.4 2.9 4.5 3.5 4.2 5.6 14 14
®ç¶é
SO2
02/28 5.6 4.6 4.4 2.2 0.8 0.8 0.4 0.7 0.9 2.6 0.9 0.6 0.4 0.4 0.6 0.5 0.7 1 1 0.5 0.7 0.8 0.7 0.4
®ç¶é
SO2
ºÊ´ú¦~¤ë¡G2019/03¡A ´ú¯¸¡G®ç¶é¡A ´ú¶µ¡GSO2¡]ppb¡^
®ç¶é
SO2
¤é´Á 00 01 02 03 04 05 06 07 08 09 10 11 12 13 14 15 16 17 18 19 20 21 22 23
®ç¶é
SO2
03/01 2.2 1.5 1.5 1.8 1.8 1.5 1.5 2 2.1 2 2 2 2.1 2.1 2.5 3.4 2.6 2.5 2.6 2.5 2.9 3.2 3.3 3.8
®ç¶é
SO2
03/02 2.8 2.9 2.5 1.8 1.7 1.8 1.9 2 2.1 2.4 2.8 3.3 3.6 3.2 2.3 2 1.8 2.3 2.6 3.5 6.1 5.7 5.7 4.3
®ç¶é
SO2
03/03 3.7 5.5 7.8 6.9 6.4 4.7 5.4 5 3.8 4.8 3.4 2.6 1.8 1.8 1.7 1.9 2.1 1.9 3 5.3 3.1 3.1 3.1 2.9
®ç¶é
SO2
03/04 4.4 2.5 2.9 2.3 2.9 3.1 1.9 2.7 2.9 3.1 3.3 2.7 3.5 3.5 2.9 3.5 4 3.3 2.4 2.3 2.1 2.2 2.3 2.8
®ç¶é
SO2
03/05 2.9 2.4 2.5 2.8 3.2 2.9 2.6 2.5 2.5 2.8 2.9 3 3 2.9 3.4 3.8 3.6 3 2.5 2.5 2.6 3.2 3.1 3.2
®ç¶é
SO2
03/06 2.6 2.2 2.2 2.3 2.2 2.1 3.2 4.3 4.3 5.8 5.1 5 5 4.9 3.8 2 1.7 1.8 2.2 2.2 2.4 2 1.9 1.9
®ç¶é
SO2
03/07 1.8 1.5 1.3 1 1.2 1.2 1.5 1.6 2.6 2.2 2.9 2.7 2.1 2.6# 2.2 2 1.7 1.7 2.1 2.1 2.2 1.9 1.9 2.1
®ç¶é
SO2
03/08 2 2.4 2.7 2.9 2.8 2.7 2.6 2.3 3.1 3.5 3.8 3.6 3.5 3.6 3.5 3.5 4 4.2 4.8 4.5 4.5 4.3 4.1 4
®ç¶é
SO2
03/09 3.3 2.3 3.1 2 3.6 3.4 4.1 3.5 3.1 3.8 4.1 2.8 2.8 2.7 2.8 3 2.9 2.8 2 1.6 4.2 2.7 3.3 2.4
®ç¶é
SO2
03/10 2.2 2.3 2.2 2.1 2.1 2 2 2.8 4.3 4 3.9 3.7 3.7 2.6 3.8 3.4 3.1 2.7 2.6 3.3 3.7 3.3 3.3 3.8
®ç¶é
SO2
03/11 3.1 2.8 3.4 3.1 3.1 2.8 3 3.2 3.7 4.4 5.9 5.6 4.6 4.6 4.2 4.8 5 5.5 5.4 6 5.4 4.7 4.5 4.2
®ç¶é
SO2
03/12 3 2.1 1.8 1.8 1.8 1.6 2 2.3 2.7 2.7 2.6 2.6 4 3 3.2 6.5 5.1 3.5 2.7 2.6 2.7 2.8 2.9 3
®ç¶é
SO2
03/13 2.4 3.3 4.5 3.7 2.2 7.4 5.9 3.2 3.4 2.9 2.3 1.9 1.8 1.7 1.5 1.5 1.7 1.8 2 1.7 1.8 1.7 1.6 1.6
®ç¶é
SO2
03/14 2.3 1.9 2.6 1.9 2.2 5.5 7.3 8 8.6 5.3 4.1 3.7 3.5 3.2 3.4 2.9 3.1 2 3.2 3.2 2.4 1.7 1.3 1.3
®ç¶é
SO2
03/15 1.6 0.8 1 0.7 0.7 1 1.3 1.8 2.2 2.1 1.9 1.5 1.2 1.3 1.6 1.5 1.6 3.1 4.7 3.8 2.5 2 1.7 1.8
®ç¶é
SO2
03/16 1.6 2.9 2.4 1.3 1.3 0.7 1.7 1.1 2.2 2.1 2.1 1.9 2.6 1.7 1.8 2 2.7 2.2 1.9 1.8 2.6 2.3 2 1.6
®ç¶é
SO2
03/17 2.6 2.3 2.2 3.3 2.3 3.3 6.1 6 4.6 5.9 7.2 8.3 4.5 4.2 4.2 3.9 2.7 2.6 3.3 4.1 4.6 4 3.6 4.5
®ç¶é
SO2
03/18 1.8 2.5 2.4 2.8 2.1 3 3.7 3.5 4.5 3.8 3.4 2.9 2.7# 2.5 2.7 2.3 2.5 2.5 3.6 5.2 5.6 7.7 5.5 4.5
®ç¶é
SO2
03/19 3.7 6.6 12 12 4.4 3.1 3 4.1 8 6.7 5.9 5.6 5.6 4.1 3.3 3.1 3 3.3 3.2 3.3 3.4 3.3 3.5 3.5
®ç¶é
SO2
03/20 8.1 9.7 11 11 13 9.7 7.8 18 14 8.1 5.2 4.8 4.1 3.3 2.9 3.8 4 4 3.4 3.2 2.8 2.7 3 2.8
®ç¶é
SO2
03/21 3.2 5.7 3.7 4.3 3.2 2.6 3.4 3.3 4.9 3.5 3.3# 2.6 3.3 4 3.9 3.8 3.5 3.3 4.9 4.8 5.9 7.2 6.4 3.6
®ç¶é
SO2
03/22 3.4 4.3 6.4 3.8 2.8 1.9 1.8 4.7 3.5 5.5 4.5 5.6 5 3.1 4 4.1 2.9 3.2 3.7 3.3 3.3 2.5 2.6 3
®ç¶é
SO2
03/23 4 2.2 2.2 2.1 1.9 1.6 1.7 2.2 3.4 2.7 2.7 2.8 2.7 2.7 2.5 2.7 2.7 3.4 4 4.9 3 3.5 3 3.8
®ç¶é
SO2
03/24 2.7 2.6 1.9 2.6 2.4 2.3 2.9 2.5 2 2.7 2 3 4.6 5.8 4.6 2.6 6.4 5.3 4.9 5.4 4 7.6 5.8 4.6
®ç¶é
SO2
03/25 2.9 11 18 12 4.3 4.5 3.5 4 4.6 4.6 4.3 4.5 4.3 3.2 4.8 3.8 3.9 5.5 7.5 5.6 4.7 3.5 3.6 2.8
®ç¶é
SO2
03/26 2.9 2.5 4.7 9.6 4.3 3.2 2.8 3.9 4.7 4.3 4.5 4.2 4.2 4.2 3.8 3.6 3.5 3.7 3.8 3.8 3.9 3.9 4 4.8
®ç¶é
SO2
03/27 4.4 11 8.1 5.4 6.7 9.2 11 6.6 5.7 5.5 5.6 5.6 5.4 5.4 5.6 5.7 4.8 4.7 4.4 5.3 5.3 5 5.6 7.5
®ç¶é
SO2
03/28 15 5.2 4.2 2.4 2.2 1.4 1.3 1.2 1.3 0.8 0.6 0.5 0.1 1.3 1.5 1.2 1.1 1.4 2.3 2.1 1.3 11 8 10
®ç¶é
SO2
03/29 8.6 2.8 3.2 3.3 2.2 1.6 1.4 1.7 1.8 2.3 1.6 2 2.1 0.9 2.6 3.8 3.9 3.2 0.8 1.9 1.3 1.4 1.7 0.6
®ç¶é
SO2
03/30 3.1 3.4 3.3 3.6 5.4 7.7 7.5 19 12 5.6 5.3 5.7 4.9 4.7 3.9 5.4 5.6 6.8 6.7 5.5 5 6 5.6 4.8
®ç¶é
SO2
03/31 5.2 3.5 3.3 3.9 1.6 1.6 3.6 3.6 3.2 2.2 2 1.9 2.1 2.4 3 3 3.3 3.1 2.4 2.4 2.6 2.4 1.8 1.9
®ç¶é
SO2
ºÊ´ú¦~¤ë¡G2019/04¡A ´ú¯¸¡G®ç¶é¡A ´ú¶µ¡GSO2¡]ppb¡^
®ç¶é
SO2
¤é´Á 00 01 02 03 04 05 06 07 08 09 10 11 12 13 14 15 16 17 18 19 20 21 22 23
®ç¶é
SO2
04/01 1.5 3.1 3.8 4.1 3.3 3 3.8 4.6 4.5 4.3 4.4 5.2 4.5 4# 4.4 4.4 5 4.6 4.8 4.8 3.8 4.1 4.8 5.1
®ç¶é
SO2
04/02 3 2.9 2.6 2.4 2.6 2.5 2.6 2.8 3.4 3.6 4.2 4.1 4.1 4.9 5.3 5.7 6.7 9 9.9 10 12 9.6 7.4 6
®ç¶é
SO2
04/03 4 3.1 1.9 2 1.6 2.1 2 2.4 1.4 1.9 2.1 1.8 2.1 1.7 1.9 1.8 1.7 2.1 2.5 3.3 4.9 7.1 8.9 6.4
®ç¶é
SO2
04/04 7.2 1.8 1.2 1.4 2.3 0 1.4 0.5 2.5 2.7 0.5 0.2 0.2 0.3 0.2 0.4 -0.2 -0.3 1.4 1.2 -0.1 0 -0.2 0.1
®ç¶é
SO2
04/05 2.1 2.6 2.4 2.4 2.2 2.4 2.4 2.5 3 2.8 2.6 2.6 2.7 3.2 3.8 2.8 4.1 4.6 5.8 7.4 5.4 5.1 5.1 6.9
®ç¶é
SO2
04/06 6.8 7.7 4.9 8.4 8.4 9.1 6.5 7.3 6.5 5.6 6.6 8.1 5.3 5.1 4.6 4.4 4.6 4.1 4.3 4.7 4.8 5.2 9.5 11
®ç¶é
SO2
04/07 4.4 5.5 6.5 4.1 4.1 4.8 3.7 3.8 3.9 4.4 4.1 3.7 3.6 3.4 3.1 2.7 2.7 3.1 3.8 4.1 3.5 3.2 3.3 3.9
®ç¶é
SO2
04/08 4.8 7 21 7.6 5.7 6.3 4.7 8 9.4 6.1 7.1 7.6 7.3 6.2 7.5 9.5 8.7 9.2 11 8.9 8.2 9.1 20 17
®ç¶é
SO2
04/09 9.9 12 8 7.8 4.6 5.5 7.2 11 10 2.3 0.9 0.3 1.8 1.9 0.4 0 -0.3 -0.4 -0.1 -0.4 -0.3 -0.2 -0.6* -0.6*
®ç¶é
SO2
04/10 2.2 1.9 1.8 1.9 2.3 3.8 8 9.4 3.8 4.3 3.3 2.6 2.3 2.6 3 3 3.1 3.1 5.3 7.9 6.9 3.7 3.4 2.1
®ç¶é
SO2
04/11 2.6 3.2 3.4 2.7 3.5 3.4 5.5 6.7 4.4 7.5 6.7 5.3 5.1 5.5 3.5 3.2 2.8 3.1 2.6 3.2 3.4 4.3 3.2 2.2
®ç¶é
SO2
04/12 1.4 1.7 1.6 1.5 1.6 1.5 1.8 2.2 3 2.9 2.6 3 4.1 3 2.5 2.6 3.2 3.1 3.3 4.2 3.4 3.4 3 2.9
®ç¶é
SO2
04/13 4.9 2.8 2.8 3.5 5.6 6.6 6.8 5.2 4.5 6.6 5.1 5.9 6.3 5.8 5.3 5.2 5.2 5.5 4.3 4.9 7 5.7 7.6 6.8
®ç¶é
SO2
04/14 3 2.2 1.6 1.5 1.5 2.2 3.4 8.3 7.2 4.1 2.7 3.1 1.8 1.8 2.9 1.4 2.1 2.1 2.8 1.4 1.4 1.3 2.1 3.3
®ç¶é
SO2
04/15 3 2.9 3.7 3.4 3.9 3.4 3.5 2.9 3.3 3.8 4.3 3.4 3.4 2.9 2.6 1.2 2.1 1.7 1.6 1.7 1.5 1.6 1.6 1.4
®ç¶é
SO2
04/16 3.4 5.3 2.7 3.6 3.3 3.3 4.3 5.5 5.5 4.5 5.7 5.8 4.3 4.8 4.4 4.8 4.9 6.3 7.7 9.2 7.5 6 5.1 6.6
®ç¶é
SO2
04/17 5.7 5.4 7 6.3 5.7 4.4 5.3 7.5 3.4 3.5 3.2 4.4 5.1 5.2 4.5# 4.8 3.3 4.1 5.8 6.8 5.5 4.8 4 4
®ç¶é
SO2
04/18 6.9 9.4 12 11 11 11 20 8.9 5.2 4 3.8 3.5 3.8 4.2 4.4 5.1 5.8 6.3 6.9 7.9 23 22 7.6 13
®ç¶é
SO2
04/19 13 9 9.9 11 5 3 2.9 2.1 3.4 5.2 5 6.5 5.4 7.2 5.3 4.8 3.6 1.9 2.6 6.6 4.3 4.1 4.3 3.2
®ç¶é
SO2
04/20 2.8 4.1 4.8 9.3 12 7.4 5.4 4.7 4 3.3 2.9 3.5 2.6 2.7 2.5 3.2 5.4 6.7 6.8 2.6 8.5 2.8 1.5 4.3
®ç¶é
SO2
04/21 9.1 5.4 4.5 4.2 3.7 3.2 3.5 4.9 4.7 4.1 5.2 5.4 4.7 6.4 5.4 4.3 3.2 3 3.7 6.5 6.2 11 7.8 12
®ç¶é
SO2
04/22 13 5 5.3 6 20 14 12 18 14 4.7 5.1 4.4 2.5 2.5 2.7# 2.6# 2.5 2.4 2.5 2.2 3.8 4.5 5.4 4.2
®ç¶é
SO2
04/23 4.6 4.2 4.3 5 5.1 4.7 4.4 3.7 3.9 4.1 3.2 2.5 2.7 3.5 3.8 3.1 3.6 3.2 4.5 4.9 4.5 4.3 3.7 3.5
®ç¶é
SO2
04/24 5.1 13 14 10 7.7 6.3 6.4 5.9 5.2 4.1 4 3.7 3.4 3.2 3.6 3.2 3.1 3.8 3.3 3.5 4.4 6.7 6.6 5.9
®ç¶é
SO2
04/25 5.3 4.5 5.3 4.8 4 3.6 2.9 2.8 2.2 2.3 2.3 2.4 2.3 2.5 2.5 2.8 3 2.6 2.2 2.5 2.1 1.7 1.6 3.4
®ç¶é
SO2
04/26 4.2 6.9 3.6 4 6.4 7.3 7.9 7.9 8.2 8.1 5.7 5.1 6.3 7.6 7.7 9.5 8.6 8.1 7.8 8.4 6.7 6.2 6.8 6.8
®ç¶é
SO2
04/27 6.1 4 4 5 4.1 3.5 3.1 3.4 4.2 3.5 3.4 3.4 3.9 3.6 3.3 3.4 2.9 3.9 3.3 3.3 5.7 4.8 3.9 3.6
®ç¶é
SO2
04/28 4.1 5.4 3.7 4.4 5.6 4.6 4.1 4.2 4.2 3.4 2.9 3.4 4.1 3.2 2.5 3 2.7 2.6 2.8 7.2 11 9.6 15 12
®ç¶é
SO2
04/29 5.4 9.1 5.4 5.8 4.6 4.9 4.8 9.3 6.4 4.4 3.8 3.7 4.7 3.4 1.4 1.8 2.4 2.3 2.2 2.8 3.6 3.6 6.6 5.8
®ç¶é
SO2
04/30 9.8 14 16 17 8.7 19 12 12 6.1 3.4 3.1 3.1 2.4 2.2 2 1.9 1.7 1.6 1.8 1.8 2.6 3.6 3.7 3.6
®ç¶é
SO2
ºÊ´ú¦~¤ë¡G2019/05¡A ´ú¯¸¡G®ç¶é¡A ´ú¶µ¡GSO2¡]ppb¡^
®ç¶é
SO2
¤é´Á 00 01 02 03 04 05 06 07 08 09 10 11 12 13 14 15 16 17 18 19 20 21 22 23
®ç¶é
SO2
05/01 4.3 2 2.1 1.9 2 2.7 1.9 2 1.9 0.6 1 1.2 1.3 0.9 1 1.2 1.3 1.5 2.1 4.8 2.6 3.4 4.4 4.9
®ç¶é
SO2
05/02 3.3 4.8 4.1 5.1 4.5 4.9 5.2 5 4.2 3.4 3.1 3 3# 3.1 4 3.9 4.4 4.7 4.6 3.8 4.3 4.4 4.7 5.3
®ç¶é
SO2
05/03 4.4 1.8 3.7 4.7 2.7 4.1 2.8 2.6 3.2 3.7 3.5# 3.2 3.2 2.5 2.7 2.7 2.9 3.1 3.6 3.4 3.9 3 3.3 5.3
®ç¶é
SO2
05/04 5 7 5.6 3.2 3.6 5 3.5 3.4 2.7 2.9 3.2 2.9 3 3.9 4.5 3.1 3.8 3.9 4.1 4.7 5.1 4.3 5.5 3.4
®ç¶é
SO2
05/05 2.1 1.7 2.9 2.5 2.8 2 1.8 1.8 2.7 2.5 2.1 1.6 1.7 1.8 2 1.4 1.7 3.7 3.9 3.2 3.4 3.6 4.9 4.7
®ç¶é
SO2
05/06 3.9 3 1.9 1.7 2.2 3.3 4.3 5 3.7 3.4 4.1 4.6 3.7 3.6 3.5 3.8 4.2 4.4 4.4 4.9 5 5.4 4.8 4.3
®ç¶é
SO2
05/07 2.8 3.3 2.4 2.1 2 2.1 2.9 3.7 4 4.3 2.6 2.4 2.5 2.2 2.3 2.8 2.7 3.1 4.2 4.3 3.2 3.3 2.8 2.4
®ç¶é
SO2
05/08 3.5 2.4 2.4 2.5 2.3 2.7 3 4 4.6 5.1 5.6 4.8 4.8 4.3 5.1 3.9 3.4 3.9 3.9 4 4.2 4.3 4 4.3
®ç¶é
SO2
05/09 7.5 2.4 2.3 2.3 2 2.1 2.4 2.8 3 3.7 3.3 3.6 2.9 2.6 3.2 4.9 5.1 4 3.6 3.6 3.9 4.5 5.7 5.2
®ç¶é
SO2
05/10 3.6 4.9 4.1 4.5 3.7 3.9 5.1 4.9 5.7 4.4 4.1 4.9 5.1 6 4.8 5.7 6.9 6.2 6.3 4.9 4.9 4.4 4.1 4.6
®ç¶é
SO2
05/11 4 1.9 1.9 2.1 2.6 3.8 2.5 3.5 9 4 3.7 2.6 3.2 3.1 3.3 4 4 3.9 4.4 3.7 4.6 3 2.9 3.5
®ç¶é
SO2
05/12 2.9 4.8 6.3 4.9 5.3 5.5 6.2 8.2 6.3 5.4 4.6 4.7 3.4 3.4 3.6 3.5 3.4 3.3 3.8 3.6 4.2 3.8 4.1 4.1
®ç¶é
SO2
05/13 4.6 2.5 2.4 2 4.5 8.4 8.2 8.2 4.5 2.7 2.6 2.4 2.2 1.4 1.5 2.5 2.6 2.8 3 4 4.7 8.8 8.4 11
®ç¶é
SO2
05/14 10 5.9 5.2 4.4 4.8 5 3.4 3 2.6 3.4 2.3 1.4 0.9# 0.2 0.6 1.3 1.8 1.6 2.9 1.1 0.5 1.5 4.7 6.9
®ç¶é
SO2
05/15 3.8 7.4 7.3 11 9.1 9.7 17 16 5.4 4.3 3.1 NA NA NA NA NA 2.9# 2.4 2.5 6.3 9.8 8.7 12 6
®ç¶é
SO2
05/16 2.9 4.4 4 3.9 4 4.5 12 12 5.3 4.6 3.9# 3.4# 2.5 2.3 50# 2.3# 2# 2.9 3.3 3.1 3.4 3.5 3.4 3.5
®ç¶é
SO2
05/17 4.3 3.2 3.3 3.1 2.8 2.2 2.3 3.1 3.5 2.9 2.6 3.1 3.1 2.9 3.8# 2.9# 3.3 4.4 5.6 6.7 4.7 4.7 11 8.2
®ç¶é
SO2
05/18 5.8 3.7 3.5 4 3.5 4.6 4.6 1.9 1.4 1.3 1.2 1 1 1 0.2 -0.5 -0.5 -0.3 0.3 0.5 0.2 0.2 0.5 0.6
®ç¶é
SO2
05/19 2.4 3.2 3.8 3.8 4.3 4 4.1 3.9 3.8 3.3 3.3 3.1 3.2 3 2.5 2.8 3 3 3 3.6 3.4 4.2 5.1 5.5
®ç¶é
SO2
05/20 3.6 3.7 2.7 3.3 2.7 2.8 3.6 3.9 4 4.3 3.3 3 2.6 2.6 2.4 2.3 2.4 3.1 2.7 2.5 3.5 3.4 2.8 2.8
®ç¶é
SO2
05/21 6.4 5.9 5.7 4.9 3.9 4.3 3.8 3.3 3.2 3.3 3.1 3.1 3.2 3.1 3.4 4 4.1 3.4 3.5 3.8 3.9 3.5 3.9 4.1
®ç¶é
SO2
05/22 5.9 7.8 8.4 4.4 4.8 5.4 4.7 6.2 5.1 7.4 6.2 6.2 7 7.5 4 4.3 7.3 8.1 7.6 5.6 8.5 11 13 11
®ç¶é
SO2
05/23 7.7 3.7 8.2 12 10 9.8 12 6.4 5.6 8.4 6.5 4.5 4.5 2.5 2 1.1 1.8 1.5 2.1 1.9 1.6 1.6 1.4 1.4
®ç¶é
SO2
05/24 3 2.7 2.5 2.7 2.2 1.4 1.5 1.8 2.3 2.2 2.4 2.1 1.8 2 1.9 2.6 3.3 3.6 5.1 4.2 3.7 3.9 3.8 3.2
®ç¶é
SO2
05/25 3.9 6.3 10 6.9 7.6 8.3 8.8 7.3 5.4 4.8 3.9 3.9 3.5 3.8 3.5 3.9 5 7 7.2 4.6 6 8.1 7.9 5.9
®ç¶é
SO2
05/26 6 9.3 9 6.7 12 16 15 9.5 4.2 4.4 4.7 5.6 6.1 5.6 5.4 3.2 3.9 2.8 3.6 7 4.7 3.6 4.2 7.9
®ç¶é
SO2
05/27 9.3 6.8 8.3 6.2 5.4 5.7 4.2 4.2 4.8 3.6 3.3 3.3 3.3 2.4 3.2 4.8 5.2 3.8 9.1 7.9 12 7.9 8.4 9.3
®ç¶é
SO2
05/28 6.3 15 9.8 2.6 2.9 5.4 6.3 4.7 2.8 1.3 1.9 1.6 140# 2.4# 2 1.7# 1.4# 1.6 2.1 2.2 2 2 1.8 1.9
®ç¶é
SO2
05/29 2.3 2.8 2.9 8.1 6.1 3.3 3 3.1 2.9 2.8 2.7 2.7 2.8 2.7 2.8 2.7 3.3 3 3.5 4.1 6.1 4.3 3.6 4.4
®ç¶é
SO2
05/30 4.2 5.2 6.3 6 5.2 5.6 6.5 8.2 6.3 4.8 5.3 4.4 6.7 5.7 4.6 3.8 4.7 5.8 5.5 6.9 6.6 5.6 6 7.4
®ç¶é
CO
01/01 0.27 0.27 0.26 0.24 0.24 0.25 0.28 0.32 0.34 0.38 0.37 0.36 0.36 0.37 0.36 0.36 0.38 0.38 0.37 0.37 0.35 0.32 0.3 0.28
®ç¶é
CO
01/02 0.25 0.22 0.23 0.22 0.22 0.25 0.31 0.48 0.5 0.45 0.42 0.45 0.42 0.41 0.41 0.44 0.49 0.52 0.55 0.52 0.45 0.43 0.37 0.32
®ç¶é
CO
01/03 0.31 0.28 0.28 0.27 0.32 0.33 0.38 0.58 0.58 0.58# 0.5 0.52 0.51 0.49 0.52 0.53 0.55 0.61 0.63 0.63 0.54 0.5 0.52 0.47
®ç¶é
CO
01/04 0.39 0.33 0.3 0.28 0.29 0.32 0.4 0.73 0.76 0.75 0.71 0.62 0.62 0.4 0.35 0.4 0.39 0.45 0.44 0.39 0.49 0.57 0.45 0.35
®ç¶é
CO
01/05 0.28 0.29 0.31 0.32 0.35 0.39 0.43 0.43 0.51 0.52 0.42 0.46 0.41 0.37 0.41 0.52 0.8 0.83 0.79 0.78 0.85 0.78 0.87 0.7
®ç¶é
CO
01/06 0.45 0.43 0.42 0.41 0.41 0.42 0.57 0.59 0.52 0.57 0.66 0.62 0.65 0.71 0.6 0.55 0.53 0.57 0.54 0.47 0.43 0.4 0.37 0.34
®ç¶é
CO
01/07 0.31 0.28 0.27 0.27 0.28 0.29 0.36 0.53 0.63 0.54 0.5 0.52 0.52 0.54# 0.56 0.66 0.81 0.95 1.16 1.03 1.29 1.22 1.24 1.25
®ç¶é
CO
01/08 0.96 0.5 0.39 0.33 0.31 0.3 0.35 0.56 0.54 0.49 0.49 0.48 0.51 0.44 0.45 0.46 0.55 0.63 0.62 0.53 0.45 0.45 0.4 0.35
®ç¶é
CO
01/09 0.33 0.31 0.31 0.3 0.32 0.34 0.39 0.57 0.59 0.53 0.48 0.52 0.52 0.51 0.51 0.49 0.52 0.65 0.67 0.62 0.61 0.57 0.53 0.46
®ç¶é
CO
01/10 0.43 0.4 0.39 0.4 0.4 0.45 0.6 1.18 0.86 0.75 0.73 0.47 0.42 0.45 0.39 0.41 0.42 0.48 0.61 0.57 0.47 0.53 0.67 0.79
®ç¶é
CO
01/11 0.71 0.57 0.63 0.66 0.48 0.46 0.56 0.74 0.66 0.73 0.69 0.52 0.39 0.35 0.38 0.41 0.47 0.49 0.54 0.62 0.6 0.83 0.97 0.97
®ç¶é
CO
01/12 0.97 0.5 0.41 0.4 0.36 0.33 0.35 0.48 0.46 0.47 0.47 0.58 0.68 0.54 0.6 0.56 0.63 0.79 0.91 0.83 0.77 0.75 0.7 0.7
®ç¶é
CO
01/13 0.66 0.64 0.59 0.51 0.51 0.53 0.59 0.7 0.78 0.76 0.78 0.75 0.6 0.6 0.59 0.6 0.65 0.7 0.66 0.64 0.6 0.56 0.52 0.47
®ç¶é
CO
01/14 0.44 0.38 0.35 0.34 0.34 0.35 0.41 0.61 0.55 0.48 0.51 0.49 0.49 0.47 0.48 0.49 0.53 0.59 0.68 0.61 0.54 0.51 0.47 0.4
®ç¶é
CO
01/15 0.37 0.38 0.37 0.4 0.49 0.52 0.7 1.17 1.43 1.08 0.82 0.81 0.47 0.39 0.39 0.43 0.41 0.48 0.46 0.44 0.41 0.42 0.37 0.34
®ç¶é
CO
01/16 0.34 0.32 0.3 0.41 0.46 0.52 0.63 0.9 0.86 0.65 0.58 0.53 0.56 0.56 0.58 0.7 0.75 0.88 0.81 0.64 0.59 0.49 0.46 0.43
®ç¶é
CO
01/17 0.36 0.31 0.33 0.34 0.35 0.37 0.43 0.6 0.51 0.47 0.51 0.5 0.49 0.5 0.5 0.52 0.56 0.75 0.8 0.76 0.63 0.65 0.53 0.45
®ç¶é
CO
01/18 0.4 0.34 0.35 0.35 0.33 0.33 0.37 0.54 0.54 0.45 0.43 0.37 0.37 0.34 0.33 0.37 0.38 0.49 0.57 0.57 0.52 0.51 0.46 0.41
®ç¶é
CO
01/19 0.4 0.4# 0.49 0.43 0.45 0.44 0.48 0.7 0.84 0.76 0.49 0.41# 0.43 0.35 0.36 0.4 0.47 0.64 0.87 1.2 1.47 1.58 1.62 1.43
®ç¶é
CO
01/20 1.07 0.72 0.6 1.01 1.02 0.92 0.51 0.57 0.54 0.58 0.47 0.46 0.51 0.62 0.74 0.78 0.76 0.85 0.78 0.7 0.62 0.61 0.6 0.53
®ç¶é
CO
01/21 0.51 0.49 0.45 0.36 0.33 0.36 0.47 0.78 0.82 0.74 0.74 0.53 0.49 0.45 0.45 0.45 0.41 0.62 0.8 0.74 0.71 0.59 0.49 0.39
®ç¶é
CO
01/22 0.29 0.27 0.27 0.3 0.31 0.33 0.46 0.57 0.56 0.5 0.51 0.5 0.5 0.53 0.52 0.57 0.76 0.82 0.77 0.86 0.97 0.96 0.99 0.77
®ç¶é
CO
01/23 0.64 0.47 0.48 0.4 0.37 0.39 0.47 0.72 0.64 0.5 0.45# 0.49 0.51 0.5 0.5 0.5 0.51 0.63 0.63 0.61 0.53 0.5 0.45 0.4
®ç¶é
CO
01/24 0.4 0.37 0.36 0.36 0.37 0.43 0.53 0.67 0.68 0.59 0.52 0.49 0.45 0.44 0.44 0.44 0.48 0.56 0.57 0.59 0.54 0.54 0.51 0.47
®ç¶é
CO
01/25 0.46 0.45 0.45 0.44 0.49 0.62 0.81 1.34 1.09 0.74 0.68 0.5 0.44 0.39 0.4 0.42 0.46 0.62 0.65 0.61 0.6 0.62 0.57 0.46
®ç¶é
CO
01/26 0.4 0.38 0.35 0.31 0.28 0.26 0.27 0.35 0.41 0.43 0.52 0.48 0.45 0.51 0.45 0.43 0.4 0.41 0.42 0.39 0.36 0.35 0.3 0.26
®ç¶é
CO
01/27 0.25 0.24 0.22 0.22 0.21 0.23 0.31 0.35 0.47 0.39 0.33 0.35 0.3 0.29 0.28 0.27 0.33 0.38 0.33 0.33 0.33 0.32 0.35 0.3
®ç¶é
CO
01/28 0.28 0.22 0.21 0.23 0.26 0.32 0.49 0.89 1.61 0.54 0.51 0.48 0.34 0.24 0.24 0.25 0.35 0.71 0.65 0.59 0.56 0.54 0.4 0.32
®ç¶é
CO
01/29 0.27 0.25 0.23 0.22 0.22 0.27 0.37 0.52 0.65 0.44 0.39 0.36 0.35 0.32 0.34 0.34 0.36 0.52 0.59 0.59 0.53 0.52 0.55 0.54
®ç¶é
CO
01/30 0.55 0.63 0.56 0.46 0.49 0.54 0.89 1.15 1.78 1.09 0.5 0.54 0.46 0.34 0.33 0.35 0.45 0.74 1.43 1.4 1.66 1.68 1.35 1.14
®ç¶é
CO
01/31 0.85 0.5 0.47 0.39 0.35 0.39 0.84 0.89 0.72 0.6 0.5 0.49 0.42 0.31 0.29 0.31 0.38 0.66 0.67 0.55 0.61 0.61 0.61 0.51
®ç¶é
CO
ºÊ´ú¦~¤ë¡G2019/02¡A ´ú¯¸¡G®ç¶é¡A ´ú¶µ¡GCO¡]ppm¡^
®ç¶é
CO
¤é´Á 00 01 02 03 04 05 06 07 08 09 10 11 12 13 14 15 16 17 18 19 20 21 22 23
®ç¶é
CO
02/01 0.46 0.36 0.34 0.3 0.32 0.35 0.44 0.62 0.63 0.59 0.55 0.6 0.62 0.6 0.64 0.71 0.69 0.65 0.64 0.58 0.53 0.47 0.42 0.38
®ç¶é
CO
02/02 0.35 0.36 0.43 0.5 0.53 0.57 0.7 0.84 0.97 1.18 0.79 0.67 0.64 0.48 0.45 0.48 0.49 0.54 0.52 0.55 0.89 1.15 1.11 1.17
®ç¶é
CO
02/03 1.36 1.01 1.09 1.14 0.77 0.81 0.92 1.07 1.01 1.19 0.9 0.71 0.52# 0.46 0.41 0.44 0.47 0.44 0.47 0.65 0.95 0.87 0.84 0.91
®ç¶é
CO
02/04 1.1 0.94 0.93 0.68 0.83 0.78 0.82 0.89 0.88 0.88 0.85 0.89 0.88 0.91 0.91 0.92 0.93 0.99 0.87 0.77 0.79 0.82 0.75 0.68
®ç¶é
CO
02/05 0.66 0.58 0.56 0.54 0.49 0.44 0.44 0.45 0.46 0.54 0.47 0.35 0.26 0.32 0.26 0.24 0.25 0.29 0.42 0.4 0.46 0.46 0.43 0.36
®ç¶é
CO
02/06 0.37 0.35 0.43 0.44 0.42 0.43 0.48 0.65 0.66 0.53 0.51 0.48 0.39 0.36 0.36 0.36 0.39 0.41 0.41 0.44 0.53 0.55 0.97 1.05
®ç¶é
CO
02/07 0.85 0.82 1.02 0.77 0.64 0.54 0.56 0.75 0.65 0.48 0.36 0.28 0.23 0.19 0.33 0.41 0.39 0.45 0.44 0.48 0.49 0.5 0.49 0.5
®ç¶é
CO
02/08 0.54 0.48 0.37 0.32 0.32 0.33 0.34 0.34 0.35 0.39 0.53 0.43 0.36 0.33 0.3 0.3 0.35 0.4 0.39 0.37 0.44 0.34 0.26 0.27
®ç¶é
CO
02/09 0.27 0.28 0.28 0.24 0.27 0.3 0.23 0.33 0.36 0.41 0.33 0.32 0.32 0.38 0.37 0.37 0.33 0.35 0.36 0.37 0.4 0.37 0.31 0.26
®ç¶é
CO
02/10 0.23 0.24 0.24 0.22 0.23 0.25 0.29 0.36 0.32 0.33 0.38 0.42 0.43 0.4 0.37 0.46 0.49 0.43 0.4 0.39 0.41 0.42 0.37 0.36
®ç¶é
CO
02/11 0.29 0.26 0.25 0.24 0.24 0.26 0.36 0.6 0.64 0.5 0.42 0.42 0.4 0.38 0.41 0.4 0.45 0.66 0.58 0.46 0.39 0.36 0.32 0.29
®ç¶é
CO
02/12 0.27 0.24 0.23 0.22 0.23 0.25 0.31 0.47 0.5 0.49 0.45 0.41 0.43 0.43 0.37 0.33 0.32 0.43 0.47 0.37 0.34 0.34 0.3 0.3
®ç¶é
CO
02/13 0.31 0.3 0.29 0.24 0.24 0.24 0.32 0.58 0.46 0.39 0.4 0.43 0.5 0.47 0.45# 0.4# 0.46 0.58 0.64 0.61 0.45 0.38 0.38 0.37
®ç¶é
CO
02/14 0.32 0.29 0.28 0.31 0.31 0.38 0.42 0.7 0.61 0.46 0.48 0.45 0.44 0.44 0.46 0.48 0.59 0.67 0.78 0.79 0.63 0.59 0.52 0.54
®ç¶é
CO
02/15 0.47 0.5 0.4 0.41 0.44 0.48 0.44 0.6 0.98 0.96 0.58 0.47 0.51 0.42 0.4 0.42 0.46 0.55 0.57 0.54 0.7 0.94 0.87 0.6
®ç¶é
CO
02/16 0.48 0.47 0.41 0.36 0.36 0.39 0.44 0.52 0.62 0.6 0.56 0.56 0.48 0.4 0.41 0.46 0.49 0.67 0.67 0.6 0.62 0.62 0.64 0.59
®ç¶é
CO
02/17 0.47 0.38 0.35 0.36 0.34 0.34 0.37 0.46 0.54 0.47 0.43 0.39 0.37 0.35 0.37 0.36 0.39 0.39 0.39 0.37 0.34 0.32 0.3 0.27
®ç¶é
CO
02/18 0.25 0.23 0.22 0.2 0.21 0.25 0.33 0.65 0.79 0.59 0.56 0.58 0.36 0.31 0.3 0.41 0.48 0.51 0.55 0.52 0.44 0.44 0.47 0.6
®ç¶é
CO
02/19 0.42 0.22 0.19 0.22 0.29 0.34 0.47 1.09 1.82 2.12 0.52 0.56 0.64 0.47 0.43 0.45 0.45 0.61 0.89 1.29 1.35 1.2 0.95 0.78
®ç¶é
CO
02/20 0.6 0.46 0.42 0.42 0.5 0.48 0.59 1.17 0.79 0.76 0.74 0.6 0.44 0.41 0.38 0.36 0.41 0.46 0.6 0.44 0.43 0.47 0.44 0.44
®ç¶é
CO
02/21 0.41 0.39 0.43 0.4 0.4 0.41 0.49 0.71 0.76 0.63 0.6 0.56 0.56 0.54 0.48 0.49 0.43 0.49 0.47 0.44 0.46 0.55 0.6 0.53
®ç¶é
CO
02/22 0.52 0.44 0.38 0.35 0.35 0.38 0.4 0.6 0.55 0.43# 0.42 0.44 0.41 0.41 0.45 0.45 0.47 0.58 0.6 0.56 0.61 0.57 0.58 0.54
®ç¶é
CO
02/23 0.51 0.51 0.51 0.54 0.51 0.57 0.61 0.77 0.73 0.68 0.62 0.68 0.64 0.61 0.61 0.59 0.63 0.76 0.77 0.75 0.58 0.46 0.43 0.35
®ç¶é
CO
02/24 0.32 0.26 0.25 0.24 0.24 0.26 0.26 0.3 0.38 0.42 0.47 0.47 0.47 0.46 0.46 0.48 0.56 0.69 0.66 0.59 0.61 0.65 0.67 0.68
®ç¶é
CO
02/25 0.6 0.6 0.49 0.43 0.43 0.47 0.61 1.06 0.91 0.78 0.7 0.69 0.73 0.54 0.66 0.57 0.53 0.67 0.69 0.63 0.58 0.5 0.43 0.41
®ç¶é
CO
02/26 0.36 0.3 0.29 0.29 0.31 0.32 0.4 0.62 0.61 0.5 0.44 0.41 0.44 0.44 0.41 0.45 0.49 0.55 0.62 0.6 0.62 0.68 0.69 0.7
®ç¶é
CO
02/27 0.67 0.54 0.58 0.54 0.47 0.51 0.59 0.74 1.08 0.79 0.81 0.57 0.57 0.55 0.46 0.52 0.57 0.65 0.74 0.88 1.13 2.12 1.47 0.65
®ç¶é
CO
02/28 0.6 0.42 0.33 0.28 0.3 0.34 0.4 0.53 0.61 0.55 0.4 0.37 0.4 0.45 0.49 0.46 0.49 0.51 0.54 0.56 0.43 0.44 0.43 0.38
®ç¶é
CO
ºÊ´ú¦~¤ë¡G2019/03¡A ´ú¯¸¡G®ç¶é¡A ´ú¶µ¡GCO¡]ppm¡^
®ç¶é
CO
¤é´Á 00 01 02 03 04 05 06 07 08 09 10 11 12 13 14 15 16 17 18 19 20 21 22 23
®ç¶é
CO
03/01 0.38 0.38 0.38 0.38 0.37 0.37 0.44 0.57 0.52 0.49 0.5 0.49 0.48 0.48 0.5 0.4 0.51 0.59 0.61 0.63 0.61 0.58 0.53 0.52
®ç¶é
CO
03/02 0.46 0.37 0.34 0.33 0.35 0.41 0.46 0.56 0.5 0.6 0.58 0.48 0.47 0.46 0.51 0.53 0.57 0.71 0.86 0.89 0.87 0.65 0.7 0.77
®ç¶é
CO
03/03 0.79 0.68 0.54 0.72 0.75 1.13 0.94 0.76 0.9 1.02 0.58 0.4 0.27 0.28 0.32 0.34 0.31 0.5 0.83 0.67 0.41 0.42 0.47 0.41
®ç¶é
CO
03/04 0.4 0.37 0.36 0.36 0.34 0.41 0.56 0.85 0.82 0.73 0.75 0.63 0.62 0.62 0.61 0.67 0.73 0.83 0.86 0.76 0.69 0.65 0.58 0.49
®ç¶é
CO
03/05 0.41 0.37 0.36 0.36 0.38 0.39 0.46 0.65 0.72 0.71 0.6 0.6 0.56 0.54 0.48 0.46 0.49 0.53 0.5 0.52 0.57 0.64 0.62 0.68
®ç¶é
CO
03/06 0.49 0.41 0.33 0.32 0.33 0.38 0.43 0.91 1.32 1.41 0.49 0.51 0.54 0.49 0.48 0.45 0.49 0.68 0.86 0.7 0.69 0.62 0.51 0.49
®ç¶é
CO
03/07 0.52 0.49 0.38 0.31 0.37 0.36 0.42 0.54 0.56 0.51 0.55 0.57 0.5 0.46# 0.61 0.75 0.67 0.77 0.75 0.66 0.64 0.57 0.57 0.54
®ç¶é
CO
03/08 0.49 0.48 0.43 0.31 0.24 0.23 0.28 0.42 0.45 0.41 0.43 0.43 0.45 0.48 0.4 0.4 0.49 0.57 0.6 0.54 0.57 0.45 0.48 0.44
®ç¶é
CO
03/09 0.46 0.67 0.38 0.39 0.44 0.55 0.67 0.81 0.93 0.85 0.8 0.56 0.63 0.56 0.6 0.74 0.78 0.61 0.77 0.64 0.69 0.73 0.69 0.53
®ç¶é
CO
03/10 0.32 0.31 0.23 0.18 0.18 0.22 0.22 0.42 0.34 0.4 0.43 0.53 0.49 0.48 0.54 0.49 0.54 0.55 0.71 0.73 0.75 0.54 0.47 0.43
®ç¶é
CO
03/11 0.41 0.46 0.45 0.43 0.41 0.39 0.44 0.69 0.71 0.65 0.62 0.53 0.46 0.45 0.51 0.57 0.64 0.9 0.99 0.95 0.73 0.71 0.63 0.57
®ç¶é
CO
03/12 0.57 0.48 0.47 0.43 0.41 0.46 0.5 0.71 0.88 0.68 0.56 0.49 0.43 0.39 0.37 0.43 0.47 0.76 0.71 0.68 0.68 0.66 0.62 0.55
®ç¶é
CO
03/13 0.54 0.52 0.48 0.43 0.38 0.58 0.65 0.8 0.82 0.63 0.42 0.43 0.41 0.38 0.37 0.38 0.47 0.67 0.63 0.54 0.53 0.55 0.52 0.45
®ç¶é
CO
03/14 0.42 0.35 0.36 0.34 0.35 0.53 0.9 1.38 1.24 0.63 0.48 0.49 0.38 0.36 0.35 0.34 0.37 0.41 0.44 0.36 0.37 0.38 0.32 0.31
®ç¶é
CO
03/15 0.25 0.23 0.21 0.23 0.24 0.31 0.42 0.77 0.75 0.41 0.36 0.36 0.33 0.31 0.35 0.37 0.43 0.6 0.59 0.51 0.42 0.35 0.34 0.33
®ç¶é
CO
03/16 0.3 0.35 0.3 0.24 0.25 0.24 0.29 0.36 0.4 0.43 0.4 0.42 0.43 0.42 0.42 0.44 0.47 0.47 0.47 0.53 0.56 0.48 0.42 0.37
®ç¶é
CO
03/17 0.37 0.35 0.33 0.31 0.32 0.35 0.53 0.6 0.68 0.72 0.75 0.75 0.78 0.58 0.46 0.52 0.51 0.47 0.54 0.53 0.48 0.49 0.48 0.44
®ç¶é
CO
03/18 0.38 0.33 0.35 0.39 0.39 0.49 0.61 0.96 1.24 0.52 0.44 0.36 0.33# 0.33 0.32 0.34 0.36 0.6 0.68 0.54 0.66 0.52 0.5 0.45
®ç¶é
CO
03/19 0.56 0.5 0.53 0.61 0.46 0.32 0.52 0.79 0.83 0.82 0.68 0.57 0.49 0.44 0.44 0.47 0.49 0.59 0.63 0.58 0.51 0.51 0.48 0.47
®ç¶é
CO
03/20 0.56 0.59 0.65 0.64 0.67 0.57 0.75 1.24 1.15 0.69 0.73 0.66 0.48 0.51 0.57 0.67 0.64 0.59 0.57 0.48 0.51 0.54 0.47 0.41
®ç¶é
CO
03/21 0.4 0.5 0.38 0.31 0.29 0.35 0.55 0.67 0.87 0.43 0.41# 0.45 0.44 0.33 0.31 0.33 0.37 0.51 0.58 0.48 0.4 0.39 0.37 0.29
®ç¶é
CO
03/22 0.25 0.25 0.27 0.32 0.35 0.35 0.38 0.76 0.61 0.54 0.53 0.5 0.47 0.47 0.51 0.52 0.47 0.62 0.58 0.54 0.47 0.42 0.33 0.35
®ç¶é
CO
03/23 0.28 0.25 0.24 0.22 0.21 0.24 0.3 0.42 0.43 0.41 0.38 0.44 0.41 0.39 0.32 0.34 0.39 0.51 0.5 0.4 0.35 0.36 0.34 0.31
®ç¶é
CO
03/24 0.24 0.23 0.23 0.23 0.23 0.24 0.27 0.3 0.35 0.38 0.38 0.4 0.44 0.45 0.44 0.39 0.48 0.63 0.68 0.63 0.6 0.7 0.83 0.72
®ç¶é
CO
03/25 0.6 0.65 0.58 0.51 0.37 0.38 0.5 0.88 0.98 0.79 0.65 0.46 0.39 0.39 0.44 0.44 0.47 0.62 0.53 0.49 0.58 0.61 0.67 0.44
®ç¶é
CO
03/26 0.4 0.35 0.32 0.31 0.31 0.37 0.49 0.69 0.61 0.51 0.48 0.46 0.44 0.42 0.42 0.46 0.48 0.6 0.64 0.56 0.47 0.48 0.49 0.46
®ç¶é
CO
03/27 0.45 0.53 0.57 0.54 0.59 0.69 0.87 0.92 0.83 0.49 0.41 0.39 0.35 0.34 0.36 0.36 0.46 0.6 0.76 0.78 0.77 0.95 1.08 1.19
®ç¶é
CO
03/28 1.05 0.62 0.51 0.46 0.45 0.47 0.58 0.7 0.61 0.47 0.4 0.38 0.33 0.35 0.34 0.36 0.4 0.56 0.55 0.58 0.54 1.01 1.04 0.87
®ç¶é
CO
03/29 0.72 0.33 0.43 0.26 0.22 0.25 0.32 0.48 0.48 0.35 0.32 0.32 0.3 0.28 0.3 0.33 0.4 0.59 0.52 0.48 0.45 0.55 0.31 0.28
®ç¶é
CO
03/30 0.33 0.35 0.38 0.33 0.34 0.41 0.49 0.89 0.76 0.59 0.68 0.69 0.36 0.3 0.46 0.45 0.46 0.51 0.5 0.51 0.44 0.38 0.33 0.3
®ç¶é
CO
03/31 0.27 0.24 0.22 0.22 0.21 0.23 0.3 0.4 0.51 0.48 0.45 0.45 0.42 0.36 0.35 0.34 0.37 0.36 0.35 0.32 0.29 0.3 0.28 0.26
®ç¶é
CO
ºÊ´ú¦~¤ë¡G2019/04¡A ´ú¯¸¡G®ç¶é¡A ´ú¶µ¡GCO¡]ppm¡^
®ç¶é
CO
¤é´Á 00 01 02 03 04 05 06 07 08 09 10 11 12 13 14 15 16 17 18 19 20 21 22 23
®ç¶é
CO
04/01 0.23 0.21 0.21 0.2 0.21 0.24 0.3 0.46 0.51 0.46 0.42 0.39 0.37 0.35# 0.38x 0.37# 0.38 0.44 0.42 0.4 0.35 0.34 0.31 0.3
®ç¶é
CO
04/02 0.28 0.25 0.25 0.24 0.24 0.27 0.32 0.51 0.57 0.54 0.51 0.52 0.54 0.56 0.67 0.78 0.91 1.09 1.22 0.94 1.29 0.93 0.63 0.32
®ç¶é
CO
04/03 0.19 0.22 0.2 0.22 0.24 0.25 0.32 0.54 0.84 0.63 0.57 0.59 0.54 0.48 0.5 0.46 0.51 0.71 1.08 1.46 1.1 1.21 1.17 1.38
®ç¶é
CO
04/04 0.98 0.28 0.23 0.22 0.23 0.25 0.32 0.45 0.51 0.57 0.43 0.41 0.35 0.33 0.3 0.28 0.25 0.28 0.25 0.25 0.27 0.28 0.34 0.25
®ç¶é
CO
04/05 0.26 0.22 0.22 0.21 0.22 0.24 0.3 0.34 0.34 0.31 0.3 0.29 0.29 0.32 0.32 0.34 0.37 0.52 0.55 0.52 0.52 0.54 0.5 0.46
®ç¶é
CO
04/06 0.43 0.39 0.38 0.38 0.39 0.44 0.51 0.59 0.58 0.47 0.41 0.38 0.37 0.39 0.39 0.44 0.5 0.56 0.61 0.73 0.74 0.79 0.85 0.87
®ç¶é
CO
04/07 0.79 0.79 0.71 0.55 0.51 0.53 0.6 0.75 0.63 0.65 0.57 0.47 0.42 0.38 0.4 0.42 0.43 0.53 0.62 0.58 0.52 0.48 0.62 0.59
®ç¶é
CO
04/08 0.64 0.72 0.81 0.72 0.69 0.57 0.61 0.95 1 0.71 0.64 0.55 0.49 0.43 0.42 0.45 0.48 0.57 0.66 0.62 0.65 1.41 1.43 1.28
®ç¶é
CO
04/09 1.04 1.06 0.69 0.65 0.5 0.53 0.69 0.98 0.95 0.55 0.53 0.48 0.51 0.41 0.32 0.35 0.34 0.45 0.44 0.43 0.43 0.39 0.31 0.26
®ç¶é
CO
04/10 0.26 0.22 0.23 0.24 0.28 0.36 0.59 0.73 0.58 0.39 0.29 0.28 0.29 0.25 0.31 0.31 0.36 0.58 0.6 0.52 0.47 0.41 0.36 0.32
®ç¶é
CO
04/11 0.28 0.27 0.27 0.25 0.26 0.28 0.39 0.78 0.69 0.69 0.6 0.56 0.49 0.39 0.33 0.27 0.28 0.37 0.45 0.55 0.55 0.62 0.35 0.23
®ç¶é
CO
04/12 0.24 0.27 0.28 0.29 0.3 0.34 0.46 0.78 0.8 0.56 0.49 0.47 0.45 0.43 0.36 0.37 0.4 0.54 0.53 0.42 0.36 0.35 0.33 0.29
®ç¶é
CO
04/13 0.29 0.23 0.22 0.22 0.27 0.36 0.43 0.49 0.57 0.61 0.67 0.5 0.38 0.37 0.36 0.34 0.39 0.69 0.62 0.84 0.55 0.62 0.86 0.49
®ç¶é
CO
04/14 0.33 0.3 0.25 0.24 0.27 0.31 0.46 0.4 0.5 0.45 0.42 0.32 0.3 0.26 0.24 0.3 0.31 0.36 0.36 0.34 0.34 0.41 0.49 0.47
®ç¶é
CO
04/15 0.4 0.28 0.26 0.24 0.26 0.31 0.4 0.6 0.61 0.52 0.44 0.42 0.41 0.37 0.38 0.39 0.44 0.5 0.52 0.43 0.37 0.36 0.32 0.28
®ç¶é
CO
04/16 0.28 0.29 0.28 0.29 0.33 0.34 0.51 0.9 0.73 0.73 0.72 0.62 0.37 0.34 0.33 0.31 0.35 0.45 0.49 0.44 0.47 0.44 0.41 0.37
®ç¶é
CO
04/17 0.34 0.29 0.31 0.29 0.33 0.34 0.53 0.81 0.56 0.45 0.43 0.39 0.37 0.37 0.44# 0.4 0.49 0.7 0.82 0.75 0.57 0.57 0.52 0.49
®ç¶é
CO
04/18 0.51 0.49 0.55 0.59 0.72 0.9 0.88 1.06 0.78 0.58 0.52 0.45 0.41 0.41 0.42 0.42 0.44 0.55 0.66 1.02 1.07 1.13 0.94 0.94
®ç¶é
CO
04/19 0.97 0.76 0.68 0.67 0.53 0.55 0.56 0.83 0.81 0.69 0.78 0.6 0.5 0.51 0.54 0.51 0.62 0.81 1.06 0.99 0.88 0.59 0.6 0.75
®ç¶é
CO
04/20 0.59 0.5 0.49 0.53 0.53 0.61 0.75 0.7 0.54 0.4 0.37 0.34 0.35 0.33 0.34 0.34 0.44 0.55 0.69 0.76 0.81 0.55 0.41 0.5
®ç¶é
CO
04/21 0.56 0.63 0.74 0.66 0.4 0.37 0.68 0.53 0.56 0.51 0.38 0.44 0.37 0.37 0.39 0.37 0.35 0.41 0.82 0.79 0.73 0.95 0.96 0.92
®ç¶é
CO
04/22 0.84 0.78 0.74 0.62 0.62 0.58 0.87 1.41 1.1 0.46 0.32 0.31 0.2 0.2 0.2# 0.23# 0.25# 0.31 0.33 0.33 0.69 0.64 0.67 0.31
®ç¶é
CO
04/23 0.29 0.65 0.47 0.34 0.25 0.28 0.4 0.63 0.54 0.39 0.31 0.3 0.31 0.3 0.3 0.32 0.32 0.46 0.57 0.48 0.52 0.48 0.38 0.38
®ç¶é
CO
04/24 0.39 0.5 0.48 0.46 0.48 0.54 0.58 0.58 0.43 0.33 0.3 0.31 0.27 0.26 0.24 0.22 0.27 0.28 0.38 0.38 0.44 0.64 0.35 0.34
®ç¶é
CO
04/25 0.26 0.25 0.21 0.29 0.28 0.3 0.34 0.39 0.34 0.29 0.26 0.26 0.23 0.22 0.24 0.27 0.29 0.32 0.45 0.4 0.21 0.22 0.23 0.18
®ç¶é
CO
04/26 0.17 0.21 0.2 0.21 0.27 0.29 0.39 0.58 0.6 0.54 0.46 0.44 0.42 0.44 0.43 0.47 0.52 0.63 0.69 0.64 0.61 0.6 0.62 0.54
®ç¶é
CO
04/27 0.42 0.35 0.37 0.36 0.35 0.36 0.44 0.5 0.52 0.46 0.47 0.47 0.49 0.46 0.42 0.37 0.41 0.47 0.48 0.47 0.45 0.42 0.4 0.43
®ç¶é
CO
04/28 0.39 0.38 0.36 0.35 0.37 0.4 0.53 0.46 0.44 0.32 0.29 0.35 0.28 0.28 0.31 0.26 0.27 0.44 0.52 0.98 1.15 1.04 1.06 0.99
®ç¶é
CO
04/29 0.85 0.62 0.5 0.56 0.45 0.47 0.47 0.77 0.64 0.59 0.49 0.42 0.39 0.33 0.22 0.23 0.28 0.34 0.32 0.39 0.5 0.64 0.69 0.56
®ç¶é
CO
04/30 0.54 0.56 0.48 0.59 0.64 0.63 0.67 0.88 0.57 0.36 0.36 0.29 0.21 0.21 0.22 0.25 0.25 0.3 0.27 0.22 0.27 0.29 0.29 0.26
®ç¶é
CO
ºÊ´ú¦~¤ë¡G2019/05¡A ´ú¯¸¡G®ç¶é¡A ´ú¶µ¡GCO¡]ppm¡^
®ç¶é
CO
¤é´Á 00 01 02 03 04 05 06 07 08 09 10 11 12 13 14 15 16 17 18 19 20 21 22 23
®ç¶é
CO
05/01 0.24 0.14 0.16 0.18 0.19 0.19 0.24 0.39 0.41 0.47 0.46 0.45 0.44 0.42 0.4 0.44 0.52 0.49 0.56 0.65 0.49 0.43 0.4 0.33
®ç¶é
CO
05/02 0.3 0.33 0.35 0.38 0.42 0.49 0.59 0.84 0.82 0.51 0.51 0.44 0.41# 0.39 0.41 0.45 0.48 0.62 0.63 0.6 0.48 0.45 0.4 0.35
®ç¶é
CO
05/03 0.35 0.29 0.28 0.26 0.27 0.33 0.43 0.64 0.54 0.42 0.36# 0.37 0.36 0.32 0.32 0.34 0.38 0.45 0.46 0.46 0.47 0.37 0.35 0.32
®ç¶é
CO
05/04 0.31 0.33 0.28 0.24 0.22 0.25 0.28 0.34 0.39 0.41 0.4 0.4 0.38 0.37 0.37 0.4 0.42 0.44 0.45 0.44 0.42 0.44 0.45 0.38
®ç¶é
CO
05/05 0.33 0.25 0.26 0.23 0.24 0.27 0.31 0.34 0.42 0.41 0.36 0.35 0.34 0.29 0.27 0.28 0.3 0.36 0.36 0.36 0.32 0.33 0.32 0.26
®ç¶é
CO
05/06 0.24 0.18 0.17 0.17 0.18 0.2 0.3 0.56 0.5 0.4 0.46 0.47 0.53 0.47 0.41 0.43 0.48 0.6 0.65 0.58 0.49 0.39 0.34 0.27
®ç¶é
CO
05/07 0.25 0.24 0.27 0.22 0.24 0.32 0.38 0.54 0.55 0.47 0.51 0.47 0.41 0.36 0.34 0.39 0.43 0.58 0.58 0.47 0.41 0.37 0.29 0.28
®ç¶é
CO
05/08 0.24 0.21 0.22 0.2 0.2 0.23 0.32 0.56 0.81 0.82 0.63 0.51 0.54 0.44 0.41 0.39 0.39 0.54 0.54 0.55 0.5 0.54 0.38 0.43
®ç¶é
CO
05/09 0.4 0.38 0.39 0.4 0.34 0.35 0.54 1.02 0.72 0.57 0.63 0.51 0.38 0.46 0.55 0.61 0.59 0.71 0.65 0.65 0.5 0.4 0.37 0.29
®ç¶é
CO
05/10 0.27 0.2 0.2 0.19 0.2 0.26 0.4 0.64 0.51 0.51 0.47 0.5 0.49 0.51 0.45 0.5 0.62 0.73 0.7 0.57 0.5 0.42 0.38 0.34
®ç¶é
CO
05/11 0.27 0.23 0.22 0.21 0.22 0.28 0.39 0.5 0.57 0.52 0.41 0.41 0.41 0.35 0.34 0.34 0.39 0.47 0.49 0.42 0.37 0.34 0.3 0.26
®ç¶é
CO
05/12 0.25 0.23 0.26 0.33 0.36 0.39 0.5 0.41 0.44 0.44 0.36 0.31 0.34 0.31 0.3 0.3 0.31 0.36 0.37 0.38 0.38 0.38 0.36 0.34
®ç¶é
CO
05/13 0.29 0.24 0.22 0.21 0.22 0.29 0.39 0.65 0.64 0.46 0.46 0.44 0.36 0.35 0.36 0.38 0.4 0.46 0.53 0.54 0.91 1.06 0.83 0.59
®ç¶é
CO
05/14 0.42 0.53 0.55 0.44 0.42 0.37 0.42 0.53 0.57 0.47 0.36 0.31 0.27# 0.25 0.26 0.27 0.29 0.38 0.47 0.55 0.45 0.61 0.75 0.69
®ç¶é
CO
05/15 0.58 0.55 0.56 0.53 0.49 0.57 0.67 0.95 0.67 0.53 0.45 NA NA NA NA NA 0.29# 0.35 0.6 1.12 1.02 0.63 0.51 0.32
®ç¶é
CO
05/16 0.22 0.19 0.22 0.19 0.21 0.25 0.55 0.58 0.53 0.35 0.25# 0.32# 0.27x 0.27x 5.27# 0.29# 0.28 0.3 0.35 0.35 0.26 0.27 0.32 0.22
®ç¶é
CO
05/17 0.23 0.18 0.19 0.18 0.15 0.14 0.25 0.57 0.71 0.35 0.26 0.59 0.34 0.2 0.38 0.34 0.55 1.07 1.59 1.07 0.32 0.53 0.95 0.65
®ç¶é
CO
05/18 0.49 0.38 0.3 0.31 0.27 0.41 0.48 0.25 0.25 0.24 0.25 0.27 0.21 0.16 0.21 0.25 0.29 0.39 0.36 0.29 0.27 0.27 0.27 0.29
®ç¶é
CO
05/19 0.26 0.3 0.26 0.27 0.27 0.32 0.39 0.37 0.36 0.27 0.25 0.25 0.26 0.23 0.24 0.23 0.27 0.29 0.37 0.42 0.41 0.39 0.49 0.6
®ç¶é
CO
05/20 0.46 0.25 0.19 0.21 0.2 0.25 0.37 0.68 0.64 0.54 0.61 0.59 0.55 0.49 0.43 0.42 0.51 0.7 0.52 0.41 0.61 0.47 0.41 0.3
®ç¶é
CO
05/21 0.29 0.26 0.25 0.23 0.23 0.25 0.34 0.51 0.49 0.39 0.41 0.42 0.43 0.39 0.43 0.46 0.48 0.59 0.67 0.53 0.5 0.53 0.55 0.5
®ç¶é
CO
05/22 0.5 0.36 0.29 0.25 0.25 0.27 0.39 0.63 0.65 0.61 0.66 0.71 0.83 0.74 0.59 0.56 0.64 0.84 1.04 0.91 0.97 0.94 0.9 0.75
®ç¶é
CO
05/23 0.66 0.53 0.64 0.72 0.78 0.77 0.67 1.09 1.13 1.05 1.09 0.57 0.5 0.46 0.43 0.46 0.51 0.64 0.71 0.58 0.47 0.41 0.39 0.33
®ç¶é
CO
05/24 0.28 0.25 0.23 0.21 0.21 0.25 0.34 0.55 0.6 0.51 0.42 0.39 0.37 0.41 0.37 0.42 0.44 0.55 0.56 0.52 0.53 0.51 0.45 0.37
®ç¶é
CO
05/25 0.35 0.34 0.34 0.28 0.29 0.41 0.38 0.53 0.49 0.39 0.35 0.39 0.32 0.4 0.42 0.48 0.6 0.58 0.56 0.51 0.53 0.56 0.52 0.48
®ç¶é
CO
05/26 0.5 0.49 0.46 0.45 0.46 0.53 0.53 0.5 0.4 0.46 0.42 0.37 0.31 0.3 0.29 0.28 0.28 0.4 0.54 0.6 0.5 0.41 0.45 0.52
®ç¶é
CO
05/27 0.43 0.35 0.33 0.31 0.38 0.42 0.38 0.68 0.68 0.42 0.29 0.28 0.33 0.24 0.38 0.44 0.55 0.84 0.92 1 1.13 1.29 0.93 0.94
®ç¶é
CO
05/28 0.89 0.41 0.58 0.46 0.39 0.67 0.56 0.86 0.82 0.44 0.6 0.52 0.53 0.44# 0.35 0.33# 0.41# 0.56 0.49 0.42 0.35 0.33 0.35 0.38
®ç¶é
CO
05/29 0.35 0.27 0.25 0.23 0.21 0.25 0.34 0.57 0.52 0.37 0.38 0.41 0.36 0.33 0.28 0.3 0.4 0.5 0.6 0.55 0.49 0.5 0.4 0.33
®ç¶é
CO
05/30 0.28 0.26 0.24 0.23 0.24 0.31 0.42 0.61 0.52 0.62 0.45 0.4 0.36 0.32 0.27 0.27 0.29 0.34 0.37 0.33 0.38 0.45 0.58 0.57
®ç¶é
O3
01/01 29 30 30 31 31 31 30 29 29 29 30 31 31 32 31 30 29 29 29 29 29 30 30 32
®ç¶é
O3
01/02 33 34 34 34 34 33 30 25 23 23 25 27 29 28 26 25 22 22 21 21 23 23 24 26
®ç¶é
O3
01/03 27 27 28 29 26 28 26 22 22 22# 23 23 24 26 24 23 21 21 20 19 22 23 21 22
®ç¶é
O3
01/04 25 26 27 26 24 21 18 14 16 19 22 29 37 35 23 13 15 16 16 14 9.1 4.8 7.6 12
®ç¶é
O3
01/05 18 15 12 11 6.4 6 4.6 7.9 8.6 13 17 17 21 22 19 13 8.4 4.2 5.6 7.3 4.3 7.7 2.5 5.3
®ç¶é
O3
01/06 11 8.2 8.7 9.7 13 15 8.2 10 21 24 27 29 27 26 31 31 30 28 28 30 29 29 30 32
®ç¶é
O3
01/07 32 34 34 34 33 31 29 26 24 25 29 28 30 30# 26 22 16 9.8 4.6 5.4 2 1.7 1.6 1.6
®ç¶é
O3
01/08 1.9 9.9 18 20 22 30 28 23 23 22 20 21 23 28 30 27 21 22 22 23 24 26 27 29
®ç¶é
O3
01/09 32 32 31 31 30 29 27 23 23 24 26 29 32 34 34 32 29 26 28 29 29 29 29 31
®ç¶é
O3
01/10 32 32 32 30 29 24 17 5.5 9.6 18 24 26 32 35 32 29 27 21 14 8.2 8.1 3.3 1.8 1.6
®ç¶é
O3
01/11 1.5 1.6 2.7 2.3 3.2 4.4 1.8 2.6 6 5.8 8.4 12 15 16 11 8.6 6 6.2 6.2 2.7 1.9 2 1.8 1.7
®ç¶é
O3
01/12 1.8 1.6 1.8 1.8 7.1 17 19 16 15 18 18 15 11 15 13 10 8.1 7.2 8.6 12 13 14 15 15
®ç¶é
O3
01/13 20 21 23 25 25 24 22 19 18 21 24 24 24 24 22 22 21 19 21 23 24 26 30 31
®ç¶é
O3
01/14 33 34 35 35 35 36 33 29 31 32 31 34 35 36 35 32 30 28 25 26 27 28 29 30
®ç¶é
O3
01/15 30 29 27 15 8.7 5.5 2.5 2 2.8 6 7.4 13 22 28 30 27 30 29 32 31 33 34 34 34
®ç¶é
O3
01/16 32 34 34 38 40 40 33 28 28 32 30 32 33 34 34 29 26 22 20 21 21 23 23 22
®ç¶é
O3
01/17 26 30 34 31 33 32 29 27 28 29 29 27 27 26 28 28 25 22 21 21 27 31 33 35
®ç¶é
O3
01/18 37 38 40 39 40 41 38 32 32 35 36 40 41 41 40 39 36 32 28 27 28 27 28 28
®ç¶é
O3
01/19 27 25 10 7.5 8.3 14 12 9.4 13 18 36# 42 44 47 42 41 36 29 14 2.4 2.1 1.9 1.9 1.8
®ç¶é
O3
01/20 1.7 3.4 12 1.8 2 2.8 16 19 23 25 28 30 33 34 26 23 27 23 23 29 33 36 41 43
®ç¶é
O3
01/21 41 41 43 41 40 37 28 18 12 13 16 23 25 25 23 20 21 16 12 12 12 17 19 23
®ç¶é
O3
01/22 34 37 39 40 39 39 34 32 31 30 29 30 32 32 30 31 17 25 31 19 11 11 8.2 16
®ç¶é
O3
01/23 24 35 33 39 41 40 36 29 34 40 45# 44 44 44 43 43 42 40 40 39 42 42 44 46
®ç¶é
O3
01/24 47 49 51 51 50 46 42 38 41 44 47 50 51 49 47 45 42 41 41 42 43 43 44 44
®ç¶é
O3
01/25 43 42 40 38 35 29 20 11 19 35 39 48 52 53 51 50 46 41 38 36 37 34 36 44
®ç¶é
O3
01/26 48 50 49 50 45 40 42 34 33 34 32 36 39 38 37 33 28 30 31 33 33 30 30 32
®ç¶é
O3
01/27 32 32 33 31 31 32 29 26 26 30 32 31 33 35 35 35 31 29 30 29 29 28 27 28
®ç¶é
O3
01/28 29 31 30 24 19 9.4 4.2 4.2 6.4 25 29 34 37 38 39 36 27 17 18 21 21 20 26 30
®ç¶é
O3
01/29 33 34 33 34 34 31 27 26 25 32 34 37 39 38 37 37 35 29 26 23 24 24 21 21
®ç¶é
O3
01/30 20 7.3 2.9 3.8 2.3 2.3 2 2.7 5.9 17 32 44 55 52 45 43 33 19 3.9 2.3 1.9 1.9 1.8 1.8
®ç¶é
O3
01/31 3.7 5 4.3 6.2 8.3 7.2 2.1 3.4 9.5 21 29# 37# 49 55 52 44 41 39 27 29 33 37 36 35
®ç¶é
O3
ºÊ´ú¦~¤ë¡G2019/02¡A ´ú¯¸¡G®ç¶é¡A ´ú¶µ¡GO3¡]ppb¡^
®ç¶é
O3
¤é´Á 00 01 02 03 04 05 06 07 08 09 10 11 12 13 14 15 16 17 18 19 20 21 22 23
®ç¶é
O3
02/01 36 37 35 35 33 32 31 26 26 25 27 26 28 30 28 25 27 29 30 29 29 31 32 32
®ç¶é
O3
02/02 33 32 23 15 13 9.1 4.4 5.7 9.2 16 29 43 50 46 41 40 38 35 31 27 12 2.8 2.2 1.8
®ç¶é
O3
02/03 1.7 1.7 1.7 1.7 3.3 3.1 1.9 2.9 8.6 20 42 58 62# 66 58 49 46 43 38 29 15 11 13 11
®ç¶é
O3
02/04 6.8 6.6 4.9 19 18 21 19 19 20 23 29 30 30 30 31 30 28 26 30 33 30 27 28 28
®ç¶é
O3
02/05 25 28 30 29 30 32 32 32 30 27 29 31 32 33 34 35 37 31 23 24 21 18 19 24
®ç¶é
O3
02/06 21 19 16 14 12 10 11 9.8 11 21 29 35 36 36 40 41 38 36 35 32 25 25 6.6 2
®ç¶é
O3
02/07 2.7 2.6 1.9 2.8 10 8.8 6.9 5 11 27 33 39 42 39 47 49 48 40 37 38 35 31 30 28
®ç¶é
O3
02/08 26 26 29 30 29 29 31 30 30 29 27 27 31 31 29 28 27 25 24 22 18 21 20 23
®ç¶é
O3
02/09 26 22 20 21 19 19 28 23 20 19 24 26 23 20 24 24 23 24 25 22 20 22 26 28
®ç¶é
O3
02/10 30 29 27 28 28 28 27 24 29 29 29 28 29 26 24 23 21 16 21 21 21 20 19 19
®ç¶é
O3
02/11 23 27 30 30 31 31 24 19 20 25 29 29 26 25 27 25 21 17 19 22 23 24 26 26
®ç¶é
O3
02/12 27 27 28 28 28 27 25 22 23 24 27 30 31 32 30 29 28 21 18 24 23 22 22 20
®ç¶é
O3
02/13 21 17 13 23 25 24 22 19 20 20 19 20 21# 22 27 28# 27# 25 23 21 25 28 29 29
®ç¶é
O3
02/14 30 29 28 20 20 9.9 8.7 16 20 20 21 23# 24 25 25 24 21 23 21 22 27 27 28 24
®ç¶é
O3
02/15 23 17 20 18 16 8.3 11 11 12 17 21 29 40 49 48 39 35 32 32 28 22 11 7.9 11
®ç¶é
O3
02/16 19 21 26 28 27 23 20 19 20 24 27 24 24 28 29 28 27 23 24 27 24 22 20 26
®ç¶é
O3
02/17 30 31 32 31 33 34 31 25 24 29 32 33 34 34 32 30 29 27 27 28 28 28 28 30
®ç¶é
O3
02/18 30 31 32 32 32 30 26 19 9.9 8.4 11 16 21 26 27 25 20 20 18 18 18 17 15 7.1
®ç¶é
O3
02/19 9.7 19 28 22 18 13 9.1 3.6 3.5 7.8 16 20 29 43 43 36 32 22 5.5 2.2 1.8 1.7 2 4.9
®ç¶é
O3
02/20 10 12 12 10 5.8 2.4 1.8 2.6 8 15 30 32 39 40 44 44 41 33 17 21 21 22 21 16
®ç¶é
O3
02/21 17 17 13 18 17 23 21 16 17 21 23 25 27 31 33 33 33 33 28 31 31 24 19 21
®ç¶é
O3
02/22 17 19 24 29 30 30 31 24 25 28 27# 27 29 31 29 29 32 30 28 28 23 29 33 35
®ç¶é
O3
02/23 39 38 36 32 31 29 28 25 27 29 30 27 28 27 27 28 26 23 22 21 25 29 30 34
®ç¶é
O3
02/24 34 35 37 36 36 35 37 35 36 36 34 35 36 36 38 37 32 27 27 32 29 24 21 19
®ç¶é
O3
02/25 22 25 31 31 32 27 17 16 18 18 19 24 22 24 21 26 31 29 28 28 27 31 34 35
®ç¶é
O3
02/26 38 40 40 38 38 36 32 28 27 29 32 34 32 33 36 32 30 28 27 26 25 24 20 18
®ç¶é
O3
02/27 13 13 13 14 12 3.3 2.7 3.4 5.5 10 14 30 35 48 52 50 42 37 20 14 3.3 1.9 1.9 13
®ç¶é
O3
02/28 18 22 30 29 29 29 26 21 19 16 25 28 28 25 26 31 30 29 29 30 32 31 33 35
®ç¶é
O3
ºÊ´ú¦~¤ë¡G2019/03¡A ´ú¯¸¡G®ç¶é¡A ´ú¶µ¡GO3¡]ppb¡^
®ç¶é
O3
¤é´Á 00 01 02 03 04 05 06 07 08 09 10 11 12 13 14 15 16 17 18 19 20 21 22 23
®ç¶é
O3
03/01 34 35 33 28 31 34 33 27 32 33 35 37 40 41 35 32 31 30 30 28 26 24 21 22
®ç¶é
O3
03/02 30 32 34 34 33 32 28 23 24 26 28 34 45 49 43 38 41 39 28 21 16 28 22 19
®ç¶é
O3
03/03 14 16 22 11 13 2 4.6 10 9.5 6.8 29 35 37 37 34 32 31 22 6.4 13 29 26 24 29
®ç¶é
O3
03/04 29 29 30 35 34 31 24 18 21 22 25 39 42 46 45 42 38 35 35 38 38 40 40 41
®ç¶é
O3
03/05 43 45 45 44 42 41 36 31 31 32 38 40 40 42 58 52 39 36 38 35 30 21 21 17
®ç¶é
O3
03/06 22 25 28 27 27 20 17 5.3 4.6 5.6 27 29 28 29 33 37 37 32 24 29 28 35 38 40
®ç¶é
O3
03/07 37 36 42 46 40 43 37 34 32 33 33 35 40 40 41# 42 48 42 39 39 39 43 44 48
®ç¶é
O3
03/08 48 50 47 44 43 44 40 36 32 30 28 29 28 28 28 30 26 24 24 24 23 25 23 23
®ç¶é
O3
03/09 16 6 13 15 8.1 2.1 2.3 5.9 8.8 6.1 5.4 13 16 18 11 7.6 8.1 11 7.2 13 4.8 5.1 5.7 14
®ç¶é
O3
03/10 30 28 31 35 35 33 33 26 26 24 23 21 24 24 22 22 24 28 19 14 14 30 38 46
®ç¶é
O3
03/11 49 52 55 47 42 35 29 25 27 28 28 32 37 38 37 33 29 20 17 18 31 31 37 38
®ç¶é
O3
03/12 36 39 38 40 43 35 33 32 34 43 51 57 62 66 65 56 51 41 41 39 38 37 37 38
®ç¶é
O3
03/13 37 34 31 33 36 4.9* 13 25 30 38 46 49 50 52 53 50 46 43 43 46 46 44 44 45
®ç¶é
O3
03/14 46 46 42 42 39 19 6.6 5.1 17 29 33 33 40 44 49 48 43 43 38 37 36 39 41 40
®ç¶é
O3
03/15 42 43 44 46 44 39 32 24 26 40 44 46 50 48 46 46 49 43 41 42 46 49 51 48
®ç¶é
O3
03/16 47 47 48 53 53 55 51 48 47 46 46 46 45 44 42 42 42 43 43 40 38 38 40 42
®ç¶é
O3
03/17 42 40 39 36 34 31 13 20 19 17 18 26 32 43 42 37 33 35 32 34 33 33 34 33
®ç¶é
O3
03/18 32 32 27 20 16 8.5 3.7 2.6 6.3 21 33 34 40# 43 44 42 42 35 26 29 23 32 33 31
®ç¶é
O3
03/19 20 19 16 13 22 35 25 17 18 25 33 39 43 40 38 36 34 31 29 29 30 30 29 28
®ç¶é
O3
03/20 20 16 3.9 2.6 2.3 12 7.7 3.5 5.7 20 35 37 44 57 62 61 58 51 38 35 32 28 25 23
®ç¶é
O3
03/21 17 13 13 7.2 7.8 11 10 12 14 24 33 47# 51 45 44 41 38 23 9.4 11 9.9 6.3 7.3 12
®ç¶é
O3
03/22 14 15 17 23 27 32 32 23 30 32 30 32 37 35 33 27 27 24 27 25 27 30 30 30
®ç¶é
O3
03/23 33 35 34 34 37 37 34 30 31 32 31 29 31 31 32 30 30 27 27 31 35 37 39 39
®ç¶é
O3
03/24 44 46 45 45 47 46 46 44 41 37 36 35 32 29 28 28 25 18 15 17 17 12 2.9 3.7
®ç¶é
O3
03/25 6 3.7 3.2 3.5 5.5 8.7 9.7 2.7 4.8 9.3 9.1 14 31 33 29 27 23 26 34 35 32 30 27 35
®ç¶é
O3
03/26 32 30 34 33 33 31 27 27 31 33 35 38 41 41 42 40 38 34 32 34 37 35 32 31
®ç¶é
O3
03/27 29 20 8.8 8.9 6.5 2.7 2.4 7.1 17 34 38 45 53 57 55 51 45 42 30 24 22 15 13 9.5
®ç¶é
O3
03/28 3.2 19 22 24 24 24 18 18 23 24 29 38 40 40 43 33 32 28 18 17 18 6.6 4.8 2.9
®ç¶é
O3
03/29 5.6 11 9.1 12 16 17 16 13 15 20 23 29 35 41 37 37 33 27 31 29 31 27 37 42
®ç¶é
O3
03/30 40 38 36 37 30 21 17 15 25 32 34 40 43 49 42 40 38 36 36 33 36 39 42 43
®ç¶é
O3
03/31 43 44 45 46 46 48 46 44 47 52 54 54 50 49 47 45 43 44 44 43 44 43 43 42
®ç¶é
O3
ºÊ´ú¦~¤ë¡G2019/04¡A ´ú¯¸¡G®ç¶é¡A ´ú¶µ¡GO3¡]ppb¡^
®ç¶é
O3
¤é´Á 00 01 02 03 04 05 06 07 08 09 10 11 12 13 14 15 16 17 18 19 20 21 22 23
®ç¶é
O3
04/01 43 44 44 42 42 40 39 35 33 34 32 34 37 36 34# 37 38 38 41 43 48 50 50 49
®ç¶é
O3
04/02 49 49 49 48 48 46 42 37 34 31 32 31 30 32 27 17 10 4.3 2.5 11 8.4 12 17 27
®ç¶é
O3
04/03 33 32 36 34 33 31 25 23 18 18 19 21 22 19 21 26 26 20 13 4.9 4.9 2.7 2.3 1.7
®ç¶é
O3
04/04 13 31 34 34 34 34 31 26 22 26 32 37 41 48 51 40 34 40 40 40 36 36 33 38
®ç¶é
O3
04/05 38 39 40 40 40 39 37 36 37 35 38 43 45 49 47 46 43 38 35 34 34 31 33 34
®ç¶é
O3
04/06 33 32 31 29 22 17 11 21 25 27 38 47 53 47 43 47 45 42 41 33 30 26 20 15
®ç¶é
O3
04/07 16 17 13 19 19 14 15 19 31 33 39 53 60 57 59 60 58 55 50 49 51 54 45 43
®ç¶é
O3
04/08 35 24 18 10 11 13 11 8.9 26 42 49 58 62 58 54 47 43 42 32 31 25 7 2 2.3
®ç¶é
O3
04/09 3 4 4 3.8 11 8.6 6.6 7.3 16 36 45 52 59 52 39 33 23 17 15 15 12 12 14 14
®ç¶é
O3
04/10 13 13 11 11 8.2 4.1 3.3 6.9 12 17 24 29 31 29 22 26 26 21 23 25 29 34 36 38
®ç¶é
O3
04/11 40 41 41 40 40 38 33 23 25 26 30 30 35 37 36 37 34 34 33 24 20 15 32 39
®ç¶é
O3
04/12 40 42 40 40 41 40 34 27 28 37 39 41 41 41 43 41 39 35 35 38 40 39 39 38
®ç¶é
O3
04/13 36 37 38 37 29 22 24 28 27 30 29 24 31 32 31 30 30 14 17 9.2 12 12 3.3 19
®ç¶é
O3
04/14 28 31 36 35 36 30 27 28 29 31 38 41 44 48 46 43 42 41 39 39 37 43 46 46
®ç¶é
O3
04/15 47 50 49 48 48 47 44 42 42 41 42 43 45 48 47 47 43 40 39 44 45 44 43 44
®ç¶é
O3
04/16 43 40 37 30 24 25 16 14 18 15 17 10 34 33 35 35 37 39 37 35 32 36 37 34
®ç¶é
O3
04/17 32 35 27 30 32 33 14 21 37 41 43 48 52 51 48# 51 51 48 39 33 39 39 39 38
®ç¶é
O3
04/18 35 33 21 11 8.4 3.2 4.7 9.3 29 43 52 65 70 71 71 63 54 49 40 27 17 15 18 9.2
®ç¶é
O3
04/19 5.6 6.9 5 4.1 9.1 11 23 21 17 25 31 39 54 50 48 52 46 41 27 23 16 25 26 19
®ç¶é
O3
04/20 22 22 21 17 17 8.9 6.6 12 22 29 36 39 51 50 51 51 43 36 25 24 19 20 34 25
®ç¶é
O3
04/21 17 9.2 5.9 10 23 32 23 28 26 27 25 29 34 39 33 27 24 21 9.5 7 7.1 3.4 3.8 4.6
®ç¶é
O3
04/22 5.6 4.1 1.8 1.8 2.6 2.4 3.1 5.2 17 29 31 35 28 30 32 28 23 20 18 14 3.3 4.5 2.1 9.2
®ç¶é
O3
04/23 8.5 2.3 2.9 2.1 12 27 17 8.3 9.7 17 31 43 52 56 52 48 31 28 20 14 9.2 9.5 9.9 8.9
®ç¶é
O3
04/24 6.9 3.2 1.6 1.9 2.1 2.5 4.8 11 14 19 26 36 39 41 33 28 26 23 16 12 11 6.2 3.3 2.8
®ç¶é
O3
04/25 4.6 3.1 4.1 2.1 4.5 5.7 11 14 22 30 36 43 46 42 41 39 30 20 17 15 15 15 14 16
®ç¶é
O3
04/26 18 20 26 27 25 23 26 32 37 42 47 50 54 53 53 45 37 33 31 34 37 40 37 39
®ç¶é
O3
04/27 43 48 50 49 48 47 45 45 43 46 47 47 45 43 45 43 40 37 35 34 33 34 33 31
®ç¶é
O3
04/28 31 33 32 27 24 19 15 18 25 29 34 34 35 40 39 42 43 40 36 18 7.7 2.8 2.5 4
®ç¶é
O3
04/29 3.4 5.6 13 5 7.4 7.9 12 10 20 33 43 53 66 57 36 37 36 32 26 20 16 14 4.7 8.7
®ç¶é
O3
04/30 5.5 6.9 5.4 2.2 2.4 2.9 3.2 7.9 25 33 38 38 30 29 22 19 19 17 18 18 16 17 18 17
®ç¶é
O3
ºÊ´ú¦~¤ë¡G2019/05¡A ´ú¯¸¡G®ç¶é¡A ´ú¶µ¡GO3¡]ppb¡^
®ç¶é
O3
¤é´Á 00 01 02 03 04 05 06 07 08 09 10 11 12 13 14 15 16 17 18 19 20 21 22 23
®ç¶é
O3
05/01 17 17 21 26 26 37 35 31 32 32 33 33 36 37 36 33 32 33 29 21 26 32 38 43
®ç¶é
O3
05/02 46 46 48 51 55 54 54 46 45 50 48 49 50# 49 47 44 45 42 40 44 46 46 48 49
®ç¶é
O3
05/03 45 51 50 48 46 42 40 37 42 47 52 55# 56 57 55 53 51 50 49 47 44 47 47 47
®ç¶é
O3
05/04 45 41 44 45 46 44 44 42 42 42 43 44 44 43 41 39 37 37 38 39 38 36 34 38
®ç¶é
O3
05/05 40 43 43 43 42 42 40 40 43 47 47 46 43 43 43 41 39 37 37 35 36 34 32 34
®ç¶é
O3
05/06 34 39 43 45 43 41 35 30 35 35 33 31 25 29 32 31 28 27 27 28 29 33 36 41
®ç¶é
O3
05/07 44 44 41 45 47 40 39 37 37 38 33 34 38 39 40 35 34 34 34 38 39 41 43 41
®ç¶é
O3
05/08 43 42 41 42 42 41 39 32 26 21 30 35 29 30 29 32 36 35 34 29 28 27 37 31
®ç¶é
O3
05/09 27 27 25 24 29 30 25 19 25 27 22 28 31 28 17 17 21 23 26 23 28 29 30 36
®ç¶é
O3
05/10 40 43 46 48 46 37 29 25 32 34 33 32 35 37 38 35 32 28 29 34 33 39 38 35
®ç¶é
O3
05/11 37 38 38 36 34 30 30 28 26 32 30 32 38 41 38 34 32 27 24 24 25 26 27 31
®ç¶é
O3
05/12 30 29 26 16 13 9.5 7.8 21 27 29 36 38 38 34 32 29 25 21 19 17 15 13 15 17
®ç¶é
O3
05/13 18 18 19 19 17 13 11 12 22 32 47 49 51 57 54 52 49 40 28 15 11 6.6 4.5 1.6
®ç¶é
O3
05/14 3.6 2.9 4.3 11 8.6 14 12 11 12 11 20 34 34 30# 27 28 29 27 21 17 18 14 14 13
®ç¶é
O3
05/15 14 13 10 8.8 8 19# 4.9# 7 13 18 20 NA NA NA NA NA 41# 35 20 10 8.4 5.9 1.7 11
®ç¶é
O3
05/16 22 23 18 16 13 7.9 4.3 9 14 16 18# 67# 38# 32 28 20 19 15 14 13 12 9.4 6.3 6.9
®ç¶é
O3
05/17 7.4 7.9 7 9.3 9.3 13 11 5.6 6.3 16 20 10 12 16 15 26 26 14 3.2 3.7 6.5 4.1 1.4 1.8
®ç¶é
O3
05/18 1.6 1.9 3 2.8 5.2 2.9 5.3 16 18 19 16 16 21 20 25 33 29 24 14 11 12 12 12 10
®ç¶é
O3
05/19 13 13 15 13 11 8.7 8.3 14 17 25 29 32 35 29 31 31 26 23 17 12 12 7.2 4.6 3.4
®ç¶é
O3
05/20 6.3 10 13 9.4 10 7.8 5.2 16 26 25 26 50 43 33 30 31 30 25 36 44 31 35 39 47
®ç¶é
O3
05/21 49 49 49 49 49 49 48 46 47 55 61 66 67 73 67 55 51 47 43 48 50 47 38 37
®ç¶é
O3
05/22 36 42 44 46 45 45 39 36 37 38 37 37# 33 31 35 35 31 23 17 14 10 14 11 14
®ç¶é
O3
05/23 19 21 8.3 2.1 2.3 3.3 8.3 4.2 4.3 6.9 14 31 38 41 48 49 44 31 29 30 33 35 34 34
®ç¶é
O3
05/24 37 40 40 40 40 36 34 34 34 41 46 50 50 43 40 38 36 31 28 26 24 24 23 24
®ç¶é
O3
05/25 26 27 25 25 23 15 23 24 31 36 43 49 55 47 48 53 48 34 26 26 23 19 19 19
®ç¶é
O3
05/26 10 11 9.5 6.3 4.1 4.6 6.8 16 32 46 56 58 57 53 47 40 38 39 38 26 21 22 19 14
®ç¶é
O3
05/27 15 17 16 14 8.6 9.8 16 9.6 22 30 35 39 36 29 28 32 30 27 23 13 8.6 3.3 5.2 1.7
®ç¶é
O3
05/28 3.4 11 4 4.6 5.1 2.1 2 2 4.3 14 6.9# 310# 27# 28# 33# 35x 37# 30# 33 33 35 38 36 31
®ç¶é
O3
05/29 30 30 33 30 30 34 31 30 34 39 35# 40# 44 41 43 43 44 43 37 36 36 35 41 44
®ç¶é
O3
05/30 47 47 47 44 33 27 24 34 39 39 46 61 72 72 64 63 61 54 45 37 31 25 22 19
®ç¶é
NO2
01/01 7.3 6.7 6.2 5.5 5.3 4.9 6 7.4 8.2 8.6 8 7.9 7.8 7.4 8.6 9.4 11 9.8 9.6 9.7 10 9.1 8.3 7.1
®ç¶é
NO2
01/02 6 4.1 3.8 4.1 3.2 4 7.4 13 15 15 13 13 11 11 12 14 16 16 16 16 13 13 11 9.2
®ç¶é
NO2
01/03 8.5 7.5 6.2 5.9 7.8 8 9.6 15 16 18# 15 16 15 13 14 15 16 16 16 17 13 11 13 12
®ç¶é
NO2
01/04 8.7 6.2 5.3 5 6.6 8 13 20 21 21 23 23 26 15 16 24 22 20 18 19 23 26 22 16
®ç¶é
NO2
01/05 11 10 13 13 21 19 19 17 20 19 17 19 16 16 15 20 27 29 26 26 28 23 27 22
®ç¶é
NO2
01/06 14 14 13 12 9.7 9.3 16 15 11 11 12 11 12 15 11 10 11 13 12 9.5 8.3 9.2 8.3 6.8
®ç¶é
NO2
01/07 5.5 4.2 3.9 3.5 3.6 4.9 8.2 12 16 15 13 14 14 15# 16 21 27 31 37 34 38 37 37 36
®ç¶é
NO2
01/08 35 19 12 10 11 7.1 8.7 14 15 16 19 17 18 13 13 15 20 18 18 16 13 12 10 8.3
®ç¶é
NO2
01/09 5.8 5.3 5.2 5.2 5.4 5.7 7.4 13 14 13 12 12 11 10 10 12 14 17 16 13 12 11 10 7.4
®ç¶é
NO2
01/10 6.7 5.2 4.6 5.6 6.5 9.4 18 32 30 30 29 21 16 19 18 18 17 18 24 28 27 32 35 32
®ç¶é
NO2
01/11 34 35 28 27 26 23 24 25 30 32 30 26 21 17 19 22 26 27 26 29 29 29 31 29
®ç¶é
NO2
01/12 29 28 27 27 19 12 11 14 15 15 15 19 23 15 19 21 23 25 26 22 20 18 16 16
®ç¶é
NO2
01/13 13 8.3 7.1 6 6.4 7 9.6 13 14 13 12 13 9.3 9.7 11 12 13 16 14 13 12 11 8.2 6.9
®ç¶é
NO2
01/14 5.6 5.1 4.3 4.6 5.3 5.1 8.8 14 12 11 12 12 12 11 12 13 15 17 19 18 15 14 12 9.4
®ç¶é
NO2
01/15 9 9.2 9.6 20 20 22 30 29 31 35 38 34 22 14 12 17 13 15 11 12 10 10 8.9 8.8
®ç¶é
NO2
01/16 9.8 6.8 6.2 6.1 6.3 7.6 15 20 22 17 17 16 15 15 16 20 23 26 25 20 19 15 14 14
®ç¶é
NO2
01/17 11 7.9 6.6 8.3 7.4 8.7 13 16 16 15 15 17 17 16 16 17 20 24 27 26 21 20 16 13
®ç¶é
NO2
01/18 10 6.7 5.9 6.1 5.4 5.7 9 15 16 13 13 8.9 9 9 9.2 11 13 15 19 20 19 19 17 15
®ç¶é
NO2
01/19 14 14# 28 22 20 15 19 23 28 32 22 16# 17 14 18 22 24 28 42 55 56 56 57 51
®ç¶é
NO2
01/20 43 40 27 38 39 36 21 18 16 18 16 13 10 13 20 23 19 23 21 17 15 14 9.6 6.8
®ç¶é
NO2
01/21 6.2 5.8 5.1 4.4 4.4 6.8 15 26 32 32 30 21 19 18 20 21 19 25 30 29 29 23 19 15
®ç¶é
NO2
01/22 7.7 5 4.4 4.5 5.5 6.2 12 15 16 15 15 15 15 17 21 21 33 31 26 34 40 40 43 34
®ç¶é
NO2
01/23 27 18 18 13 10 11 15 24 21 16 13# 14x 15# 15 16 16 16 19 19 18 15 14 13 11
®ç¶é
NO2
01/24 10 8.3 7.2 7.7 9 12 18 22 22 20 18 14 12 12 12 13 16 17 16 16 15 15 14 12
®ç¶é
NO2
01/25 12 10 10 11 14 18 28 40 33 25 24 16 13 11 13 14 16 20 21 21 20 21 20 13
®ç¶é
NO2
01/26 9.1 5.1 5.6 5.1 6.7 7.6 7.4 10 13 13 14 13 12 14 14 15 15 14 15 12 12 13 9.8 7.5
®ç¶é
NO2
01/27 7.1 7.3 6.3 6.8 6.2 6.4 9.6 12 13 12 9.2 11 8.2 7.6 7.8 6.7 10 12 9.8 11 11 11 13 11
®ç¶é
NO2
01/28 10 7.5 6.8 9.9 11 18 27 31 36 19 20 20 15 11 11 13 22 32 30 26 26 26 19 15
®ç¶é
NO2
01/29 11 7.3 6.9 5.9 5.2 7.7 13 16 20 13 11 7.8 7.2 6.8 7.7 8.3 9.6 15 17 20 18 18 20 20
®ç¶é
NO2
01/30 20 36 35 31 29 27 29 33 48 44 21 23 21 11 12 14 27 42 62 59 61 61 56 50
®ç¶é
NO2
01/31 43 38 35 33 27 25 36 34 35 28 20 20 17 9 11 17 18 21 22 16 17 14 13 11
®ç¶é
NO2
ºÊ´ú¦~¤ë¡G2019/02¡A ´ú¯¸¡G®ç¶é¡A ´ú¶µ¡GNO2¡]ppb¡^
®ç¶é
NO2
¤é´Á 00 01 02 03 04 05 06 07 08 09 10 11 12 13 14 15 16 17 18 19 20 21 22 23
®ç¶é
NO2
02/01 9.6 6.1 7.1 6.5 7.4 8.1 9.9 17 17 18 15 17 16 15 17 21 20 18 17 18 17 14 13 12
®ç¶é
NO2
02/02 10 8.9 14 17 19 22 28 28 30 35 24 19 23 17 16 20 21 21 20 23 36 48 44 45
®ç¶é
NO2
02/03 43 37 34 31 24 24 23 23 25 29 21 17 14# 11 9.4 12 13 12 15 24 36 35 28 31
®ç¶é
NO2
02/04 35 32 32 16 9 7.3 9.4 11 11 11 10 11 11 10 10 12 13 15 12 8.9 11 12 11 10
®ç¶é
NO2
02/05 11 6.8 4.9 5.1 4.5 4.1 4.9 6.4 7.4 9.3 7.9 7.7 7.7 10 8.1 6.9 5.7 11 16 13 16 19 16 11
®ç¶é
NO2
02/06 11 11 13 14 12 13 15 19 17 12 9.9 10 7.8 9.3 8 6 9.6 8.8 6.8 8.8 15 14 30 29
®ç¶é
NO2
02/07 29 27 26 23 20 15 15 19 16 8.5 5 4.6 3.4 2.8 5.5 6.7 6.9 13 11 10 8.5 9.4 8.5 8
®ç¶é
NO2
02/08 8 6.9 4.4 4.1 4.8 5.2 5.5 6.3 6.7 8.3 10 11 8.6 7.8 8.5 8.7 9.7 11 13 13 17 14 16 13
®ç¶é
NO2
02/09 7.9 8.1 8.6 7.4 8.9 11 5.3 10 11 12 9.9 9.5 11 14 13 12 11 11 12 13 15 13 10 8.1
®ç¶é
NO2
02/10 7 6.7 6.5 5.5 5.9 5.9 7.6 11 7.9 7.4 8 10 9.6 12 13 15 16 21 17 14 13 14 13 12
®ç¶é
NO2
02/11 9.7 5.4 4.1 3.1 3.2 3.8 10 16 18 13 11 10 11 12 12 13 15 20 17 13 11 9.6 7.5 6.6
®ç¶é
NO2
02/12 5.3 4.9 4.6 4.4 4.8 6 8.3 12 13 13 11 10 11 11 13 11 12 17 20 11 13 12 11 12
®ç¶é
NO2
02/13 12 15 19 7.5 5.4 6.2 11 15 13 13 13 14# 19 17 14# 14# 16 18 21 21 16 12 11 10
®ç¶é
NO2
02/14 7.9 9 8.6 14 14 16 18 21 19 18 18 17 200# 16 17 19 23 22 26 26 20 19 16 18
®ç¶é
NO2
02/15 15 19 14 13 14 17 13 17 24 27 25 22 23 19 20 19 18 19 17 19 23 31 32 23
®ç¶é
NO2
02/16 14 13 9.8 8.1 7.3 7.7 11 12 16 15 14 18 15 11 12 13 14 19 18 15 16 17 18 12
®ç¶é
NO2
02/17 8.5 5.9 5.1 5.1 3.4 3.5 5.8 11 13 9.8 8.5 6.9 5.6 5.9 6.9 8.2 9.1 10 10 9.1 8.3 7.8 7.3 5.7
®ç¶é
NO2
02/18 5.3 4.7 3.9* 3.9 4 5.8 8.8 19 30 31 30 27 19 14 14 17 22 21 23 20 18 19 20 27
®ç¶é
NO2
02/19 23 11 4.6 7.8 13 17 20 32 38 46 29 25 27 22 20 24 24 29 45 48 47 42 38 32
®ç¶é
NO2
02/20 24 17 15 15 21 23 28 28 20 27 27 26 16 15 15 15 15 16 21 18 16 14 12 17
®ç¶é
NO2
02/21 16 11 12 8.6 8.2 6.6 10 17 19 17 18 16 15 16 18 22 18 16 12 12 11 15 18 16
®ç¶é
NO2
02/22 19 14 12 8.2 7.9 9.3 9.1 17 16 12# 13 14 12 11 13 13 12 15 18 16 19 15 12 10
®ç¶é
NO2
02/23 6.8 7.1 6.7 8.9 8.4 10 13 19 18 17 16 16 16 16 19 19 21 23 24 24 19 14 13 9.5
®ç¶é
NO2
02/24 8.4 5.2 4.9 4.6 5.5 6.2 6.5 7.8 10 13 15 15 13 14 13 14 19 23 22 18 19 23 23 24
®ç¶é
NO2
02/25 19 15 11 9 8.5 11 25 27 25 27 27 23 28 22 27 23 19 21 21 19 19 16 14 13
®ç¶é
NO2
02/26 10 6.9 6.7 7.9 7.7 8.5 13 18 20 19 16 14 17 17 12 16 18 19 21 21 23 25 28 29
®ç¶é
NO2
02/27 31 27 26 22 20 22 23 26 31 35 36 26 24 17 11 18 25 24 36 37 50 51 50 38
®ç¶é
NO2
02/28 28 16 9.8 7.6 7.7 7.5 10 14 17 21 12 11 12 14 17 14 16 17 17 15 12 13 11 8.5
®ç¶é
NO2
ºÊ´ú¦~¤ë¡G2019/03¡A ´ú¯¸¡G®ç¶é¡A ´ú¶µ¡GNO2¡]ppb¡^
®ç¶é
NO2
¤é´Á 00 01 02 03 04 05 06 07 08 09 10 11 12 13 14 15 16 17 18 19 20 21 22 23
®ç¶é
NO2
03/01 8.2 7.6 7.4 9.2 7.2 5.7 8.1 14 12 11 9.9 11 11 11 13 13 15 16 16 17 18 18 17 17
®ç¶é
NO2
03/02 12 9.4 7.6 6.8 7.4 8.7 11 12 11 14 19 18 12 12 15 19 17 20 27 30 34 20 23 23
®ç¶é
NO2
03/03 26 23 16 22 22 32 28 23 22 27 16 11 7.3 10 12 14 14 21 37 31 12 13 16 11
®ç¶é
NO2
03/04 11 8.9 6.8 4.8 5.4 8 13 21 20 19 19 13 12 12 11 13 15 19 20 16 15 13 11 8.9
®ç¶é
NO2
03/05 7.5 6.8 6.5 6.3 7 8.1 12 17 20 21 17 15 13 14 14 15 18 16 13 14 19 25 23 25
®ç¶é
NO2
03/06 16 14 11 9.5 11 16 23 42 38 43 19 15 20 20 17 14 12 18 25 22 23 16 13 13
®ç¶é
NO2
03/07 13 11 7.8 6 10 7.8 14 18 22 21 25 24 19 18# 24 28 19 22 23 20 20 15 14 10
®ç¶é
NO2
03/08 7.6 5.4 5.6 5.3 5.2 5.2 8 11 16 17 21 19 20 20 19 17 21 22 22 21 22 19 21 19
®ç¶é
NO2
03/09 22 33 16 13 23 29 28 29 31 36 36 24 25 26 38 38 38 35 38 29 39 36 34 26
®ç¶é
NO2
03/10 11 11 6 4.2 3.7 5.5 6.8 15 11 12 13 15 13 12 15 15 15 14 20 22 24 15 12 10
®ç¶é
NO2
03/11 8.2 6.2 5.9 6.2 6.4 7.9 12 19 21 22 24 19 15 15 18 23 27 36 40 40 27 27 20 18
®ç¶é
NO2
03/12 18 14 14 13 12 15 17 22 27 22 17 15 15 12 12 18 20 29 23 22 23 23 23 20
®ç¶é
NO2
03/13 19 19 19 16 11 36 36 27 27 20 9.5 10 11 8.9 8.9 9.9 14 18 17 13 14 14 15 13
®ç¶é
NO2
03/14 11 9 11 9.1 10 28 45 49 44 23 18 20 16 14 12 12 16 13 18 15 15 11 8.9 9.8
®ç¶é
NO2
03/15 7.4 5.5 3.6 3.7 5.3 9.6 16 25 26 14 12 12 10 10 14 15 18 24 24 20 15 11 10 11
®ç¶é
NO2
03/16 9.6 7.7 6.9* 4.6* 4.2 4* 6.5 9.3* 13# 14 14 15 16 16 18 19 20 19 16 17 19 19 15 12*
®ç¶é
NO2
03/17 12 9.4 8 7.8 8.9 10 27 21 19 23 26 24 23 19 16 17 17 15 18 16 16 16 15 14
®ç¶é
NO2
03/18 11 9.4 11 13 11 17 23 30 33 17 17 18 16# 15# 14 17 19 26 35 28 32 23 18 17
®ç¶é
NO2
03/19 23 18 19 23 17 8.4 18 24 25 27 23 18 16 13 15 16 16 18 20 18 16 15 15 14
®ç¶é
NO2
03/20 20 24 35 36 34 21 27 35 34 23 24 28 14 13 14 19 19 19 18 14 14 15 14 11
®ç¶é
NO2
03/21 12 20 13 13 12 12 19 19 25 12 11# 12 15 13 14 14 14 18 26 19 19 22 21 15
®ç¶é
NO2
03/22 13 12 13 12 8.7 7.1 9.8 21 17 17 20 17 13 17 19 22 18 20 18 19 17 13 12 12
®ç¶é
NO2
03/23 7.6 4.5 4.5 4.4 3.6 4.6 8.2 13 13 13 13 15 14 12 10 12 14 18 17 14 11 11 10 10
®ç¶é
NO2
03/24 5 4.6 4.7 4.4 4.7 4.9 5.9 6.8 9.4 13 14 14 18 19 19 18 22 29 32 28 28 33 40 34
®ç¶é
NO2
03/25 24 27 26 22 14 15 17 27 34 35 38 36 21 19 28 28 33 29 19 14 18* 18 20 13*
®ç¶é
NO2
03/26 13* 11 7.8 8.8 7.4 8.8 16 18 15 13 13 13 12 13 12 15 16 21 22 19 16 16 16 16
®ç¶é
NO2
03/27 14 24 29 24 28 29 30 29 24 16 16 16 13 12 12 16 16 17 25 27 26 35 36 38
®ç¶é
NO2
03/28 48 22 18 14 12 13* 18 20 16 15# 12 11 8.6 9.8 9.7 12 13 18 22 20 17 43 42 44
®ç¶é
NO2
03/29 34 14 18 11 9 9.3 12 18 18 13 13 13 9.6 7.6 12 13 18 23 17 17 15 18 10 6.5
®ç¶é
NO2
03/30 8.7 7.3 8.8 8 11 18 26 32 21 15 18 19 11 7.8 13 14 16 15 15 16 13 9.7 7.7 6.5
®ç¶é
NO2
03/31 5.7 5.9 5.3 6.1 4.4 5.3 7.7 11 13 10 8.9 9.5 10 9.5 10 11 12 12 9 10 7.8 8.5 8.1 7.9
®ç¶é
NO2
ºÊ´ú¦~¤ë¡G2019/04¡A ´ú¯¸¡G®ç¶é¡A ´ú¶µ¡GNO2¡]ppb¡^
®ç¶é
NO2
¤é´Á 00 01 02 03 04 05 06 07 08 09 10 11 12 13 14 15 16 17 18 19 20 21 22 23
®ç¶é
NO2
04/01 6.5 5.3 4.6 4.5 4.7 5.9 9 15 18 18 20 17 15 14# 18x 16# 14 14 12 11 9.2 8.5 6.8 6.8
®ç¶é
NO2
04/02 6.1 6.2 5.6 5.3 5.5 6.5 9.9 15 19 21 21 21 22 21 27 38 46 57 56 44 48 40 30 17
®ç¶é
NO2
04/03 11 9.6 6.9 7.2 7.8 9.6 15 22 31 32 31 29 25 23 23 21 22 28 36 47 42 42 43 45
®ç¶é
NO2
04/04 35 9.3 6.6 5.8 6.1 6.2 8.7 13 18 18 12 11 10 11 8.4 9.8 7.5 9.7 9.9 8.8 11 10 10 6.8
®ç¶é
NO2
04/05 6.4 6.4 5.3 4.5 4.9 5.7 7.5 9.2 8.6 10 9.4 8.2 7 6.8 8.3 7 9.6 15 16 16 17 19 17 14
®ç¶é
NO2
04/06 13 9.4 9.2 9.5 13 17 22 15 18 19 14 12 8 11 12 9.1 11 14 14 21 24 25 26 28
®ç¶é
NO2
04/07 23 23 22 12 12 14 18 23 15 16 12 8.4 5.2 4.8 5.1 5.7 7.1 8.5 12 12 9.7 8.2 13 11
®ç¶é
NO2
04/08 13 18 21 21 18 17 19 30 27 20 22 17 14 13 15 19 21 24 33 26 27 45 50 48
®ç¶é
NO2
04/09 46 36 31 28 17 22 29 32 34 13 16 13 14 13 8.9 10 11 13 13 12 14 12 9.7 8.2
®ç¶é
NO2
04/10 8.9 7.4 7.9 7.7 10 15 20 20 16 12 10 7.5 7.9 9.1 11 11 13 17 19 19 16 12 9.7 8.7
®ç¶é
NO2
04/11 6.4 6.4 5.8 6 6.7 6.8 13 23 21 21 20 22 20 18 15 12 14 14 17 24 26 27 13 6.5
®ç¶é
NO2
04/12 5.9 4.3 4.2 5 5.3 6.4 13 22 25 16 14 13 14 14 10 12 14 19 18 13 10 11 9.1 8.8
®ç¶é
NO2
04/13 9.1 7.3 6.3 6.4 13 18 17 15 18 18 22 30 22 19 19 19 20 35 28 38 32 30 39 21
®ç¶é
NO2
04/14 11 7.3 4.7 5.1 5.4 7 11 11 15 13 10 8.6 5.8 4.4 5.5 8 8.4 9.4 11 8.3 9.3 10 13 12
®ç¶é
NO2
04/15 9.2 6.5 5.3 4.9 5.3 7 11 16 18 18 16 14 13 10 12 13 16 18 18 13 11 11 9.3 7.6
®ç¶é
NO2
04/16 6.6 8.2 8.7 12 13 11 24 32 26 32 33 43 20 21 20 20 23 23 25 23 22 19 16 18
®ç¶é
NO2
04/17 17 11 19 16 12 11 26 27 13 11 10 11 11 12 16# 16 16 24 29 30 21 19 16 14
®ç¶é
NO2
04/18 15 14* 23 30 35 39 39 35 20 17# 16 12 11 13 13 15 20 28 33 42 42 43 34 41
®ç¶é
NO2
04/19 44 35 35 35 23 20 21 22 32 29 32 29 20 24 24 21 26 27 36 36 39 26 22 27
®ç¶é
NO2
04/20 21 17 20 21 18 22 25 24 20 17 14 14 9.9 10 11 12 18 24 29 28 30 28 14 18
®ç¶é
NO2
04/21 19 28 28 22 11 11 21 19 18 16 16 12 11 13 15 17 10 11 25 26 27 34 35 37
®ç¶é
NO2
04/22 30 27 25 21 20 18 20 33 26 15 13 9.8 5.9 6.4 399# 9.7# 9.5# 11 12 13 27 25 26 12
®ç¶é
NO2
04/23 10 24 21 21 14 10 17 21 16 15 11 8.5 8.7 10 11 11 15 17 21 21 22 20 17 16
®ç¶é
NO2
04/24 18 23 24 23 22 21 20 17 11 11 11 11 10 9.8 10 11 13 11 14 16 17 25 21 21
®ç¶é
NO2
04/25 16 16 14 18 17 14 12 12 8.1 8 9.4 9.1 8 8.2 10 10 13 15 18 16 11 9.5 12 12
®ç¶é
NO2
04/26 9.4 12 7.4 5.7 8.1 8.8 12 16 18 17 13 12 12 14 14 19 20 22 22 19 16 15 16 13
®ç¶é
NO2
04/27 8.6 5.8 5.1 5.5 5.2 6.1 8.2 9.5 11 9.6 10 11 12 11 10 8.8 10 12 12 13 14 12 12 12
®ç¶é
NO2
04/28 11 9.4 8.3 9.5 11 12 16 14 13 13 9.1 10 11 10 11 8.7 9.3 13 16 34 39 42 38 37
®ç¶é
NO2
04/29 33 27 20 26 19 22 23 29 25 20 19 16 14 11 6.7 8.6 9.9 12 12 16 20 24 36 26
®ç¶é
NO2
04/30 27 27 26 28 26 29 28 33 19 10 11 11 7 6.7 7.7 9.9 9.8 11 8.6 7.6 13 15 13 13
®ç¶é
NO2
ºÊ´ú¦~¤ë¡G2019/05¡A ´ú¯¸¡G®ç¶é¡A ´ú¶µ¡GNO2¡]ppb¡^
®ç¶é
NO2
¤é´Á 00 01 02 03 04 05 06 07 08 09 10 11 12 13 14 15 16 17 18 19 20 21 22 23
®ç¶é
NO2
05/01 12 6.4 8.1 6 6.3 6.4 9.6 15 13 15 15 16 15 12 12 15 16 15 19 24 18 17 15 11
®ç¶é
NO2
05/02 8.5 7.2 7.1 6.3 6.4 9.2 12 19 20 13 14 13 9.8# 11# 14 18 17 19 20 18 14 12 9.7 7.7
®ç¶é
NO2
05/03 9.2 5.6 4.8 5.1 5.8 9.1 13 18 16 13 11# 11 10 10 11 11 13 14 13 12 14 11 10 9.2
®ç¶é
NO2
05/04 9.3 10 7.4 5.2 4.5 5.7 6.3 7.9 9.7 11 11 11 10 10 12 13 15 13 12 12 13 15 17 13
®ç¶é
NO2
05/05 10 6.6 6.3 5.2 5.1 5.9 7.3 7.1 9.1 7.8 7 7.4 6.7 5.8 5.4 5.9 6.9 9 8.4 9.4 8.5 9.7 8.4 6.3
®ç¶é
NO2
05/06 5.8 3.4 2.5 2.8 2.7 4.3 9 16 14 14 16 17 22 19 19 19 21 22 22 20 17 13 9.5 6.7
®ç¶é
NO2
05/07 5.6 4.8 5.8 4.2 5.5 9.5 12 17 17 16 21 18 15 12 13 18 19 20 19 14 13 10 7.2 7.8
®ç¶é
NO2
05/08 6 7 7.3 6.8 7 7.9 12 20 28 33 25 21 25 20 22 20 17 18 18 20 19 20 13 15
®ç¶é
NO2
05/09 16 12 12 12 9.8 12 20 29 24 22 26 20 15 18 23 29 26 25 22 24 18 13 12 8.7
®ç¶é
NO2
05/10 7.4 6.8 5.9 4.6 4.7 7.9 15 19 14 16 17 18 17 19 16 19 24 27 24 18 18 13 12 12
®ç¶é
NO2
05/11 8.4 6.9 6.9 6.5 7.2 10 12 15 21 16 17 15 13 11 12 13 15 17 17 15 14 11 9.8 9.7
®ç¶é
NO2
05/12 8.4 6.6* 8.7* 16* 17* 18 20 12 11 13 10 9.5 8 7.8 8.3 8.6 9 10 11 13 14 13 12 11
®ç¶é
NO2
05/13 9.5 6.1 4.9 5.2 5.6 7.9 12 17 17 18 13 11 9.9 7.4 8.8 11 12 16 25 32 37 44 41 44
®ç¶é
NO2
05/14 39 33 31 19 22 15 15 17 18 22 17 9.8 6.7# 6.3x 7.8# 10 11 13 17 20 16 20 23 22
®ç¶é
NO2
05/15 19 19 20 21 20 22 21 25 18 19 17 NA NA NA NA NA 15# 14 21 40 38 37 44 20
®ç¶é
NO2
05/16 8.6 6.6* 8.9* 8* 9.7* 14* 23 18 16 13 8# 13# 10x 9.3x 50# 481# 11# 9.6 13* 12* 11* 11* 13* 10*
®ç¶é
NO2
05/17 8.6 11 11 9.8 9.3 7.6 14 22 22 16# 12 24 20 11 19 15 21 36 46 33 16 19 26 21
®ç¶é
NO2
05/18 18 15 14 14 13 16 16 7.7 7 6 7.1 7.8 6.5 6.9 8.1 7.4 8.1 11 13 12 9.5 8.7 8.6 9.7
®ç¶é
NO2
05/19 9.3 9.8* 8.9* 10* 9.7* 11 13 9.7 9.4 5.8 6.7 5.8 6* 6.2 5.3* 5.9* 8.8 8.5* 12* 16 14* 18 21 23
®ç¶é
NO2
05/20 20 10 6.4 8.1 6.3 7.8 13 20 24 25 25 13 13 18 18 17 18 20 16 12 20 16 12 7.3
®ç¶é
NO2
05/21 7.7 4.3 4.9 4.4 4.1 5.8 9.5 13 13 9.8 12 11 14 11 15 21 19 21 24 15 15 17 22 21
®ç¶é
NO2
05/22 20 14 11 11 10 10 16 23 24 25 27 32 38 38 27 24 29 34 39 38 40 33 33 26
®ç¶é
NO2
05/23 23 18 30 36 34 32 27 33 33 36 41 26 19 16 14 13 19 23 24 21 18 14 14 12
®ç¶é
NO2
05/24 10 7.3 6.3 6.3 6.1 7.8 11 16 18 15 12 11 11 13 12 14 14 15 15 15 16 16 15 13
®ç¶é
NO2
05/25 12 12 13 11 11 20 14 18 14 10 8.5 8.7 7.7 11 15 17 24 18 16 14 17 18 18 16
®ç¶é
NO2
05/26 21 20 21 20 23 22 21 18 9.5 10 9.1 11 7.8 6.9 6.5 5.8 5.4 9.6 14 17 14 14 15 19
®ç¶é
NO2
05/27 15 11 11 12 17 18 17 26 20 14 10 9.2 11 7.9 14 15 18 24 29 38 38 43 36 36
®ç¶é
NO2
05/28 36 24* 27 17 14 20 19 22 23 19 28 20 16# 16# 16x 15# 16# 20 17 15 13 12 14* 15
®ç¶é
NO2
05/29 14 11 8.4 9.3 9.5 8.8 13 18 17 13 17# 17# 13 15 14 14 16 17 22 21 20 21 17 14
®ç¶é
NO2
05/30 11 8.9 8.2 9.2 13 18 25 21 17 21 15 12 16 11 10 12 14 18 18 15 17 21 23 23
