缄打
PM10
01/01 18 19 17 19 15 16 22 14 16 21 21 17 18 22 17 24 23 23 18 21 13 26 16 20
缄打
PM10
01/02 16 16 20 20 18 16 14 20 17 18 24 1000# 22 25 20 23 23 28 34 28 22 23 25 16
缄打
PM10
01/03 16 14 15 19 21 10 14 18 25 25 28 21 25 24 24 21 13 14 19 14 19 14 24 24
缄打
PM10
01/04 20 26 25 28 22 24 26 23 28 34 37 36 27 31 35 28 27 26 29 34 33 33 34 33
缄打
PM10
01/05 28 26 24 23 26 26 23 21 16 23 18 24 19 30 38 30 24 19 21 14 14 19 19 21
缄打
PM10
01/06 12 20 24 15 9 12 17 16 7 8 11 13 15 12 23 22 26 29 32 27 29 32 29 31
缄打
PM10
01/07 23 25 16 17 20 21 31 35 39 37 33 34 46 47 44 36 42 41 43 31 30 26 16 28
缄打
PM10
01/08 27 26 24 25 18 22 25 18 22 25 12 15 5 15 16 16 16 22 21 21 21 18 18 15
缄打
PM10
01/09 13 12 20 16 16 19 12 14 15 17 1000# 21 36 37 31 35 38 43 47 41 40 34 39 42
缄打
PM10
01/10 35 42 30 30 28 32 35 19 25 24 22 35 32 38 34 33 32 29 23 18 20 21 15 15
缄打
PM10
01/11 15 18 11 16 18 20 16 16 15 14 12 13 19 16 19 23 21 17 25 20 15* 18 18* 13*
缄打
PM10
01/12 16* 18* 19 13 12 21 12 17 12 11 14 14 17 18 19 29 28 31 33 33 32 33 28 27
缄打
PM10
01/13 23 37 33 34 34 35 29 29 24 32 32 39 33 36 39 40 34 33 29 31 33 32 33 44
缄打
PM10
01/14 35 43 33 36 33 32 32 36 36 36 40 49 57 63 67 58 64 63 60 58 52 65 61 70
缄打
PM10
01/15 63 67 65 64 63 60 54 54 59 61 54 53 50 55 59 53 48 47 34 35 26 30 27 33
缄打
PM10
01/16 26 27 26 32 16 29 22 24 22 19 28 19 1000# 17 16 8 5 4 11 7 7 11 9 12
缄打
PM10
01/17 12 8 10 8 19 20 26 35 39 36 54 42 39 41 33 29 32 39 44 58 58 50 45 54
缄打
PM10
01/18 49 53 49 55 51 54 47 54 54 59 45 44 56 67 73 83 88 77 74 73 73 73 71 73
缄打
PM10
01/19 65 65 62 60 60 57 59 47 53 55 55 51 65 59 55 51 49 50 49 56 51 45 49 45
缄打
PM10
01/20 40 45 32 32 28 32 31 33 31 36 45 45 30 34 61 65 78 96 92 101 96 97 79 69
缄打
PM10
01/21 66 61 68 63 56 59 58 57 51 46 39 37 39 35 40 38 38 34 36 31 34 36 31 35
缄打
PM10
01/22 30 31 26 26 27 23 32 26 38 36 40 46 50 54 52 48 53 46 49 40 39 38 38 40
缄打
PM10
01/23 31 36 33 42 40 46 44 49 57 57 1000# 78 74 73 74 68 74 79 87 75 78 74 66 68
缄打
PM10
01/24 64 68 59 59 55 61 58 52 53 49 60 55 61 57 48 54 54 55 54 51 56 55 53 54
缄打
PM10
01/25 47 53 49 53 53 65 66 65 62 68 63 60 56 69 62 74 74 69 68 63 62 55 56 52
缄打
PM10
01/26 50 54 53 53 44 53 49 43 46 38 47 56 53 65 65 64 65 53 42 41 44 43 35 35
缄打
PM10
01/27 32 31 37 29 27 32 34 32 30 30 37 27 33 35 35 34 35 29 33 29 24 26 27 21
缄打
PM10
01/28 17 24 24 28 31 25 29 33 29 29 31 32 32 33 29 32 35 31 32 21 29 31 27 25
缄打
PM10
01/29 22 17 26 32 27 30 34 27 28 34 34 1000# 39 44 44 45 45 42 50 42 43 42 51 48
缄打
PM10
01/30 43 43 49 40 43 41 38 41 37 42 1000# 29 37 35 37 38 39 34 39 36 26 31 40 35
缄打
PM10
01/31 31 34 38 38 38 32 33 45 38 27 34 21 21 19 17 18 21 22 22 26 23 43 44 40
缄打
PM10
菏代~るG2019/02A 代浮G皑そA 代兜GPM10]gg/m3^
缄打
PM10
ら戳 00 01 02 03 04 05 06 07 08 09 10 11 12 13 14 15 16 17 18 19 20 21 22 23
缄打
PM10
02/01 36 31 31 30 38 31 30 29 29 30 27 24 34 29 35 32 35 38 44 40 48 42 47 50
缄打
PM10
02/02 46 51 54 57 54 54 49 53 55 55 52 59 52 53 47 53 49 55 58 49 51 52 50 51
缄打
PM10
02/03 48 54 62 58 64 65 71 85 78 80 53 31 19 27 26 37 29 31 30 34 35 33 31 43
缄打
PM10
02/04 74 49 36 20 27 23 24 58 38 36 34 27 43 39 43 45 60 78 90 88 80 63 86 84
缄打
PM10
02/05 91 93 99 88 73 67 62 54 41 44 43 45 40 45 55 53 63 75 73 76 74 76 74 67
缄打
PM10
02/06 59 64 54 53 45 44 37 38 31 31 33 31 38 29 36 37 42 42 51 53 53 47 57 62
缄打
PM10
02/07 47 58 40 45 46 31 35 34 37 32 1000# 35 33 39 40 32 25 23 31 19 27 22 26 26
缄打
PM10
02/08 25 47 36 37 24 29 22 20 19 21 32 24 22 21 21 26 21 22 17 19 21 15 18 18
缄打
PM10
02/09 14 28 21 27 27 26 28 20 25 20 22 16 23 26 23 16 21 13 10 11 9 15 14 12
缄打
PM10
02/10 12 15 19 15 10 20 13 10 16 17 14 16 9 21 23 20 18 19 14 20 18 20 17 13
缄打
PM10
02/11 13 18 18 17 14 16 10 15 9 12 12 12 15 20 18 13 9 14 22 19 11 17 18 20
缄打
PM10
02/12 15 16 14 15 8 8 8 13 10 9 9 12 11 19 23 18 19 17 13 19 13 11 12 24
缄打
PM10
02/13 19 12* 19 9 11 8 17 12 15 16 21 1000# 12 16 14 9 18 26 24 14 18 20 20 18
缄打
PM10
02/14 12 23 23 25 28 27 18 23 17 21 29 33 27 25 28 29 28 27 18 15 16 15 27 25
缄打
PM10
02/15 20 28 20 24 14 18 18 21 14 14 14 14 15 19 19 20 19 13 19 19 20 17 26 20
缄打
PM10
02/16 21 23 32 22 24 31 22 21 23 19 30 24 21 21 12 16 14 16 15 18 18 17 12 16
缄打
PM10
02/17 15 13 12 11 8 14 13 13 12 13 18 17 19 17 18 25 14 15 14 10 11 11 9 11
缄打
PM10
02/18 17 18 14 9 9 5 4 4 3 11 14 17 15 18 21 17 24 28 25 29 27 22 30 31
缄打
PM10
02/19 3 10 6 2 1 15 14 43 26 29 39 39 37 33 38 41 29 27 39 20 19 21 21 18
缄打
PM10
02/20 17 27 27 24 22 24 21 27 25 22 26 24 35 30 61 35 34 34 36 54 51 38 27 21
缄打
PM10
02/21 25 26 27 19 13 17 12 17 13 15 20 1000# 10* 29 14 25 11 16 23 15 11 13 11 21
缄打
PM10
02/22 18 32 33 31 16 20 19 19 23 14 15 17 19 17 11 16 17 15 5 7 5 6 16 11
缄打
PM10
02/23 23 22 22 26 27 32 24 22 21 29 27 39 38 42 40 44 37 39 38 36 43 27 24 18
缄打
PM10
02/24 16 24 19 18 13 16 12 9 8 10 19 18 18 10 9 10 26 24 23 40 47 52 45 45
缄打
PM10
02/25 37 36 37 30 39 32 29 42 42 45 53 45 45 52 53 63 68 59 57 59 69 62 62 52
缄打
PM10
02/26 37 58 46 58 50 56 46 46 47 1000# 56 56 64 63 59 47 54 60 55 54 56 53 44 45
缄打
PM10
02/27 45 52 50 49 53 57 56 59 53 59 65 58 51 40 40 35 27 30 34 29 25 30 30 23
缄打
PM10
02/28 16 27 22 22 37 36 37 28 33 33 35 30 22 22 22 19 22 28 29 26 33 20 35 27
缄打
PM10
菏代~るG2019/03A 代浮G皑そA 代兜GPM10]gg/m3^
缄打
PM10
ら戳 00 01 02 03 04 05 06 07 08 09 10 11 12 13 14 15 16 17 18 19 20 21 22 23
缄打
PM10
03/01 26 31 29 31 26 32 33 26 28 24 26 32 32 35 38 35 43 43 34 33 35 40 43 32
缄打
PM10
03/02 29 32 33 20 27 32 43 37 31 30 32 41 51 49 47 46 51 48 50 51 55 46 43 39
缄打
PM10
03/03 31 38 42 35 46 42 37 21 45 38 29 11 7 9 14 10 15 16 20 7 10 6 21 18
缄打
PM10
03/04 7 10 12 15 14 14 12 11 13 19 14 20 21 24 22 28 28 32 37 35 37 36 35 30
缄打
PM10
03/05 24 38 38 48 36 43 48 45 40 37 45 38 39 39 49 37 42 44 36 19 8 6 6 3
缄打
PM10
03/06 7 6 10 11 10 10 9 8 17 15 1000# 10 10 28 20 16 9 9 19 11 18 18 23 12
缄打
PM10
03/07 10 17 10 8 14 11 20 16 25 24 22 27 41 55 51 54 55 49 45 42 35 32 22 23
缄打
PM10
03/08 24 26 20 20 17 16 10 11 13 12 10 14 8 16 13 21 20 18 19 25 18 21 18 12
缄打
PM10
03/09 11 16 9 8 5 11 16 9 8 11 11 10 13 17 12 14 18 7 9 8 9 7 21 27
缄打
PM10
03/10 24 15 12 7 5 10 11 9 11 7 5 13 11 19 16 16 9 10 13 9 9 10 19 13
缄打
PM10
03/11 12 17 20 21 18 32 40 47 48 36 43 35 45 41 37 34 42 35 33 32 25 33 23 21
缄打
PM10
03/12 26 35 32 36 42 41 43 47 52 58 53 51 50 61 58 55 47 53 48 47 48 53 52 47
缄打
PM10
03/13 44 48 49 54 59 66 63 63 65 60 67 65 63 76 75 77 73 84 86 83 82 70 74 74
缄打
PM10
03/14 69 70 66 63 64 67 74 62 61 58 1000# 57 54 65 68 68 59 56 49 45 33 34 37 35
缄打
PM10
03/15 34 30 26 18 10 10 11 11 12 18 22 24 18 19 21 32 32 32 28 33 36 38 29 31
缄打
PM10
03/16 36 34 47 41 40 39 39 42 45 48 46 45 42 46 58 48 49 43 53 37 38 44 45 44
缄打
PM10
03/17 35 45 50 54 49 50 51 45 40 40 45 49 41 51 40 32 31 32 29 24 27 28 30 32
缄打
PM10
03/18 24 32 32 29 32 25 30 31 34 36 36 33 25 35 33 28 28 31 30 31 29 19 27 29
缄打
PM10
03/19 32 35 27 26 24 24 31 28 34 31 32 25 31 35 48 39 27 32 36 30 34 42 43 39
缄打
PM10
03/20 37 46 46 40 40 44 42 42 42 42 1000# 34 37 43 39 48 26 24 16 24 32 23 26 30
缄打
PM10
03/21 18 18 20 20 15 25 30 32 33 1000# 23 22 19 6 11 28 14 22 28 24 18 13 23 10
缄打
PM10
03/22 9 21 15 23 17 29 75 63 62 53 55 73 48 45 37 39 42 34 35 27 26 26 30 31
缄打
PM10
03/23 23 23 29 29 20 21 14 21 20 18 27 26 22 26 21 34 23 26 24 32 25 29 32 34
缄打
PM10
03/24 30 35 30 33 31 22 18 25 23 25 15 22 26 39 47 44 42 34 23 18 25 42 42 43
缄打
PM10
03/25 44 51 61 60 55 50 47 56 59 52 50 42 30 32 25 27 24 21 24 17 20 13 21 11
缄打
PM10
03/26 16 22 19 19 22 14 23 20 23 29 31 32 30 32 40 32 43 31 34 26 25 32 36 34
缄打
PM10
03/27 36 40 46 48 39 49 49 44 40 44 40 1000# 32 43 36 40 40 40 41 38 35 37 44 42
缄打
PM10
03/28 47 37 42 48 53 38 41 45 37 48 38 37 50 55 40 22 16 29 24 30 32 20 28 23
缄打
PM10
03/29 25 23 32 23 30 37 31 32 31 31 37 27 30 50 40 41 24 28 36 36 33 18 16 5
缄打
PM10
03/30 8 12 15 15 14 46 29 32 37 30 22 20 22 30 35 40 39 33 34 21 35 41 41 38
缄打
PM10
03/31 36 42 50 52 59 63 60 75 66 62 64 68 91 90 85 85 70 66 61 53 48 40 42 45
缄打
PM10
菏代~るG2019/04A 代浮G皑そA 代兜GPM10]gg/m3^
缄打
PM10
ら戳 00 01 02 03 04 05 06 07 08 09 10 11 12 13 14 15 16 17 18 19 20 21 22 23
缄打
PM10
04/01 53 49 41 38 38 36 20 20 20 14 16 28 32 28 30 33 28 28 27 31 39 38 43 46
缄打
PM10
04/02 47 51 51 49 44 53 53 54 66 59 58 53 52 1000# 41 52 44 43 38 42 43 32 36 36
缄打
PM10
04/03 30 35 29 31 27 29 20 26 19 21 19 16 23 24 25 25 24 25 22 20 24 23 26 24
缄打
PM10
04/04 27 28 31 22 22 22 28 25 33 32 36 36 30 33 34 39 42 37 25 20 24 18 23 25
缄打
PM10
04/05 27 21 32 30 28 28 18 20 23 29 27 29 30 36 37 40 38 39 31 23 14 9 16 10
缄打
PM10
04/06 6 7 15 19 18 25 26 22 22 13 23 19 11 32 26 32 35 32 34 32 25 29 34 39
缄打
PM10
04/07 40 33 36 31 33 35 32 44 35 44 42 38 39 54 51 61 58 48 54 63 54 55 51 47
缄打
PM10
04/08 46 34 40 41 36 34 38 35 30 33 27 20 23 26 24 29 19 14 21 23 14 21 30 29
缄打
PM10
04/09 25 17 23 23 19 29 30 39 38 38 38 43 35 38 36 34 35 25 32 33 29 29 38 36
缄打
PM10
04/10 26 34 29 26 29 30 28 30 31 31 1000# 6 16 23 10 23 22 6 16 15 19 39 53 36
缄打
PM10
04/11 21 26 39 42 35 23 27 32 32 33 37 32 33 32 43 50 37 33 30 22 11 13 16 6
缄打
PM10
04/12 6 11 26 23 22 24 21 26 15 26 24 28 24 38 41 46 54 52 53 38 46 47 41 30
缄打
PM10
04/13 33 32 32 33 35 36 44 46 44 40 45 43 37 55 43 39 28 33 30 32 24 21 34 32
缄打
PM10
04/14 22 29 26 22 29 23 25 37 32 25 22 19 21 35 29 30 20 23 24 27 19 23 30 24
缄打
PM10
04/15 33 53 54 53 50 55 63 57 64 59 59 53 47 55 54 55 46 50 55 52 42 50 45 49
缄打
PM10
04/16 35 44 34 35 32 23 27 19 19 14 21 10 17 20 21 20 21 23 22 23 26 25 19 21
缄打
PM10
04/17 16 11 20 20 13 26 26 23 22 24 32 32# 0* 17 20 16* 23 23 25 28 31 41 46 39
缄打
PM10
04/18 44 33 43 48 45 38 38 40 43 47 44 30 36 31 30 29 26 36 41 38 41 36 38 35
缄打
PM10
04/19 24 27 38 35 20 27 25 19 24 19 15 25 7 33 30 22 21 13 11 8 6 7 10 10
缄打
PM10
04/20 10 10 13 15 10 19 25 23 13 18 15 17 5 13 18 2 15 16 31 42 28 16 31 36
缄打
PM10
04/21 49 22 25 28 22 20 22 28 22 25 26 26 30 27 27 33 28 33 30 26 31 24 20 23
缄打
PM10
04/22 13 23 32 22 30 20 20 25 35 1000# 10 18 26 14 18 23 22 20 27 23 26 21 27 15
缄打
PM10
04/23 10 17 17 19 19 22 26 28 24 19 26 19 22 18 18 21 28 24 20 25 24 24 14 20
缄打
PM10
04/24 9 13 18 18 17 24 21 18 21 11 1000# 25 22 17 17 20 21 17 16 24 21 25 32 23
缄打
PM10
04/25 9 9 13 17 15 21 19 25 22 22 23 18 30 12 17 21 23 21 19 25 31 21 27 22
缄打
PM10
04/26 21 16 18 26 26 20 28 26 35 27 27 42 37 29 35 30 36 26 37 40 48 39 39 47
缄打
PM10
04/27 46 42 53 55 45 36 63 64 65 59 53 59 56 59 53 61 52 50 42 40 46 41 39 40
缄打
PM10
04/28 39 43 39 44 45 49 52 52 52 42 41 39 42 39 39 34 39 38 37 40 40 45 39 42
缄打
PM10
04/29 38 35 32 35 34 35 30 24 32 26 35 24 26 26 34 23 19 23 20 27 22 29 25 33
缄打
PM10
04/30 26 24 25 24 19 23 18 20 31 32 17 18 26 23 30 32 27 29 24 26 33 21 28 24
缄打
PM10
菏代~るG2019/05A 代浮G皑そA 代兜GPM10]gg/m3^
缄打
PM10
ら戳 00 01 02 03 04 05 06 07 08 09 10 11 12 13 14 15 16 17 18 19 20 21 22 23
缄打
PM10
05/01 18 20 21 19 23 28 31 39 40 30 27 20 7 8 19 14 19 19 18 28 27 35 33 33
缄打
PM10
05/02 34 37 46 62 75 80 91 101 118 132 122 1000# 87 70 57 47 42 38 45 54 58 45 33 38
缄打
PM10
05/03 35 41 51 60 56 56 45 46 55 63 64 63 47 40 54 62 58 61 64 69 64 49 42 42
缄打
PM10
05/04 36 35 39 48 61 57 64 68 62 64 73 69 68 61 61 60 61 63 56 67 58 64 63 61
缄打
PM10
05/05 50 54 47 54 53 47 54 56 49 60 65 79 83 52 59 63 51 50 55 40 44 32 39 27
缄打
PM10
05/06 17 15 8 17 16 19 22 17 19 15 17 13 22 20 19 33 31 30 24 30 31 23 36 42
缄打
PM10
05/07 43 50 46 40 34 35 25 27 34 24 26 23 33 32 37 44 46 49 41 38 38 42 38 44
缄打
PM10
05/08 43 32 40 30 26 22 38 52 53 45 1000# 16 32 32 36 43 42 34 33 29 21 19 21 24
缄打
PM10
05/09 23 18 12 8 4 9 15 22 18 23 30 22 19 13 16 11 12 12 11 12 16 13 19 14
缄打
PM10
05/10 13 20 19 24 23 13 11 22 18 23 22 23 28 24 24 19 26 23 33 41 42 36 33 36
缄打
PM10
05/11 35 30 33 28 29 27 33 32 34 34 36 41 47 35 34 38 40 34 40 34 38 37 42 41
缄打
PM10
05/12 31 36 28 42 42 45 42 41 44 41 44 43 46 42 44 47 43 43 46 43 48 38 40 39
缄打
PM10
05/13 30 30 29 35 33 48 53 48 43 42 45 40 47 41 38 36 33 39 41 37 48 44 39 30
缄打
PM10
05/14 21 32 31 33 26 31 30 25 34 29 34 32 24 15 26 23 25 26 24 32 22 24 21 18
缄打
PM10
05/15 14 15 18 13 18 20 25 26 22 15 15# 1000# 10 16 1x 7 14 17 10 7 3 9 11 10
缄打
PM10
05/16 5 4 5 6 4 10 17 14 15 20 19 23 28 19 29 28 24 28 18 32 32 31 24 20
缄打
PM10
05/17 15 24 19 22 21 28 36 26 24 40 31 30 36 18 30 27 28 29 36 22 34 23 25 23
缄打
PM10
05/18 14 18 23 28 30 25 34 34 37 24 27 22 30 22 25 27 25 32 35 36 26 33 32 27
缄打
PM10
05/19 16 28 32 27 27 26 24 35 36 25 25 28 31 28 25 35 35 31 30 30 28 24 12 19
缄打
PM10
05/20 17 30 23 27 25 31 27 43 27 24 25 22 34 28 27 41 31 37 50 51 62 51 46 41
缄打
PM10
05/21 42 33 44 62 62 75 71 79 83 90 85 83 76 80 76 76 81 72 71 60 55 60 56 53
缄打
PM10
05/22 58 55 51 49 48 52 55 52 50 58 58# 1000# 42 46 44 49 47 48 40 46 44 36 39 36
缄打
PM10
05/23 39 35 41 43 45 45 39 44 33 27 28 32 30 26 26 34 29 28 31 28 38 39 37 43
缄打
PM10
05/24 34 27 26 30 26 33 35 37 39 37 40 35 46 46 43 43 41 53 42 44 49 44 49 51
缄打
PM10
05/25 47 49 51 48 47 42 51 53 46 45 45 44 42 30 33 30 32 40 36 40 34 35 33 30
缄打
PM10
05/26 25 29 27 27 27 24 24 26 25 29 36 32 32 22 22 31 29 32 28 33 36 40 37 37
缄打
PM10
05/27 18 23 27 20 18 14 24 17 17 21 15 12 9 6 6 19 11 9 6 15 14 16 13 13
缄打
PM10
05/28 13 7 7 9 9 17 13 18 11 16 6 7 19 17 13 11 10 9 28 40 42 47 42 27
缄打
PM10
05/29 37 31 30 37 38 41 42 47 47 37 37 38 42 32 32 32 34 30 26 27 27 25 25 30
缄打
PM10
05/30 23 24 23 30 16 22 25 26 27 27 31 39 44 40 38 44 47 41 43 42 42 45 40 42
缄打
SO2
01/01 1.2 1.9 1.9 1.9 1.6 1.7 1.7 1.6 1.5 1.7 1.7 1.7 1.7 1.7 1.7 1.6 1.8 1.5 1.6 1.6 1.7 1.5 1.5 1.6
缄打
SO2
01/02 1.3 2 2.1 2 2.1 2 2.1 2.1 1.9 2.1 2.2 2.3 2.3 2.2 2.6 2.7 2.4 2.6 2.8 2.5 2.4 2.6 2.4 2.4
缄打
SO2
01/03 2.4 1.6 1.6 1.8 1.7 1.6 1.5 1.2 1.5 1.5 1.5 1.5 1.5 1.6 1.6 1.6 1.6 1.7 1.4 1.2 1.3 1.4 1.3 1.3
缄打
SO2
01/04 1.5 1.3 1.2 1.1 1.4 1.3 1.3 1.2 1.1 1.2 1.1 1.3 1.3 1.4 1.3 1.5 1.3 1.2 1.4 1.4 1.2 1.3 1.2 1.4
缄打
SO2
01/05 0.6 0.5 0.7 0.5 0.5 0.4 0.3 0.4 0.1 0.4 0.4 0.5 0.5 0.4 0.2 0.6 0.5 0.3 0.5 0.4 0.4 0.2 0.2 0.3
缄打
SO2
01/06 0.4 1.8 2.1 2 1.9 1.8 2.1 1.9 1.8 1.7 1.7 1.8 1.7 1.9 1.9 1.9 1.8 1.8 2 1.7 1.7 1.8 1.7 1.7
缄打
SO2
01/07 2.1 1.1 0.9 1.1 1.1 0.9 1.1 0.8 0.8 0.9 1.1 1.1 1 1.2 1.2 1.2 1.1 1.1 1.1 1 0.8 1.2 1.1 1
缄打
SO2
01/08 0.8 0.9 0.8 0.8 0.6 0.8 0.6 0.7 0.5 0.7 0.6 0.7 0.6 0.7 0.5 0.7 0.6 0.5 0.7 0.3 0.4 0.5 0.2 0.4
缄打
SO2
01/09 0.6 0.9 0.8 0.7 0.7 0.9 0.7 0.6 0.5 0.6 1.1# 0.6 0.7 0.7 0.7 0.8 1 0.8 0.9 0.6 0.4 0.9 0.4 0.7
缄打
SO2
01/10 1.4 0.8 0.8 0.8 0.9 0.8 1 0.7 0.7 0.7 0.6 0.8 0.7 0.8 0.9 1.2 1.1 1 0.9 0.7 0.6 0.9 0.7 0.4
缄打
SO2
01/11 -0.2 2.6 2.2 2.5 2.4 2.4 2.3 2.1 2 2.4 2.4 2.5 2.5 2.4 2.4 2.5 2.6 2.5 2.5 2.3 2.4 2.4 2.6 2.7
缄打
SO2
01/12 2.1 2.1 1.8 1.9 1.7 1.9 1.8 1.6 1.8 1.8 1.7 1.7 1.6 1.7 1.7 1.8 1.6 1.7 1.7 1.4 1.6 1.6 1.7 1.5
缄打
SO2
01/13 1.7 2.1 2.4 2.4 2.4 2.2 2.3 2 2.1 2.1 2.1 2.2 2.2 2.3 2.3 2.1 2.3 2.3 2.3 2 2 2 2 1.9
缄打
SO2
01/14 2.3 0.6 0.7 0.7 0.7 0.7 0.7 0.5 0.4 0.5 0.6 0.8 0.8 0.9 0.9 0.9 1 1 0.8 0.8 0.7 0.6 0.7 0.6
缄打
SO2
01/15 0.2 1.4 1.3 1.2 1.1 1 1 0.8 0.9 1 1 0.9 1.1 1.2 1 1.1 1.2 1.2 1.2 0.9 0.8 0.8 0.6 0.7
缄打
SO2
01/16 0.7 0.8 0.6 0.7 0.7 0.9 0.7 0.5 0.4 0.6 0.5 0.7 0.6 0.7 0.6 0.6 0.6 0.9 0.6 0.6 0.6 0.6 0.8 0.3
缄打
SO2
01/17 0.4 1.9 1.8 2.1 1.9 2 2.1 2.1 1.9 1.9 1.8 1.9 1.9 1.9 2 2 2.1 2 2.1 2 2.1 2 2.2 2
缄打
SO2
01/18 1.8 1.1 1 1.4 1 0.9 0.9 0.8 0.8 0.7 0.9 0.8 1 1 1.2 1.1 1.1 1.2 1.2 0.8 0.9 0.9 0.9 0.8
缄打
SO2
01/19 1.6 1.1 1.1 1 0.9 1 1 0.8 0.8 0.8 1 0.9 1 1.1 1.1 0.9 1 1.2 1.2 0.7 0.8 1.2 1.2 1.5
缄打
SO2
01/20 1 1.9 1.5 1.3 1.3 1.4 1.4 1.1 1.2 1.2 1.3 1.5 1.4 1.3 1.3 1.2 1.4 1.5 1.5 1.2 1.3 1.5 1 1
缄打
SO2
01/21 0.3 2 1.8 2 1.8 1.7 1.7 1.7 1.5 1.5 1.6 1.5 1.6 1.8 1.9 1.7 1.8 1.6 1.7 1.6 1.6 1.7 1.8 1.7
缄打
SO2
01/22 2.1 1.7 1.7 1.8 1.7 1.4 1.7 1.6 1.5 1.4 1.5 1.7 1.7 1.9 1.9 1.6 1.6 2 1.9 2 1.7 1.8 1.8 1.5
缄打
SO2
01/23 2 2.1 2 2 2.1 2.1 2.2 1.9 1.8 1.8 2.2# 2.4 2.4 2.3 2.1 2.2 2.1 2.2 2.4 2.1 1.8 1.9 2.1 1.7
缄打
SO2
01/24 1.3 1.7 1.6 1.6 1.6 1.6 1.5 1.6 1.5 1.7 1.6 1.6 1.8 1.8 1.7 1.8 1.8 1.7 1.7 1.5 1.4 1.5 1.5 1.5
缄打
SO2
01/25 1.8 1.6 1.4 1.5 1.4 1.2 1.3 1.2 1.2 1.2 1.2 1.4 1.2 1.4 1.3 1.3 1.4 1.5 1.3 1.2 1.1 1.3 1.3 1.1
缄打
SO2
01/26 1.1 2.1 1.9 1.8 1.9 1.9 1.8 1.7 1.8 1.5 1.7 2.1 1.7 1.6 1.9 1.9 1.9 1.9 1.8 1.7 1.7 1.6 1.7 1.5
缄打
SO2
01/27 1.5 0.2 0.2 0.1 0.2 0.2 -0.1 0.2 0 -0.1 -0.1 0.1 -0.2 0 -0.1 0.1 0.2 0.2 0.1 0.2 0 0.2 0.1 0
缄打
SO2
01/28 0.6 1.4 1.7 1.7 1.6 1.7 1.6 1.4 1.5 1.6 1.7 1.8 1.9 1.7 1.7 1.8 1.7 1.7 1.8 1.6 1.5 1.6 1.6 1.5
缄打
SO2
01/29 0.6 0.9 1 1.1 1.1 1.1 0.9 0.8 0.8 0.9 0.9 1.3# 1.1 1 1.1 1.2 1 1.2 1 0.9 1 1.1 1 0.8
缄打
SO2
01/30 0.9 1 0.8 0.8 0.7 0.7 0.8 0.9 0.8 0.9 0.8 1.1 1.2 1 1.1 0.9 1.1 1.1 0.8 0.9 0.8 1 1 1.3
缄打
SO2
01/31 1.4 1.3 1.4 1.3 1.4 1.4 1.4 1.5 1.4 1.4 1.3 1.3 1.2 1.4 1.2 1.1 0.9 0.9 1.1 1.2 1.1 1.2 1.2 1.2
缄打
SO2
菏代~るG2019/02A 代浮G皑そA 代兜GSO2]ppb^
缄打
SO2
ら戳 00 01 02 03 04 05 06 07 08 09 10 11 12 13 14 15 16 17 18 19 20 21 22 23
缄打
SO2
02/01 1.2 1.7 1.5 1.7 1.5 1.6 1.7 1.4 1.4 1.4 1.6 1.5 1.5 1.7 1.6 1.7 1.7 1.7 1.6 1.6 1.5 1.5 1.4 1.3
缄打
SO2
02/02 1.2 2.7 2.6 2.6 2.5 2.5 2.5 2.4 2.4 2.7 2.5 2.5 2.6 2.6 2.6 2.3 2.5 2.5 2.6 2.5 2.5 2.7 2.6 2.8
缄打
SO2
02/03 2.4 1.2 1.4 1.3 1.6 1.5 1.3 1.4 1.6 1.9 1.8 1.7 1.8 1.8 1.7 1.7 1.6 1.3 1.3 1.6 2.1 2.1 2.4 2.6
缄打
SO2
02/04 2 2.2 1.8 1.6 1.4 1.4 1.1 1.3 0.9 1 0.9 1 1.1 0.9 0.8 0.8 0.9 0.9 0.8 0.9 0.6 0.7 0.8 0.6
缄打
SO2
02/05 1.5 1.5 1.5 1.4 1.3 1.5 1.4 1.2 1.2 1.3 1.4 1.3 1.4 1.2 1.2 1.4 1.2 1.3 1.2 1.1 1.2 1.3 1.3 1.1
缄打
SO2
02/06 1.1 1.5 1.4 1.4 1.3 1.4 1.4 1.2 1 1.1 1.4 1.4 1.2 1.2 1.2 1.1 1.1 1.4 1.2 1.2 1.4 1.3 1.4 1.6
缄打
SO2
02/07 2.2 1.3 1.2 1.1 1.1 0.9 0.9 0.7 0.8 0.9# 1.5# 1.6 1.5 1.2 0.4 0.7 0.7 0.6 0.7 0.4 0.4 0.5 0.6 0.5
缄打
SO2
02/08 0.5 0.7 0.7 0.5 0.6 0.5 0.4 0.1 0.3 0.2 0.4 0.4 0.3 0.4 0.4 0.4 0.3 0.3 0.3 0.1 0.1 0.2 0 0.2
缄打
SO2
02/09 -0.3 1.5 1.4 1.3 1.6 1.4 1.4 1.1 1.3 1.2 1.2 1.3 1.3 1.3 1.4 1.4 1.3 1.3 1.3 1.2 1 1.1 1.2 1
缄打
SO2
02/10 1.8 1.4 1.3 1.2 1.4 1.3 1.3 1.1 1.3 1.3 1.2 1.2 1.5 1.4 1.3 1.3 1.3 1.4 1.4 1.3 1.2 1.3 1.3 1.3
缄打
SO2
02/11 0.8 1.2 1.2 1 1 1 1 1 0.8 0.9 0.9 1 1.2 1.1 1 1.1 1.2 1.2 1.1 1.1 1.1 1.1 0.9 0.8
缄打
SO2
02/12 1 0.8 0.6 0.6 0.7 0.6 0.4 0.5 0.1 0.6 0.4 0.7 0.4 0.7 0.7 0.6 0.7 0.5 0.8 0.6 0.4 0.7 0.5 0.5
缄打
SO2
02/13 0 1.9 1.9 1.7 1.8 1.7 1.8 1.7 1.5 1.8 1.7 1.9 1.5 1.7 1.7 2 1.9 1.8 1.8 1.7 1.6 1.7 1.5 1.4
缄打
SO2
02/14 2.1 1.6 1.4 1.2 1.2 1.2 1.4 1.3 1.1 1.3 1.3 1.4 1.5 1.4 1.4 1.4 1.5 1.4 1.4 1.3 1.2 1.2 1.3 1.1
缄打
SO2
02/15 1.4 1.4 1.6 1.3 1.6 1.4 1.3 1.1 1.3 1.4 1.3 1.7 1.7 1.6 1.5 1.4 1.5 1.4 1.6 1.6 1.7 1.9 1.8 2
缄打
SO2
02/16 1.5 1.8 1.7 1.6 1.6 1.4 1.5 1.6 1.4 1.3 1.5 1.4 1.4 1.5 1.3 1.3 1.3 1.3 1.4 1.3 1.1 1.2 1.1 1.2
缄打
SO2
02/17 1.4 1 1.3 1.1 0.9 1.2 0.9 0.8 0.9 0.8 1 1 1 1.1 1 1 1 0.8 1.1 1.1 0.9 1.2 1.1 0.8
缄打
SO2
02/18 1.1 1.8 1.6 1.8 1.6 1.7 1.8 1.6 1.4 1.6 1.4 1.6 1.6 1.7 1.7 1.6 1.7 1.7 1.9 1.7 1.6 1.6 1.8 1.9
缄打
SO2
02/19 1.8 1.3 1.1 1.1 0.9 1.3 1.2 1.1 1.6 1.8 1.8 1.8 2 1.7 1.4 1.3 1.4 1.5 1.4 1.5 1.4 1.3 1.5 1.7
缄打
SO2
02/20 1 0.5 0.4 0.7 0.6 0.4 0.5 0.5 0.5 0.6 1# 0.7 0.8 0.6 0.6 0.7 0.5 0.6 0.8 0.5 0.6 0.5 0.5 0.4
缄打
SO2
02/21 0.7 1.7 1.7 1.8 1.6 1.6 1.7 1.5 1.6 1.7 1.9 1.8 1.9 1.6 1.7 1.7 1.8 1.6 1.6 1.6 1.6 1.7 1.5 1.5
缄打
SO2
02/22 1.4 1.2 1.2 1.2 1.2 1 1.1 0.8 0.9 1 0.9 1.2 1.2 1.2 1.1 1.2 1.2 1.1 1.2 1 1.1 1 1 0.9
缄打
SO2
02/23 0.9 0.7 1 0.8 0.8 0.9 1.1 1 1 0.9 0.9 0.8 0.8 0.9 0.9 0.9 0.9 0.8 0.9 0.8 0.8 0.9 0.7 0.8
缄打
SO2
02/24 0.4 1 0.9 0.8 0.9 0.9 0.9 0.9 0.6 0.5 0.6 0.6 0.8 0.8 0.8 1 0.9 0.9 1.1 0.6 0.6 0.8 0.8 0.6
缄打
SO2
02/25 1 1.7 1.6 1.6 1.7 1.6 1.7 1.6 1.5 1.5 1.7 1.6 1.8 1.8 1.4 1.7 1.8 1.8 1.7 1.5 1.5 1.5 1.4 1.3
缄打
SO2
02/26 1.5 1.1 1.3 1.2 1.2 1 1.3 1.2 1.2 1.1 1.2 1.2 1.3 1.3 1.5 1.4 1.4 1.4 1.4 1.1 1.2 1.2 1.2 1.1
缄打
SO2
02/27 1.5 0.5 0.4 0.6 0.3 0.6 0.5 0.4 0.4 0.6 0.6 0.6 0.6 0.6 0.4 0.5 0.5 0.6 0.4 0.6 0.6 0.8 1.1 1
缄打
SO2
02/28 0.7 1.1 1.1 1.1 0.9 1 0.9 0.7 0.8 0.7 0.6 0.8 0.7 0.7 0.8 0.5 0.6 0.6 0.7 0.4 0.4 0.4 0.4 0.2
缄打
SO2
菏代~るG2019/03A 代浮G皑そA 代兜GSO2]ppb^
缄打
SO2
ら戳 00 01 02 03 04 05 06 07 08 09 10 11 12 13 14 15 16 17 18 19 20 21 22 23
缄打
SO2
03/01 0.8 1.2 1.3 1 1.2 1.1 1.2 1.1 1 0.9 1.1 1.3 1.2 1.2 1.1 1 1.4 1.2 1.2 1 0.9 1.2 1.1 1.1
缄打
SO2
03/02 0.9 1 1 1 1 1.1 0.9 0.8 0.8 0.8 1.1 0.9 1 0.9 0.8 0.8 0.9 0.8 0.8 0.8 1 1.1 1.3 0.9
缄打
SO2
03/03 0.5 0.7 0.6 0.4 0.4 0.7 0.5 0.7 0.5 0.2 0.5 0.3 0.2 0.3 0.3 0.4 0.3 0.4 0.7 0.7 0.6 0.7 0.6 0.7
缄打
SO2
03/04 0.9 1.4 1.3 1.3 1.2 1.1 1.1 0.9 1 1.1 1.2 1.6 1.1 1.2 1.2 1.4 1.1 1.2 1.2 1.2 1.2 1.2 1.3 1
缄打
SO2
03/05 1.1 1.3 1.3 1.2 1.1 1.2 1.3 1.2 1.5 1.5 1.7 1.9 1.9 1.6 1.6 1.4 1.6 1.7 1.6 1.4 1.3 1.3 1.3 1.3
缄打
SO2
03/06 1.9 1.4 1.3 1.5 1.2 1.3 1.3 1.3 1.4 1.7 1.9 2.2# 1.7 1.6 1.6 1.6 1.4 1.5 1.6 1.2 1.5 1.3 1.3 1.2
缄打
SO2
03/07 0.5 1.8 1.5 1.6 1.5 1.6 1.6 1.7 1.4 1.5 1.5 1.3 1.4 1.7 1.7 1.7 1.6 1.6 1.6 1.6 1.5 1.4 1.6 1.4
缄打
SO2
03/08 1.7 1.6 1.6 1.4 1.4 1.6 1.4 1.4 1.5 1.4 1.5 1.4 1.3 1.6 1.5 1.6 1.6 1.7 1.7 1.5 1.6 1.3 1.5 1.3
缄打
SO2
03/09 1.5 1.7 1.6 1.5 1.5 1.5 1.4 1.2 1.2 1.4 1.5 1.5 1.5 1.5 1.6 1.7 1.5 1.7 1.6 1.6 1.5 1.5 1.9 1.8
缄打
SO2
03/10 1.6 1.2 1.1 1.1 1.1 1.1 1.2 1 1.2 1.4 1.3 1.3 1.1 1.2 1.2 1.1 1.2 1.1 1.3 0.9 1 1 0.9 0.9
缄打
SO2
03/11 0.9 1.3 1.3 1 1.2 1.2 1.2 1.1 1.2 1.1 0.9 1.2 1.2 1.2 1.2 1 1.2 1.2 1.3 1 0.7 1 1 1
缄打
SO2
03/12 1.1 1.7 1.4 1.6 1.7 1.6 1.7 1.5 1.4 1.7 1.7 1.8 1.6 1.7 1.7 2 1.6 1.7 1.7 1.6 1.7 1.5 1.6 1.5
缄打
SO2
03/13 1.2 2.2 2.1 2.1 2.1 2.1 2.2 2 1.9 2 2.2 2.2 2.3 2 1.8 1.9# 2 2 1.9 2 1.9 1.9 2 1.9
缄打
SO2
03/14 2.3 1.2 1.2 1.3 1.2 1.3 1.3 1.2 1.1 1.2 1.4 1.5 1.4 1.2 1.4# 1.1# 1.2 1.1 1.1 0.9 1 1 1 0.7
缄打
SO2
03/15 0.6 0.1 -0.2 -0.2 -0.1 -0.2 -0.5 -0.3 -0.5 -0.1 0.1 0.9# 0.5 0.7 0.7 0.8 0.6 0.8 0.9 0.8 0.8 0.6 0.7 0.3
缄打
SO2
03/16 0.6 1.5 1.6 1.7 1.6 1.6 1.7 1.5 1.5 1.6 1.7 1.6 1.7 1.6 1.7 1.6 1.6 1.7 1.6 1.4 1.5 1.6 1.6 1.5
缄打
SO2
03/17 1.5 1.3 1.4 1.2 1.3 1.3 1.3 1.3 1.2 1.1 1.2 1.2 1.4 1.5 1.6 1.6 1.4 1.2 1.4 1.3 1 1.3 0.9 1.2
缄打
SO2
03/18 0.5 1.1 1.1 1.1 1.1 0.9 1.1 1 1.1 2 6.5 2.8 1.9 1.6 1.5 1.5 1.3 1.3 1.3 1.4 1.4 1.4 1.6 1.8
缄打
SO2
03/19 2.3 1.7 1.6 1.3 1.4 1.2 1.1 1.1 1.3 1.1 1.2 1.2 1.2 1.1 0.8 0.9 1 1.1 1.2 0.9 1 1 0.9 0.8
缄打
SO2
03/20 1 1.6 1.4 1.6 1.6 1.5 1.4 1.6 1.5 1.2# 1.5 1.7 1.8 1.7 1.4 1.6 1.6 1.6 1.8 1.8 1.8 1.8 1.6 1.8
缄打
SO2
03/21 1.2 1.8 1.7 1.6 1.6 1.7 1.7 1.5 1.5 1.5# 1.7 1.6 1.8 1.7 1.8 1.8 1.9 1.8 1.7 1.7 1.8 1.8 1.7 1.7
缄打
SO2
03/22 1.9 0.9 1 0.9 0.9 0.9 0.9 1 0.8 0.9 1.1 0.9 1 1 0.7 0.9 0.9 0.8 0.9 0.7 0.7 0.7 0.7 0.7
缄打
SO2
03/23 1 1.7 1.4 1.6 1.5 1.4 1.4 1.3 1.3 1.3 1.1 1.3 1.4 1.3 1.4 1.4 1.4 1.4 1.3 1.5 1 1.3 1.3 1.1
缄打
SO2
03/24 1.1 0 0.1 0 0.1 0 -0.1 -0.3 -0.1 0.1 0 -0.2 -0.3 0.2 0.1 0 0 0 -0.1 -0.1 -0.1 -0.1 -0.1 -0.4
缄打
SO2
03/25 0.7 0.4 0.4 0.1 0.4 0.4 0.2 0.3 0.2 0.3 0.6 0.5 0.6 0.4 0.5 0.3 0.4 0.6 0.5 0.6 0.5 0.6 0.8 0.6
缄打
SO2
03/26 -0.1 2 2 1.8 1.9 1.9 1.8 1.7 1.8# 1.9 1.9 2 1.9 1.9 2 2.1 2 1.9 1.9 1.9 1.9 1.9 1.7 1.8
缄打
SO2
03/27 1.6 1.5 1.4 1.4 1.1 1.3 1.3 1.2 1.4 1.5 1.7 1.6# 1.4 1.3 1.3 1.2 1.2 1.4 1.3 1.3 1.3 1.3 1.4 1
缄打
SO2
03/28 1.3 1.8 1.8 1.9 2.3 2.1 2.1 2.1 1.8 2 1.9 2.2# 2.1 1.9 1.7 1.5 1.7 1.7 1.7 1.8 1.6 1.7 1.4 1.6
缄打
SO2
03/29 1.8 1.3 1.3 1.3 1.3 1.1 1.1 1.2 1.2 1.1 1.1 1.4 1.3 1.2 0.9 1 1.1 1.2 1.2 1.4 1 1.1 1 0.8
缄打
SO2
03/30 1.9 0.1 0.2 0.1 0.2 0.1 0.2 0.1 0.1 -0.1 0 0.2 0.2 0.1 0.1 0 -0.1 0.3 0.1 0.2 0.1 0.1 0.1 0.1
缄打
SO2
03/31 -0.6* 2 2.1 2.2 2 2.1 2 1.8 2.1 0.6# 0.6 0.6 0.6 0.4 0.5 0.4 0.5 0.4 0.5 0.3 0.4 0.3 0.4 0.4
缄打
SO2
菏代~るG2019/04A 代浮G皑そA 代兜GSO2]ppb^
缄打
SO2
ら戳 00 01 02 03 04 05 06 07 08 09 10 11 12 13 14 15 16 17 18 19 20 21 22 23
缄打
SO2
04/01 0.3 1.1 1.1 1.2 0.9 1 1.1 0.9 0.9 0.9 1 1 1.1 1.1 1.2 1.2 1.1 1 1.1 1 1.1 1.1 1 1.1
缄打
SO2
04/02 1.4 1.6 1.8 1.7 1.6 1.6 1.6 1.4 1.6 1.7 1.8 2 2.2 2.3# 2.6 2.6 2.3 2.5 2.3 2.3 2.3 2.3 2.3 2.4
缄打
SO2
04/03 1.2 1.6 1.5 1.3 1.3 1.2 1.3 1.2 1.4 1.6 1.6 1.6 1.5 1.4 1.3 1.4 1.3 1.3 1.3 1.4 1.4 1.4 1.2 1.3
缄打
SO2
04/04 1.6 0.6 0.7 0.6 0.7 0.5 0.7 0.9 0.8 0.9 1 0.9 0.7 0.7 0.8 0.9 0.8 0.7 0.9 0.8 0.5 0.9 0.8 0.6
缄打
SO2
04/05 1 1.8 1.8 1.6 1.6 1.8 1.7 1.7 1.6 1.9 1.9 2 2 1.9 1.9 1.8 1.8 1.8 1.6 1.7 1.7 2 1.7 2
缄打
SO2
04/06 2.1 0.9 1.1 1.2 1.2 1.3 1.1 1.1 1.3 1.6 1.6 0.9 0.7 0.6 0.8 0.5 0.7 2 0.7 0.7 0.7 0.9 1.1 1
缄打
SO2
04/07 1.1 1.5 1.4 1.3 1.3 1.3 1.3 1.3 1.4 1.6 1.5 1.4 1.3 2 1.4 1.1 1.8 2.1 1.3 1.5 1.6 1.6 1.6 1.6
缄打
SO2
04/08 1 1.3 1 0.9 1.1 1.2 1.3 1.4 1.7 1.7 1.7 1.4 1.5 1.6 1.9 1.3 1.3 1.2 1.3 1.5 1.3 6.5 17 22
缄打
SO2
04/09 23 9.2 6.9 14 3 0.8 1 13 1.4 1.3 2.2 1.7 1.2 1.3 1.2 1.1 1.2 0.8 0.7 0.9 0.7 0.8 1.1 0.9
缄打
SO2
04/10 1.3 1 0.8 0.9 0.9 0.6 0.8 1.1 0.9 1.2 1.3 1.1 1.1 1 0.9 1 1.3 1.4 1.5 1.4 1.2 1.2 1.3 1.3
缄打
SO2
04/11 1.2 2.4 3.1 3.4 3.3 2.5 2.5 2.6 4 3.7 3.6 3.4 3.3 3 2.5 2.3 2.3 2.3 2.3 2.3 2.1 2.4 2.3 2.2
缄打
SO2
04/12 1.7 1.2 1.1 1.3 1.1 1.2 1.3 1.1 1.2 1.1 1.3 1.3 1.4 1.3 1.3 1.1 1.3 1.5 1.5 1.4 1.3 1.3 1.2 1.1
缄打
SO2
04/13 1.6 2.2 2 1.7 1.7 1.7 1.7 1.9 1.9 2 2 2.4 2.1 1.9 1.8 1.9 2.1 1.9 2.5 2.2 2 2 1.9 2.1
缄打
SO2
04/14 2.5 1.7 1.8 1.6 1.9 1.4 1.7 1.5 1.4 1.8 1.8 1.8 1.6 1.8 1.6 1.8 1.9 1.9 1.8 1.7 1.8 1.7 1.7 1.7
缄打
SO2
04/15 2 1.9 1.7 1.8 1.6 1.6 1.6 1.8 1.9 1.7 1.9 1.8 1.8 1.8 2.1 2 1.9 1.9 1.9 1.8 1.8 1.8 2 2
缄打
SO2
04/16 1.8 2.4 2.2 2.3 2.1 2 2 2.1 2.1 2.1 2.1 2.3 2.3 2.4 2.4 2.4 2.3 2.3 2.5 2.8 2.2 2.6 2.5 2.1
缄打
SO2
04/17 1.4 1.7 1.9 1.8 1.8 1.7 1.5 1.7 1.8 2.3 2.3 2.4 2.2 2.2# 2.1 2.3 1.9 2.3 2.3 2.2 2.3 2.4 2.5 2.4
缄打
SO2
04/18 2.6 1.9 1.7 1.7 1.9 1.9 2.3 2.1 2.8 2.7 2.4 2.1 2 1.8 2 1.7 1.8 1.8 2.1 2.3 2.8 4.4 4.5 4.4
缄打
SO2
04/19 2.5 1.8 1 0.5 0 -0.1 -0.1 0.5 1.4 0.8 1.8 1.8 1.2 0.6 0.4 0.3 0.5 0.5 0.3 0.2 0.3 0.2 0.1 0.1
缄打
SO2
04/20 1.4 1.8 1.6 1.5 1.4 1.5 2.3 3.2 3.1 3.7 3.4 2.9 2.3 2.2 1.9 1.7 2.7 3.4 3.7 7.7 3.4 3.3 6.7 8.6
缄打
SO2
04/21 3.6 1.6 4.2 1.4 1.1 1 2.4 2.5 2 2 2.7 2.4 5.8 12 21 26 8.2 1.7 1.5 1.7 1.5 1.8 1.9 1.6
缄打
SO2
04/22 2.3 1.7 1.5 1.1 1 1.1 1.2 1.7 1.5 1.3# 1.2 0.9 0.9 1 1.2 0.7 1.6 0.5 0.6 0.6 0.7 0.9 1.1 0.9
缄打
SO2
04/23 0.9 0.4 0 -0.3 -0.2 -0.6* 0.1 0.2 -0.1 0 0.3 0.1 0.3 0.4 0.8 0 1.4 0.4 0.3 0.5 0.4 0.5 0.6 0.4
缄打
SO2
04/24 1.4 2.5 2.4 2.2 1.8 2 1.9 1.8 2.1 1.9 2.1 2.3 2.2# 3.3# 2.7 2.5 3.1 2.9 2.8 3.1 3 3 2.9 2.9
缄打
SO2
04/25 2.5 1.4 1.2 1.3 1.1 2 1 1 1.1 1.2 2.1 1.7 1.6 1.7 1.6 1.6 1.7 1.6 1.7 1.9 2.1 1.9 2 2
缄打
SO2
04/26 1.4 1.7 1.4 1.2 1.3 1.3 1.2 1.5 1.7 1.6 1.7 2.3 2.8 2.4 1.6 1.7 1.4 1.4 1.4 1.5 1.6 1.1 1 1.5
缄打
SO2
04/27 1.7 1.7 1.8 1.4 1.5 1.2 1.2 1.3 1.4 1.8 1.6 1.6 1.7 1.3 1.4 1.3 1.3 1.2 1.1 1.3 1.3 1.3 1.2 1.3
缄打
SO2
04/28 1.6 1.8 1.7 1.7 1.8 1.7 1.8 1.8 2.1 2 2.1 2.1 2.1 2.1 2.2 2.1 2.2 2.3 2.5 2.4 2.5 2.4 2.7 2.8
缄打
SO2
04/29 3.1 2.8 2.4 1.8 2 1.8 1.6 2.5 3.5 3.7 3.9 3.7 3.1 2.4 4.6 2.6 2.4 2.3 2 1.8 1.8 2.3 2.6 2.5
缄打
SO2
04/30 2.7 0.7 0.4 0.3 0.1 -0.2 -0.5 -0.1 0 1.7# 1.9 1.9 1.7 1.8 2.3 2.1 3.1 2.1 2.1 2.3 2.3 2.3 2.2 2.3
缄打
SO2
菏代~るG2019/05A 代浮G皑そA 代兜GSO2]ppb^
缄打
SO2
ら戳 00 01 02 03 04 05 06 07 08 09 10 11 12 13 14 15 16 17 18 19 20 21 22 23
缄打
SO2
05/01 2 0.6 0.4 0.3 0.3 0.1 0.1 0.7 0.4 0.2 0.3 0.2 0.3 0.1 0.3 0.4 0.1 0.1 -0.1 0.3 0.3 0 0 0.3
缄打
SO2
05/02 0.8 1.9 1.8 1.9 1.9 2 2 1.9 2 2.1 2.4# 2.4 2.2 2.2 1.8 1.6 1.7 1.7 1.8 1.7 1.7 1.8 1.5 1.7
缄打
SO2
05/03 1.8 1.8 1.4 1.2 1.1 1.2 0.9 1.2 1.7 1.8 1.6 1.7 1.5 1.4 1.7 2.1 1.9 1.7 1.7 1.7 1.7 1.7 1.7 1.3
缄打
SO2
05/04 1.7 1.5 1.5 1.5 1.7 1.7 2 1.9 2 2.4 2.2 2.2 1.9 2 2.1 2 1.9 1.9 1.9 2.1 2 2 2.1 2.4
缄打
SO2
05/05 0.7 1.6 1.7 1.6 1.5 1.7 1.8 2 1.9 2 2.2 7.2 9.8 2.1 1.9 1.7 1.4 1.5 1.3 1.4 1.4 1.3 1.5 1.7
缄打
SO2
05/06 2.6 1.5 1.7 1.8 1.5 1.5 1.3 1.5 1.6 1.8 1.9 2 1.7 1.6 1.6 1.7 1.6 1.4 1.3 1.5 1.4 1.4 1.5 1.7
缄打
SO2
05/07 1.5 1.1 0.9 1 0.7 0.7 0.6 0.9 0.8 1 1.1 1.2 0.9 1 0.9 1 1 1 0.9 1.1 1 0.9 1.1 1.2
缄打
SO2
05/08 1.6 -0.3 -0.5 -0.7* -0.7* -0.7* -0.5 -0.2 -0.1 -0.2# 1.8 1.8 1.7 1.4 1.5 1.4 1.5 1.7 1.7 1.8 1.6 1.7 1.6 1.5
缄打
SO2
05/09 1.4 0.1 -0.1 -0.1 0 -0.1 0 0.2 0.4 1.5# 1.7 1.7 1.8 1.5 1.4 1.6 1.7 1.5 1.4 1.6 1.4 1.4 1.3 1.2
缄打
SO2
05/10 1.3 0.3 0.4 0.1 0.1 -0.1 0.1 0.5 0.3 0.9 1.1 0.7 0.6 0.4 0.4 0.9 0.9 1.1 0.8 0.8 0.7 0.5 0.5 0.6
缄打
SO2
05/11 0.2 1 0.9 0.8 0.7 0.7 0.7 0.7 1.3 1 1.2 1.5 1.4 1.4 1.5 1.4 1.4 1.5 1.6 1.4 1.5 1.7 1.3 1.4
缄打
SO2
05/12 1.2 1.2 1.3 1.8 1.4 1.2 1 1.1 1.1 1.4 1.7 1.4 1.5 1.3 1.1 1.2 1.2 1.2 1.1 1.1 1.1 1.3 1.3 1.6
缄打
SO2
05/13 1 2.2 1.9 1.9 1.9 1.9 2.4 2.2 2.4 2.4 2.4 2.3 2.3 2.4 2.3 2.4 2.5 3.1 2.4 2.6 2.8 2.6 2.9 2.8
缄打
SO2
05/14 2.5 0.6 0.5 0.5 0.6 0.6 0.6 0.6 0.6 0.7 0.8 0.7 0.5 0.7 1.5 0.8 0.5 2 0.5 0.1 0.1 0.3 0.2 0.5
缄打
SO2
05/15 1.1 0.8 0.9 1.1 1.3 1.6 2.5 2.5 2.2 2.8 3.5# 2.8 2.5 1.3 1 1.1 1.4 1.2 1.5 1.8 1.5 1.3 1.3 1.3
缄打
SO2
05/16 0.5 1.9 1.5 1.5 1.1 13 4.2 3.9 1.6# 1.7 2.3 1.6 1.9 1.6 1.5 1.7 1.9 1.7 1.9 2 2.2 2.2 2.1 2.2
缄打
SO2
05/17 2 0.6 0 -0.1 0 -0.2 -0.2 -0.4 0.3 2.1# 2.2 2.1 2.3 2.3 2.3 2.3 2.4 2.6 2.8 2.7 2.9 2.7 2.4 2.4
缄打
SO2
05/18 2.4 1.9 1.7 1.5 1.6 2.6 1.3 1.5 1.8 1.9 1.7 1.7 2.1 1.7 1.8 1.8 2 2.3 2.3 2.1 2.4 3.5 5 2.4
缄打
SO2
05/19 2.3 12 7.1 0.3 0.2 0.3 10 1.3 0.6 0.6 0.5 0.7 1 1.1 1.2 3 3.7 1.8 1.1 1.3 1.5 1.3 1.4 0.9
缄打
SO2
05/20 -0.2 1.4 1.3 1 1 1 1.1 1 1.4 1.5 1.6 1.6 1.5 1.2 1.1 1.5 1.4 1.2 1.1 1.2 1.1 1.1 1.2 0.6
缄打
SO2
05/21 1.4 1 1 1.3 1.1 1.2 1.1 1.5 1.7 2.3 2.3 2.2 1.8 2.1 2.2 2.2 2.1 2.3 2 2.1 2.2 2 1.9 1.9
缄打
SO2
05/22 2.2 2.2 2 2 1.8 2.1 2 2.3 2.7 3.5 2.6 2.6 2.5 2.6 2.8 3.3 2.5 2.6 2.4 2.3 2.3 2.2 2.2 2.2
缄打
SO2
05/23 1.9 1.4 1 1.4 1.5 1.6 1.1 1 1 1.2 1 1.2 1.3 1.2 0.9 1.6 1.3 1 1.2 1.2 1.6 1.4 1.3 1.5
缄打
SO2
05/24 1.7 1.6 1.6 1.6 1.3 1.2 1.4 1.9 1.8 2 2.1 2 2.3 2.1 1.9 1.7 1.9 1.6 1.7 2.2 2 1.8 1.8 1.7
缄打
SO2
05/25 3 2.2 2.2 2.2 1.8 1.8 2.4 2 2.1 2.1 2 2 2.3 2.1 2.1 2.5 2.7 2.2 2.5 2 2.2 2.3 2.4 2.8
缄打
SO2
05/26 0.8 2 2.1 1.6 1.7 2.1 1.9 1.9 2.8 4.3 4.9 5.3 4.3 3.4 2.6 2.8 2.7 2.7 2.8 3 3.3 2.7 2 2.1
缄打
SO2
05/27 2.6 1.3 1.1 0.8 1 0.9 0.7 0.9 1.3 1.4 1.6 1.9 1.9 1.9 3.4 4.2 2.6 2.5 2 2.1 2.1 2.1 2.4 2.1
缄打
SO2
05/28 1.7 2 1.5 1.6 1.2 1.7 1.5 1.6 1.7 1.6 1.3 1.7 1.3 1 1.1 1.1 1.4 1.2 1 1.3 1.2 1 1 0.8
缄打
SO2
05/29 2 0.5 0.6 0.5 0.5 0.7 0.7 0.8 1 1.5 1.5 1.5 1.1 1.1 0.8 0.8 0.9 0.8 0.7 0.9 0.9 1.2 1.1 0.7
缄打
SO2
05/30 0.8 1.5 1 1.1 0.9 1 1 1.2 1.6 1.5 1.5 1.7 1.8 1.5 1.5 1.5 1.5 1.5 1.6 1.5 1.5 1.5 1.5 1.4
缄打
CO
01/01 0.23 0.15 0.16 0.16 0.16 0.16 0.18 0.18 0.19 0.19 0.19 0.2 0.2 0.2 0.2 0.2 0.23 0.22 0.21 0.21 0.21 0.19 0.19 0.18
缄打
CO
01/02 0.18 0.16 0.15 0.16 0.16 0.15 0.16 0.19 0.21 0.2 0.2 0.2 0.2 0.2 0.2 0.23 0.24 0.27 0.27 0.26 0.26 0.25 0.27 0.27
缄打
CO
01/03 0.27 0.3 0.3 0.31 0.29 0.24 0.23 0.25 0.32 0.33 0.31 0.26 0.29 0.32 0.31 0.33 0.34 0.37 0.37 0.35 0.34 0.33 0.33 0.32
缄打
CO
01/04 0.31 0.34 0.37 0.39 0.38 0.38 0.37 0.38 0.39 0.37 0.36 0.36 0.39 0.34 0.31 0.33 0.34 0.37 0.38 0.38 0.34 0.38 0.35 0.28
缄打
CO
01/05 0.26 0.22 0.22 0.21 0.21 0.21 0.21 0.22 0.24 0.25 0.24 0.22 0.23 0.22 0.22 0.23 0.2 0.21 0.23 0.23 0.29 0.38 0.41 0.46
缄打
CO
01/06 0.5 0.55 0.55 0.51 0.47 0.45 0.45 0.39 0.37 0.37 0.36 0.41 0.44 0.49 0.53 0.56 0.54 0.54 0.52 0.49 0.48 0.41 0.38 0.36
缄打
CO
01/07 0.36 0.25 0.22 0.2 0.21 0.24 0.32 0.39 0.42 0.39 0.38 0.36 0.4 0.39 0.37 0.35 0.35 0.39 0.39 0.37 0.34 0.34 0.32 0.32
缄打
CO
01/08 0.31 0.35 0.35 0.33 0.33 0.34 0.34 0.36 0.35 0.3 0.29 0.26 0.3 0.28 0.27 0.27 0.28 0.3 0.28 0.27 0.26 0.25 0.24 0.24
缄打
CO
01/09 0.25 0.22 0.22 0.23 0.25 0.25 0.26 0.3 0.32 0.35 0.33# 0.35 0.45 0.42 0.4 0.41 0.44 0.43 0.41 0.38 0.37 0.37 0.35 0.34
缄打
CO
01/10 0.31 0.34 0.33 0.32 0.31 0.32 0.32 0.34 0.37 0.34 0.34 0.34 0.37 0.34 0.32 0.31 0.33 0.35 0.34 0.31 0.3 0.29 0.3 0.27
缄打
CO
01/11 0.28 0.21 0.21 0.21 0.22 0.21 0.23 0.28 0.34 0.3 0.3 0.33 0.32 0.26 0.24 0.25 0.26 0.28 0.31 0.31 0.33 0.31 0.29 0.25
缄打
CO
01/12 0.21 0.25 0.25 0.24 0.24 0.24 0.24 0.26 0.28 0.27 0.26 0.26 0.26 0.24 0.24 0.28 0.29 0.32 0.34 0.43 0.5 0.55 0.55 0.55
缄打
CO
01/13 0.54 0.51 0.51 0.52 0.55 0.56 0.55 0.54 0.54 0.54 0.55 0.57 0.54 0.54 0.54 0.52 0.51 0.48 0.47 0.47 0.46 0.46 0.44 0.45
缄打
CO
01/14 0.44 0.47 0.45 0.42 0.41 0.41 0.41 0.41 0.44 0.43 0.44 0.47 0.52 0.52 0.51 0.52 0.52 0.52 0.52 0.49 0.49 0.5 0.49 0.49
缄打
CO
01/15 0.49 0.49 0.48 0.47 0.47 0.46 0.45 0.48 0.49 0.45 0.45 0.43 0.44 0.41 0.4 0.39 0.38 0.37 0.35 0.32 0.3 0.32 0.3 0.28
缄打
CO
01/16 0.28 0.3 0.32 0.39 0.49 0.57 0.59 0.63 0.69 0.63 0.61 0.57 0.54 0.5 0.42 0.41 0.42 0.43 0.38 0.36 0.33 0.32 0.33 0.33
缄打
CO
01/17 0.31 0.26 0.29 0.29 0.32 0.3 0.31 0.32 0.34 0.34 0.36 0.35 0.42 0.38 0.38 0.38 0.37 0.36 0.36 0.39 0.41 0.37 0.34 0.36
缄打
CO
01/18 0.37 0.36 0.32 0.3 0.31 0.3 0.32 0.33 0.33 0.3 0.28 0.28 0.34 0.38 0.38 0.42 0.44 0.46 0.44 0.41 0.42 0.4 0.4 0.38
缄打
CO
01/19 0.38 0.38 0.35 0.34 0.33 0.33 0.32 0.34 0.35 0.34 0.32 0.33 0.35 0.35 0.32 0.31 0.33 0.37 0.37 0.37 0.45 0.47 0.51 0.41
缄打
CO
01/20 0.29 0.27 0.24 0.24 0.24 0.26 0.25 0.27 0.3 0.33 0.32 0.31 0.25 0.24 0.37 0.5 0.62 0.68 0.66 0.69 0.7 0.68 0.6 0.53
缄打
CO
01/21 0.54 0.53 0.53 0.5 0.44 0.43 0.44 0.41 0.37 0.32 0.27 0.25 0.25 0.23 0.22 0.22 0.22 0.24 0.22 0.21 0.21 0.21 0.22 0.22
缄打
CO
01/22 0.23 0.25 0.24 0.3 0.24 0.24 0.28 0.29 0.32 0.34 0.35 0.35 0.39 0.4 0.4 0.37 0.35 0.38 0.4 0.4 0.4 0.36 0.35 0.33
缄打
CO
01/23 0.31 0.25 0.26 0.28 0.3 0.3 0.32 0.35 0.39 0.39 0.42# 0.42 0.44 0.43 0.43 0.43 0.44 0.46 0.47 0.45 0.44 0.42 0.4 0.37
缄打
CO
01/24 0.36 0.37 0.33 0.34 0.33 0.33 0.34 0.35 0.35 0.31 0.33 0.33 0.36 0.33 0.32 0.32 0.32 0.36 0.36 0.34 0.36 0.35 0.33 0.32
缄打
CO
01/25 0.32 0.38 0.37 0.36 0.36 0.38 0.4 0.43 0.47 0.47 0.45 0.47 0.49 0.48 0.46 0.47 0.46 0.49 0.46 0.43 0.43 0.39 0.36 0.36
缄打
CO
01/26 0.35 0.29 0.31 0.32 0.33 0.31 0.25 0.24 0.23 0.2 0.21 0.25 0.28 0.3 0.31 0.33 0.32 0.24 0.19 0.18 0.16 0.15 0.14 0.15
缄打
CO
01/27 0.14 0.14 0.14 0.14 0.14 0.14* 0.14 0.15 0.15 0.15# 0.16 0.16 0.17 0.16 0.16 0.17 0.16 0.17 0.17* 0.16 0.16 0.17 0.16 0.16
缄打
CO
01/28 0.16 0.17 0.16 0.15 0.17 0.16 0.17 0.19 0.23 0.21 0.21 0.22 0.23 0.23 0.2 0.21 0.2 0.25 0.26 0.24 0.23 0.22 0.2 0.21
缄打
CO
01/29 0.19 0.2 0.21 0.22 0.21 0.21 0.21 0.23 0.26 0.24 0.26 0.26# 0.28 0.27 0.28 0.29 0.3 0.32 0.32 0.31 0.33 0.34 0.34 0.33
缄打
CO
01/30 0.31 0.27 0.25 0.26 0.25 0.25 0.25 0.27 0.3 0.28 0.28 0.27 0.29 0.28 0.27 0.26 0.27 0.33 0.31 0.26 0.3 0.29 0.35 0.41
缄打
CO
01/31 0.3 0.31 0.31 0.31 0.31 0.29 0.31 0.39 0.39 0.33 0.35 0.31 0.32 0.3 0.28 0.3 0.31 0.35 0.38 0.37 0.35 0.38 0.37 0.42
缄打
CO
菏代~るG2019/02A 代浮G皑そA 代兜GCO]ppm^
缄打
CO
ら戳 00 01 02 03 04 05 06 07 08 09 10 11 12 13 14 15 16 17 18 19 20 21 22 23
缄打
CO
02/01 0.44 0.46 0.46 0.42 0.39 0.36 0.35 0.37 0.38 0.38 0.41 0.42 0.48 0.48 0.45 0.46 0.45 0.46 0.46 0.45 0.45 0.43 0.39 0.37
缄打
CO
02/02 0.35 0.26 0.27 0.27 0.26 0.25 0.26 0.28 0.29 0.28 0.29 0.28 0.28 0.28 0.3 0.29 0.31 0.33 0.34 0.35 0.36 0.37 0.34 0.35
缄打
CO
02/03 0.37 0.35 0.31 0.27 0.3 0.36 0.41 0.52 0.48 0.47 0.37 0.38 0.54 0.39 0.21 0.19 0.21 0.24 0.36 0.59 1.16 0.81 0.56 0.38
缄打
CO
02/04 0.49 0.39 0.29 0.25 0.24 0.22 0.23 0.42 0.61 0.63 0.71# 0.71 0.67 0.68 0.69 0.72 0.8 0.85 0.85 0.83 0.78 0.74 0.72 0.71
缄打
CO
02/05 0.72 0.73 0.77 0.78 0.75 0.7 0.65 0.59 0.54 0.5 0.46 0.43 0.39 0.36 0.35 0.33 0.35 0.38 0.36 0.39 0.43 0.45 0.47 0.49
缄打
CO
02/06 0.42 0.38 0.36 0.35 0.32 0.32 0.32 0.33 0.32 0.34 0.34 0.35 0.33 0.34 0.37 0.38 0.41 0.41 0.44 0.44 0.51 0.6 0.63 0.62
缄打
CO
02/07 0.65 0.61 0.46 0.39 0.4 0.34 0.37 0.4 0.48 0.39# 0.41# 0.42 0.41 0.36 0.33 0.32 0.32 0.32 0.3 0.28 0.29 0.29 0.43 0.39
缄打
CO
02/08 0.29 0.32 0.32 0.35 0.33 0.31 0.29 0.28 0.27 0.28 0.26 0.26 0.25 0.25 0.24 0.22 0.2 0.2 0.2 0.21 0.22 0.22 0.22 0.2
缄打
CO
02/09 0.19 0.24 0.26 0.26 0.25 0.25 0.25 0.23 0.24 0.25 0.25 0.25 0.24 0.25 0.24 0.24 0.24 0.25 0.24 0.24 0.23 0.24 0.23 0.23
缄打
CO
02/10 0.22 0.16 0.16 0.16 0.15 0.15 0.15 0.16 0.17 0.19 0.18 0.18 0.18 0.18 0.21 0.22 0.22 0.22 0.23 0.21 0.2 0.21 0.2 0.19
缄打
CO
02/11 0.19 0.17 0.18 0.18 0.17 0.17 0.17 0.19 0.2 0.18 0.18 0.18 0.2 0.18 0.16 0.17 0.17 0.19 0.19 0.18 0.18 0.18 0.16 0.16
缄打
CO
02/12 0.17 0.16 0.16 0.17 0.18 0.17 0.17 0.2 0.22 0.21 0.22 0.21 0.24 0.21 0.19 0.21 0.23 0.25 0.23 0.22 0.21 0.19 0.2 0.22
缄打
CO
02/13 0.24 0.18 0.18 0.16 0.15 0.17 0.18 0.21 0.25 0.19 0.17 0.17 0.19 0.18 0.17 0.17 0.17 0.19 0.19 0.16 0.17 0.17 0.16 0.16
缄打
CO
02/14 0.18 0.25 0.24 0.23 0.25 0.25 0.26 0.28 0.32 0.29 0.27 0.27 0.31 0.31 0.3 0.31 0.33 0.36 0.36 0.34 0.34 0.32 0.31 0.32
缄打
CO
02/15 0.33 0.32 0.32 0.33 0.33 0.32 0.33 0.35 0.42 0.37 0.35 0.33 0.34 0.29 0.29 0.28 0.32 0.36 0.48 0.46 0.48 0.53 0.45 0.38
缄打
CO
02/16 0.34 0.28 0.28 0.25 0.22 0.23 0.24 0.24 0.26 0.24 0.25 0.25 0.23 0.24 0.24 0.25 0.24 0.25 0.26 0.25 0.26 0.26 0.28 0.3
缄打
CO
02/17 0.29 0.32 0.34 0.38 0.38 0.32 0.32 0.32 0.33 0.33 0.32 0.32 0.31 0.3 0.29 0.29 0.27 0.28 0.32 0.55 0.3 0.26 0.25 0.23
缄打
CO
02/18 0.22 0.2 0.19 0.18 0.19 0.2 0.2 0.22 0.25 0.23 0.23 0.22 0.25 0.23 0.23 0.22 0.24 0.26 0.31 0.24 0.32 0.33 0.33 0.29
缄打
CO
02/19 0.23 0.27 0.28 0.27 0.26 0.3 0.34 0.62 0.71 0.4 0.38 0.33 0.31 0.26 0.3 0.35 0.37 0.44 0.45 0.35 0.37 0.36 0.3 0.3
缄打
CO
02/20 0.27 0.23 0.2 0.2 0.22 0.25 0.23 0.27 0.37 0.37 0.28# 0.27 0.3 0.29 0.37 0.38 0.35 0.38 0.39 0.41 0.41 0.39 0.36 0.33
缄打
CO
02/21 0.32 0.35 0.34 0.35 0.34 0.32 0.31 0.34 0.38 0.32 0.31 0.34 0.35 0.33 0.33 0.32 0.33 0.36 0.32 0.28 0.27 0.26 0.24 0.25
缄打
CO
02/22 0.27 0.33 0.33 0.34 0.31 0.3 0.29 0.33 0.36 0.33 0.31 0.31 0.35 0.31 0.31 0.31 0.33 0.35 0.33 0.33 0.33 0.32 0.32 0.34
缄打
CO
02/23 0.35 0.35 0.37 0.38 0.4 0.4 0.41 0.42 0.44 0.42 0.43 0.44 0.48 0.48 0.48 0.46 0.44 0.42 0.38 0.34 0.34 0.34 0.34 0.34
缄打
CO
02/24 0.33 0.36 0.35 0.36 0.36 0.35 0.33 0.32 0.33 0.37 0.39 0.44 0.48 0.45 0.45 0.5 0.5 0.5 0.5 0.53 0.55 0.53 0.52 0.52
缄打
CO
02/25 0.53 0.56 0.54 0.53 0.54 0.5 0.47 0.5 0.52 0.5 0.5 0.5 0.5 0.49 0.47 0.46 0.45 0.45 0.42 0.39 0.38 0.37 0.35 0.31
缄打
CO
02/26 0.25 0.23 0.21 0.24 0.23 0.26 0.25 0.27 0.3 0.29 0.31 0.29 0.32 0.32 0.31 0.24 0.27 0.32 0.3 0.3 0.31 0.3 0.28 0.26
缄打
CO
02/27 0.25 0.3 0.3 0.31 0.33 0.35 0.37 0.43 0.48 0.44 0.45 0.46 0.45 0.4 0.39 0.37 0.37 0.43 0.47 0.37 0.4 0.65 0.69 0.44
缄打
CO
02/28 0.44 0.3 0.25 0.24 0.28 0.26 0.26 0.27 0.26 0.25 0.26 0.24 0.26 0.25 0.25 0.25 0.27 0.27 0.29 0.29 0.29 0.28 0.25 0.24
缄打
CO
菏代~るG2019/03A 代浮G皑そA 代兜GCO]ppm^
缄打
CO
ら戳 00 01 02 03 04 05 06 07 08 09 10 11 12 13 14 15 16 17 18 19 20 21 22 23
缄打
CO
03/01 0.24 0.26 0.26 0.26 0.26 0.27 0.27 0.27 0.28 0.27 0.28 0.28 0.26 0.26 0.27 0.27 0.26 0.28 0.31 0.28 0.29 0.28 0.27 0.26
缄打
CO
03/02 0.25 0.29 0.28 0.28 0.29 0.3 0.35 0.38 0.42 0.37 0.36 0.35 0.39 0.42 0.39 0.41 0.43 0.45 0.48 0.58 0.58 0.49 0.42 0.37
缄打
CO
03/03 0.34 0.3 0.27 0.26 0.29 0.33 0.29 0.26 0.3 0.33 0.34 0.37 0.3 0.24 0.25 0.3 0.33 0.43 0.51 0.58 0.31 0.27 0.32 0.32
缄打
CO
03/04 0.3 0.26 0.25 0.23 0.23 0.23 0.25 0.29 0.33 0.34 0.34 0.35 0.39 0.38 0.39 0.41 0.44 0.48 0.49 0.48 0.48 0.46 0.44 0.42
缄打
CO
03/05 0.4 0.38 0.37 0.35 0.32 0.29 0.31 0.49 0.6 0.43 0.37 0.38 0.37 0.39 0.35 0.3 0.32 0.37 0.35 0.34 0.32 0.26 0.24 0.18x
缄打
CO
03/06 0.18x 0.17x 0.18x 0.13x 0.13x 0.12x 0.14x 0.19x 0.21# 0.18# 0.36# 0.3# 0.31 0.39 0.37 0.32 0.28 0.31 0.4 0.32 0.29 0.31 0.34 0.33
缄打
CO
03/07 0.33 0.34 0.33 0.31 0.29 0.28 0.28 0.27 0.26 0.23 0.24 0.25 0.34 0.33 0.3 0.32 0.4 0.49 0.49 0.42 0.38 0.37 0.37 0.38
缄打
CO
03/08 0.36 0.42 0.47 0.45 0.4 0.31 0.26 0.27 0.26 0.22 0.21 0.19 0.22 0.2 0.18 0.18 0.19 0.21 0.2 0.19 0.18 0.17 0.16 0.15
缄打
CO
03/09 0.14 0.14 0.14 0.15 0.15 0.17 0.16 0.17 0.19 0.2 0.21 0.23 0.25 0.23 0.27 0.28 0.27 0.23 0.23 0.33 0.36 0.34 0.39 0.42
缄打
CO
03/10 0.38 0.21 0.18 0.19 0.21 0.21 0.24 0.28 0.48 0.23 0.19 0.2 0.22 0.22 0.27 0.23 0.23 0.25 0.26 0.28 0.3 0.29 0.29 0.3
缄打
CO
03/11 0.29 0.32 0.32 0.32 0.3 0.3 0.31 0.39 0.45 0.39 0.35 0.32 0.35 0.3 0.3 0.3 0.3 0.32 0.31 0.32 0.33 0.34 0.34 0.34
缄打
CO
03/12 0.35 0.33 0.29 0.28 0.28 0.28 0.3 0.34 0.39 0.38 0.37 0.37 0.38 0.35 0.35 0.34 0.35 0.41 0.41 0.37 0.36 0.34 0.3 0.32
缄打
CO
03/13 0.33 0.29 0.23 0.24 0.28 0.29 0.33 0.37 0.38 0.33 0.33 0.32 0.33 0.3 0.3 0.34# 0.37 0.4 0.41 0.38 0.38 0.36 0.31 0.27
缄打
CO
03/14 0.27 0.31 0.3 0.3 0.29 0.3 0.3 0.34 0.34 0.33 0.33 0.39 0.35 0.32 0.29# 0.31# 0.33 0.34 0.31 0.27 0.26 0.25 0.25 0.25
缄打
CO
03/15 0.25 0.29 0.27 0.26 0.26 0.26 0.28 0.3 0.33 0.32 0.31 0.31 0.31 0.28 0.27 0.27 0.25 0.27 0.25 0.27 0.27 0.28 0.25 0.24
缄打
CO
03/16 0.24 0.18 0.18 0.17 0.18 0.18 0.19 0.19 0.2 0.21 0.22 0.23 0.24 0.22 0.21 0.22 0.24 0.25 0.26 0.27 0.26 0.26 0.24 0.22
缄打
CO
03/17 0.22 0.23 0.24 0.24 0.25 0.25 0.26 0.26 0.27 0.27 0.29 0.3 0.3 0.28 0.26 0.25 0.24 0.24 0.26 0.24 0.23 0.23 0.22 0.21
缄打
CO
03/18 0.21 0.21 0.21 0.22 0.22 0.23 0.26 0.31 0.34 0.31 0.3 0.3 0.35 0.29 0.24 0.25 0.28 0.36 0.36 0.34 0.47 0.44 0.48 0.43
缄打
CO
03/19 0.48 0.33 0.28 0.26 0.26 0.27 0.29 0.32 0.34 0.32 0.3 0.28 0.33 0.29 0.29 0.3 0.33 0.35 0.33 0.32 0.33 0.33 0.31 0.29
缄打
CO
03/20 0.29 0.26 0.26 0.27 0.27 0.28 0.35 0.31 0.31 0.29# 0.3 0.34 0.39 0.35 0.34 0.33 0.3 0.34 0.32 0.22 0.26 0.28 0.23 0.19
缄打
CO
03/21 0.15 0.17 0.16 0.16 0.16 0.15 0.23 0.23 0.26 0.23# 0.24 0.27 0.29 0.19 0.18 0.18 0.24 0.3 0.33 0.3 0.26 0.26 0.23 0.19
缄打
CO
03/22 0.19 0.18 0.17 0.17 0.18 0.21 0.31 0.35 0.38 0.32 0.3 0.28 0.3 0.3 0.3 0.31 0.3 0.31 0.3 0.27 0.26 0.24 0.22 0.22
缄打
CO
03/23 0.22 0.22 0.21 0.2 0.2 0.19 0.18 0.2 0.22 0.2 0.21 0.19 0.19 0.18 0.17 0.17 0.18 0.19 0.19 0.19 0.19 0.18 0.18 0.18
缄打
CO
03/24 0.19 0.22 0.22 0.22 0.22 0.22 0.23 0.24 0.25 0.24 0.25 0.24 0.27 0.26 0.27 0.27 0.27 0.28 0.29 0.28 0.3 0.31 0.31 0.31
缄打
CO
03/25 0.32 0.31 0.32 0.33 0.33 0.33 0.33 0.36 0.4 0.4 0.43 0.34 0.38 0.44 0.41 0.41 0.41 0.45 0.49 0.45 0.46 0.46 0.36 0.33
缄打
CO
03/26 0.31 0.28 0.28 0.28 0.28 0.29 0.29 0.32 0.35 0.34 0.33 0.34 0.35 0.33 0.31 0.33 0.34 0.35 0.33 0.32 0.31 0.31 0.31 0.28
缄打
CO
03/27 0.27 0.25 0.25 0.26 0.26 0.26 0.28 0.31 0.34 0.31 0.35 0.28# 0.29 0.26 0.26 0.25 0.29 0.32 0.3 0.27 0.28 0.37 0.35 0.33
缄打
CO
03/28 0.34 0.33 0.3 0.31 0.32 0.28 0.32 0.41 0.33 0.34 0.31 0.37# 0.37 0.36 0.26 0.25 0.3 0.3 0.28 0.3 0.3 0.25 0.27 0.24
缄打
CO
03/29 0.2 0.21 0.2 0.21 0.22 0.23 0.27 0.32 0.32 0.24 0.23 0.23 0.25 0.23 0.21 0.22 0.25 0.27 0.3 0.22 0.22 0.21 0.27 0.27
缄打
CO
03/30 0.25 0.24 0.26 0.28 0.27 0.21 0.22 0.24 0.25 0.25 0.25 0.25 0.22 0.21 0.21 0.22 0.23 0.23 0.25 0.24 0.25 0.26 0.26 0.26
缄打
CO
03/31 0.23 0.25# NA NA NA NA NA NA NA NA NA NA NA NA NA NA NA NA NA NA NA NA NA NA
缄打
CO
菏代~るG2019/04A 代浮G皑そA 代兜GCO]ppm^
缄打
CO
ら戳 00 01 02 03 04 05 06 07 08 09 10 11 12 13 14 15 16 17 18 19 20 21 22 23
缄打
CO
04/02 NA NA NA NA NA NA NA NA NA NA NA 0.27# 0.26# 0.26# 0.24 0.25 0.26 0.29 0.27 0.25 0.25 0.24 0.22 0.21
缄打
CO
04/03 0.2 0.21 0.2 0.21 0.22 0.22 0.22 0.26 0.28 0.24 0.23 0.23 0.24 0.23 0.22 0.22 0.23 0.24 0.23 0.21 0.2 0.19 0.19 0.19
缄打
CO
04/04 0.2 0.2 0.2 0.19 0.18 0.19 0.19 0.19 0.2 0.21 0.21 0.21 0.21 0.21 0.21 0.2 0.21 0.22 0.23 0.23 0.24 0.24 0.23 0.23
缄打
CO
04/05 0.22 0.25 0.25 0.25 0.25 0.26 0.27 0.27 0.29 0.28 0.3 0.31 0.31 0.31 0.3 0.31 0.32 0.36 0.37 0.36 0.38 0.41 0.38 0.35
缄打
CO
04/06 0.35 0.3 0.26 0.26 0.26 0.29 0.35 0.34 0.32 0.3 0.3 0.3 0.3 0.3 0.29 0.31 0.34 0.35 0.41 0.39 0.39 0.39 0.37 0.35
缄打
CO
04/07 0.33 0.35 0.34 0.34 0.34 0.36 0.38 0.37 0.39 0.39 0.38 0.37 0.38 0.42 0.44 0.43 0.44 0.46 0.47 0.51 0.54 0.5 0.43 0.39
缄打
CO
04/08 0.38 0.29 0.29 0.28 0.27 0.28 0.39 0.41 0.35 0.29 0.25 0.24 0.29 0.23 0.26 0.22 0.23 0.24 0.29 0.29 0.26 0.3 0.25 0.23
缄打
CO
04/09 0.22 0.24 0.25 0.25 0.26 0.28 0.35 0.38 0.39 0.34 0.33 0.32 0.3 0.24 0.24 0.29 0.31 0.33 0.35 0.35 0.32 0.31 0.28 0.29
缄打
CO
04/10 0.27 0.29 0.28 0.28 0.28 0.29 0.31 0.34 0.33 0.29 0.27 0.26 0.29 0.27 0.25 0.28 0.29 0.35 0.31 0.22 0.22 0.33 0.31 0.29
缄打
CO
04/11 0.27 0.3 0.32 0.31 0.28 0.27 0.26 0.41 0.47 0.3 0.26 0.26 0.24 0.22 0.24 0.29 0.31 0.3 0.31 0.31 0.29 0.28 0.23 0.24
缄打
CO
04/12 0.23 0.19 0.18 0.19 0.2 0.24 0.25 0.29 0.31 0.31 0.31 0.32 0.32 0.3 0.32 0.31 0.28 0.28 0.25 0.21 0.21 0.2 0.17 0.17
缄打
CO
04/13 0.17 0.23 0.22 0.19 0.19 0.2 0.21 0.26 0.29 0.29 0.31 0.3 0.23 0.23 0.24 0.25 0.26 0.33 0.28 0.25 0.24 0.25 0.24 0.23
缄打
CO
04/14 0.22 0.2 0.19 0.2 0.19 0.19 0.19 0.19 0.2 0.2 0.2 0.19 0.19 0.19 0.19 0.19 0.19 0.2 0.21 0.21 0.21 0.21 0.21 0.22
缄打
CO
04/15 0.24 0.26 0.22 0.2 0.19 0.19 0.23 0.28 0.3 0.28 0.28 0.26 0.26 0.24 0.23 0.22 0.23 0.25 0.23 0.21 0.21 0.19 0.18 0.17
缄打
CO
04/16 0.17 0.19 0.18 0.18 0.18 0.18 0.2 0.25 0.29 0.25 0.24 0.23 0.25 0.23 0.21 0.21 0.25 0.34 0.33 0.22 0.24 0.21 0.21 0.2
缄打
CO
04/17 0.2 0.18 0.17 0.17 0.18 0.17 0.21 0.29 0.31 0.34 0.3 0.26 0.28 0.23# 0.28 0.29 0.29 0.34 0.3 0.3 0.28 0.28 0.29 0.27
缄打
CO
04/18 0.26 0.28 0.28 0.28 0.29 0.29 0.31 0.36 0.34 0.31 0.32 0.35 0.35 0.32 0.31 0.3 0.32 0.49 0.45 0.56 0.81 0.9 0.44 0.37
缄打
CO
04/19 0.33 0.3 0.31 0.31 0.28 0.29 0.38 0.45 0.56 0.44 0.39 0.41 0.41 0.26 0.26 0.31 0.29 0.29 0.26 0.25 0.32 0.25 0.26 0.23
缄打
CO
04/20 0.22 0.24 0.23 0.22 0.21 0.25 0.87 0.75 0.42 0.41 0.33 0.27 0.26 0.27 0.25 0.22 0.27 0.32 0.54 0.53 0.4 0.4 0.45 0.37
缄打
CO
04/21 0.23 0.25 0.23 0.22 0.23 0.23 0.46 0.46 0.41 0.39 0.28 0.32 0.31 0.32 0.33 0.34 0.38 0.43 0.46 0.34 0.33 0.31 0.26 0.23
缄打
CO
04/22 0.23 0.32 0.31 0.27 0.25 0.3 0.33 0.35 0.32 0.22# 0.2 0.19 0.2 0.21 0.19 0.22 0.24 0.25 0.24 0.25 0.24 0.41 0.28 0.2
缄打
CO
04/23 0.18 0.11 0.11 0.11 0.13 0.15 0.23 0.24 0.24 0.21 0.24 0.2 0.18 0.16 0.16 0.16 0.24 0.31 0.27 0.27 0.26 0.23 0.18 0.14
缄打
CO
04/24 0.13 0.12 0.12 0.12 0.12 0.13 0.15 0.15 0.14 0.14 0.14 0.15 0.19 0.19 0.16 0.15 0.19 0.26 0.25 0.2 0.22 0.19 0.17 0.14
缄打
CO
04/25 0.13 0.13 0.12 0.12 0.12 0.13 0.15 0.2 0.22 0.2 0.2 0.2 0.22 0.19 0.18 0.2 0.23 0.25 0.28 0.26 0.27 0.33 0.22 0.18
缄打
CO
04/26 0.15 0.13 0.13 0.13 0.14 0.16 0.2 0.26 0.21 0.16 0.2 0.24 0.28 0.27 0.29 0.29 0.31 0.32 0.33 0.31 0.32 0.29 0.32 0.29
缄打
CO
04/27 0.27 0.28 0.36 0.36 0.32 0.33 0.37 0.37 0.36 0.36 0.34 0.32 0.31 0.3 0.31 0.29 0.27 0.25 0.25 0.25 0.25 0.25 0.23 0.23
缄打
CO
04/28 0.22 0.22 0.23 0.23 0.23 0.23* 0.24 0.25 0.25 0.28 0.27 0.27 0.25 0.25 0.25 0.27 0.25 0.26 0.3 0.29 0.28 0.32 0.32 0.32
缄打
CO
04/29 0.3 0.27 0.23 0.23 0.23 0.22 0.25 0.4 0.33 0.24 0.24 0.24 0.24 0.2 0.22 0.2 0.18 0.21 0.19 0.19 0.21 0.46 0.27 0.25
缄打
CO
04/30 0.21 0.17 0.17 0.15 0.14 0.13 0.16 0.15 0.15 0.16 0.16 0.17 0.17 0.16 0.17 0.23 0.25 0.3 0.29 0.29 0.24 0.22 0.19 0.15
缄打
CO
菏代~るG2019/05A 代浮G皑そA 代兜GCO]ppm^
缄打
CO
ら戳 00 01 02 03 04 05 06 07 08 09 10 11 12 13 14 15 16 17 18 19 20 21 22 23
缄打
CO
05/01 0.14 0.1 0.11 0.11 0.11 0.12 0.14 0.26 0.32 0.33 0.33 0.36 0.4 0.38 0.37 0.4 0.42 0.42 0.38 0.35 0.29 0.27 0.24 0.22
缄打
CO
05/02 0.18 0.19 0.2 0.26 0.3 0.33 0.37 0.38 0.39 0.37 0.35# 0.35 0.38 0.33 0.3 0.28 0.3 0.32 0.3 0.31 0.31 0.32 0.27 0.25
缄打
CO
05/03 0.25 0.25 0.24 0.24 0.23 0.21 0.21 0.23 0.24 0.21 0.2 0.18 0.18 0.16 0.16 0.18 0.19 0.18 0.18 0.17 0.16 0.17 0.15 0.14
缄打
CO
05/04 0.14 0.13 0.13 0.14 0.14 0.15 0.15 0.17 0.17 0.24 0.19 0.19 0.19 0.19 0.19 0.2 0.21 0.23 0.23 0.23 0.22 0.19 0.2 0.2
缄打
CO
05/05 0.19 0.23 0.24 0.23 0.24 0.25 0.26 0.28 0.27 0.27 0.28 0.3 0.31 0.28 0.29 0.26 0.26 0.26 0.26 0.26 0.24 0.24 0.23 0.24
缄打
CO
05/06 0.25 0.22 0.22 0.22 0.2 0.2 0.21 0.27 0.28 0.25 0.21 0.2 0.22 0.21 0.17 0.17 0.17 0.18 0.16 0.15 0.15 0.16 0.16 0.15
缄打
CO
05/07 0.16 0.14 0.14 0.14 0.13 0.12 0.13 0.14 0.15 0.14 0.12 0.12 0.14 0.12 0.12 0.11 0.13 0.14 0.14 0.12 0.12 0.12 0.12 0.11
缄打
CO
05/08 0.1 0.15 0.15 0.16 0.16 0.16 0.16 0.19 0.21 0.2 0.2 0.2 0.21 0.2 0.19 0.2 0.22 0.25 0.24 0.23 0.22 0.23 0.19 0.18
缄打
CO
05/09 0.18 0.15 0.15 0.14 0.15 0.16 0.17 0.24 0.25 0.21 0.22 0.2 0.21 0.2 0.18 0.18 0.19 0.2 0.2 0.18 0.19 0.2 0.17 0.16
缄打
CO
05/10 0.17 0.14 0.13 0.13 0.13 0.15 0.16 0.19 0.24 0.2 0.19 0.18 0.2 0.19 0.18 0.2 0.2 0.23 0.24 0.26 0.2 0.18 0.16 0.15
缄打
CO
05/11 0.14 0.15 0.15 0.15 0.14 0.15 0.15 0.17 0.17 0.17 0.17 0.2 0.18 0.18 0.17 0.15 0.15 0.17 0.17 0.18 0.18 0.17 0.16 0.16
缄打
CO
05/12 0.16 0.17 0.17 0.17 0.18 0.18 0.18 0.19 0.23 0.22 0.23 0.21 0.19 0.19 0.21 0.19 0.19 0.23 0.28 0.24 0.26 0.35 0.24 0.22
缄打
CO
05/13 0.19 0.12 0.12 0.13 0.13 0.15 0.15 0.18 0.18 0.17 0.17 0.18 0.18 0.17 0.17* 0.19 0.22 0.22 0.2 0.27 0.26 0.36 0.27 0.23
缄打
CO
05/14 0.19 0.21 0.21 0.2 0.22 0.22 0.27 0.23 0.24 0.22 0.23 0.2 0.21 0.21 0.22 0.2 0.21 0.2 0.21 0.23 0.28 0.27 0.24 0.2
缄打
CO
05/15 0.17 0.14 0.14 0.14 0.16 0.19 0.25 0.23 0.24 0.23 0.17# 0.25 0.27 0.16 0.15 0.19 0.24 0.28 0.26 0.25 0.25 0.19 0.12 0.11
缄打
CO
05/16 0.11 0.08 0.08 0.08 0.09 0.11 0.13 0.17 0.21 0.18 0.2 0.17 0.15 0.12 0.13 0.14 0.18 0.25 0.24 0.23 0.25 0.27 0.19 0.13
缄打
CO
05/17 0.1 0.09 0.09 0.08 0.09 0.1 0.11 0.17 0.19 0.17 0.17 0.18 0.18 0.16 0.15 0.18 0.19 0.24 0.26 0.24 0.19 0.18 0.14 0.1
缄打
CO
05/18 0.09 0.08 0.08 0.08 0.09 0.1 0.11 0.14 0.13 0.11 0.11 0.11 0.1 0.12 0.12 0.15 0.18 0.23 0.22 0.2 0.19 0.19 0.16 0.12
缄打
CO
05/19 0.11 0.09 0.09 0.09 0.09 0.11 0.15 0.17 0.17 0.17 0.17 0.15 0.16 0.12 0.16 0.17 0.23 0.2 0.19 0.22 0.2 0.18 0.14 0.11
缄打
CO
05/20 0.1 0.12 0.13 0.13 0.12 0.13 0.16 0.22 0.25 0.18 0.16 0.16 0.17 0.23 0.37 0.46 0.39 0.4 0.28 0.28 0.27 0.26 0.24 0.24
缄打
CO
05/21 0.24 0.24 0.24 0.23 0.21 0.22 0.22 0.24 0.26 0.24 0.24 0.23 0.24 0.24 0.25 0.25 0.27 0.31 0.32 0.27 0.27 0.29 0.26 0.22
缄打
CO
05/22 0.21 0.16 0.16 0.16 0.15 0.16 0.16 0.19 0.2 0.16 0.16 0.17 0.2 0.18 0.18 0.16 0.21 0.22 0.25 0.25 0.26 0.22 0.23 0.22
缄打
CO
05/23 0.2 0.21 0.21 0.2 0.23 0.23 0.19 0.26 0.32 0.32 0.32 0.31 0.33 0.28 0.28 0.29 0.3 0.35 0.32 0.34 0.37 0.46 0.42 0.36
缄打
CO
05/24 0.33 0.22 0.21 0.21 0.21 0.2 0.2 0.25 0.28 0.25 0.24 0.2 0.23 0.19 0.19 0.21 0.21 0.31 0.34 0.32 0.3 0.31 0.29 0.25
缄打
CO
05/25 0.2 0.21 0.21 0.2 0.2 0.21 0.23 0.21 0.21 0.21 0.2 0.21 0.21 0.2 0.19 0.2 0.2 0.26 0.27 0.29 0.29 0.32 0.32 0.29
缄打
CO
05/26 0.26 0.24 0.23 0.24 0.24 0.28 0.38 0.37 0.34 0.32 0.32 0.3 0.32 0.28 0.27 0.29 0.32 0.37 0.36 0.39 0.42 0.31 0.24 0.2
缄打
CO
05/27 0.17 0.13 0.12 0.12 0.13 0.14 0.14 0.21 0.25 0.22 0.25 0.25 0.2 0.16 0.16 0.2 0.24 0.25 0.25 0.28 0.28 0.29 0.18 0.15
缄打
CO
05/28 0.12 0.1 0.1 0.1 0.12 0.14 0.16 0.19 0.15 0.12 0.13 0.11 0.13 0.19 0.17 0.15 0.15 0.21 0.22 0.19 0.18 0.16 0.16 0.15
缄打
CO
05/29 0.15 0.18 0.18 0.17 0.16 0.16 0.17 0.2 0.2 0.2 0.2 0.18 0.18 0.18 0.17 0.17 0.19 0.22 0.21 0.2 0.21 0.19 0.18 0.16
缄打
CO
05/30 0.15 0.13 0.13 0.13 0.14 0.14 0.15 0.2 0.22 0.2 0.17 0.18 0.2 0.16 0.17 0.16 0.19 0.24 0.26 0.24 0.24 0.23 0.2 0.19
缄打
O3
01/01 42 42 43 43 44 44 44 43 43 43 44 45 46 46 47 46 46 46 45 45 46 46 46 46
缄打
O3
01/02 46 46 46 47 47 46 45 43 43 43 44 42 42 37 34 35 35 31 31 27 26 28 26 26
缄打
O3
01/03 27 28 27 26 26 28 27 26 22 23 25 29 29 27 28 28 27 26 25 26 27 24 26 26
缄打
O3
01/04 25 22 19 17 17 16 16 17 17 17 18 20 20 21 20 20 19 18 20 22 23 21 24 25
缄打
O3
01/05 23 21 21 20 18 19 20 22 23 21 23 27 21 22 19 14 16 17 14 13 13 13 13 11
缄打
O3
01/06 9.8 8.3 7.6 7.8 8.7 8.6 8 12 14 14 17 19 23 28 29 29 28 26 25 25 26 26 27 28
缄打
O3
01/07 26 25 27 27 28 24 23 22 22 22 24 25 23 23 24 25 25 23 22 23 23 20 22 22
缄打
O3
01/08 20 18 17 17 18 16 17 18 18 21 26 29 30 31 34 34 34 30 30 30 29 27 27 29
缄打
O3
01/09 29 28 29 28 28 28 27 27 28 32 37# 42# 43 45 44 33 33 31 29 28 28 27 25 25
缄打
O3
01/10 23 20 19 19 18 17 16 17 17 17 17 18 20 21 23 22 23 24 23 24 23 19 21 18
缄打
O3
01/11 15 12 9.7 9.6 9.4 7 7.2 6.5 5.9 6.1 7.3 10 15 16 14 17 18 18 16 16 17 12 12 12
缄打
O3
01/12 11 9.4 8.2 8.9 8.5 5.5 8.6 11 10 10 14 17 21 22 26 27 24 19 16 15 14 13 13 13
缄打
O3
01/13 14 14 16 16 16 16 16 17 16 18 20 23 27 27 26 26 27 27 24 23 22 20 20 22
缄打
O3
01/14 24 25 27 29 29 31 30 31 31 31 33 33 33 34 37 35 34 32 31 30 30 27 27 25
缄打
O3
01/15 23 21 20 20 19 20 20 19 19 20 23 26 28 30 32 30 28 28 28 29 32 31 34 34
缄打
O3
01/16 36 35 36 38 40 44 45 41 39 38 39 42 47 48 41 34 31 31 33 31 30 32 32 31
缄打
O3
01/17 31 31 31 32 31 30 30 29 29 29 31 34 40 42 39 39 38 36 35 36 38 40 41 41
缄打
O3
01/18 40 37 38 38 37 36 35 33 34 36 37 39 41 44 45 48 50 48 46 46 45 42 40 39
缄打
O3
01/19 36 31 30 28 28 28 27 30 30 31 33 35 34 34 35 36 36 35 35 37 32 27 24 24
缄打
O3
01/20 29 27 29 28 26 21 24 26 27 29 31 33 35 32 34 34 32 31 31 29 28 29 35 40
缄打
O3
01/21 40 41 44 43 43 41 38 37 35 34 33 32 33 34 33 34 33 31 31 31 31 31 31 31
缄打
O3
01/22 31 30 31 31 30 31 31 32 32 33 32 32 35 39 45 44 44 44 43 41 39 40 42 42
缄打
O3
01/23 41 40 42 41 39 42 43 43 41 46 42# 61 65 58 52 54 57 59 57 54 50 47 46 44
缄打
O3
01/24 45 45 46 48 47 50 48 46 45 56 51 50 50 52 54 55 58 54 52 51 49 46 46 46
缄打
O3
01/25 46 46 46 45 46 48 46 46 44 45 47 49 50 53 57 60 63 58 57 53 50 48 45 42
缄打
O3
01/26 45 46 47 49 48 53 50 43 43 41 41 42 45 48 50 52 50 46 41 38 36 36 36 35
缄打
O3
01/27 34 34 33 34 34 34 32 30 30 30 31 33 35 36 37 37 38 37 34 32 31 30 29 30
缄打
O3
01/28 29 28 28 28 28 28 27 26 25 26 28 30 31 32 36 33 33 32 32 33 31 26 31 29
缄打
O3
01/29 25 25 24 24 24 27 28 29 28 31 32 36# 37 37 40 40 38 37 37 38 38 35 34 32
缄打
O3
01/30 30 26 25 24 23 23 25 28 28 31 39 45 45 47 44 42 32 31 31 32 33 30 28 23
缄打
O3
01/31 22 22 22 21 19 26 22 16 20 29 31 44 53 57 59 59 42 36 34 35 31 32 32 34
缄打
O3
菏代~るG2019/02A 代浮G皑そA 代兜GO3]ppb^
缄打
O3
ら戳 00 01 02 03 04 05 06 07 08 09 10 11 12 13 14 15 16 17 18 19 20 21 22 23
缄打
O3
02/01 36 36 36 36 36 36 34 33 32 33 34 36 38 39 39 38 37 35 35 34 34 34 33 32
缄打
O3
02/02 31 29 30 28 26 25 26 26 26 27 29 30 29 33 48 49 31 32 31 32 31 29 31 30
缄打
O3
02/03 27 22 22 20 18 17 14 16 19 21 21 19 14 18 26 35 27 25 24 21 8.2 11 14 17
缄打
O3
02/04 16 16 16 16 16 17 17 18 18 19 20 24 28 31 32 31 29 27 24 25 25 25 27 27
缄打
O3
02/05 26 26 28 29 28 26 26 26 26 27 28 28 28 39 41 29 28 25 27 31 29 25 25 22
缄打
O3
02/06 22 19 19 19 22 23 25 27 26 27 29 31 41 46 51 50 36 35 35 39 35 27 24 23
缄打
O3
02/07 17 13 17 20 23 27 26 26 25 26 18# 22 27 36 47 42 24 20 20 22 20 18 16 16
缄打
O3
02/08 21 22 22 23 22 22 22 24 24 26 28 28 29 28 29 28 29 28 26 26 25 23 25 25
缄打
O3
02/09 24 21 18 18 18 19 20 23 23 23 22 23 25 25 25 26 26 26 26 27 26 26 27 26
缄打
O3
02/10 27 27 27 28 28 29 27 26 25 26 26 27 28 28 29 28 27 27 26 26 24 25 25 25
缄打
O3
02/11 24 24 25 24 25 24 25 24 25 25 25 27 28 30 29 29 29 29 28 27 26 26 26 25
缄打
O3
02/12 25 26 25 26 25 25 23 22 21 20 21 22 24 25 24 25 22 23 23 23 23 22 21 21
缄打
O3
02/13 18 15 16 18 19 20 19 19 20 25 31 31 36 27 27 27 29 27 25 26 26 25 25 25
缄打
O3
02/14 24 23 23 22 22 23 23 23 22 22 25 27 27 28 31 31 33 32 30 30 31 30 30 30
缄打
O3
02/15 29 27 27 26 26 26 24 25 23 24 25 26 29 45 37 32 27 27 23 24 22 17 15 16
缄打
O3
02/16 14 14 17 22 23 23 22 23 22 23 25 25 27 28 30 31 29 29 28 29 29 30 30 28
缄打
O3
02/17 27 28 27 28 28 28 27 27 27 28 29 29 29 31 31 31 30 31 28 27 26 26 25 24
缄打
O3
02/18 24 26 28 26 21 23 22 24 23 23 24 25 26 28 29 29 28 27 25 26 24 24 22 23
缄打
O3
02/19 27 23 22 22 21 17 15 7.8 5.8 12 16 25 28 39 42 42 29 27 27 30 27 26 28 26
缄打
O3
02/20 22 18 18 19 17 13 16 17 17 16 20# 20 28 25 24 28 30 31 30 25 21 19 19 20
缄打
O3
02/21 19 15 13 13 13 14 14 14 14 16 25 26 31 33 25 29 26 25 24 22 21 21 23 24
缄打
O3
02/22 26 27 28 27 26 26 25 26 24 25 26 26 28 32 31 32 32 32 32 32 31 32 33 33
缄打
O3
02/23 34 36 36 36 34 31 28 28 28 29 32 34 36 37 36 34 32 31 34 35 33 31 31 29
缄打
O3
02/24 28 30 31 33 32 33 30 32 32 31 32 30 31 33 33 32 30 30 30 33 35 34 35 35
缄打
O3
02/25 34 34 34 34 34 33 32 32 31 31 31 34 38 39 40 40 39 38 38 38 35 34 34 34
缄打
O3
02/26 35 35 36 34 34 34 33 32 30 36 37 44 39 37 39 37 37 37 35 37 36 35 35 35
缄打
O3
02/27 35 35 36 36 37 39 39 40 38 39 42 43 44 56 56 55 37 33 31 34 31 21 18 28
缄打
O3
02/28 26 24 26 29 29 29 29 31 30 31 31 31 30 32 34 34 34 33 34 32 31 33 34 32
缄打
O3
菏代~るG2019/03A 代浮G皑そA 代兜GO3]ppb^
缄打
O3
ら戳 00 01 02 03 04 05 06 07 08 09 10 11 12 13 14 15 16 17 18 19 20 21 22 23
缄打
O3
03/01 31 31 31 30 31 29 28 28 26 27 30 32 32 32 32 33 34 34 33 33 32 31 32 31
缄打
O3
03/02 29 29 26 26 27 28 27 27 25 28 31 34 39 40 50 37 36 35 33 31 29 28 29 28
缄打
O3
03/03 26 23 23 24 20 12 12 16 22 25 29 35 31 28 29 27 24 20 16 15 23 25 26 26
缄打
O3
03/04 25 25 26 28 30 30 30 31 30 31 33 34 36 37 39 42 43 43 43 43 40 37 36 35
缄打
O3
03/05 35 35 36 37 37 37 34 30 24 29 35 40 55 43 44 33 27 37 41 34 34 33 35 34
缄打
O3
03/06 34 30 30 30 29 28 27 25 26 33 36 34# 59# 69 43 38 35 35 35 36 38 36 36 34
缄打
O3
03/07 33 35 36 41 43 43 42 43 44 43 42 41 45 45 46 51 53 58 56 55 52 50 51 53
缄打
O3
03/08 53 53 51 51 50 44 43 42 40 40 40 39 38 38 37 37 37 36 36 37 38 37 37 36
缄打
O3
03/09 36 35 35 35 35 32 33 34 33 32 30 32 31 32 28 28 28 30 29 27 23 19 17 17
缄打
O3
03/10 23 29 27 25 23 23 24 27 18 27 33 31 30 28 26 28 27 27 27 28 27 26 27 28
缄打
O3
03/11 27 26 27 29 34 38 41 46 45 42 40 40 41 40 40 42 42 43 43 44 41 37 37 37
缄打
O3
03/12 35 33 36 41 43 46 43 46 49 52 56 57 59 75 84 81 58 57 55 54 53 50 49 43
缄打
O3
03/13 36 36 45 42 40 39 30 32 35 39 48 52 60 67 68 65# 63 49 50 52 49 46 48 47
缄打
O3
03/14 45 43 40 41 37 37 37 37 41 41 47# 41# 45 53 61 56 49 44 44 45 46 44 44 44
缄打
O3
03/15 43 42 42 42 41 41 40 41 42 51 55 51 46 49 49 52 52 50 50 53 50 44 42 43
缄打
O3
03/16 46 46 46 47 45 45 46 47 47 47 49 52 53 51 53 52 50 45 45 46 45 43 45 46
缄打
O3
03/17 46 44 42 41 43 42 42 45 45 46 47 49 50 49 49 49 49 48 46 46 45 43 43 42
缄打
O3
03/18 41 37 35 36 35 35 34 34 37 37 38 39 37 42 55 51 35 34 35 37 32 30 26 23
缄打
O3
03/19 20 20 24 24 27 28 25 31 34 38 42 43 45 59 63 54 41 39 39 41 43 37 37 37
缄打
O3
03/20 35 30 31 30 29 26 22 28 32 34 42# 36 32 34 40 45 25 13 13 14 13 8.9 9.2 8.2
缄打
O3
03/21 7.2 6.4 8.4 6.2 5.6 6.7 4 7 12 12# 10 11 13 19 15 17 10 11 11 13 13 12 12 13
缄打
O3
03/22 10 8.4 8.5 9.1 9 11 21 24 24 24 26 33 36 36 37 35 32 34 34 33 31 31 32 32
缄打
O3
03/23 32 32 32 33 33 31 34 33 33 34 35 35 36 36 38 37 37 36 37 37 39 39 38 42
缄打
O3
03/24 42 43 43 42 42 42 42 42 41 40 41 42 41 39 41 41 40 40 40 42 41 40 41 42
缄打
O3
03/25 41 38 39 39 39 37 36 37 37 36 35 39 37 31 33 35 37 36 32 32 28 28 32 31
缄打
O3
03/26 32 31 34 35 36 33 33 35 35 36 40 43 43 42 49 45 45 42 41 43 43 43 44 44
缄打
O3
03/27 45 43 42 39 40 40 37 38 38 40 44 51 52 56 56 58 41 39 41 46 45 38 39 36
缄打
O3
03/28 30 29 28 23 12 34 30 28 28 29 29 22 36 46 27 19 17 15 19 21 22 23 22 20
缄打
O3
03/29 17 15 17 19 19 19 17 16 17 20 22 25 19 25 33 34 23 21 22 25 24 34 35 33
缄打
O3
03/30 33 29 28 24 27 33 32 34 31 34 36 37 39 43 39 40 43 43 41 41 42 38 38 36
缄打
O3
03/31 36 37 37 36 37 42 43 45 45 44 44 54 56 53 52 51 48 46 46 45 45 44 43 44
缄打
O3
菏代~るG2019/04A 代浮G皑そA 代兜GO3]ppb^
缄打
O3
ら戳 00 01 02 03 04 05 06 07 08 09 10 11 12 13 14 15 16 17 18 19 20 21 22 23
缄打
O3
04/01 44 44 41 41 42 41 41 42 43 41 43 43 44 43 43 44 42 42 42 43 45 45 46 47
缄打
O3
04/02 48 46 47 46 44 42 41 41 42 44 53 55 55 67# 71 72 72 69 66 64 62 61 61 59
缄打
O3
04/03 58 57 56 56 55 54 52 52 51 53 54 55 58 60 61 61 61 61 60 61 62 62 63 63
缄打
O3
04/04 63 64 63 61 60 59 57 56 54 53 55 57 60 63 64 64 62 62 61 61 60 58 58 59
缄打
O3
04/05 58 57 55 54 55 53 51 51 52 53 58 61 66 67 68 74 72 71 61 56 52 51 55 57
缄打
O3
04/06 61 62 59 54 50 47 47 50 54 60 63 63 63 65 72 72 69 67 65 67 62 62 64 67
缄打
O3
04/07 69 69 67 66 66 63 61 70 75 78 78 79 83 90 99 99 95 93 94 92 91 90 87 84
缄打
O3
04/08 85 81 77 72 66 64 53 52 56 53 49 47 41 41 39 35 34 32 32 30 29 27 22 22
缄打
O3
04/09 21 30 29 26 37 40 35 31 37 37 39 38 34 39 40 41 42 51 46 42 43 44 41 38
缄打
O3
04/10 37 36 35 35 34 33 31 31 29 31 29 28 27 26 27 28 29 28 28 31 31 38 37 38
缄打
O3
04/11 38 40 35 34 38 44 44 43 35 39 49 48 46 49 58 55 51 48 46 46 48 49 50 50
缄打
O3
04/12 51 52 53 52 53 52 51 51 52 55 60 62 63 65 67 68 69 69 68 66 66 65 63 61
缄打
O3
04/13 58 55 55 59 61 61 61 61 61 62 63 63 64 65 62 63 62 60 58 58 57 56 55 52
缄打
O3
04/14 50 52 52 51 50 49 49 51 51 53 55 56 57 60 61 65 64 64 60 59 59 62 59 56
缄打
O3
04/15 68 78 73 74 74 70 73 72 70 73 74 71 69 67 69 70 69 68 70 68 66 66 65 65
缄打
O3
04/16 66 67 65 63 64 64 64 61 60 60 59 60 60 62 63 64 63 60 59 62 61 62 61 64
缄打
O3
04/17 67 65 60 56 57 57 55 50 47 52 60 66 68 70 77# 76 65 69 70 71 76 80 77 83
缄打
O3
04/18 83 84 85 87 85 77 67 63 63 68 71 70 71 74 75 77 79 78 81 74 64 57 64 65
缄打
O3
04/19 65 64 65 66 62 57 54 44 44 60 63 65 66 66 62 57 56 59 61 62 58 61 63 64
缄打
O3
04/20 59 58 57 54 55 52 25 30 41 49 54 55 56 58 59 58 56 59 51 41 45 43 39 36
缄打
O3
04/21 57 56 48 51 49 46 34 28 40 38 38 42 46 49 40 31 41 50 47 32 35 33 34 32
缄打
O3
04/22 33 27 24 24 23 22 20 20 15 19# 23 22 24 24 22 20 20 23 24 25 25 21 22 23
缄打
O3
04/23 23 21 20 20 22 27 38 40 28 29 33 33 36 37 34 32 25 25 26 28 28 27 26 26
缄打
O3
04/24 25 23 26 21 18 16 15 18 19 23 25 27 28# 14 23 24 21 21 23 24 24 24 22 19
缄打
O3
04/25 20 20 21 20 19 19 20 20 20 25 28 26 25 24 25 23 22 22 22 22 24 20 22 24
缄打
O3
04/26 23 24 23 24 21 21 19 21 23 26 27 39 48 68 70 69 65 69 72 75 73 67 63 61
缄打
O3
04/27 60 61 63 61 62 65 71 70 68 67 68 68 71 72 70 69 65 62 60 59 58 58 57 57
缄打
O3
04/28 57 56 56 56 56 56 53 52 52 53 56 59 59 61 62 60 61 63 58 60 64 60 56 50
缄打
O3
04/29 43 44 50 49 44 51 51 47 47 50 54 56 55 45 58 51 44 40 34 32 32 34 33 32
缄打
O3
04/30 41 39 40 34 31 22 23 24 26 30 33 38 41 41 40 36 28 25 27 26 27 25 22 21
缄打
O3
菏代~るG2019/05A 代浮G皑そA 代兜GO3]ppb^
缄打
O3
ら戳 00 01 02 03 04 05 06 07 08 09 10 11 12 13 14 15 16 17 18 19 20 21 22 23
缄打
O3
05/01 21 21 22 21 26 29 32 40 47 50 52 50 48 54 57 59 60 58 57 56 56 57 56 55
缄打
O3
05/02 59 58 69 74 74 77 81 83 81 80 78# 76 75 73 73 76 74 72 74 76 73 72 75 75
缄打
O3
05/03 72 70 73 76 75 74 71 71 71 73 72 71 70 71 73 76 75 74 73 73 69 70 69 67
缄打
O3
05/04 68 67 67 66 67 66 65 66 66 69 72 77 79 80 83 86 87 89 91 88 84 81 79 71
缄打
O3
05/05 67 64 59 68 65 54 53 51 55 58 62 63 64 69 69 71 67 70 69 69 64 59 60 54
缄打
O3
05/06 51 55 56 48 51 50 50 48 48 49 52 51 53 58 59 58 63 65 63 62 61 59 58 59
缄打
O3
05/07 60 63 62 62 63 64 65 63 63 63 63 63 63 62 62 63 63 62 62 62 64 64 64 64
缄打
O3
05/08 63 63 62 61 61 60 60 61 60 58 58 59 60 61 63 63 63 61 60 59 59 57 59 61
缄打
O3
05/09 59 57 58 57 58 59 57 54 55 56 56# 57 58 59 61# 61 60 57 60 58 56 52 53 53
缄打
O3
05/10 55 55 57 57 57 55 55 56 58 60 62 61 60 62 62 66 63 65 72 72 71 69 66 66
缄打
O3
05/11 65 62 62 62 61 60 59 58 58 59 64 68 70 65 62 63 62 64 62 59 61 59 58 51
缄打
O3
05/12 48 46 48 49 48 53 52 53 50 52 53 54 57 58 61 60 57 53 54 52 49 43 47 46
缄打
O3
05/13 46 45 40 38 39 38 36 37 42 46 52 57 57 60 59 57 57 55 55 49 42 43 48 52
缄打
O3
05/14 50 48 48 46 42 43 40 39 37 38 38 36 36 36 34 34 29 21 26 25 23 20 23 23
缄打
O3
05/15 20 20 20 19 21 22 20 21 21 22 18# 27 26 30 28 26 31 26 24 22 18 18 20 20
缄打
O3
05/16 19 20 19 20 20 9.3 14 14 14 15 16 19 23 23 22 22 23 23 19 20 17 13 15 16
缄打
O3
05/17 15 16 15 15 17 18 17 15 13 15 18 20 24 24 21 18 16 15 18 16 18 17 18 18
缄打
O3
05/18 17 17 16 15 15 15 14 14 14 20 23 23 25 22 21 17 13 13 14 15 15 13 14 16
缄打
O3
05/19 17 13 14 18 18 19 13 17 18 20 20 20 19 19 17 14 16 17 16 14 15 15 16 17
缄打
O3
05/20 17 18 20 21 21 22 22 20 20 24 29 28 28 43 58 63 57 59 56 59 58 61 66 67
缄打
O3
05/21 68 69 71 72 71 70 69 69 71 80 82 80 78 80 86 86 87 87 84 81 76 76 75 75
缄打
O3
05/22 73 73 79 76 72 70 68 66 67 68 72 72 70 73 72 76 74 75 77 81 77 76 78 78
缄打
O3
05/23 78 78 78 72 70 66 66 65 69 69 69 71 71 73 72 75 73 72 73 73 77 82 87 86
缄打
O3
05/24 80 70 67 67 68 62 57 52 54 57 61 64 66 67 70 71 74 66 65 67 66 66 67 72
缄打
O3
05/25 72 71 70 65 59 55 51 50 48 50 50 49 53 52 52 53 53 49 48 47 47 46 48 48
缄打
O3
05/26 48 45 44 42 35 37 42 42 41 42 51 57 60 56 56 58 58 58 61 63 61 52 35 32
缄打
O3
05/27 32 34 36 36 35 33 34 31 23 30 29 33 35 31 31 30 32 29 28 26 24 24 27 24
缄打
O3
05/28 23 22 21 19 18 18 18 16 12 20 31 31 36 48 47 47 42 46 57 59 58 59 58 59
缄打
O3
05/29 58 59 59 59 58 58 58 57 57 58 59 59 60 63 62 60 63 63 64 62 63 63 65 68
缄打
O3
05/30 68 67 69 68 68 67 66 65 64 64 64 60 58 60 58 59 59 57 55 59 59 53 54 54
缄打
NO2
01/01 1.9 0.8 0.9 0.8 0.7 0.6 0.7 1.3 1.4 1.8 1.7 1.6 1 0.9 1.3 1.4 1.4 1.2 1.5 1.2 1.3 1.1 0.9 0.9
缄打
NO2
01/02 1 1.3 1.1 1.1 1.2 1.1 1.6 2.5 2.7 2.3 2 2.5 2.7 4 7 6.7 6.5 8 7.6 6.1 5.9 6.9 6.1 5.4
缄打
NO2
01/03 5.2 6 6.7 6.5 6 5.4 5 4.8 5.9 6.4 5.6 4 4.6 6 5.6 5 5.5 5.8 5.6 4.3 3.7 4.6 4.1 3.6
缄打
NO2
01/04 3.8 6.2 7.3 8.3 8.3 8.2 7.8 7.5 7.4 7.6 7.8 7.2 8.1 8 8.4 9.5 11 12 9.6 8.2 7.6 10 7.9 6.1
缄打
NO2
01/05 5.7 6.9 7 7.5 8.9 8.1 7.1 5.6 6 8 7.4 5.5 9.5 8.6 9.6 13 11 11 12 12 10 9.2 8.3 9.7
缄打
NO2
01/06 10 11 11 10 9.4 9.7 9.5 7.4 6.9 6.9 6.9 7.3 7.7 8 8.7 9.6 9.3 9.2 8.7 7.3 6.4 6.5 5 4.5
缄打
NO2
01/07 5 6.1 5.6 5.9 5.4 6.4 7.4 6.9 7.3 7.4 7 7.1 8.6 9.6 8.9 8.5 8.4 11 10 7.5 6.9 8 6.7 6.3
缄打
NO2
01/08 6.1 7 7 6.7 6.6 7.2 6.8 6.2 6.3 6.5 5.7 5.4 5.3 5.7 5.6 5.9 6 6.5 5.7 4.5 4.5 4.8 4.3 3.3
缄打
NO2
01/09 3.5 4.3 3.7 4.1 3.9 4 4.1 4.1 4.3 3.7 2.6# 2.4 3.3 2.7 2.2 6.5 7.5 8.3 7.5 6 5.5 6 5 5
缄打
NO2
01/10 5 7.5 6.5 6.4 7 6.5 7 6 6.4 6.5 7 7.5 7.5 8.4 8.3 8.6 8.8 8.8 8 6.1 5.6 7.2 5.9 5.7
缄打
NO2
01/11 6 8.3 8.2 8.8 8.3 9.6 9.4 9.7 13 13 12 12 11 10 10 10 11 11 12 11 10 14 12 11
缄打
NO2
01/12 9 10 9.5 8.4 8.8 11 10 8.2 11 12 9.4 8.2 7.6 7.7 7.5 8.2 8.4 11 12 12 11 12 12 11
缄打
NO2
01/13 9.8 9.7 8.8 8.2 7.7 8.2 7.2 6.6 7.8 7.5 7.7 7.8 7.3 8.4 8.9 8.9 8.1 7.7 8 6.8 6.5 7.7 7 5.6
缄打
NO2
01/14 5.5 6.5 6.4 5.6 5.5 5.2 5.6 5.3 5.6 5.7 6.1 6.8 7.3 7.9 7.7 8.6 9.3 9.6 8.7 7.9 7.3 7.9 6.7 7.1
缄打
NO2
01/15 7.2 9.1 9 9.4 8.9 8.5 7.9 8.3 9 8.4 8.3 8.3 9 9 9.1 9.2 9.5 9.2 8.4 6.7 5.6 6.6 5.2 4.7
缄打
NO2
01/16 4.2 5.2 4.9 5.3 5 5.6 6.1 6.1 6.5 6.1 6.5 5.1 4.6 3.8 6.8 8.4 9.2 7.6 6.3 6.2 5.6 5.1 5.1 4.9
缄打
NO2
01/17 4.7 4.9 5 4.8 5.3 5.7 5.5 6.3 6.2 6.8 7.3 7.3 7.2 7.5 7.2 7.4 7.1 7.4 8.1 7.6 7.6 7.3 6.6 6.5
缄打
NO2
01/18 6.3 6.7 6.1 5.7 5.6 5.9 6.2 6.3 6.1 5.6 6 6.5 7.2 8 8.7 9.8 11 11 10 9.2 8.5 9.3 8.6 8
缄打
NO2
01/19 8.1 10 9.8 9.7 9.6 9.6 9.3 7.6 7.6 8.2 7.9 7.7 9.2 10 9.9 10 12 12 13 11 15 17 18 14
缄打
NO2
01/20 9.2 10 9.9 9.4 10 12 11 9.1 10 9.1 10 10 7.2 8.8 9.2 8.9 11 13 12 11 11 11 7.6 6.5
缄打
NO2
01/21 6 5.6 4.6 4.7 4.4 4.4 4.8 4.5 5.2 4.6 4.2 4.2 4.5 4.9 5.2 5.1 5 5.5 5.9 4.8 4.4 5.1 4.4 4.2
缄打
NO2
01/22 4.5 5.7 5.5 5.9 6 5.6 6.1 5.6 6.6 6.3 6.9 7.5 7.6 7.5 7.1 6.4 6.9 7.7 8.3 6.8 6.8 6.8 5.9 5.8
缄打
NO2
01/23 5.6 6.2 5.5 5.4 6.2 6.1 6 6.6 7.1 6.5 4.3# 4.6 4.8 6.4 7.8 8.3 8.3 9.7 9.2 8.9 9 9.3 8.4 8.2
缄打
NO2
01/24 7.2 8.1 7.9 7.8 7.7 7.4 8.2 8.2 8.6 6.6 8.3 7.3 7.8 7 7.3 7.8 7.9 9.1 9.2 8 8.3 9.3 8.5 7.8
缄打
NO2
01/25 8 8.2 8.3 8.5 7.8 7.9 8.3 7.6 8.6 9 8.4 7.9 8.6 9.2 9 8.6 8.4 9.9 9.8 8.8 8.9 8.9 8.3 7.5
缄打
NO2
01/26 6.3 7 6.5 6.1 6 5.7 5.8 5.8 6.1 5.4 5.7 5.9 4.8 5.2 5.2 5.2 5.8 5.6 5.2 4.3 4.6 4.2 4 4
缄打
NO2
01/27 3.9 3.5 3.3 3.1 3.4 3.5 3.9 4.1 4.3 5 4.5 4.4 4.3 4.5 4.8 4.8 4.8 5.1 6.2 5.6 5.5 5.6 4.9 4.6
缄打
NO2
01/28 4.6 5.1 5.2 5.3 5.8 5.8 5.9 6 7.2 6.9 6.9 7.4 6.8 7.7 7.3 7.9 7.6 8.5 8.7 7.4 8.2 10 7.2 7.4
缄打
NO2
01/29 8.1 7.1 7.4 7.5 7.1 6.7 6.8 5.8 8.1 6.7 6.2 6.6# 6.5 6.9 6.1 7.8 8.1 8.2 8 6.4 6.5 7.3 6.8 7.4
缄打
NO2
01/30 6.9 9 9.1 9 8.5 8.5 7.7 6.5 7.6 7.5# 3.7# 3.8# 4.8 4 6.5 8.4 8.6 9.5 10 8.3 8.4 10 11 14
缄打
NO2
01/31 12 11 11 10 11 8.6 9.9 11 9.9 8 7.6 3.3 2.6 2.5 2 1.9 8.2 8.2 10 7.5 7.6 8 5.9 6
缄打
NO2
菏代~るG2019/02A 代浮G皑そA 代兜GNO2]ppb^
缄打
NO2
ら戳 00 01 02 03 04 05 06 07 08 09 10 11 12 13 14 15 16 17 18 19 20 21 22 23
缄打
NO2
02/01 5.4 5.9 5.7 5 4.7 4.2 4.8 4.8 5.2 4.9 5.2 5.7 5.5 6.8 6.7 7.1 7.3 6.6 7 6.6 6.4 6.4 5.4 5.5
缄打
NO2
02/02 5.2 5.7 5.8 5.8 6.3 6.6 6.5 5.8 5.9 5.8 5.9 6 6.7 6.7 2.8 3.9 10 9 9.2 7.8 8.4 8.9 7.4 7.6
缄打
NO2
02/03 8.3 12 12 12 14 13 16 17 16 18 13 14 21 17 9.9 6.7 10 11 12 16 29 25 20 14
缄打
NO2
02/04 14 10 8.9 8.3 7.6 7.1 7.7 6.3 6.3 6.6 6.6 6.4 6.4 6.7 6.5 6.4 6.7 7.2 7.4 6.2 5.9 5.9 5.4 5.8
缄打
NO2
02/05 5.7 6.4 6.5 6.6 6.6 6.4 6.5 5.9 6 6.2 6.4 5.8 6.6 3.4 4.3 8.2 6.9 8 7.1 5.7 6.9 8.8 9.2 11
缄打
NO2
02/06 8.8 9.3 8.8 8.9 7 7 5.4 5.3 5.3 5.5 5 5 3.3 3.1 3.2 4.3 10 8.8 9.6 8.7 11 15 18 16
缄打
NO2
02/07 18 21 14 8.9 8 6.2 6 6.5 8.8 6.6# 6.8# 8 7.8 5.6 3.2 2.8 11 8.8 7.5 5.8 7.5 8.4 12 9.8
缄打
NO2
02/08 5.9 7.6 6.6 6 5.6 5.7 5.3 4.6 4.6 4.9 5.1 4.6 5.2 5.2 4.7 5.3 4.8 5.1 5.5 5.4 5.5 6 5.2 4.7
缄打
NO2
02/09 4.6 6.6 7.7 7.3 6.9 6.7 6.4 4.9 5 5.3 5.8 5.4 5.4 5.9 5.8 5.6 5.7 5.9 5.3 4.6 5 5.2 4 4.4
缄打
NO2
02/10 4.3 4.2 4.1 4.1 4.1 3.7 4 3.8 4.7 4.9 5.1 4.6 4.2 4.4 4.5 5 5.4 5.8 5.4 4.8 5.4 4.9 4.2 4.4
缄打
NO2
02/11 4.5 4.9 4.7 4.8 4.5 4.8 4.9 4.8 5.2 4.7 4.7 4.8 4.7 4.6 4.5 5 4.6 4.9 5.5 4.8 4.8 4.4 4.2 4.6
缄打
NO2
02/12 4.3 4 4.2 4 4.4 4.3 4.6 5.3 5.7 6 5.5 6.1 5.5 5.9 6.6 6.5 7.9 7.8 6.9 6.2 5.7 6.1 6.1 6.1
缄打
NO2
02/13 6.5 7.8 6.7 6 5.7 5.5 5.9 5.9 6.1 4.3 2.5# 2.4 2.5 4.7 4.8 4.8 4.9 5.7 6.4 4.8 5.4 5.1 4.7 4.9
缄打
NO2
02/14 4.9 6.2 6.3 6.3 6.1 6.1 6.1 6 6.8 7.9 6.6 6.1 6.4 6.9 6.2 6.3 6.6 6.9 7.1 5.8 5.8 5.8 5.5 5.7
缄打
NO2
02/15 5.5 6.4 6.3 6.4 6.7 6.5 7 6.8 8.1 7.5 6.9 6.5 6.7 2.6 7.3 7.4 9.1 9.3 12 11 12 16 15 13
缄打
NO2
02/16 12 9.9 8.3 6.9 6.5 6.8 6.7 5.4 7.3 5.8 6.1 6.1 6 6 5.7 5.8 6.2 6.3 6.5 5.7 5.6 5.1 5 5.4
缄打
NO2
02/17 5.3 5.6 5.7 5.1 5.2 5.5 5.7 5 5.6 5.1 5 5.7 5.2 5.3 5.3 6 5.9 5.4 7 6.5 5.8 5.2 5.3 5.2
缄打
NO2
02/18 5.2 5.2 4.5 5.4 6.4 5.7 6.6 5.7 6.3 6.4 6.7 6.5 6.6 6.7 6.7 7.1 7.6 8.1 9.8 7.1 9.5 11 12 10
缄打
NO2
02/19 5.1 6.2 6.5 7 7.9 9.3 10 19 24 14 11 8.4 6.4 3.9 4.2 5.1 12 13 13 8.3 9.5 9.5 7.1 7.6
缄打
NO2
02/20 7.8 9.1 8.4 7.7 8.4 9.6 7.4 7.4 8.8 9.6 4.6# 7 6.6 9.7 9.3 9.2 9.2 8.7 7.9 7.2 7.9 7.6 7.5 6.1
缄打
NO2
02/21 5.5 5.9 6.5 6.1 6.5 6 5.9 6.3 7.7 6.7 3.2 3.8 3.5 3 6.8 5.7 8 7.5 6.3 5.4 5.6 5.6 5.1 5.3
缄打
NO2
02/22 4.8 5.8 6.1 5.9 5.7 5.8 5.6 5.5 6.9 6.7 6.5 6.2 6.3 5.3 5.8 6.4 6.8 6.4 5.8 5 5.7 5.2 4.3 4.6
缄打
NO2
02/23 4.6 3.9 4.3 4.4 4.6 4.5 5.1 5.5 6.2 5.6 5.8 5.5 5.2 6.1 5.4 5.6 5.4 5.8 5.6 4.6 5.3 4.9 4.6 5.1
缄打
NO2
02/24 5.1 5 4.9 5 5.1 5.7 6.2 5.3 5.3 5.2 6.2 7 7.1 7.2 7.7 8.2 8.4 9.1 8.9 7.3 6.7 6.7 5.9 5.6
缄打
NO2
02/25 5.7 6.1 6 6.1 6.7 6.1 6.6 6.5 7.3 7.3 7.3 7.5 6.5 6.7 6.8 7.1 7.1 7.7 7 5.2 6.5 6.6 5.8 6
缄打
NO2
02/26 5.6 5.6 5.5 6.2 5.9 5.9 6.3 6.3 7.5 6.5# 5.2 4.4 6.1 7.3 6.8 6.4 6.9 8.4 8.3 6.6 6.3 6.4 5.7 5.6
缄打
NO2
02/27 5.9 6.5 6.5 7 6.9 6.9 7.2 7.2 9.5 9.2 8.4 8 7.3 3.4 3.4 3.3 10 9.6 11 7.1 9.4 18 20 11
缄打
NO2
02/28 11 8.3 7.2 6.2 6.5 6.7 6.9 5.6 6.4 6.2 6 6.3 6 5.9 5.8 6.3 6.5 6.2 5.7 5.2 5.5 4.9 4.2 5
缄打
NO2
菏代~るG2019/03A 代浮G皑そA 代兜GNO2]ppb^
缄打
NO2
ら戳 00 01 02 03 04 05 06 07 08 09 10 11 12 13 14 15 16 17 18 19 20 21 22 23
缄打
NO2
03/01 5.1 5.9 5.7 6 5.9 5.9 6.4 5.6 9.2 8 6.8 6.7 6.8 7.6 7.8 7.6 7.3 7.3 7.7 6.4 6.9 6.8 5.7 6.1
缄打
NO2
03/02 6 5.2 6.3 5.9 5.5 5.6 6.4 6.4 8.1 6.9 6.3 5.9 5.9 5.2 2.5 8.4 8.1 8.7 10 11 13 10 7.7 7.1
缄打
NO2
03/03 6.3 8.4 8.7 7.8 8.9 16 15 8.6 7.6 7.1 7.3 5.7 5.8 5.7 6.4 8.2 10 14 18 18 8.9 6.8 6.6 6.4
缄打
NO2
03/04 6.3 7 6.4 5.4 5.4 5.3 4.9 4.9 5.6 5.1 5.6 6 6.2 6.1 6 6.5 6.7 7 7.8 6.6 7.8 7.8 7.2 6.4
缄打
NO2
03/05 6.3 6.3 6.4 5.8 6.2 6.1 7.4 11 15 10 8.6 8.7 6.6 12 6.9 8.5 9.2 9.3 7.6 6.7 5.4 6.9 6 6.1
缄打
NO2
03/06 5.9 7.3 6.9 6.7 7.2 7.5 8.9 11 11 8 6.8 8.1# 3 5.2 8.4 6.9 7 7 7 5 5 5.5 5.1 6
缄打
NO2
03/07 5.3 5.3 5.3 4.8 4.5 4.6 5 4.8 4.7 4.6 6 6.6 7.3 6.7 6.1 6.5 7.1 6.5 7.1 6.1 6 5.7 4.9 4.6
缄打
NO2
03/08 4.5 6.4 6.3 6.5 6.1 6.2 5.9 6 6.8 6 6 6 6.5 7 6.8 6.5 7.3 7.5 7.2 5.9 5.7 5.8 5.4 5.7
缄打
NO2
03/09 5.8 5.5 5.5 5.4 6 6 6.1 5.1 5.5 6.2 7.2 6.8 7.5 8.4 12 -64.5* 11 9.9 9.1 11 13 14 15 14
缄打
NO2
03/10 13 5.8 6 6.9 7.6 8.8 8.4 7.6 20 9.5 5 5.9 5.3 6.5 8.7 6.4 6.8 6.1 6.2 5.4 4.9 5.1 4.3 4.4
缄打
NO2
03/11 5.7 6.6 5.9 5.6 6.2 6.2 6.5 5.9 7.7 6.3 6.2 6.4 6.5 5.8 5.5 5.8 6.4 6.7 6.6 5.5 6.3 7 5.4 5.6
缄打
NO2
03/12 6.8 7.9 6.7 5.9 5.9 5.6 6.7 6.6 7.6 7.6 7 6.6 6.4 5.1 4.3 3.5 9 7.7 8.4 7.9 7.9 7.9 6.8 8.4
缄打
NO2
03/13 8.4 9.2 7.1 6.5 7 6.4 7.6 8.8 8 7.4 5.2# -53# -36.9# 3* 3.7* 3.7# -17.9# -15.1# -17.6# 7.7# 8.5* 7.8* 6.5* 6.9*
缄打
NO2
03/14 6.5* 6.3* 6.8* 6.9* 7.7* 8.2* 8.3* 8.9* 8* 12# 5.7# 1.1# -0.2# -0.4# 324# 407# 6.5 7.4 6.7 5.8 5.9 5.2 5.2 5.4
缄打
NO2
03/15 5.6 5 4.8 4.6 4.6 4.7 5.5 5.4 6 292# 2.7# 3.8 5 4.7 4.8 5.1 5.3 5.7 4.8 4.9 6.5 7 6.3 5.5
缄打
NO2
03/16 4.9 4.6 4.7 4.4 5.4 5.4 5.5 5.3 6 6.4 6.2 5.8 6.4 7.2 6.7 7.4 8.8 9.3 8.9 7.5 7.9 7.9 7 6.1
缄打
NO2
03/17 6 7.2 7.1 7.9 7.2 7.5 7.8 6.5 7 6.9 6.9 6.9 7.4 7.6 7.3 6.8 6.2 6.2 6.8 6.4 6.3 6.1 5.8 5.9
缄打
NO2
03/18 5.5 5.9 5.8 5.6 6 6.2 6.9 8.4 7.8 7 6.6 6 6.9 5.9 1.4 3.2 9.5 10 9.9 7.7 12 12 14 13
缄打
NO2
03/19 14 11 9 8.1 8 8.6 9.9 8 7.6 7 6.4 5.8 6.7 2.5 2.2 4.8 8.6 7 7.1 6.4 7.2 7.4 7.2 6.5
缄打
NO2
03/20 6.3 8.2 7.7 7.5 8 8.5 11 10 8.3 6.7# 3.1 5.9 8.6 8.1 6.1 5.3 8.1 12 12 9.4 9.2 12 9.3 9.4
缄打
NO2
03/21 8.4 9.3 6.8 9.5 9.5 8.8 13 11 9.3 8.4# 6.9# 7.1 6.9 2.2 6.2 4.8 11 10 11 8.7 7.2 7.1 7.7 5.5
缄打
NO2
03/22 6.2 7 7.4 7.2 7.7 8.8 6.9 7.1 7.7 7.5 9.4 7.6 7 7.4 7.4 7.4 7.7 7.4 6.8 6.5 6.9 6.4 5.9 5.7
缄打
NO2
03/23 5.7 5.8 5.1 4.8 4.8 5.4 4.9 5.4 5.5 5.5 5.8 5.9 6.1 5 4.5 4.8 4.9 5.3 5.2 5 4.7 4.5 5.1 4.9
缄打
NO2
03/24 4.9 5.4 5.2 5.5 5.8 5.9 6.2 6.4 7.5 7.5 7.1 7.1 7.8 8.6 7.5 8.8 8.5 9 8.4 7.3 7.3 7.7 7.4 7.4
缄打
NO2
03/25 7.4 8.7 7.9 8.3 8.5 8.6 9 9.3 10 10 12 8.2 9.3 12 11 10 11 13 15 13 13 13 9.1 8
缄打
NO2
03/26 7.1 7.5 6.5 6.5 6.4 6.4 6.4 6.2 7.2 7.5 7 6.5 6.8 7.2 6.3 8.7 8.2 8.1 7.9 7.3 7.5 7 6.9 7.3
缄打
NO2
03/27 7 8.4 8.3 8.6 8.2 8.3 9.1 9.2 10 9.2 5.9 3.8# 3.7 2.9 3.1 2.8 12 11 12 9.4 10 13 12 11
缄打
NO2
03/28 14 11 12 14 26 9.2 12 12 11 12 8.3 9.7# 6.2 5.7 5.8 6.4 9.2 12 11 9.2 8.9 8.1 7.9 6.6
缄打
NO2
03/29 6.3 8.6 7.9 8.1 8.5 9.4 11 12 11 8.5 7.3 5.9 9.1 7.5 2.3 2.8 11 9.7 11 7.8 7.4 6.1 6.4 7.1
缄打
NO2
03/30 6.3 7.7 7.9 10 8.6 6.5 6.7 6.2 11 9.1 6.9 7 6.6 6.5 7.4 7.3 7.1 7.2 8 6.5 7.5 7.5 7.1 7.1
缄打
NO2
03/31 6.4 6.4 6.8 6.6 6.2 5.5 5.5 5.3 6.8 7.9 7.5 6 6.4 6 5.6 5.7 5.6 6 6 6.2 6.3 5.9 6.1 5.6
缄打
NO2
菏代~るG2019/04A 代浮G皑そA 代兜GNO2]ppb^
缄打
NO2
ら戳 00 01 02 03 04 05 06 07 08 09 10 11 12 13 14 15 16 17 18 19 20 21 22 23
缄打
NO2
04/01 5.6 5.1 5.6 5.4 5 5.8 5.7 6 6.3 6.4 5.8 5.9 5.6 5.8 6.1 5.5 6.6 6.5 6.6 6.7 6.7 6.5 6.7 6.2
缄打
NO2
04/02 6.5 6.8 6.5 6.4 7 7.8 7.7 8.9 9.3 8.2 4.4 3.6 4.2 2.9# 2.8 3 3 3.5 3.6 3.5 3.8 3.6 2.8 2.3
缄打
NO2
04/03 2.3 1.5 1.5 1.3 1.3 1.2 1.5 2.5 3.4 2.3 2.3 2.3 2.1 2 1.9 1.6 2.2 2.5 2.9 2.4 1.8 1.5 1.3 1.1
缄打
NO2
04/04 0.9 1.3 1.4 1.7 1.4 1.5 1.7 2.5 3.4 4.1 3.7 3.3 2.6 2.5 2.2 2.8 3.3 3.4 3.7 3.2 2.8 2.9 2.3 2.2
缄打
NO2
04/05 2.1 1.5 1.5 1.8 1.3 1.8 2.3 2.4 2.4 2.8 2.9 2.4 2.8 2.3 2.6 3 3.2 4.1 5.9 4.3 4 3.4 2.4 1.8
缄打
NO2
04/06 2.4 1.3 1.4 1.7 2.3 3.4 3.7 3.9 3.5 2.6 2.8 2.2 1.8 1.9 2.1 2.3 5 7.5 7.5 5.5 6 6.1 4.6 3.7
缄打
NO2
04/07 2.9 2.4 1.8 2 2.1 2.8 5 4.3 6 3.6 3.1 4.5 3 2.7 3.1 4.1 5.4 5.3 4.3 5.7 6 5.2 4.4 3.3
缄打
NO2
04/08 2.9 1.4 1.2 1.7 2.3 1.9 8.3 8.2 4.3 3.2 2.2 1.7 3.5 2.5 5.2 2.9 4.6 4.3 4.8 4.5 4.9 7.8 14 15
缄打
NO2
04/09 17 8.1 8.7 12 4.1 3.8 7.7 16 9.6 9.2 7.1 5.7 3.4 2.4 2 6.9 8.2 4.8 4.7 4.5 3.8 3.3 3.3 3
缄打
NO2
04/10 3.5 2.5 1.4 1.2 1.8 1.7 3.9 4.3 4.8 3.3 2.5 1.8 2.7 2.7 2.9 4.9 4.6 5.5 4.2 2.3 2 3.3 2.9 2.7
缄打
NO2
04/11 2.5 2.2 3.5 4.1 3.8 2.6 2.9 6.3 11 6 3.4 3.1 2.4 1.5 1.7 2.3 2.8 3.8 4.2 3.4 3 3.4 2.3 1.8
缄打
NO2
04/12 1.6 1.9 1.8 2.2 2 2.2 2.6 3 3.7 3.3 3.1 3 3 3.1 3.2 3.8 4 4.6 4.2 3.5 2.9 3 2.4 2.2
缄打
NO2
04/13 2.5 1.9 2 1.3 0.9 1.2 1.6 2.5 3.5 3.3 2.7 2.8 2.3 2.2 2.9 3.1 3.5 5.4 6 3.5 2.9 2.7 2.3 2.4
缄打
NO2
04/14 3.3 1.8 1.8 2 1.9 1.7 1.8 1.9 2.2 2.1 2.1 2.2 2 2 1.9 2.2 2.5 3.2 3.3 3.1 2.6 2.3 2.4 1.8
缄打
NO2
04/15 2.1 3.2 3.1 2.3 1.9 1.9 2.1 3.2 4.3 3.1 3 2.6 2.6 2.3 2.4 2.6 2.5 2.6 2.3 2.3 2.3 2.3 2 2.1
缄打
NO2
04/16 2 1.3 1.2 1.9 1.9 1.7 2 4.3 4.6 3.1 4.2 3.1 3.4 2.9 2.6 2.8 3.5 6.1 6.3 3.5 3.5 2.8 2.6 1.8
缄打
NO2
04/17 1.3 1 1.4 1.5 1.6 1.5 1.9 3 3.6 3.3 3.3 3.5 3.1 2.7# 2.7 3.3 3.2 4.7 3.9 4.9 4.6 4.4 4.9 4.5
缄打
NO2
04/18 3.8 3 2.5 2.6 3.3 3.4 4.3 5.4 4.6 4.1 3.6 3.6 3.4 2.9 3.1 2.8 3.3 8.4 7.4 10 16 18 8.3 5
缄打
NO2
04/19 -1202050* 2.7 3 2.8 1.4 1.4 4.5 12 13 7.9 9.2 9.3 6.5 3.6 7 9.6 11 7.7 5.8 4.1 7.1 5.3 4.1 3
缄打
NO2
04/20 3.9 3.4 2.7 2.8 3.4 2.9 32 32 13 10 5.5 3.5 3.3 4.7 3 2 4.8 7.3 15 20 9.9 8.4 13 13
缄打
NO2
04/21 3.7 2.7 4.6 1.6 1.6 2.5 16 19 11 9.6 5 6.1 7.6 12 20 27 12 8.8 8.9 8.5 4.4 5.7 3.7 2.4
缄打
NO2
04/22 2.6 8.5 8.3 5.1 4.2 4.9 6.6 8.5 14 7.8# 2# 2.7 1.8 2.3 3.6 6.1 6.8 3.7 3.5 3.7 3.9 8.8 5 3.1
缄打
NO2
04/23 1.5 1.3 1.4 1.5 2 2 5 5.4 10 4.9 5.4 3.4 2.8 2.8 5 5.6 10 7.7 5.1 5 4.5 4.2 4.8 3.5
缄打
NO2
04/24 5.1 6.4 2.1 2.5 2.2 2.7 3.9 2.7 4.4 2.1 3 2.1 2.1# 20# 7.4 2.6 8.7 8.8 5.2 3.5 4.3 3.8 3 2.4
缄打
NO2
04/25 2.1 2.8 2.1 2.1 3.4 4.5 4.3 5.7 7.3 4.5 3.9 5 4.4 3.7 3.7 6.3 6.1 4.1 5.1 5.5 5.2 7.7 5.4 3.6
缄打
NO2
04/26 3.9 2.2 3.2 2.7 4.1 4.8 6.7 5.9 4.8 3.1 3.8 4.4 4.6 3.5 2.3 2.3 2.4 2.8 4 3.4 3.1 3 3.4 3
缄打
NO2
04/27 2.1 1.3 1.5 1.6 1.5 1.7 1.7 2 2.6 3 2.5 1.9 1.8 2 2 1.9 1.7 2 2.1 2.2 1.7 1.5 1.5 1.3
缄打
NO2
04/28 1.1 1.6 1.7 1.5 1.5 1.6 2.9 3.6 4.1 3.9 3.3 3.2 4 2.4 2.1 2.5 2.3 2.8 6.4 4.1 3.6 4.2 4.7 6.9
缄打
NO2
04/29 9.1 6.5 3.1 2.3 2.5 2.6 2.9 6.5 5.7 4.6 4 3.5 3.3 3.7 5 2.8 3.6 4.3 4.2 4.5 5.3 11 13 7
缄打
NO2
04/30 4.2 2.5 1.7 1.6 2.3 2.9 3.2 5.2 5.6 2.6 1.5 2.3 1.6 2.1 4.1 7.4 8.1 6.8 4.7 5 3.9 4 3.6 3.5
缄打
NO2
菏代~るG2019/05A 代浮G皑そA 代兜GNO2]ppb^
缄打
NO2
ら戳 00 01 02 03 04 05 06 07 08 09 10 11 12 13 14 15 16 17 18 19 20 21 22 23
缄打
NO2
05/01 3 1.5 1.5 2 2.2 1.9 2 4.7 4 3.1 3.1 3.2 4 3.5 3.4 3.4 3.2 3.2 3.5 3.5 3.1 2.8 2.2 2.5
缄打
NO2
05/02 2.1 3.7 2.3 2.7 3.2 3.7 3.9 4.1 4.5 4.5 4.5# 4.7 5 4.4 4.6 3.5 3.7 4.9 4.6 4 4.3 4.9 2.7 2.3
缄打
NO2
05/03 2.3 2.1 1.9 1.1 0.9 1.2 1.5 2.4 3.2 2.4 1.8 1.6 1.6 1.4 1.4 1.8 1.8 2 2.5 2 2 1.7 1.2 0.9
缄打
NO2
05/04 0.7 0.7 0.6 1 1.6 1.7 2.2 2.7 2.5 3.6 3 2.8 2.2 2 2.3 2.3 2.3 3.3 3.6 4.1 3 2.5 2.1 2.6
缄打
NO2
05/05 2.2 2.5 3.5 2.6 2.3 3.2 3.9 4.6 4.2 4 3.8 3.8 3.8 3.3 3.3 2.9 3.1 3.4 3.8 3.3 2.5 2.8 2.8 3.6
缄打
NO2
05/06 4.5 2.1 2.2 4.2 2.6 2.4 2 3.7 4.2 3.9 3 3.3 3.6 3.4 3.1 2.8 2.5 2.4 2.2 1.8 2.1 2.3 1.7 1.8
缄打
NO2
05/07 1.5 1.5 1.2 1.1 1 1.1 1.2 1.8 2.2 2 1.8 1.8 1.8 1.6 1.7 1.6 1.6 2.1 2.4 2.2 1.9 1.6 1.6 1.1
缄打
NO2
05/08 1.2 1.3 0.9 0.9 0.8 0.7 1.2 2.6 2.7 1.9 2.2 1.9# 2 2.2 2 2.5 3 3.7 3.7 2.9 2.4 2.4 1.6 1.3
缄打
NO2
05/09 1.2 1.4 1.3 1.1 1.2 1.2 1.5 4 3.4 2.9 3.5 2.8 2.7 3.2 2.8 2.7 3.5 3.8 3.9 2.9 3.2 4.4 2.2 1.6
缄打
NO2
05/10 1.5 1.3 1.6 0.9 0.7 0.9 1.6 2.4 2.7 2.4 2.3 1.6 1.6 1.2 1.5 3.2 2.4 3.6 2.7 3.1 2.1 1.7 1.5 1.2
缄打
NO2
05/11 0.8 1.3 1.1 0.8 0.8 1 1 1.3 2.1 2.4 2.1 2.1 2.3 2.7 1.6 1.9 1.7 1.8 2.7 2.5 2.5 2.6 2.2 2.1
缄打
NO2
05/12 1.8 1.2 1.1 1.8 2.3 2.1 2 1.7 4 2.4 2.7 2.1 1.6 1.6 1.8 1.3 1.4 2.2 2.8 2.6 3.8 7.2 2.5 1.7
缄打
NO2
05/13 1.2 0.8 0.8 1.1 1.2 1.9 2.5 3.5 2.7 2.6 1.9 1.3 1.2 1.4 1.2 1.6 3 5.3 3.4 7.3 14 12 5.5 2.4
缄打
NO2
05/14 3 2.2 2.3 2.4 4.6 4 5.7 4.1 6.3 3.4 2.2 2.8 1.3 1 2.8 3.6 4 9 5.2 6.2 5.9 6 3 2.1
缄打
NO2
05/15 4.3 2.8 2.3 3.7 3 3.3 5.1 4 5.9 7.2 5.4# 6.1 6.7 4 2.8 7.9 5.5 6.7 7.4 5.4 6 5.5 2.8 2.6
缄打
NO2
05/16 4.2 2.2 2.3 2.9 2 8.3 5.3 5.4 5.5 5.9 5.9 5.1 1.8 1.3 3 3.4 4.5 5 6.6 5.2 5.7 6.5 3.3 2.5
缄打
NO2
05/17 1.8 1.3 1.3 1.5 1.3 1.4 3 5.3 8 6.7 5.2 6.7 3.6 2.8 4.1 5.9 6.5 6.8 4.5 5.4 3.8 3.2 1.8 1.4
缄打
NO2
05/18 1.5 1.2 1.3 1.2 1.3 2.2 3.2 4.1 5.6 3.6 1.4 1.9 1.7 2 3.3 6 5.6 5.7 4.9 3.4 3.7 4.7 4.6 2
缄打
NO2
05/19 1.9 8.2 5.3 1.6 1.6 2.1 7.6 4.1 5.9 4.2 4.5 4.5 3.8 2.1 4.1 9.3 5.8 4.2 3 3.8 4.5 3.6 2.7 1.7
缄打
NO2
05/20 1.3 1.1 0.8 1.1 1.3 1.7 2.2 4.9 6.4 5 2.3 3.7 2.9 2.6 3.8 4.5 5.6 5.1 3.7 2.8 2.8 3.1 2.4 1.6
缄打
NO2
05/21 1.6 1.3 1.3 1.1 1.1 1.2 1.5 2.6 3 2.9 2.6 2.8 2.5 2.5 2.7 2.7 2.8 4 5 3.7 3.9 3.4 2.6 1.8
缄打
NO2
05/22 1.9 1.8 1.4 1.1 1.6 2.1 2.7 4.3 4.3 4.1 2.4 2.4 3.1 2.8 3 2.6 3.1 3.5 4.3 3 3.3 2.9 2.4 1.7
缄打
NO2
05/23 1.5 1.6 1.6 1.5 1.8 2.2 2.4 3.4 3 3.1 2.9 2.5 2.9 2.5 2.6 2.9 4.3 4.7 4.1 4 4.1 6.7 4.3 3.1
缄打
NO2
05/24 2.6 1.5 1.8 1.6 1.3 1.6 1.9 5.5 4.4 3.8 3.6 2.1 2.8 2 1.9 2.8 3.5 4.4 4.1 3.9 4 2.6 2.9 2.4
缄打
NO2
05/25 2.1 1.8 1.7 1.5 1.6 1.8 2.9 2.5 3 2.2 2.3 2.4 2.1 1.4 1.4 1.5 2.2 3.6 5.4 4.2 4 4.5 4.5 3.2
缄打
NO2
05/26 2.2 2.8 2.4 2.4 3.5 2.9 5 5.3 7.1 9.4 7.1 7.2 4.6 4.8 4.7 4.9 5.9 8.3 8.2 7.6 7.7 6 3 2.5
缄打
NO2
05/27 2.7 1.6 1.2 1.1 1.3 1.8 2.8 8 11 6 6.7 4.5 2.7 2.5 3.2 6.4 6.2 5.9 6.9 7.1 7.5 8.5 3.6 2.9
缄打
NO2
05/28 2.2 1.8 1.7 2.3 5.7 6.6 6.6 7.7 12 3.9 1.9 1.8 1.4 2.5 2.1 1.8 1.6 2.7 2.6 2.3 2.4 1.6 1.3 1.2
缄打
NO2
05/29 1 0.5 0.7 0.7 0.9 1.1 1.1 1.5 1.8 1.7 1.6 1.4 1 0.9 0.7 0.8 1.2 1.6 1.7 1.3 1.3 1.4 1.2 0.7
缄打
NO2
05/30 0.8 1.2 0.9 0.7 0.8 1 1.2 1.8 2.5 1.9 1.6 1.9 2.2 1.8 2.2 2.7 3.3 3 4 3.8 3.5 6.1 2.4 2.2
