雲林
PM10
01/01 33 32 35 32 30 31 34 23 21 26 24 31 43 37 42 48 61 50 61 40 27 28 25 24
雲林
PM10
01/02 27 18 12 13 15 14 19 18 16 17 41 32 41 41 45 51 61 63 45 46 42 35 32 25
雲林
PM10
01/03 24 25 26 24 24 21 25 26 22 32 35 41 46 61 47 45 47 59 47 39 37 38 36 39
雲林
PM10
01/04 49 58 61 55 59 42 56 54 72 61 1000# 56 52 63 82 93 95 92 103 116 112 96 84 73
雲林
PM10
01/05 65 58 58 55 58 57 55 78 100 88 113 67 49 60 57 49* 78 116 101 102 79 64 58 57
雲林
PM10
01/06 55 53 40 18 14 13 11 16 21 32 31 33 32 36 33 35 37 42 42 42 42 41 38 37
雲林
PM10
01/07 36 33 40 40 32 31 32 42 52 55 50 39 50 51 64 68 69 76 73 57 57 53 57 64
雲林
PM10
01/08 61 55 59 63 51 53 44 45 48 47 49 59 53 58 50 49 66 68 45 37 34 38 27 26
雲林
PM10
01/09 28 30 32 27 26 29 28 26 32 39 52 55 51 60 60# 65 79 83 57 54 50 47 50 49
雲林
PM10
01/10 47 42 42 39 40 44 53 62 72 80 98 88 87 86 78 90 96 98 111 103 111 100 111 111
雲林
PM10
01/11 111 102 99 91 98 78 68 85 95 94 79 74 75 68 84 75 102 90 88 110 121 115 115 101
雲林
PM10
01/12 70 52 58 62 57 47 51 54 62 63 68 66 70 79 48 48 53 93 90 74 68 57 51 56
雲林
PM10
01/13 45 33 35 33 31 31 37 41 34 38 49 55 51 71 73 75 82 82 67 64 58 44 36 35
雲林
PM10
01/14 35 32 32 26 23 27 31 50 37 45 41 45 1000# 68 106 87 88 69 63 62 63 61 63 56
雲林
PM10
01/15 54 58 53 64 68 70 71 73 85 95 93 91 104 104 82 92 113 102 98 82 77 71 69 60
雲林
PM10
01/16 42 32 31 37 34 28 29 30 29 24 28 35 30 36 38 36 27 24 27 33 38 29 29 23
雲林
PM10
01/17 21 16 10 13 12 16 17 19 25 31 33 1000# 35 38 1000# 41 42 45 48 49 53 65 59 55
雲林
PM10
01/18 54 69 75 51 49 42 57 57 60 55 55 60 62 56 50 54 87 76 79 69 80 79 87 88
雲林
PM10
01/19 91 89 96 100 111 115 75 93 110 115 113 114 99 90 86 80 100 77 65 129 140 151 134 134
雲林
PM10
01/20 120 129 134 139 134 110 121 133 137 139 138 118 105 101 88 96 100 115 126 110 102 94 77 66
雲林
PM10
01/21 40 36 27 29 26 28 26 29 33 32 27 32 37 35 39 67 72 62 56 43 41 36 41 42
雲林
PM10
01/22 43 40 35 34 39 39 46 45 45 45 50 60 55 52 55 1000# 59 76 64 58 63 62 63 63
雲林
PM10
01/23 58 62 52 59 60 54 47 55 66 66 69 63 55 63 85 101 106 113 105 97 87 94 97 94
雲林
PM10
01/24 92 89 92 87 90 85 80 90 98 95 85 71 66 63 85 94 97 93 108 104 99 99 96 101
雲林
PM10
01/25 102 99 101 100 97 79 82 89 62 82 78 84 76 80 80 101 117 100 115 129 124 119 116 99
雲林
PM10
01/26 96 95 95 91 83 64 68 62 54 47 46 55 84 138 194 150 109 82 62 49 46 41 34 36
雲林
PM10
01/27 34 30 29 28 28 25 26 33 42 42 41 47 56 61 72 67 71 64 64 65 73 60 65 55
雲林
PM10
01/28 49 53 55 57 53 49 55 59 72 62 81 78 78 54 72 68 67 66 80 85 81 75 81 79
雲林
PM10
01/29 66 58 63 68 57 45 53 57 69 63 80 71 57 66 67 74 85 89 90 89 95 91 84 82
雲林
PM10
01/30 92 92 89 87 90 119 95 84 108 119 126 107 82 73 53 45 58 90 132 168 109 51* 43* 35
雲林
PM10
01/31 35 33 31 32 27 29 30 57 54 55 59 1000# 73 50 44 70 67 60 73 84 61 58 58 65
雲林
PM10
監測年月：2019/02， 測站：斗六， 測項：PM10（μg/m3）
雲林
PM10
日期 00 01 02 03 04 05 06 07 08 09 10 11 12 13 14 15 16 17 18 19 20 21 22 23
雲林
PM10
02/01 52 36 24 21 23 20 24 32 34 36 33 41 53 84 86 73 73 77 76 75 79 51 43 47
雲林
PM10
02/02 42 45 49 49 48 48 58 62 75 75 79 97 72 66 94 104 97 122 119 122 119 119 148 139
雲林
PM10
02/03 134 116 93 56 49 39 38 49 71 37 43 54 47 43 93 69 85 90 87 74 76 75 77 55
雲林
PM10
02/04 32 33 30 30 24 30 51 43 41 1000# 71 67 52 54 51 71 77 70 68 74 70 62 63 67
雲林
PM10
02/05 61 67 73 73 79 75 71 74 85 90 80 78 74 53 50 43 82 99 100 104 132 135 115 111
雲林
PM10
02/06 107 104 79 53 40 40 71 69 56 58 63 53 56 61 59 53 49 65 62 72 74 84 79 68
雲林
PM10
02/07 70 58 54 48 42 36 37 37 33 37 29 20 13 15 16 19 69 70 67 73 76 70 67 62
雲林
PM10
02/08 59 65 67 60 63 59 50 54 60 48 42 35 36 67 63 45 43 45 45 28 30 31 32 32
雲林
PM10
02/09 33 42 39 42 37 37 35 42 40 50 46 42 40 47 38 42 59 51 43 37 30 32 30 27
雲林
PM10
02/10 23 21 19 17 19 20 25 24 28 34 43 46 40 36 39 52 77 57 53 48 48 42 40 47
雲林
PM10
02/11 41 35 32 32 32 31 33 31 55 19 26 31 40 58 74 63 75 52 40 37 35 34 33 23
雲林
PM10
02/12 24 28 25 26 27 26 32 34 44 47 1000# 32 39 54 63 61 69 63 47 41 41 41 43 48
雲林
PM10
02/13 74 70 70 73 73 63 61 73 72 67 49 43 68 51 71 74 69 75 63 66 47 36 34 35
雲林
PM10
02/14 35* 32 34 39 37 38 39 55 48 48 59 50 41 72 103 73 60 90 70 78 73 67 68 66
雲林
PM10
02/15 61 67 68 61 65 63 62 77 71 60 69 60 44 49 55 52 68 84 82 97 118 93 78 44
雲林
PM10
02/16 38 38 73 64 53 54 59 51 44 52 58 46 94 84 77 71 60 53 58 71 61 48 35 39
雲林
PM10
02/17 35 32 23 21 24 20 28 31 32 34 40 46 47 46 53 63 70 62 60 53 53 38 36 35
雲林
PM10
02/18 35 38 40 42 48 40 40 50 66 78 90 66 67 57 69 80 77 87 75 66 71 71 78 78
雲林
PM10
02/19 77 94 34* 39 28* 27 37 45 57 55 63 1000* 67 71 81 78 81 86 77 92 113 123 131 124
雲林
PM10
02/20 116 102 79 74 67 52 57 91 126 118 81 76 59 99 115 101 111 104 93 105 112 131 138 117
雲林
PM10
02/21 107 97 78 74 82 58 92 98 100 109 114 101 90 99 73 63 84 94 75 81 52 51 53 50
雲林
PM10
02/22 38 34 43 68 58 51 60 70 81 75 70 87 84 115 80 99 71 70 42 39 29 26 25 24
雲林
PM10
02/23 27 17 13 21 23 33 38 34 39 41 51 56 67 61 69 77 69 61 52 44 36 34 35 33
雲林
PM10
02/24 30 28 32 21 23 23 30 33 25 19 23 34 27 24 18* 23* 28 14* 16 15 21 26 31 29
雲林
PM10
02/25 21* 32 27 23 22 24 28 24 22 24 32 30 30 35 46 57 59 67 56 52 56 57 51 49
雲林
PM10
02/26 55 54 38 38 39 51 50 53 55 59 1000# 70 72 67 71 74 97 98 80 79 76 56 58 60
雲林
PM10
02/27 62 62 64 68 77 105 103 102 100 101 93 81 82 75 70 57 59 56 48 66 59 54 51 54
雲林
PM10
02/28 50 58 60 63 68 81 83 108 125 97 79 93 89 84 63 63 74 68 70 70 44 48 49 46
雲林
PM10
監測年月：2019/03， 測站：斗六， 測項：PM10（μg/m3）
雲林
PM10
日期 00 01 02 03 04 05 06 07 08 09 10 11 12 13 14 15 16 17 18 19 20 21 22 23
雲林
PM10
03/01 52 43 38 38 39 37 40 44 43 46 53 59 66 60 73 81 89 98 90 89 90 87 88 81
雲林
PM10
03/02 92 101 87 111 129 137 135 121 120 104 103 99 119 107 91 84 75 91 103 110 108 126 129 114
雲林
PM10
03/03 101 93 80 63 68 65 40 46 42 35 28 56 13 9 6 13 14 10 13 19 22 26 31 30
雲林
PM10
03/04 27 34 37 37 34 33 34 38 33 35 32 42 45 50 57 63 64 67 74 70 83 84 89 99
雲林
PM10
03/05 85 84 87 82 73 62 63 72 83 93 87 86 90 85 74 79 80 76 106 105 50 23 26 33
雲林
PM10
03/06 27 28 26 28 24 23 22 20 24 19 29 19 20 45 68 34 33 27 30 26 32 29 34 35
雲林
PM10
03/07 30 25 22 16 15 13 15 16 22 21 25 22 18 17 16 24 30 44 44 40 40 46 41 41
雲林
PM10
03/08 35 36 33 27 31 19 19 27 26 25 28 1000# 36 19 9 32 34 28 36 33 40 41 33 32
雲林
PM10
03/09 35 29 23 20 15 11 10 12 15 17 25 21 25 27 27 31 30 17 13 21 16 20 20 26
雲林
PM10
03/10 21 23 15 7* 6 8 6 6 7 13 11 41 43 37 27 24 31 32 31 28 26 33 32 28
雲林
PM10
03/11 33 30 29 32 33 29 26 25 27 34 39 38 52 55 67 68 68 68 80 73 68 67 71 51
雲林
PM10
03/12 51 52 50 47 42 50 44 48 63 68 47 50 40 36 63 70 71 83 76 75 75 77 85 82
雲林
PM10
03/13 74 66 54 56 59 55 51 67 62 60 70 1000# 46 1000# 66 72 77 69 90 87 91 88 82 88
雲林
PM10
03/14 75 78 77 69 78 78 81 86 103 96 91 87 87 71 59 81 86 95 87 88 84 78 65 67
雲林
PM10
03/15 58 51 47 43 41 39 25 20 21 29 38 32 32 41 39 40 44 43 47 38 34 33 38 42
雲林
PM10
03/16 36 41 43 46 52 52 62 77 88 78 55 54 56 59 59 46 43 56 61 96 71 62 63 80
雲林
PM10
03/17 70 63 70 67 62 53 70 86 93 100 68 58 57 53 61 59 62 62 56 74 60 53 50 54
雲林
PM10
03/18 63 65 60 62 72 74 82 89 93 94 100 91 73 63 68 76 78 63 68 77 96 102 107 102
雲林
PM10
03/19 95 97 81 77 74 60 92 105 82 66 70 59 68 69 75 67 70 93 96 103 93 110 110 111
雲林
PM10
03/20 101 93 102 105 105 96 106 114 123 121 99 1000# 76 73 77 59 57 54 56 39 36 29 32 33
雲林
PM10
03/21 37 37 46 47 47 43 40 50 32 28 0* 45 35 43 35 27 31 35 31 35 34 38 34 1000*
雲林
PM10
03/22 1000* 1000* 1000* 1000* 1000* 1000* 1000* 1000* 1000* 1000* 1000* 1000# 86 70 73 74 77 78 83 69 65 52 48 46
雲林
PM10
03/23 42 44 38 34 32 27 26 19 21 16 18 22 27 37 35 39 35 32 25 24 17 21 23 23
雲林
PM10
03/24 25 22 19 20 16 24 19 28 23 27 21 20 19 24 32 33 31 33 34 42 49 43 43 38
雲林
PM10
03/25 46 38 29 27 29 42 35 29 40 41 45 1000# 51 53 56 59 63 50 57 60 60 45 44 41
雲林
PM10
03/26 41 48 35 36 34 24 19 29 36 43 49 45* 45 44 43 42 64 69 66 70 70 74 71 75
雲林
PM10
03/27 75 85 84 84 86 83 81 81 49 65 45 40 45 48 63 65 65 55 57 58 62 61 71 63
雲林
PM10
03/28 65 67 64 59 51 54 49 56 67 44 27* 34 31 32 34 34 34 31 27 29 32 34 35 33
雲林
PM10
03/29 27 34 35 29 36 31 40 37 29 27 24 31 33 32 33 39 37 41 43 47 40 43 49 19
雲林
PM10
03/30 10 10 9 14 12 17 23 22 20 27 33 33 30 23 38 46 58 62 71 75 81 85 85 98
雲林
PM10
03/31 91 89 82 64 59 74 57 60 70 70 68 63 58 68 100 88 99 91 83 75 44 40 38 30
雲林
PM10
監測年月：2019/04， 測站：斗六， 測項：PM10（μg/m3）
雲林
PM10
日期 00 01 02 03 04 05 06 07 08 09 10 11 12 13 14 15 16 17 18 19 20 21 22 23
雲林
PM10
04/01 26 28 32 34 25 22 26 46 33 28 24 1000# 21 30 25 28 30 33 30 30 32 38 42 44
雲林
PM10
04/02 44 50 61 58 54 63 71 66 73 63 51 56 59 52 55 53 48 64 67 73 78 80 77 83
雲林
PM10
04/03 83 86 69 66 67 58 60 51 45 51 53 42 37 40 46 48 71 55 39 50 50 48 47 50
雲林
PM10
04/04 41 45 47 52 49 50 49 57 58 54 58 65 61 58 62 61 69 60 69 53 66 62 54 60
雲林
PM10
04/05 61 55 51 57 53 57 74 75 67 65 75 71 79 78 64 49* 43* 47* 46 46 63 70 68 63
雲林
PM10
04/06 66 71 74 70 61 66 79 80 70 63 66 76 68 43* 47 41 41 38 43 49 61 61 64 52
雲林
PM10
04/07 45 43 41 50 45 43 39 50 45 43 45 42 37 42 39 45 50 50 69 73 74 75 80 74
雲林
PM10
04/08 71 67 64 56 50 40 45 51 47 36 45 38 38 38 38 39 45 40 37 43 44 42 37 42
雲林
PM10
04/09 32 34 37 38 36 39 44 57 48 46 44 42 49 44 39 29 24 24 31 35 34 23 35 36
雲林
PM10
04/10 29 30 33 35 27 32 26 32 35 37 41 37 31 27 30 24 30 23 31 32 34 39 40 48
雲林
PM10
04/11 36 44 51 52 53 57 59 55 47 30 34 1000# 34 34 23 35 63 59 44 48 33 30 37 33
雲林
PM10
04/12 15 14 13 16 23 23 22 28 34 46 41 49 44 65 71 82 71 61 57 56 51 55 47 33
雲林
PM10
04/13 47 56 59 64 55 63 63 77 58 47 41 41 44 46 63 92 53 47 49 39 42 34 39 45
雲林
PM10
04/14 50 42 40 40 44 44 53 46 43 43 30 31 36 27 18 26 24 44 45 42 41 27 28 33
雲林
PM10
04/15 34 31 23 34 38 43 38 44 44 50 58 60 60 59 1000# 53 80 66 57 60 55 51 56 60
雲林
PM10
04/16 50 58 61 56 42 41 45 43 27 19 27 29 34 36 48 40 39 34 47 49 51 52 57 53
雲林
PM10
04/17 64 64 54 44 49 48 54 58 47 42 39 1000# 37 41 46 42 46 53 52 62 66 71 70 75
雲林
PM10
04/18 64 65 65 58 63 60 66 59 63 49 44 50 46 60 67 62 60 52 49 52 61 69 72 70
雲林
PM10
04/19 64 68 72 70 64 42 13 12 22 27 15 17 21 20 39 16 9 8 13 20 16 19 17 13
雲林
PM10
04/20 13 14 17 21 22 22 19 16 18 18 15 9 11 14 20# 20 19 61 53 63 70 74 50 58
雲林
PM10
04/21 56 58 36 19 23 14 12 13 22 26 26 18 19 12 20 21 19 24 32 34 30 27 31 29
雲林
PM10
04/22 28 22 30 30 29 30 33 23 24 18 27 28 28 29 31 24 22 26 26 28 26 24 21 24
雲林
PM10
04/23 21 18 28 27 28 29 30 28 26 19 25 31 25 25 18 16 19 27 21 30 23 20 18 15
雲林
PM10
04/24 12 19 21 23 27 22 27 25 20 24 27 26 16 17 1000# 21 21 22 25 24 23 28 21 16
雲林
PM10
04/25 24 18 16 27 23 28 28 27 26 23 28 29 24 20 18 17 19 22 25 24 24 33 34 26
雲林
PM10
04/26 22 19 26 18 17 15 21 31 19 22 33 27 28 41 60 60 56 52 58 45 41 36 37 38
雲林
PM10
04/27 42 39 48 46 41 41 50 43 46 48 73 102 89 99 74 81 67 73 65 57 47 53 40 41
雲林
PM10
04/28 48 45 48 53 59 53 53 63 69 73 70 78 65 57 69 56 42 42 47 57 64 69 72 69
雲林
PM10
04/29 56 54 63 61 57 58 54 43 33 37 38 32 33 32 37 29 35 36 49 53 59 65 73 65
雲林
PM10
04/30 49 49 40 39 29 29 28 29 29 28 33 39 35 26 30 33 27 25 27 30 26 24 25 25
雲林
PM10
監測年月：2019/05， 測站：斗六， 測項：PM10（μg/m3）
雲林
PM10
日期 00 01 02 03 04 05 06 07 08 09 10 11 12 13 14 15 16 17 18 19 20 21 22 23
雲林
PM10
05/01 27 19 25 21 20 19 20 15 5 5 7 12 11 18 15 13 17 14 20 16 21 24 27 27
雲林
PM10
05/02 16 24 34 33 34 29 32 29 36 34 43 55 50 42 38 40 46 49 37 30 29 25 26 42
雲林
PM10
05/03 43 35 37 36 33 30 26 25 24 28 25 34 31 1000# 33 40 50 59 72 77 78 67 70 68
雲林
PM10
05/04 66 75 67 51 43 35 25 21 14 14 14 17 18 27 37 35 31 35 48 64 67 74 58 68
雲林
PM10
05/05 64 50 49 33 35 31 32 34 38 43 32 28 42 45 34 48 52 54 53 44 52 46 48 47
雲林
PM10
05/06 45 52 42 45 46 41 38 31 26 25 25 23 14 12 13 20 20 35 35 22 18 19 22 21
雲林
PM10
05/07 21 19 16 10 12 14 15 10 15 21 17# 24 20 31 34 24 32 29 34 31 37 36 47 51
雲林
PM10
05/08 43 44 44 38 45 50 53 56 45 46 52 30 44 68 64 45 39 41 50 58 74 69 70 70
雲林
PM10
05/09 66 62 64 66 61 58 53 53 63 48 41 39 43 47 47 41 29 39 41 36 37 32 31 23
雲林
PM10
05/10 21 14 16 20 19 27 25 21 21 26 25 35 33 32 27 16 20 29 41 62 61 46 49 55
雲林
PM10
05/11 69 63 61 63 64 67 82 79 69 60 57 47 38 44 39 42 40 38 59 56 67 61 71 61
雲林
PM10
05/12 66 69 82 79 76 81 81 68 47 38 46 44 44 57 61 57 55 49 44 44 48 58 49 49
雲林
PM10
05/13 50 51 57 66 74 65 69 59 66 67 45 40 32 50 39 23 23 33 33 40 39 39 42 46
雲林
PM10
05/14 42 32 43 37 31 24 26 23 27 17 21 28 28 22 20 19 27 33 32 30 27 28 34 32
雲林
PM10
05/15 19 28 35 34 36 24 22 21 19 28 31 19 31 18 8 13 17 19 26 42 38 40 44 37
雲林
PM10
05/16 31 26 23 28 17 18 21 10 14 21 24 23 24 25 28 22 25 34 21 22 29 28 29 25
雲林
PM10
05/17 22 23 23 20 21 21 22 27 32 34 1000# 11 18 21 17 15 15 21 29 23 23 25 23 24
雲林
PM10
05/18 15 22 22 15 20 10 14 20 12 12 27 28 32 27 25 25 24 26 21 26 21 17 16 22
雲林
PM10
05/19 17 18 17 21 23 25 19 20 17 21 17 13 15 18 17 19 21 21 23 29 22 29 27 25
雲林
PM10
05/20 21 23 24 23 22 22 23 21 25 27 26 9 23 11 6 4 10 15 25 33 40 54 35 39
雲林
PM10
05/21 30 40 45 40 41 35 39 45 39 38 1000# 54 68 64 57 51 61 67 74 80 70 66 82 93
雲林
PM10
05/22 68 77 85 81 83 84 88 84 71 69 65 71 1000# 71 74 71 74 69 60 72 65 72 76 84
雲林
PM10
05/23 81 77 87 83 88 79 58* 65 68 35 23 25 21 16* 14 21 19 40 37 35 42 56 60 87
雲林
PM10
05/24 63 65 60 61 63 58 59 53 55 67 54 41 37 42 29 22* 27 25 27 24 33 34 29 31
雲林
PM10
05/25 26 25 29 28 33 36 33 29 27 31 27 29 32 23 24 29 24 23 30 47 48 50 60 62
雲林
PM10
05/26 49 50 52 48 49 39 52 60 53 36 45 40 40 40 33 33 32 40 61 52 67 68 67 76
雲林
PM10
05/27 69 76 46 52 44 37 NA NA NA NA 1000# 52 35* 5* 4 3 9 14 16* 15 16 11 22 12
雲林
PM10
05/28 20 13 13 17 21 17 17 15 15 16 22 21 11 11 8 6 8 18 25 29 41 44 46 44
雲林
PM10
05/29 35 41 34 41 38 33 36 36 43 61 59 47 42 37 39 59 63 53 55 50 45 41 42 41
雲林
PM10
05/30 39 33 35 38 49 49 43 61 68 72 59 43 51 40 26* 26 25 38 40 51 53 61 69 66
雲林
SO2
01/01 2.1 1.5 1.3 1.4 1.6 1.6 2.1 2.1 2.9 2.7 2.5 2.2 2.2 2.2 2.1 2.1 1.8 1.8 1.8 1.7 1.7 1.4 1.4 1.3
雲林
SO2
01/02 1.5 1.2 1.2 1.3 1.5 1.3 1.3 1.3 1.6 2.3 2.1 2 2.2 2 2 2.2 2.1 2.1 1.8 1.7 1.8 2.6 2.5 1.4
雲林
SO2
01/03 1.3 1.8 2.4 2.3 1.7 1.7 2 2.1 1.8 2 1.6 1.7 1.5 2.2 2.4 2.2 2.3 2.2 2.1 2 2.2 2.3 2.4 2.7
雲林
SO2
01/04 2.5 0.5 0.2 0.3 0.5 0.2 0.4 0.5 1 1.5 1.9 2# 2.1 2 2.7 2.8 1.6 1.3 1.1 0.8 1.4 1.2 0.6 0.7
雲林
SO2
01/05 0.7 1.7 1.9 1.9 1.6 1.5 1.5 1.7 1.4 2.2 2.1 1.6 1.6 3.2 3.4 2.8 2.8 4 3.5 4.4 5 5.3 3.3 2
雲林
SO2
01/06 1.5 1.9 1.6 1.3 1.2 1.3 1.1 1.2 1.7 1.7 1.8 1.8 1.8 1.7 1.7 1.6 1.6 1.6 1.6 1.4 1.5 1.3 1.5 1.5
雲林
SO2
01/07 1.1 2.2 2.1 2.3 2.2 2.2 2.3 3.1 4.8 4.4 3.7 3 3.8 4.4 6.3 5.8 4.7 3.7 2.9 2.6 2.4 2.8 2.6 2.2
雲林
SO2
01/08 2 2 2.2 2 2 2.3 2.8 2.3 2.9 2.7 2.7 2.7 2.5 2.5 2.7 2.5 2.8 2.4 2.2 2.4 2.4 2.3 2.4 2.6
雲林
SO2
01/09 2.5 2.5 2.5 2.2 2 2.1 2.8 2.9 4.4 3.6 2.6 2.8 3.5# 2.8# 2.3 2.5 3.2# 3 2.5 2.2 2.1 2.2 2.4 2.7
雲林
SO2
01/10 2.1 2 2.4 2 2 2.3 2.9 3.3 3 3.3 2.4 2.3 2.4 2.9 3 6 6.4 2.9 1.7 1.2 1.2 1.1 1.1 1.4
雲林
SO2
01/11 1.4 2.8 2.7 2.6 2.8 3.2 3.2 3.4 4 4.4 4.5 4.3 4.1 4.3 5.3 5.9 4.6 3.9 3.7 4.2 4.6 5 5.3 4.9
雲林
SO2
01/12 3.1 2.4 2.8 3.2 3.3 2.7 2.7 2.6 2.7 2.6 3.1 3.4 7.5 9.4 5.8 6.4 6.4 5.3 4.2 3.4 3.2 2.6 2.7 3
雲林
SO2
01/13 3.6 1.6 2.1 2 1.7 1.9 1.6 1.8 2.7 2.3 2.6 2.1 2.3 2.2 2 2.1 2 2 1.9 1.6 1.4 1.4 1.4 1.2
雲林
SO2
01/14 1 1.5 1.4 1.4 1.5 1.8 2.5 4 4.1 3.5 2.4 2.5 3# 3.4 4 2.9 2.5 2.1 1.9 1.9 1.8 1.6 1.6 1.4
雲林
SO2
01/15 1.5 2.3 2.2 2.2 2 1.9 2.4 3.2 2.8 2.6 3 3.1 3.8 5.1# 0.6 0.9 1.1 -0.4x -0.7* -0.7* -1* -0.8* -0.8* -0.6*
雲林
SO2
01/16 -1.3* 0.5 0.6 0.6 0.5 0.4 0.3 0.4 0.2 0.1 0.3 0.4 0.4 0.5 0.6 0.6 0.4 0.4 0.5 0.5 0.4 0.5 0.3 0.3
雲林
SO2
01/17 1 1.8 1.9 1.9 1.8 1.7 1.8 1.9 1.9 1.8 2 2 2.3 2.7# 3.1 2.4 2.2 2.2 2.3 2.4 2.3 2.2 2.3 2.7
雲林
SO2
01/18 2 2.1 2.3 2.6 2.5 2.5 2.9 2.9 4.3 3.6 3.4 3.2 3.2 2.9 2.6 2.7 4.8 3.2 3.3 2.5 3.1 2.8 3 2.9
雲林
SO2
01/19 3 2.4 2.1 2.3 1.9 1.8 1.8 2.5 3.1 3.4 3.2 4.1 5.4 8.9 6.5 4.8 4.9 3.9 3.1 4.3 4.2 3.9 3.6 3.4
雲林
SO2
01/20 2.8 3.2 2.6 3 3.2 4.8 4.6 4.7 4.5 4.8 5 5.8 4.5 4.3 3 2.5 2.4 2.5 2.1 2 1.8 1.9 1.8 1.6
雲林
SO2
01/21 1.7 1.5 1 0.9 1 1 1.2 1.3 1.4 1.6 1.7 1.3 1.5 1.8 1.7 1.5 1.4 1.2 1.2 1 1.3 1.3 1.2 1.4
雲林
SO2
01/22 2 1.3 1.5 1.4 1.1 1.1 1.3 1.9 1.7 1.8 1.7 2 2 1.7 2.2# 2.7 2.8 2.3 1.8 1.9 1.8 1.9 2 2
雲林
SO2
01/23 1.5 1.9 1.8 1.4 2.8 3.2 3.9 4 6 3.9 3.6 2.5 2.4 3.4 5.4 4.6 4.9 4.3 3 2.3 2.1 2 1.7 1.9
雲林
SO2
01/24 2.3 2.9 2.5 2.4 2.6 2.9 3.6 3.2 4.6 5.6 4.7 4.1 3.8 3.5 4.6 4.7 5 5 5.1 3.8 3.7 3.8 3.3 3.1
雲林
SO2
01/25 3.4 2.5 2.4 2.4 2.1 2.5 3.2 3 3.3 3.6 3.1 3.2 3.3 4.7 7.8 8.5 6.6 4 3.5 3.2 2.9 2.3 2.6 2.5
雲林
SO2
01/26 2.8 2.6 2.5 2.4 2 2.2 2.2 3.9 2.7 2.6 2.6 2.6 2 2.1 2.5 2.3 2.4 2.1 1.9 1.7 1.8 2 1.6 1.6
雲林
SO2
01/27 2 2.6 2.7 2.4 2.2 2.5 2.5 2.8 3 2.8 2.9 3.3 3 2.8 3 3.1 3.5 3.5 3.1 2.8 2.6 2.4 2.5 2.3
雲林
SO2
01/28 2 1.2 1.1 1.1 1.4 1.4 1.6 2.6 3.7 2.5 2.4 3.3 3.7 3 3.7 3.7 3.2 4.8 7.6 4.8 3.4 2.4 2.5 3.4
雲林
SO2
01/29 2 1.4 1.5 2.2 0.9 0.7 1.4 1.1 2.8 2.3 2 2.2 1.8 3 7.5 5.6 4.6 4.3 3.7 2.9 2.1 1.5 1.2 1.4
雲林
SO2
01/30 1.6 1.7 1.5 2 1.7 1.4 1.2 1.1 1.8 3.1 3.2 2.9 2.7 2.2 2 2 2.7 4.3 5.4 5.3 4.5 3.2 2.5 1.9
雲林
SO2
01/31 1 2.1 1.8 1.7 1.9 1.8 2.5 2.6 2.7 3.3 2.7 3.2 3.7 2.6 2.9 3.2 3.4 4 4.4 4.6 3 3.3 3 3
雲林
SO2
監測年月：2019/02， 測站：斗六， 測項：SO2（ppb）
雲林
SO2
日期 00 01 02 03 04 05 06 07 08 09 10 11 12 13 14 15 16 17 18 19 20 21 22 23
雲林
SO2
02/01 3.3 2 1.9 1.7 1.6 1.6 2 2.2 2.4 2.3 2.4 2.4 2.3 2.1 2.6 2.6 2.5 2.5 2.3 2.3 2.3 2.1 1.9 1.9
雲林
SO2
02/02 1.7 2.5 2.3 2.5 2.3 2.3 3.4 4.5 4.5 4.1 4.2 4.8 5.1 4.7 5.8 5 4.2 3.9 3.4 4.4 5.1 4.1 5 4.2
雲林
SO2
02/03 3.7 2 2.6 1.9 1.5 1.5 1.8 2.1 3.3 3.2 3.3 3.6 3.2 2.5 3.8 3.6 3.5 2.8 2.5 2.2 2.5 2.7 2.5 1.6
雲林
SO2
02/04 1.1 1.1 1.2 1.1 1.4 1.6 1.3 1.4 1.9 2# 2 2 2.1 1.9 2.2 3.4 3.1 2.3 1.9 1.6 1.4 1.3 1.3 1.4
雲林
SO2
02/05 1.8 1.3 1.4 1.5 1.5 1.3 1.2 1.3 1.2 1.6 1.5 2 2 1.8 1.7 2 2.9 2 1.6 1.4 2.5 1.5 1.2 1.4
雲林
SO2
02/06 1.4 1.3 1.3 1.1 1.1 1.1 1.2 1.3 1.5 1.6 1.9 4.5 4.9 3.1 2.3 2.1 2.3 2.4 1.8 2 1.5 1.5 1.4 1.1
雲林
SO2
02/07 0.9 1.3 1.1 1.3 1.1 1.1 1.2 1.3 1.2 1.9 1.9 2.1 2.2 1.7 1.6 1.9 2.7 3.6 2.6 2.2 1.7 1.7 1.7 1.4
雲林
SO2
02/08 1.3 1.5 1.3 1.2 1.4 1.2 1.2 1.3 1.4 1.6 1.5 1.8 2 4 2.5 2.2 2.3 3.4 3.9 1.5 1.2 1.4 1.1 1.3
雲林
SO2
02/09 0.9 1.7 1.8 1.2 1.2 2 1.5 2 3.9 1.5 1.7 1.6 1.5 1.5 1.5 1.8 2.1 1.5 1.5 1.4 1.2 1.1 1.1 1.4
雲林
SO2
02/10 1.4 1.8 1.9 1.8 1.9 2 1.9 2 2.1 2.2 2.4 2.7 3 2.9 2.8 2.9 4 3.8 2.9 2.5 2.2 2 2 1.8
雲林
SO2
02/11 2.1 1.2 1.4 1.4 1.4 1.4 1.6 1.3 1.5 1.7 1.9 2 2.5 2.3 2 1.9 1.8 1.8 1.8 1.7 1.6 1.4 1.6 1.6
雲林
SO2
02/12 1 2.4 2.3 2.5 2.5 2.8 3.2 3.8 3.7 3.2 3 3.1 3.5 3.3 4.2 4.8 5.2 5.1 3.3 2.6 2.2 2.3 2.6 2.5
雲林
SO2
02/13 5 3.7 2.4 3.1 3 2.7 3.6 3.6 2.9 2.8 2.4 2.7 6.7 3 3.2 3.2 3 2.7 2.7 2.3 2.4 2 2 2.4
雲林
SO2
02/14 2 1.6 1.5 1.4 1.3 1.4 1.7 2.3 2.3 1.9 2.4 2.4 2.3 3.2 4.6 2.4 1.5 1.9 1.4 1.4 1.3 1 1 1.1
雲林
SO2
02/15 1 1.8 2.2 2.6 2.7 2.3 2.3 3.4 3.7 3.3 3.6 3.3 3.4 3.2 3 2.9 3 2.6 2.4 2.6 2.1 2 2.1 1.7
雲林
SO2
02/16 1.7 1.2 1.9 2.9 2.5 2 2.1 1.9 2.7 2.9 2.9 2.6 3.2 2.4 1.9 2.8 1.6 1.3 1.6 1.5 1.3 1.1 1.4 1.4
雲林
SO2
02/17 1.4 1.5 1.3 1.2 1.3 1.3 1.3 1.3 1.3 1.8 1.8 1.8 1.9 1.8 1.8 2.5 2.2 2.3 2.3 1.5 1.6 1.1 1.1 1.1
雲林
SO2
02/18 1.5 1.7 2.2 1.9 1.8 1.7 1.9 2.6 3.9 3.5 2.5 2.6 2.3 2.2 2.3 2.9 3.3 3.5 4.4 3.7 4 2.8 2.3 3.1
雲林
SO2
02/19 3.2 2.2 1.4 1.5 1.7 1.8 2.9 2.3 2.7 2.9 3.7# 4.9 6.3 4.3 3.8 4.1 4.5 4.8 4.9 4.3 3.4 3.4 3.5 3.6
雲林
SO2
02/20 3.1 2.8 1.9 1.6 1.3 1.6 2.1 2.4 2.2 2.5 2.5 2.7 2.6 2.8 2.7 2.5 2.2 2 1.8 1.6 2.1 2.9 2.9 3.2
雲林
SO2
02/21 3 4 3.3 3 2.6 2.3 2.3 2.3 2.2 2.3 2.5 2.8 3.2 2.8 2.8 3 3.2 3.4 4.3 3.8 2.4 2.4 2.8 2.5
雲林
SO2
02/22 2.7 1.8 2.2 1.7 1.3 1.6 2.6 2.4 2.2 1.8 1.9 2.4 3.2 6.1 3.6 2.6 1.7 1.6 1.5 1.6 1.3 1.3 1.4 1.2
雲林
SO2
02/23 1.1 2.3 2.4 2.6 2.4 2.8 3.2 2.9 2.8 2.7 3.2 3.1 4.7 3.6 3.3 3.4 2.7 2.9 2.6 2.4 2.4 2.4 2.4 2.3
雲林
SO2
02/24 1.9 1.6 1.4 1.4 1.4 1.5 1.5 1.8 1.3 1.2 1.3 1.3 1.7 1.4 1.3 1.6 1.4 1.4 1.6 1.2 1.3 1.2 1.1 0.9
雲林
SO2
02/25 1 1.7 1.5 1.4 1.5 1.3 1.8 1.6 1.9 2.5 2.1 2 2.3 2.1 2.2 3.3 4.2 3.7 2.8 2.2 2.3 2.7 1.9 2.1
雲林
SO2
02/26 2.6 2.3 2.1 1.9 2.4 2.5 2 2.5 2.9 3 2.4# 2.6 3.2 3.2 2.9 2.9 3.8 3.7 3.4 4.9 3.5 2.3 2 2.3
雲林
SO2
02/27 1.9 2.7 2.4 2.3 2.6 2.5 2.3 2.7 2.6 2.6 2.3 3.2 3.8 3 2.7 2.6 2.6 2.2 2.3 2.3 2.8 2.7 2.5 2.6
雲林
SO2
02/28 2.7 1.9 1.9 1.8 2.5 2.5 2.4 3 3 2.1 2.5 4.2 5.5 3.7 3.1 3.1 3.8 3.4 4.4 3.9 2.7 1.7 1.6 1.5
雲林
SO2
監測年月：2019/03， 測站：斗六， 測項：SO2（ppb）
雲林
SO2
日期 00 01 02 03 04 05 06 07 08 09 10 11 12 13 14 15 16 17 18 19 20 21 22 23
雲林
SO2
03/01 1.5 2.7 2.6 2.7 2.7 2.6 2.7 2.6 2.8 3.1 3.2 4.4 6.7 5.8 5.9 5.9 4.5 3.8 3.1 3 2.4 2.4 2.6 2.3
雲林
SO2
03/02 2.3 2.5 2.5 2.1 2.1 2.2 2.3 2.4 2.3 2.3 2.4 3.6 3.7 3 2.9 3 3.4 3.2 3.1 3 2.7 2.8 2.8 2.2
雲林
SO2
03/03 1.6 0.8 1 0.9 1.4 1 0.7 0.5 1.6 1.3 1.4 1.3 1 0.7 0.7 0.9 1.5 0.8 0.8 0.8 0.8 0.9 1.9 0.9
雲林
SO2
03/04 1.3 2.2 2.1 2.1 2.2 2.2 2.4 2.6 2.4 2.7 2.8 3.1 3.3 3.6 4.2 5.3 5.6 4.2 4.1 3.7 3.4 3.1 3.3 2.9
雲林
SO2
03/05 2.7 3 5.6 3.6 2.9 3.1 3.7 5.9 3 2.8 3 3.1 3.5 3.4 3.6 4 4 3.1 3.2 1.5 1.5 1.3 1.1 1.3
雲林
SO2
03/06 1.9 2 1.9 1.9 1.9 2.1 2.2 2.4 2.5 2.7 2.5 2.2 3.1 3.5 2.6 2.5 2.2 2.1 2.4 1.9 2.1 1.9 2.1 1.8
雲林
SO2
03/07 1.8 1.3 1.4 1.1 0.9 1 1 0.9 0.9 0.9 0.9 0.9 1.1 1.1 1.1 1.1 1.1 1.1 1 1.1 1.1 1 1 0.7
雲林
SO2
03/08 0.5 1.4 1.8 1.7 1.5 1.7 1.8 1.6 1.6 1.7 1.9# 3.7 3.3 2.6 2.4 2.4 2.9 3 2.5 2.1 2.2 2.7 2.1 2.1
雲林
SO2
03/09 1.4 1.2 1.4 1.4 1.2 1.2 1.2 1.4 1.7 1.7 1.5 2.2 2 2.1 2.5 1.7 2 1.5 1.3 1.5 1.6 1.6 1.5 1.4
雲林
SO2
03/10 1.4 0.9 0.5 0.3 0.6 0.4 0.8 0.6 0.5 1.8 0.8 3.5 3.3 1.8 1.7 1.3 1.2 1.7 1.6 0.8 0.7 0.9 0.6 0.8
雲林
SO2
03/11 0.6 1.1 1.3 1.3 1.4 1.8 1.7 1.9 1.7 3.1 3.5 3.9 2.8 2.8 2.3 3.3 2.9 2.8 2.1 1.9 1.6 2.3 3 1.8
雲林
SO2
03/12 2.1 3.5 3 3 3.4 4.6 3.4 4 4.9 3.7 4 4.3 3.7 3.4 4.1 6.2 6.7 4.2 3.3 2.9 2.8 2.6 2.7 2.5
雲林
SO2
03/13 1.4 1.9 1.5 1.6 1.9 2 2.1 2.2 2.6 2.9 3.4 3.1 3.4# 1.8 2.5 2.5 2.6 2.2 2.5 2.1 1.9 1.5 1.1 0.7
雲林
SO2
03/14 2.1 2.5 2.3 2 2.2 2.1 2.2 2.4 3.5 3.7# 2.4 2.7 2.8 2.5 2.6 3.8 7.1 5.9 4.8 2.6 2.8 2.2 2.1 2
雲林
SO2
03/15 2.3 2.1 1.8 1.8 2.2 2 1.7 1.8 2.2 3.7# 1.7# 0.2 0.1 0.2 0.2 2.7 2.3 2.2 2.9 2.8 2.2 2.4 3.4 2.4
雲林
SO2
03/16 2.9 4.3 3.6 3.2 3.8 3.8 4.4 5.1 4.4 3.9 4.1 4 4.9 3.9 4.4 4.6 4.3 4.1 4.1 8.1 3.7 3.1 3.1 3
雲林
SO2
03/17 2.2 3.2 2.6 2.6 2.7 2.8 3.9 3.1 5 5.2 4 3.9 4.7 3.7 3.5 3.4 3.6 3.9 3.7 2.9 2.6 2.6 2.5 3.1
雲林
SO2
03/18 2.4 2.9 2.4 2.1 2 3 4 3.5 5.6 4.5 4.3 3.9 4.2 3.1 3 3.3 3.7 3.6 3.5 4 2.8 2.3 3.5 3.7
雲林
SO2
03/19 2.5 3.1 3.6 2.8 2.9 2.8 4.4 5.2 4.9 3.5 3.6 5.3 8.8 6.6 6.4 6.4 9 9.7 4.7 5 4.6 4.5 5.3 4.7
雲林
SO2
03/20 3.8 2.2 2.3 2.2 1.9 1.7 2.5 3.4 4.4 4.6 4.6# 4.1 4.1 3.1 2.6 2.3 2.1 2.4 2.9 2.6 1.7 2 1.8 1.4
雲林
SO2
03/21 1.5 1.5 1.4 1.3 1.2 0.7 1.1 1.3 1.5 1.5 2.5 3.3 2.9 2.6 2.3 2.1 1.9 2.1 2 2 2 1.7 1.7 1.7
雲林
SO2
03/22 1.6 2.2 2.4 2.2 2.6 2.4 6.1 4.4 3.3 3.4 3.5 4.1 4.3 2.9 5.9 5.6 9.5 8.9 3.3 2.6 2.4 2.1 2.1 2.2
雲林
SO2
03/23 2.1 1.3 1.1 1 1.1 0.9 0.5 0.8 0.6 0.8 0.5 0.7 1.1 1 1.1 1 1.3 0.6 0.7 0.6 0.5 0.2 0.5 1.1
雲林
SO2
03/24 3 2.2 1.9 1.9 1.8 2.3 2.3 2.6 2.8 2.1 2 2.1 2.2 2.1 2.4 2.3 2.2 2 2.4 2.3 2.1 2.1 2.1 2
雲林
SO2
03/25 0.9 2 2 2.1 2 2.1 2.4 2.4 2.9 3.3 2.7 3.2 3.7 3.8 3.3 4.2 3.6 3.5 3.4 3.7 3.6 2.9 2.5 2.7
雲林
SO2
03/26 2.9 1.5 1.3 1.3 1.4 1 1.2 1.5 1.3 1.4 1.6 2.4 2.9 2.3 2.5 3 3.4 3 5.5 4.4 3.8 3.6 3.1 2.5
雲林
SO2
03/27 2.1 3.3 3.1 3 3.3 3 3.5 3.8 3 3.5 2.8 3.1 3.8 3.8 4.5 4.6 4.4 3.5 4.4 3.6 3.1 3.1 3.1 2.5
雲林
SO2
03/28 1.8 1.9 1.8 2.1 1.9 2.2 2 2.1 2.5 2.5 3.8 4.7 3.7 3 2.9 2.8 2.8 2.8 2.5 3.1 2.7 2.8 3.5 2.7
雲林
SO2
03/29 2.6 2.9 2.8 2.4 2 2.1 2.1 2.1 2 2.3 2.5 2.9 3.2 2.7 2.3 2.4 2.4 2.5 2.2 2.5 2.3 2.1 1.7 1.8
雲林
SO2
03/30 1.6 1.1 1.1 1 1.3 1.5 1.7 1.5 1.5 1.3 1.7 2 1.9 2.1 4.1 5.5 5.9 4.4 3 2.4 2 2.1 2.4 4.2
雲林
SO2
03/31 2.6 3.5 3.5 4 4 3.7 3.8 4 4.1 3.8 4 4.8 5.1 4.8 8.2 5.5 3.9 3.6 3.6 3.3 2.9 2.8 2.7 2.6
雲林
SO2
監測年月：2019/04， 測站：斗六， 測項：SO2（ppb）
雲林
SO2
日期 00 01 02 03 04 05 06 07 08 09 10 11 12 13 14 15 16 17 18 19 20 21 22 23
雲林
SO2
04/01 3 1.8 2 1.8 1.7 1.6 1.9 2.6 1.8 1.6# 1.2# 1.5 1.7 1.4 1.6 2.1 2.7 2.6 2.9 1.8 1.8 2.4 2.6 2.6
雲林
SO2
04/02 2 3.4 3.6 3.3 2.7 2.3 2.7 4.2 5.2 4.7 5.3 4.5 4.5 4.1 3.4 3.9 3.3 4.6 4.2 3.2 3 2.5 2.3 3
雲林
SO2
04/03 3.5 3.9 2.8 3.3 3.2 3.1 4 3.2 2.5 2.4 2.9 3 3.4 3 2.9 2.7 2.9 2.4 2.4 2.5 2.7 2.6 3.2 6.5
雲林
SO2
04/04 3.4 2.1 2.4 2.4 2.2 1.8 2 3.5 2.7 2.7 3.2 2.6 2.1 2.1 2.1 2.3 2.3 2.1 2 1.5 1.4 1.3 1.7 2
雲林
SO2
04/05 1.9 2.1 2.1 2.2 2.7 3 2.5 2.7 3.6 2.2 1.9 2.3 2.4 3.3 4.9 4.2 5.4 3.9 3.9 4.1 3.6 3 3.4 2.8
雲林
SO2
04/06 2.8 2.6 2.2 2.2 2.2 2.7 3.2 3.2 3.2 4.2 4.2 4.1 3.7 3.6 4.6 4 3.8 3.1 3 2.7 2.9 2.8 2.3 2.2
雲林
SO2
04/07 1.9 2.2 2.1 2.1 2.1 1.9 1.9 2.2 2.2 2.5 3.4 3.3 3.3 2.7 2.4 2.8 2.5 2.9 3.6 3.1 2.7 2.5 2.5 2.6
雲林
SO2
04/08 1.9 1.6 1.7 1.7 1.5 1.7 1.6 1.7 2.5 2.3 2.6 2.9 3.1 2.7 2.5 2.6 2.4 2.6 2.1 2 1.7 2 1.7 1.6
雲林
SO2
04/09 1.9 2.1 1.6 1.4 1.7 1.3 2.2 2.9 2.1 2.5 2.4 3 3.1 2.5 2.1 1.7 1.7 1.7 2.1 2.1 2.1 1.8 2.2 2.1
雲林
SO2
04/10 2.4 2.2 2.2 2.5 1.8 1.4 1.7 1.7 1.9 3.2 2.2 2.4 2.1 2.1 2.1 1.9 2 1.8 2 2.4 1.8 1.5 1.5 1.7
雲林
SO2
04/11 0.9 2 1.9 1.9 2.1 2.8 4.8 4.1 2.3 2.9 3.4 2.9 2.6 2.2 2.5 2.1 1.6 2 1.6 1.8 1.3 1.3 2 1.6
雲林
SO2
04/12 2.6 1.8 1.9 1.7 1.8 1.8 2.2 2.7 2.2 2.7 2.7 2.7 3 3.4 4.3 5.6 3.5 3.3 2.8 2.7 2.5 2.6 2.4 1.9
雲林
SO2
04/13 1.1 2.9 3.4 4.7 3.1 3.4 3 3.7 3.2 3.7 3.7 3.3 3.4 3.3 3.5 4.8 2.7 2.5 2.7 2.4 2.3 2.4 2.5 2.9
雲林
SO2
04/14 3.4 2.6 3 2.4 2 2.2 2.1 2.6 3 2.9 4 4.9 5.8 4.3 3.4 5.5 6.1 5.6 3.3 2.4 2.3 2.2 2.1 2.1
雲林
SO2
04/15 2.2 2 2 2 2 2.2 2.1 2.6 2.5 2.6 2.6 2.6 2.5 2.5 3.1 3.3# 3.1 2.8 2.9 2.8 2.8 2.6 2.1 2.1
雲林
SO2
04/16 1.8 1.6 1.8 2 2.4 2.3 2.2 2 1.5 1.5 1.9 2 2 2.2 2.4 2.5 2.2 2.2 2.3 2.9 2.3 3 2.2 1.9
雲林
SO2
04/17 2 2.6 2.7 2.6 2.3 2.4 2.6 3 2.8 2.2# 2.4 2.6 2.8 3.6 5.5 6.7 5.8 5.9 5.8 6.6 5.6 5.7 5.1 5.1
雲林
SO2
04/18 3.6 4.1 3.9 3.8 3.9 3.7 4.3 4.6 4.4 4.1 4.3 3.8 3.8 3.7 4 3.6 3.7 4.1 3.8 3.6 3.8 2.8 3 3
雲林
SO2
04/19 2.8 2.6 2.7 2.3 2.1 1.7 1.3 1.5 2.8 3.2 2.4 2.3 2.4 2.2 3.2 1.5 1.3 2.1 1.9 1.8 1.9 1.9 1.5 1.4
雲林
SO2
04/20 1.5 0.7 1 1.2 1 1.2 0.8 1.7 1.6 0.7 1.4 2.7# 0.9# 0.3# 0.4x 1# 0.4 1.9 3.2 2.7 2.4 2.3 1.4 1.5
雲林
SO2
04/21 3 2.7 2.3 1.8 2.5 1.6 1.8 2.2 2 2.1 2.4 2 1.6 2 2.6 2 1.9 1.7 2.2 2.2 1.6 1.6 1.5 1.2
雲林
SO2
04/22 2.1 1.1 1.1 1 1 0.8 1.1 1.1 1.1 1.5 1.7 1.4 1.3 1.4 1.4 1.3 1.5 1.4 1.2 1.3 1.6 1.2 1.4 0.8
雲林
SO2
04/23 0.9 1.4 2.1 2.1 1.6 1.8 1.8 1.9 1.7 1.7 2 2 1.7 1.8 1.8 1.9 1.8 2.2 2.1 2.3 2 1.4 1.2 1.2
雲林
SO2
04/24 1.4 0.4 0.2 0 0.4 0.1 0.3 0.8 0.8 0.7 0.8 0.8 0.6 0.5 0.4 1.7# 1.3 1.8 2.5 1.8 1.5 2.5 1.6 1.4
雲林
SO2
04/25 1.6 0.6 0.4 0 -0.1 0.2 0.2 0.6 0.5 0.3 0.5 0.8 0.7 0.4 0.3 0.5 0.4 0.5 0.5 0.3 0.4 0.9 1.1 0.4
雲林
SO2
04/26 0 2.5 2.5 2.3 2.4 2.2 2.2 2.6 2.5 2.4 2.4 2.6 2.7 3.5 3.6 3.6 3.7 3.7 7.8 3.3 2.6 2.8 2.2 2.2
雲林
SO2
04/27 2.6 2.1 2.1 1.8 1.8 1.6 1.8 1.8 2.2 2.6 2.4 2.6 2.4 3.2 4.9 6.4 6.8 7.3 5.2 3 2.3 1.7 1.7 1.6
雲林
SO2
04/28 2.1 2.4 2.3 2.1 2.4 2.7 4.9 4.1 2.5 3.1 3.2 2.9 2.7 2.8 3.7 4 2.7 2.5 3.4 4.1 4.2 3.6 3.2 3.3
雲林
SO2
04/29 2.4 0.8 1.4 1.3 0.9 1 0.9 0.9 0.9 0.6 0.9 0.8 0.9 1.1 1.4 1.2 1.5 1.5 3.2 2.3 2.8 2.7 2.4 1.7
雲林
SO2
04/30 1.1 2.1 1.5 1.4 1.1 1.2 1.3 1.4 1.5 1.7 1.9 2.1 1.4 1.2 1.5 1.5 1.4 1.2 1.5 1.5 1.4 1.1 1 1.3
雲林
SO2
監測年月：2019/05， 測站：斗六， 測項：SO2（ppb）
雲林
SO2
日期 00 01 02 03 04 05 06 07 08 09 10 11 12 13 14 15 16 17 18 19 20 21 22 23
雲林
SO2
05/01 1.3 1.7 1.5 1.6 1.5 1.6 1.7 1.7 1.7 1.6 1.8 2 1.9 2 2.3 2.5 2.3 2.3 2.6 2.1 2 1.8 2 1.9
雲林
SO2
05/02 2.3 2.5 1.9 2.4 1.8 2.2 2.3 3.7 3.1 2.5 2.7 3.1 3.2 2.4 2.2 1.9 1.8 2 1.9 1.7 1.6 1.5 1.6 1.6
雲林
SO2
05/03 1.1 1.1 1.4 1.5 1.8 1.3 1.2 1.1 1.6 1.7 1.5 1.4 1.1# 1.2 1 1.4 1.5 1.6 1.7 1.4 1.4 1.5 1.3 1.5
雲林
SO2
05/04 1.3 2.5 2.1 1.8 1.9 1.9 1.7 1.6 1.4 1.5 2 2.3 2.3 2.4 2.1 1.9 1.8 2.1 2.5 2.6 2.6 3 2.1 2.1
雲林
SO2
05/05 2.5 1.3 1.7 1.6 1.1 1.1 1.9 3.1 2.4 2.1 1.9 1.6 1.6 1.7 1.9 2.4 3.1 3.6 3.2 1.8 1.7 2.8 1.5 1.9
雲林
SO2
05/06 1.6 0.8 0.7 0.9 0.7 0.8 0.9 0.7 0.7 1 0.9 0.6 0.6 0.6 0.7 0.9 1 0.9 0.8 0.5 0.7 0.7 0.4 0.5
雲林
SO2
05/07 0 1.7 1.6 1.4 1.3 1.4 1.4 1.5 1.7 1.8 2.2 2.1 1.8 2.4 2.3 2.5 2.3 2.2 2.4 3.1 2.4 2.2 3.6 4.6
雲林
SO2
05/08 2.8 2.3 2.2 2.1 2 2.1 2.2 2.5 2.4 2.2 2.4 2.9 2.9 3.6 3.2 3.9 2.6 2.4 2.5 3 2.6 2.6 2.2 2.5
雲林
SO2
05/09 2.1 1.8 1.7 1.7 1.9 1.6 1.4 1.8 1.7 1.3 1.4 1.3 1.4 1.6 1.6 1.5 1.1 1.4 1.6 1.3 1.2 1.1 1.3 1
雲林
SO2
05/10 1.3 1.4 1.6 1.6 1.4 1.7 1.6 2 2.5 2 1.7 2.5 4.6 7.7 4.5 3.9 3.3 2.7 3.1 3.7 2.9 2 1.9 2
雲林
SO2
05/11 2.1 2.8 2.7 2.9 3.1 3.6 4.2 3.4 3.1 2.8 3.2 3.1 3.6 4.5 5.1 6.3 6.7 6.3 5.6 3.6 3.2 3 3.1 3.3
雲林
SO2
05/12 3.1 3.2 3.8 3.8 3.6 3.9 3.5 3.7 4 3.1 3 2.9 3.1 3.5 3.6 3.5 3.9 3.5 3.4 2.9 3.3 3.3 3.5 4
雲林
SO2
05/13 2.3 2.4 3.3 2.4 1.6 1.8 2 1.9 2.1 3 3.3 2.7 2.9 3.5 3 2.3 2.5 2.9 3.4 2.6 2.5 2.3 2.3 2.5
雲林
SO2
05/14 2.9 2.1 2.1 2.1 2.3 2.2 2.5 2.4 2.2 2.2 2.2 2.2 2.4 2.1 2.3 2.6 3.2 3.6 4.3 3.3 2.1 2.7 2.5 3.3
雲林
SO2
05/15 2.4 1.7 2.3 2.7 2 1.8 1.5 1.7 1.5 2 3 2.3 2.3 1.5 1.4 1.5 1.6 2.1 1.8 3.2 2.3 3.8 3.1 2.9
雲林
SO2
05/16 2.2 2.4 2.6 1.9 1.8 1.5 1.7 1.6 2.2 2.6 2.8 2.3 2 1.9 2.1 1.8 1.9 1.8 1.7 1.5 1.8 2 1.9 2.4
雲林
SO2
05/17 1.5 1.8 1.5 1.5 1.7 1.5 1.5 1.9 2 1.9# 1.7 1.8 1.6 1.7 2.1 1.9 1.9 1.9 2.4 2.5 2.3 1.5 1.8 1.2
雲林
SO2
05/18 1.3 1.4 1.6 1.4 1.4 1.4 1.5 1.6 1.5 1.6 1.8 1.7 1.9 1.6 1.7 2 1.9 1.8 1.8 2 1.6 1.4 1.4 1.7
雲林
SO2
05/19 2.2 2.4 2.2 2.3 2.4 2.5 2.7 2.6 2.5 2.5 2.4 2.6 2.3 2.4 2.8 2.7 2.7 2.7 2.9 2.9 2.6 2.7 2.8 2.6
雲林
SO2
05/20 1.8 1.5 1.5 1.5 1.6 1.6 1.6 1.8 1.8 2.4 2.2 1.8 1.9 1.7 1.7 1.7 1.5 1.8 2.4 2.6 2 2.6 1.8 1.8
雲林
SO2
05/21 1.9 2.5 2.8 2.3 2.3 2.4 3 3.5 3.1 2.9 2.9 3 2.8 3.2 3.5 2.8 2.7 2.7 2.6 3.3 2.9 2.5 2.7 2.4
雲林
SO2
05/22 2.6 3.9 3.8 3.4 3.5 3.7 3.5 4.5 4.6 4.7 4.6 4.5 4.8# 5.5 5.4 5.6 5.5 6.2 6 6.4 4.4 4.2 4.4 5.4
雲林
SO2
05/23 4.5 3.3 3.8 3.1 3.5 3.5 3 3.4 4.2 2.8 2.9 3.2 2.6 2.9 2.7 2.6 3 4.1 3 4.2 6.9 6.3 5.3 4.8
雲林
SO2
05/24 4 4.2 3.3 3 2.1 2.4 2.1 2.4 2.7 3.8 3.4 2.7 3.1 2.9 3 2.5 2.4 2.2 2.2 2.4 2.4 2.3 2 1.9
雲林
SO2
05/25 2.1 1 0.9 0.9 1 1.1 1.5 1.9 1.5 1.7 1.3 1.3 1.6 1.3 1.3 1.4 1.4 1.9 6 3.6 2.8 3.2 2.8 2.6
雲林
SO2
05/26 1.9 2.3 2.3 2.1 1.6 1.7 2.8 3.4 2.8 2.6 2.7 2.7 2.4 2.5 2.3 2.2 2.3 2.4 3.6 4.3 4.8 3.2 2.6 2.1
雲林
SO2
05/27 2.9 2.8 2.5 2.5 2.8 2.6 NA NA NA NA 2.7# 4 2.8 1.9 2.5 2.1 2.4 2.7 2.3 2.3 2.2 2.2 2.1 2.2
雲林
SO2
05/28 2.8 2.2 2.2 2.2 2 2.1 2.1 2.4 2.3 2.6 2.7 2.5 2.3 1.8 2.2 2.6 2.3 2.7 2.9 4.1 3.4 2.3 2.3 1.8
雲林
SO2
05/29 1.5 1.3 1.3 1.5 1.3 1.2 1 1.1 1.6 3 1.9 1.7 1.6 1.6 1.8 2.3 2.3 1.8 1.7 1.7 1.6 1.7 1.6 1.6
雲林
SO2
05/30 1.1 1.5 1.6 1.9 3.5 2.6 2.7 3.4 3.2 2.1 2.2 2.1 3.3 3.6 2.9 2.5 2.7 2.9 2.8 2.8 2.5 2.1 2.3 2.3
雲林
CO
01/01 0.37 0.44 0.4 0.43 0.46 0.47 0.49 0.41 0.33 0.32 0.29 0.3 0.32 0.32 0.32 0.31 0.33 0.4 0.38 0.37 0.33 0.32 0.32 0.34
雲林
CO
01/02 0.36 0.34 0.31 0.29 0.28 0.24 0.28 0.39 0.3 0.28 0.37 0.39 0.45 0.43 0.38 0.4 0.44 0.52 0.44 0.45 0.42 0.44 0.41 0.38
雲林
CO
01/03 0.37 0.39 0.42 0.38 0.37 0.34 0.33 0.34 0.34 0.35 0.35 0.37 0.39 0.42 0.41 0.44 0.44 0.52 0.52 0.54 0.51 0.51 0.51 0.55
雲林
CO
01/04 0.61 0.49 0.49 0.47 0.47 0.47 0.51 0.66 0.86 0.66 0.59 0.65# 0.55 0.49 0.45 0.47 0.47 0.45 0.49 0.54 0.52 0.49 0.45 0.42
雲林
CO
01/05 0.45 0.48 0.48 0.49 0.47 0.43 0.48 0.48 0.47 0.49 0.55 0.45 0.36 0.4 0.35 0.33 0.5 0.67 0.61 0.77 0.8 0.85 0.64 0.52
雲林
CO
01/06 0.54 0.59 0.59 0.56 0.5 0.48 0.49 0.51 0.52 0.54 0.55 0.5 0.49 0.51 0.52 0.54 0.59 0.62 0.63 0.6 0.6 0.59 0.55 0.57
雲林
CO
01/07 0.55 0.58 0.52 0.52 0.45 0.43 0.47 0.65 0.71 0.58 0.55 0.49 0.47 0.41 0.45 0.5 0.51 0.59 0.51 0.43 0.39 0.4 0.41 0.48
雲林
CO
01/08 0.43 0.38 0.41 0.41 0.3 0.28 0.3 0.35 0.35 0.37 0.39 0.4 0.36 0.34 0.36 0.36 0.36 0.41 0.41 0.44 0.41 0.39 0.37 0.37
雲林
CO
01/09 0.39 0.36 0.36 0.36 0.32 0.3 0.33 0.4 0.38 0.41 0.44 0.45 0.41# 0.39# 0.41 0.41 0.43# 0.55 0.51 0.52 0.49 0.52 0.5 0.5
雲林
CO
01/10 0.5 0.46 0.48 0.49 0.51 0.51 0.58 0.7 0.54 0.5 0.49 0.48 0.43 0.4 0.4 0.45 0.45 0.45 0.45 0.36 0.36 0.38 0.43 0.44
雲林
CO
01/11 0.45 0.49 0.49 0.48 0.47 0.46 0.49 0.62 0.57 0.56 0.51 0.52 0.49 0.43 0.37 0.35 0.35 0.45 0.51 0.7 0.86 0.92 0.98 0.93
雲林
CO
01/12 0.58 0.33 0.39 0.51 0.51 0.39 0.58 0.71 0.64 0.51 0.57 0.51 0.52 0.44 0.34 0.39 0.45 0.67 0.65 0.58 0.63 0.61 0.63 0.66
雲林
CO
01/13 0.66 0.62 0.61 0.57 0.58 0.55 0.56 0.56 0.59 0.58 0.6 0.56 0.54 0.56 0.53 0.53 0.56 0.58 0.59 0.59 0.59 0.54 0.52 0.53
雲林
CO
01/14 0.53 0.48 0.46 0.43 0.44 0.43 0.47 0.53 0.44 0.47 0.48 0.48 0.44# 0.44 0.5 0.41 0.41 0.46 0.43 0.45 0.46 0.43 0.42 0.37
雲林
CO
01/15 0.37 0.33 0.3 0.3 0.33 0.36 0.4 0.52 0.59# 0.53 0.51 0.55 0.53 0.51# 0.37 0.38 0.43 0.41 0.41 0.35 0.32 0.31 0.32 0.32
雲林
CO
01/16 0.29 0.31 0.29 0.28 0.27 0.31 0.4 0.5 0.54 0.58 0.63 0.62 0.59 0.55 0.49 0.48 0.48 0.49 0.52 0.55 0.58 0.6 0.52 0.46
雲林
CO
01/17 0.48 0.26 0.25 0.25 0.25 0.25 0.28 0.36 0.35 0.33 0.32 0.35 0.33 0.35# 0.38 0.36 0.39 0.43 0.41 0.44 0.43 0.46 0.48 0.41
雲林
CO
01/18 0.38 0.43 0.45 0.39 0.39 0.43 0.51 0.52 0.59 0.66 0.57 0.52 0.5 0.43 0.41 0.45 0.53 0.45 0.41 0.4 0.41 0.38 0.4 0.4
雲林
CO
01/19 0.44 0.42 0.39 0.4 0.41 0.42 0.4 0.56 0.54 0.56 0.61 0.62 0.64 0.61 0.55 0.49 0.6 0.56 0.6 0.83 0.86 0.89 1.04 0.9
雲林
CO
01/20 0.79 0.74 0.72 0.66 0.63 0.55 0.68 0.88 0.87 0.77 0.65 0.76 0.6 0.56 0.4 0.47 0.61 0.75 0.83 0.76 0.72 0.73 0.66 0.57
雲林
CO
01/21 0.49 0.49 0.5 0.5 0.48 0.45 0.44 0.48 0.42 0.43 0.43 0.46 0.45 0.43 0.4 0.3 0.28 0.3 0.31 0.31 0.31 0.31 0.28 0.28
雲林
CO
01/22 0.26 0.25 0.25 0.23 0.22 0.27 0.29 0.33 0.33 0.38 0.37 0.38 0.37 0.38 0.37# 0.39 0.42 0.47 0.49 0.49 0.47 0.51 0.48 0.46
雲林
CO
01/23 0.5 0.51 0.54 0.52 0.48 0.42 0.45 0.51 0.57 0.5 0.49 0.44 0.44 0.44 0.56 0.53 0.55 0.65 0.66 0.51 0.47 0.55 0.53 0.57
雲林
CO
01/24 0.56 0.61 0.56 0.56 0.58 0.61 0.64 0.89 0.74 0.61 0.56 0.45 0.47 0.42 0.5 0.49 0.58 0.76 0.79 0.62 0.55 0.6 0.78 0.65
雲林
CO
01/25 0.69 0.59 0.56 0.53 0.54 0.5 0.55 0.74 0.53 0.47 0.46 0.52 0.46 0.46 0.51 0.55 0.63 0.62 0.6 0.61 0.65 0.68 0.61 0.55
雲林
CO
01/26 0.55 0.56 0.6 0.54 0.53 0.47 0.54 0.57 0.43 0.35 0.32 0.28 0.28 0.31 0.36 0.38 0.41 0.44 0.38 0.32 0.27 0.26 0.22 0.2
雲林
CO
01/27 0.19 0.18 0.17 0.16 0.16 0.15 0.17 0.2 0.23 0.25 0.27 0.29 0.27 0.28 0.26 0.27 0.31 0.34 0.31 0.31 0.37 0.38 0.41 0.35
雲林
CO
01/28 0.37 0.44 0.45 0.42 0.45 0.47 0.48 0.59 0.59 0.35 0.46 0.49 0.52 0.4 0.39 0.37 0.35 0.46 0.66 0.58 0.54 0.45 0.45 0.43
雲林
CO
01/29 0.5 0.4 0.43 0.42 0.4 0.37 0.45 0.5 0.53 0.39 0.48 0.5 0.39 0.37 0.43 0.42 0.47 0.55 0.49 0.48 0.48 0.43 0.39 0.41
雲林
CO
01/30 0.43 0.48 0.44 0.45 0.48 0.45 0.42 0.55 0.56 0.55 0.54 0.48 0.43 0.36 0.3 0.28 0.38 0.64 0.9 0.96 0.94 0.62 0.57 0.43
雲林
CO
01/31 0.33 0.3 0.27 0.27 0.26 0.26 0.37 0.44 0.35 0.32 0.3 0.3 0.26 0.24 0.26 0.29 0.31 0.37 0.45 0.63 0.44 0.44 0.4 0.48
雲林
CO
監測年月：2019/02， 測站：斗六， 測項：CO（ppm）
雲林
CO
日期 00 01 02 03 04 05 06 07 08 09 10 11 12 13 14 15 16 17 18 19 20 21 22 23
雲林
CO
02/01 0.43 0.39 0.43 0.45 0.41 0.38 0.36 0.39 0.39 0.38 0.39 0.41 0.44 0.45 0.47 0.5 0.54 0.63 0.64 0.63 0.64 0.58 0.53 0.54
雲林
CO
02/02 0.57 0.61 0.61 0.63 0.66 0.65 0.69 0.78 0.77 0.74 0.69 0.67 0.59 0.53 0.52 0.47 0.49 0.6 0.62 0.62 0.63 0.64 0.77 0.85
雲林
CO
02/03 0.89 0.65 0.62 0.49 0.43 0.37 0.42 0.53 0.65 0.53 0.46 0.49 0.39 0.28 0.37 0.41 0.46 0.5 0.53 0.56 0.54 0.57 0.57 0.38
雲林
CO
02/04 0.3 0.3 0.27 0.28 0.27 0.31 0.42 0.4 0.44 0.67# 0.78 0.77 0.72 0.71 0.65 0.8 0.89 0.85 0.91 0.93 0.95 0.88 0.87 0.89
雲林
CO
02/05 0.89 0.81 0.78 0.76 0.75 0.7 0.62 0.66 0.65 0.74 0.79 0.81 0.79 0.62 0.63 0.59 0.46 0.37 0.36 0.35 0.4 0.35 0.38 0.39
雲林
CO
02/06 0.4 0.39 0.37 0.34 0.31 0.31 0.44 0.45 0.4 0.4 0.39 0.42 0.41 0.31 0.3 0.31 0.33 0.35 0.38 0.41 0.41 0.48 0.56 0.55
雲林
CO
02/07 0.39 0.34 0.33 0.32 0.29 0.29 0.33 0.36 0.32 0.31 0.29 0.26 0.22 0.2 0.21 0.22 0.26 0.34 0.4 0.46 0.47 0.52 0.51 0.53
雲林
CO
02/08 0.47 0.46 0.44 0.43 0.43 0.43 0.44 0.42 0.43 0.47 0.41 0.37 0.34 0.42 0.38 0.33 0.39 0.49 0.45 0.3 0.31 0.32 0.32 0.35
雲林
CO
02/09 0.37 0.34 0.36 0.34 0.36 0.37 0.33 0.41 0.39 0.37 0.35 0.33 0.32 0.29 0.29 0.31 0.3 0.3 0.35 0.35 0.36 0.33 0.3 0.28
雲林
CO
02/10 0.28 0.29 0.27 0.27 0.26 0.27 0.23 0.24 0.28 0.3 0.33 0.35 0.34 0.29 0.32 0.34 0.45 0.51 0.4 0.39 0.41 0.39 0.4 0.39
雲林
CO
02/11 0.35 0.29 0.28 0.29 0.29 0.27 0.24 0.28 0.26 0.28 0.28 0.31 0.32 0.3 0.28 0.27 0.28 0.33 0.34 0.33 0.35 0.35 0.33 0.31
雲林
CO
02/12 0.33 0.34 0.32 0.34 0.4 0.39 0.42 0.43 0.44 0.41 0.34 0.31# 0.27 0.26 0.35 0.37 0.41 0.5 0.38 0.31 0.31 0.31 0.36 0.37
雲林
CO
02/13 0.48 0.56 0.53 0.6 0.6 0.57 0.64 0.64 0.45 0.41 0.34 0.32 0.52 0.31 0.35 0.37 0.35 0.38 0.43 0.47 0.43 0.35 0.34 0.37
雲林
CO
02/14 0.35 0.32 0.3 0.31 0.34 0.34 0.39 0.51 0.32 0.35 0.36 0.32 0.29 0.38 0.37 0.32 0.31 0.43 0.44 0.45 0.48 0.48 0.46 0.45
雲林
CO
02/15 0.45 0.47 0.47 0.49 0.49 0.49 0.55 0.7 0.52 0.45 0.45 0.43 0.32 0.32 0.3 0.3 0.33 0.43 0.43 0.52 0.49 0.52 0.47 0.33
雲林
CO
02/16 0.4 0.31 0.5 0.55 0.48 0.44 0.46 0.42 0.42 0.4 0.36 0.35 0.37 0.32 0.31 0.38 0.36 0.4 0.45 0.51 0.53 0.49 0.44 0.44
雲林
CO
02/17 0.45 0.44 0.39 0.39 0.37 0.36 0.41 0.43 0.38 0.43 0.43 0.41 0.4 0.37 0.39 0.39 0.37 0.37 0.4 0.36 0.4 0.37 0.32 0.31
雲林
CO
02/18 0.34 0.37 0.39 0.4 0.4 0.4 0.41 0.47 0.48 0.47 0.53 0.48 0.46 0.36 0.35 0.39 0.44 0.51 0.56 0.47 0.51 0.57 0.49 0.55
雲林
CO
02/19 0.6 0.39 0.21 0.28 0.29 0.31 0.46 0.81 1.09 0.97 0.74# 0.62 0.53 0.36 0.33 0.33 0.39 0.54 0.59 0.5 0.46 0.51 0.55 0.55
雲林
CO
02/20 0.58 0.48 0.38 0.37 0.35 0.33 0.39 0.54 0.64 0.76 0.42 0.34 0.33 0.33 0.41 0.42 0.4 0.43 0.46 0.44 0.56 0.78 0.83 0.75
雲林
CO
02/21 0.6 0.61 0.53 0.48 0.47 0.49 0.53 0.55 0.53 0.57 0.61 0.53 0.44 0.39 0.35 0.33 0.4 0.45 0.66 0.59 0.33 0.37 0.46 0.42
雲林
CO
02/22 0.36 0.32 0.39 0.39 0.35 0.35 0.43 0.54 0.44 0.47 0.45 0.48 0.47 0.47 0.41 0.37 0.32 0.37 0.39 0.45 0.44 0.41 0.41 0.4
雲林
CO
02/23 0.41 0.36 0.35 0.39 0.4 0.4 0.46 0.5 0.5 0.53 0.55 0.57 0.66 0.55 0.55 0.59 0.58 0.6 0.59 0.54 0.56 0.49 0.51 0.47
雲林
CO
02/24 0.49 0.46 0.42 0.38 0.38 0.37 0.37 0.43 0.4 0.37 0.42 0.44 0.47 0.37 0.36 0.38 0.45 0.45 0.46 0.45 0.5 0.49 0.5 0.47
雲林
CO
02/25 0.45 0.44 0.41 0.38 0.38 0.37 0.43 0.47 0.45 0.45 0.41 0.37 0.35 0.34 0.36 0.42 0.45 0.5 0.39 0.38 0.4 0.42 0.39 0.37
雲林
CO
02/26 0.41 0.43 0.34 0.33 0.37 0.41 0.39 0.41 0.42 0.45 0.45# 0.52 0.45 0.39 0.4 0.43 0.5 0.62 0.44 0.49 0.42 0.36 0.35 0.39
雲林
CO
02/27 0.42 0.37 0.37 0.38 0.42 0.42 0.44 0.51 0.47 0.5 0.48 0.51 0.49 0.44 0.39 0.36 0.38 0.43 0.4 0.41 0.47 0.49 0.5 0.47
雲林
CO
02/28 0.46 0.39 0.39 0.44 0.51 0.46 0.46 0.45 0.42 0.43 0.42 0.46 0.47 0.39 0.35 0.41 0.51 0.57 0.67 0.64 0.51 0.41 0.41 0.41
雲林
CO
監測年月：2019/03， 測站：斗六， 測項：CO（ppm）
雲林
CO
日期 00 01 02 03 04 05 06 07 08 09 10 11 12 13 14 15 16 17 18 19 20 21 22 23
雲林
CO
03/01 0.42 0.43 0.36 0.35 0.35 0.36 0.4 0.4 0.4 0.46 0.47 0.5 0.58 0.48 0.45 0.42 0.43 0.53 0.47 0.45 0.41 0.44 0.43 0.44
雲林
CO
03/02 0.45 0.42 0.38 0.4 0.4 0.42 0.44 0.5 0.55 0.53 0.52 0.51 0.52 0.44 0.43 0.4 0.38 0.45 0.48 0.49 0.49 0.61 0.62 0.52
雲林
CO
03/03 0.47 0.43 0.38 0.33 0.39 0.4 0.27 0.34 0.37 0.36 0.39 0.38 0.55 0.36 0.28 0.31 0.36 0.44 0.41 0.38 0.42 0.47 0.5 0.36
雲林
CO
03/04 0.38 0.34 0.33 0.33 0.32 0.34 0.36 0.39 0.35 0.34 0.33 0.39 0.35 0.35 0.41 0.47 0.51 0.63 0.66 0.66 0.77 0.75 0.67 0.68
雲林
CO
03/05 0.74 0.79 0.81 0.78 0.8 0.77 0.77 0.89 0.87 0.8 0.62 0.65 0.65 0.61 0.59 0.58 0.51 0.52 0.55 0.47 0.43 0.44 0.43 0.46
雲林
CO
03/06 0.44 0.45 0.43 0.43 0.42 0.41 0.44 0.55 0.47 0.38 0.37 0.3 0.33 0.42 0.38 0.38 0.36 0.4 0.39 0.39 0.39 0.41 0.4 0.42
雲林
CO
03/07 0.44 0.41 0.32 0.33 0.33 0.34 0.36 0.39 0.44 0.43 0.46 0.45 0.36 0.33 0.32 0.36 0.41 0.46 0.43 0.44 0.51 0.59 0.49 0.48
雲林
CO
03/08 0.44 0.45 0.45 0.44 0.44 0.47 0.51 0.54 0.52 0.56 0.6# 0.7 0.63 0.57 0.44 0.54 0.47 0.49 0.48 0.43 0.45 0.51 0.46 0.5
雲林
CO
03/09 0.51 0.47 0.43 0.46 0.45 0.42 0.44 0.55 0.67 0.55 0.46 0.42 0.44 0.37 0.35 0.41 0.53 0.41 0.45 0.44 0.52 0.59 0.67 0.81
雲林
CO
03/10 0.77 0.35 0.18 0.17 0.17 0.15 0.17 0.21 0.36 0.42 0.25 0.36 0.38 0.3 0.44 0.33 0.41 0.43 0.47 0.45 0.43 0.5 0.51 0.44
雲林
CO
03/11 0.46 0.48 0.48 0.49 0.51 0.51 0.5 0.62 0.61 0.67 0.59 0.55 0.61 0.6 0.56 0.67 0.57 0.59 0.69 0.58 0.63 0.71 0.84 0.55
雲林
CO
03/12 0.52 0.59 0.53 0.49 0.54 0.57 0.54 0.68 0.86 0.74 0.51 0.48 0.44 0.4 0.36 0.39 0.49 0.52 0.57 0.48 0.45 0.54 0.6 0.5
雲林
CO
03/13 0.41 0.39 0.35 0.35 0.38 0.37 0.49 0.6 0.42 0.46 0.55 0.47 0.36# 0.35 0.37 0.33 0.31 0.36 0.51 0.52 0.5 0.49 0.43 0.5
雲林
CO
03/14 0.4 0.39 0.42 0.38 0.38 0.43 0.48 0.66 0.58 0.4 0.37 0.37 0.34 0.34 0.34 0.35 0.48 0.54 0.49 0.39 0.43 0.39 0.32 0.31
雲林
CO
03/15 0.31 0.24 0.22 0.23 0.22 0.23 0.23 0.27 0.28 0.32 0.32 0.34 0.32 0.31 0.29 0.31 0.35 0.4 0.42 0.41 0.36 0.36 0.42 0.37
雲林
CO
03/16 0.35 0.36 0.37 0.39 0.41 0.45 0.51 0.6 0.65 0.6 0.55 0.54 0.53 0.45 0.42 0.41 0.42 0.49 0.53 0.6 0.53 0.46 0.51 0.56
雲林
CO
03/17 0.5 0.44 0.45 0.41 0.37 0.35 0.46 0.48 0.51 0.48 0.39 0.4 0.41 0.37 0.39 0.38 0.41 0.45 0.38 0.43 0.39 0.35 0.34 0.39
雲林
CO
03/18 0.42 0.38 0.39 0.39 0.42 0.45 0.51 0.55 0.54 0.54 0.59 0.54 0.49 0.42 0.4 0.44 0.42 0.38 0.4 0.53 0.53 0.56 0.59 0.59
雲林
CO
03/19 0.49 0.5 0.43 0.41 0.42 0.37 0.72 0.78 0.64 0.46 0.47 0.46 0.47 0.46 0.51 0.46 0.56 0.68 0.62 0.62 0.59 0.72 0.78 0.78
雲林
CO
03/20 0.73 0.59 0.58 0.56 0.55 0.54 0.7 0.85 0.73 0.73 0.58# 0.54 0.53 0.47 0.46 0.4 0.37 0.51 0.55 0.45 0.37 0.38 0.36 0.31
雲林
CO
03/21 0.32 0.31 0.3 0.27 0.25 0.23 0.29 0.49 0.36 0.27 0.31 0.31 0.26 0.25 0.24 0.25 0.24 0.29 0.4 0.31 0.36 0.39 0.3 0.23
雲林
CO
03/22 0.26 0.24 0.2 0.19 0.18 0.2 0.26 0.36 0.34 0.32 0.3 0.34 0.33 0.27 0.35 0.4 0.52 0.6 0.48 0.45 0.42 0.41 0.38 0.38
雲林
CO
03/23 0.39 0.37 0.3 0.3 0.28 0.25 0.25 0.26 0.29 0.31 0.3 0.3 0.32 0.35 0.3 0.29 0.31 0.32 0.28 0.28 0.27 0.23 0.23 0.25
雲林
CO
03/24 0.25 0.2 0.19 0.19 0.19 0.21 0.2 0.24 0.3 0.32 0.3 0.45 0.45 0.48 0.45 0.42 0.42 0.47 0.6 0.53 0.43 0.4 0.45 0.52
雲林
CO
03/25 0.44 0.44 0.41 0.45 0.44 0.45 0.48 0.63 0.9 0.62 0.51 0.51 0.56 0.51 0.48 0.54 0.58 0.6 0.76 0.76 0.85 0.66 0.63 0.63
雲林
CO
03/26 0.58 0.62 0.69 0.55 0.53 0.39 0.44 0.53 0.44 0.41 0.4 0.4 0.37 0.33 0.36 0.37 0.46 0.51 0.68 0.63 0.58 0.61 0.57 0.55
雲林
CO
03/27 0.57 0.47 0.51 0.46 0.47 0.52 0.51 0.51 0.33 0.38 0.33 0.31 0.33 0.34 0.38 0.37 0.36 0.38 0.44 0.36 0.31 0.34 0.43 0.38
雲林
CO
03/28 0.32 0.32 0.32 0.31 0.3 0.37 0.37 0.54 0.77 0.48 0.35 0.42 0.31 0.27 0.3 0.29 0.33 0.42 0.37 0.36 0.35 0.32 0.29 0.26
雲林
CO
03/29 0.23 0.25 0.24 0.21 0.23 0.26 0.3 0.43 0.32 0.32 0.3 0.31 0.28 0.23 0.26 0.28 0.3 0.37 0.4 0.38 0.33 0.36 0.24 0.23
雲林
CO
03/30 0.22 0.24 0.24 0.22 0.24 0.28 0.31 0.32 0.31 0.32 0.43 0.4 0.34 0.32 0.4 0.46 0.46 0.48 0.42 0.39 0.41 0.48 0.63 0.63
雲林
CO
03/31 0.6 0.54 0.45 0.43 0.42 0.56 0.49 0.46 0.46 0.42 0.43 0.45 0.42 0.34 0.48 0.43 0.43 0.44 0.44 0.42 0.36 0.35 0.32 0.32
雲林
CO
監測年月：2019/04， 測站：斗六， 測項：CO（ppm）
雲林
CO
日期 00 01 02 03 04 05 06 07 08 09 10 11 12 13 14 15 16 17 18 19 20 21 22 23
雲林
CO
04/01 0.3 0.28 0.28 0.22 0.22 0.19 0.22 0.36 0.27 0.31# 0.33# 0.35 0.34 0.36 0.34 0.33 0.31 0.36 0.36 0.35 0.34 0.38 0.4 0.4
雲林
CO
04/02 0.41 0.41 0.4 0.39 0.41 0.42 0.48 0.6 0.67 0.55 0.52 0.5 0.45 0.32 0.31 0.28 0.29 0.36 0.37 0.38 0.42 0.4 0.37 0.39
雲林
CO
04/03 0.38 0.43 0.26 0.29 0.32 0.22 0.28 0.29 0.28 0.32 0.35 0.32 0.27 0.26 0.26 0.25 0.26 0.27 0.29 0.32 0.39 0.38 0.36 0.36
雲林
CO
04/04 0.35 0.37 0.38 0.39 0.37 0.39 0.44 0.49 0.45 0.41 0.42 0.4 0.28 0.28 0.28 0.28 0.3 0.3 0.34 0.28 0.27 0.28 0.32 0.33
雲林
CO
04/05 0.33 0.36 0.34 0.36 0.37 0.39 0.43 0.59 0.65 0.48 0.42 0.41 0.43 0.43 0.4 0.39 0.45 0.44 0.49 0.6 0.65 0.72 0.73 0.71
雲林
CO
04/06 0.69 0.61 0.55 0.5 0.57 0.62 0.63 0.58 0.51 0.59 0.54 0.56 0.48 0.39 0.39 0.36 0.36 0.48 0.54 0.55 0.46 0.4 0.63 0.56
雲林
CO
04/07 0.43 0.38 0.38 0.34 0.34 0.32 0.35 0.45 0.43 0.42 0.44 0.39 0.37 0.33 0.37 0.36 0.36 0.39 0.49 0.46 0.57 0.57 0.52 0.49
雲林
CO
04/08 0.42 0.39 0.35 0.34 0.32 0.29 0.34 0.45 0.43 0.4 0.39 0.35 0.35 0.31 0.33 0.36 0.36 0.44 0.45 0.46 0.37 0.41 0.36 0.33
雲林
CO
04/09 0.3 0.33 0.33 0.31 0.35 0.34 0.41 0.56 0.47 0.51 0.47 0.44 0.44 0.31 0.28 0.26 0.27 0.35 0.4 0.4 0.42 0.37 0.33 0.34
雲林
CO
04/10 0.32 0.23 0.23 0.23 0.21 0.21 0.29 0.34 0.34 0.35 0.3 0.28 0.27 0.25 0.26 0.23 0.25 0.32 0.29 0.22 0.2 0.21 0.25 0.26
雲林
CO
04/11 0.23 0.26 0.32 0.33 0.35 0.45 0.65 0.55 0.39 0.4 0.4 0.36 0.34 0.24 0.22 0.23 0.27 0.36 0.35 0.38 0.38 0.32 0.39 0.38
雲林
CO
04/12 0.31 0.25 0.24 0.28 0.3 0.29 0.28 0.35 0.33 0.35 0.39 0.38 0.39 0.43 0.48 0.53 0.43 0.4 0.41 0.45 0.44 0.44 0.41 0.34
雲林
CO
04/13 0.38 0.43 0.42 0.45 0.42 0.46 0.52 0.54 0.43 0.39 0.34 0.36 0.35 0.33 0.29 0.35 0.28 0.37 0.41 0.37 0.43 0.49 0.53 0.42
雲林
CO
04/14 0.56 0.48 0.37 0.25 0.24 0.24 0.3 0.35 0.35 0.36 0.32 0.39 0.42 0.31 0.26 0.33 0.37 0.43 0.33 0.32 0.35 0.32 0.3 0.31
雲林
CO
04/15 0.31 0.3 0.28 0.29 0.3 0.31 0.3 0.32 0.34 0.34 0.39 0.43 0.39 0.38 0.38 0.42# 0.45 0.48 0.46 0.46 0.5 0.47 0.49 0.48
雲林
CO
04/16 0.48 0.44 0.42 0.38 0.38 0.33 0.39 0.5 0.29 0.33 0.38 0.36 0.38 0.37 0.38 0.42 0.42 0.49 0.61 0.64 0.69 0.64 0.5 0.59
雲林
CO
04/17 0.58 0.41 0.34 0.28 0.26 0.26 0.3 0.33 0.33 0.34# 0.34 0.37 0.37 0.37 0.47 0.51 0.5 0.61 0.62 0.65 0.63 0.7 0.67 0.61
雲林
CO
04/18 0.53 0.51 0.49 0.44 0.51 0.46 0.45 0.44 0.44 0.44 0.4 0.39 0.38 0.36 0.37 0.37 0.4 0.42 0.46 0.43 0.49 0.54 0.48 0.48
雲林
CO
04/19 0.47 0.43 0.43 0.43 0.52 0.47 0.31 0.39 0.49 0.44 0.32 0.41 0.44 0.39 0.39 0.25 0.27 0.38 0.46 0.47 0.47 0.45 0.35 0.25
雲林
CO
04/20 0.21 0.24 0.25 0.28 0.28 0.29 0.32 0.38 0.29 0.3 0.32 0.29# 0.28 0.31 0.34 0.39# 0.37 0.45 0.43 0.53 0.51 0.39 0.33 0.35
雲林
CO
04/21 0.41 0.41 0.3 0.2 0.23 0.19 0.24 0.31 0.43 0.45 0.4 0.27 0.28 0.28 0.29 0.32 0.36 0.38 0.44 0.54 0.42 0.35 0.33 0.27
雲林
CO
04/22 0.21 0.21 0.2 0.2 0.21 0.23 0.29 0.41 0.31 0.3 0.3 0.29 0.26 0.23 0.23 0.22 0.24 0.33 0.33 0.26 0.27 0.25 0.19 0.18
雲林
CO
04/23 0.15 0.15 0.17 0.15 0.14 0.17 0.27 0.33 0.23 0.24 0.25 0.24 0.22 0.18 0.18 0.19 0.2 0.27 0.36 0.28 0.27 0.21 0.18 0.14
雲林
CO
04/24 0.13 0.12 0.12 0.15 0.25 0.2 0.29 0.31 0.24 0.22 0.24 0.23 0.2 0.16 0.18 0.2 0.2 0.3 0.34 0.31 0.28 0.24 0.2 0.18
雲林
CO
04/25 0.18 0.17 0.16 0.14 0.14 0.17 0.21 0.3 0.23 0.25 0.25 0.25 0.21 0.15 0.16 0.18 0.23 0.28 0.34 0.32 0.25 0.34 0.33 0.19
雲林
CO
04/26 0.14 0.19 0.18 0.14 0.16 0.15 0.18 0.26 0.17 0.21 0.22 0.22 0.21 0.22 0.29 0.29 0.3 0.33 0.45 0.33 0.32 0.33 0.26 0.26
雲林
CO
04/27 0.29 0.26 0.24 0.22 0.22 0.21 0.27 0.26 0.32 0.39 0.51 0.59 0.48 0.52 0.53 0.55 0.52 0.59 0.55 0.42 0.36 0.37 0.36 0.4
雲林
CO
04/28 0.41 0.41 0.37 0.35 0.39 0.43 0.47 0.46 0.44 0.45 0.4 0.37 0.35 0.32 0.31 0.28 0.24 0.27 0.34 0.42 0.53 0.53 0.52 0.49
雲林
CO
04/29 0.42 0.36 0.34 0.32 0.33 0.37 0.38 0.42 0.33 0.32 0.28 0.3 0.28 0.24 0.24 0.2 0.21 0.29 0.31 0.27 0.26 0.31 0.33 0.3
雲林
CO
04/30 0.29 0.23 0.21 0.19 0.2 0.2 0.28 0.32 0.31 0.33 0.33 0.31 0.22 0.2 0.2 0.2 0.22 0.31 0.36 0.31 0.28 0.25 0.22 0.21
雲林
CO
監測年月：2019/05， 測站：斗六， 測項：CO（ppm）
雲林
CO
日期 00 01 02 03 04 05 06 07 08 09 10 11 12 13 14 15 16 17 18 19 20 21 22 23
雲林
CO
05/01 0.17 0.16 0.14 0.14 0.14 0.16 0.17 0.24 0.25 0.28 0.27 0.32 0.36 0.39 0.39 0.42 0.43 0.48 0.47 0.52 0.52 0.49 0.49 0.51
雲林
CO
05/02 0.49 0.49 0.49 0.5 0.39 0.36 0.37 0.47 0.49 0.47 0.52 0.59 0.52 0.4 0.35 0.39 0.42 0.48 0.46 0.54 0.43 0.37 0.37 0.4
雲林
CO
05/03 0.43 0.46 0.46 0.54 0.59 0.56 0.51 0.41 0.42 0.47 0.5 0.57 0.52# 0.47 0.46 0.47 0.42 0.42 0.53 0.48 0.4 0.39 0.51 0.47
雲林
CO
05/04 0.44 0.41 0.4 0.36 0.34 0.37 0.35 0.35 0.4 0.45 0.45 0.45 0.41 0.38 0.3 0.29 0.32 0.37 0.42 0.45 0.47 0.47 0.43 0.39
雲林
CO
05/05 0.33 0.26 0.27 0.22 0.23 0.23 0.24 0.29 0.41 0.36 0.27 0.28 0.29 0.32 0.3 0.42 0.35 0.35 0.4 0.31 0.35 0.36 0.34 0.31
雲林
CO
05/06 0.3 0.35 0.33 0.41 0.36 0.35 0.41 0.47 0.44 0.45 0.5 0.43 0.36 0.33 0.33 0.38 0.41 0.45 0.4 0.35 0.31 0.33 0.3 0.26
雲林
CO
05/07 0.24 0.22 0.23 0.24 0.23 0.22 0.23 0.28 0.26 0.31 0.32 0.28 0.27 0.26 0.28 0.29 0.3 0.3 0.32 0.36 0.31 0.29 0.36 0.42
雲林
CO
05/08 0.36 0.32 0.3 0.26 0.28 0.33 0.38 0.45 0.5 0.44 0.46 0.4 0.44 0.47 0.42 0.38 0.3 0.34 0.39 0.47 0.52 0.51 0.44 0.4
雲林
CO
05/09 0.4 0.44 0.43 0.43 0.48 0.42 0.45 0.48 0.5 0.43 0.44 0.36 0.39 0.37 0.34 0.36 0.37 0.47 0.44 0.45 0.39 0.47 0.45 0.38
雲林
CO
05/10 0.38 0.32 0.29 0.32 0.35 0.39 0.43 0.42 0.4 0.34 0.35 0.43 0.54 0.79 0.51 0.41 0.42 0.45 0.66 0.52 0.44 0.31 0.3 0.32
雲林
CO
05/11 0.35 0.36 0.38 0.42 0.45 0.46 0.5 0.48 0.48 0.44 0.42 0.37 0.39 0.41 0.45 0.57 0.57 0.52 0.54 0.38 0.38 0.37 0.46 0.47
雲林
CO
05/12 0.46 0.51 0.52 0.43 0.44 0.44 0.43 0.42 0.37 0.39 0.39 0.38 0.37 0.36 0.34 0.31 0.28 0.29 0.27 0.26 0.31 0.39 0.36 0.36
雲林
CO
05/13 0.3 0.28 0.24 0.24 0.24 0.23 0.26 0.3 0.35 0.36 0.34 0.27 0.25 0.23 0.2 0.2 0.23 0.31 0.29 0.39 0.34 0.38 0.41 0.35
雲林
CO
05/14 0.31 0.26 0.24 0.22 0.22 0.24 0.27 0.35 0.3 0.25 0.28 0.29 0.25 0.23 0.22 0.2 0.22 0.29 0.31 0.27 0.24 0.3 0.27 0.21
雲林
CO
05/15 0.19 0.19 0.2 0.21 0.27 0.21 0.22 0.26 0.25 0.27 0.25 0.24 0.22 0.22 0.21 0.2 0.24 0.33 0.4 0.38 0.34 0.35 0.31 0.27
雲林
CO
05/16 0.27 0.24 0.23 0.18 0.15 0.17 0.25 0.27 0.28 0.34 0.35 0.32 0.26 0.25 0.25 0.25 0.27 0.38 0.34 0.35 0.36 0.26 0.21 0.15
雲林
CO
05/17 0.14 0.1 0.08 0.08 0.08 0.11 0.15 0.27 0.31 0.33# 0.32 0.31# 0.21 0.18 0.19 0.18 0.2 0.34 0.41 0.31 0.31 0.3 0.18 0.13
雲林
CO
05/18 0.13 0.12 0.13 0.11 0.11 0.14 0.18 0.23 0.25 0.3 0.27 0.24 0.26 0.21 0.2 0.23 0.26 0.31 0.3 0.31 0.25 0.19 0.19 0.17
雲林
CO
05/19 0.16 0.18 0.14 0.15 0.14 0.19 0.25 0.24 0.22 0.22 0.27 0.24 0.21 0.2 0.19 0.19 0.2 0.24 0.32 0.4 0.3 0.27 0.22 0.2
雲林
CO
05/20 0.15 0.09 0.08 0.08 0.08 0.11 0.2 0.19 0.2 0.25 0.24 0.21 0.26 0.14 0.15 0.26 0.27 0.28 0.41 0.42 0.42 0.57 0.37 0.31
雲林
CO
05/21 0.31 0.36 0.38 0.32 0.33 0.31 0.33 0.38 0.38 0.37 0.45 0.47 0.4 0.47 0.43 0.38 0.45 0.44 0.51 0.56 0.53 0.51 0.51 0.54
雲林
CO
05/22 0.44 0.47 0.49 0.46 0.46 0.49 0.52 0.5 0.46 0.47 0.45 0.54 0.42# 0.47 0.45 0.44 0.38 0.42 0.37 0.46 0.53 0.44 0.51 0.57
雲林
CO
05/23 0.59 0.54 0.54 0.5 0.49 0.47 0.42 0.56 0.48 0.37 0.39 0.42 0.43 0.39 0.35 0.36 0.41 0.4 0.39 0.39 0.5 0.57 0.51 0.55
雲林
CO
05/24 0.53 0.46 0.44 0.43 0.42 0.44 0.47 0.56 0.61 0.52 0.43 0.35 0.32 0.29 0.26 0.26 0.26 0.32 0.32 0.31 0.39 0.46 0.35 0.31
雲林
CO
05/25 0.31 0.24 0.21 0.23 0.28 0.25 0.27 0.28 0.26 0.23 0.21 0.22 0.21 0.18 0.19 0.18 0.2 0.26 0.45 0.39 0.31 0.33 0.34 0.35
雲林
CO
05/26 0.45 0.44 0.39 0.37 0.34 0.33 0.37 0.45 0.45 0.38 0.4 0.37 0.33 0.32 0.32 0.28 0.3 0.42 0.45 0.43 0.56 0.44 0.39 0.37
雲林
CO
05/27 0.37 0.38 0.29 0.28 0.28 0.27 NA NA NA NA 0.55# 0.47 0.35 0.21 0.22 0.22 0.23 0.25 0.29 0.31 0.43 0.33 0.34 0.22
雲林
CO
05/28 0.22 0.2 0.18 0.16 0.16 0.17 0.24 0.32 0.24 0.24 0.25 0.22 0.2 0.16 0.16 0.23 0.21 0.3 0.38 0.36 0.43 0.35 0.33 0.32
雲林
CO
05/29 0.31 0.26 0.23 0.23 0.2 0.2 0.21 0.22 0.24 0.25 0.31 0.34 0.32 0.26 0.25 0.27 0.26 0.28 0.3 0.32 0.32 0.31 0.29 0.28
雲林
CO
05/30 0.27 0.23 0.22 0.24 0.26 0.27 0.29 0.37 0.41 0.33 0.35 0.34 0.35 0.24 0.18 0.14 0.19 0.23 0.24 0.25 0.23 0.21 0.22 0.24
雲林
O3
01/01 9.5 4 2.3 1.9 1.5 1.3 1.5 5.6 15 19 29 39 52 58 51 43 39 32 27 23 22 20 21 17
雲林
O3
01/02 14 12 13 14 15 20 15 11 16 20 21 22 27 29 32 34 28 18 17 13 11 8.8 8.6 8.8
雲林
O3
01/03 7.5 6.8 3.2 4.8 4.6 4.3 5.6 9.2 11 12 15 18 22 33 39 38 31 17 12 12 11 10 8.9 6
雲林
O3
01/04 4.1 7.9 7.2 5.9 3.7 2.8 1.7 3.2 6.1 16 32 55 66 67 67 67 50 29 20 16 13 13 11 8.1
雲林
O3
01/05 3.4 1.6 1.2 1.1 1.3 1.2 1.3 3.2 6.3 17 39 64 66 72 69 57 38 16 16 10 5.5 1.6 1.6 1.9
雲林
O3
01/06 1.4 1.3 1.2 4.1 5.3 5.6 4.1 5.1 8.1 11 17 27 42 50 59 59 47 38 31 26 22 18 17 14
雲林
O3
01/07 12 11 7.4 6 8.7 6 4.1 4.5 8.9 15 27 42 52 60 55 55 54 34 25 26 30 24 25 20
雲林
O3
01/08 22 23 17 16 21 22 20 19 19 22 30 43 46 55 58 52 41 31 24 17 16 16 15 15
雲林
O3
01/09 14 8.9 7.7 8.3 8.9 13 11 14 17 21 26 37 56# 64# 362# 65# 55x 38# 33 29 24 19 16 12
雲林
O3
01/10 9.6 11 8.8 9.1 5.9 1.7 1.8 4.3 13 23 38 57 61 62 64 35 22 20 16 16 13 14 11 6.6
雲林
O3
01/11 3.7 5.1 7.3 7.3 5.8 3.2 2.3 5 10 20 37 52 79 81 45 36 41 25 6.6 2.4 2.2 2.2 2.1 2
雲林
O3
01/12 9.9 22 11 4.5 2.4 8.7 2.4 3 5.6 13 38 52 40 42 36 32 32 30 17 5.1 2.8 1.7 1.7 1.7
雲林
O3
01/13 1.5 1.5 1.9 5.1 4 5.9 6.8 7.5 12 18 33 48 56 64 61 55 45 30 21 16 14 14 14 12
雲林
O3
01/14 11 9 13 13 15 12 7.5 12 17 20 28 34 47 56 57 59 55 42 36 29 27 24 21 22
雲林
O3
01/15 19 23 24 21 22 23 19 9.9 9.8 18 30 46 55 47 47 48 36 34 29 29 30 28 27 25
雲林
O3
01/16 27 31 31 31 31 32 34 25 24 24 24 27 30 33 31 28 26 23 20 17 8.9 10 18 20
雲林
O3
01/17 17 23 23 20 19 25 23 21 21 26 27 28 34 37 44 45 33 24 21 19 18 17 17 19
雲林
O3
01/18 20 17 14 22 21 16 11 9.9 14 20 26 41 49 66 72 73 60 52 38 35 35 39 39 38
雲林
O3
01/19 25 22 20 26 25 17 6 5.7 12 18 38 54 55 45 54 53 47 38 30 20 15 7.8 5 8.2
雲林
O3
01/20 6.8 3.1 3.3 7.2 7 15 7.1 6.2 10 15 24 38 49 56 57 50 45 32 22 20 19 15 19 26
雲林
O3
01/21 32 32 40 41 39 38 36 30 28 29 31 30 33 36 40 38 33 29 25 23 20 18 23 22
雲林
O3
01/22 26 28 26 28 36 39 36 30 29 30 33 37 40 42 44 45# 42 33 27 25 24 18 16 18
雲林
O3
01/23 14 10 3.2 2.4 4 12 8.1 11 11 19 29 39 55 68 70 73 62 52 43 41 39 30 22 17
雲林
O3
01/24 10 9.8 9.3 6.3 2.1 1.8 1.7 3 8.8 24 43 57 76 84 83 76 65 50 38 34 30 26 6.6 14
雲林
O3
01/25 11 11 8.2 8.7 2.3 2.7 1.8 3.5 14 25 34 43 58 69 68 67 65 60 54 43 34 25 18 16
雲林
O3
01/26 8.9 12 6.8 2.9 3.9 9.3 3.2 9 30 44 50 54 57 59 57 53 47 42 39 34 32 32 35 36
雲林
O3
01/27 35 34 31 32 28 30 27 25 28 31 34 41 54 64 64 62 55 41 36 32 24 19 15 12
雲林
O3
01/28 9.8 6.6 3.8 3.6 1.5 2.2 2.3 4.6 12 36 42 53 65 77 73 66 56 40 22 20 12 11 10 8.1
雲林
O3
01/29 5.6 2.2 2.2 5.5 6 17 9.6 11 15 28 39 55 73 71 57 56 52 41 36 33 27 23 22 18
雲林
O3
01/30 16 7.6 8.8 6.9 2.4 1.6 4.5 9.7 14 25 38 51 69 77 71 62 56 40 25 15 7 15 20 27
雲林
O3
01/31 38 41 38 32 31 29 20 21 33 40 53 55 60 61 61 59 66 54 42 32 39 34 30 22
雲林
O3
監測年月：2019/02， 測站：斗六， 測項：O3（ppb）
雲林
O3
日期 00 01 02 03 04 05 06 07 08 09 10 11 12 13 14 15 16 17 18 19 20 21 22 23
雲林
O3
02/01 22 31 36 33 32 32 31 30 31 35 37 43 48 50 47 45 41 27 21 16 13 13 14 10
雲林
O3
02/02 10 11 7.6 7.3 6.2 4 2 5.5 14 25 50 64 81 90 83 74 74 64 52 47 45 37 28 16
雲林
O3
02/03 9.7 12 9.8 21 22 24 21 18 27 39 50 66 56 51 74 64 61 51 43 37 37 33 27 18
雲林
O3
02/04 14 8.1 6.5 4.3 2.9 6.3 3.9 7 12 18# 32# 46 59 70 73 65 54 46 36 29 24 23 22 20
雲林
O3
02/05 19 21 19 19 19 23 24 20 23 22 29 34 43 54 59 61 59 51 49 44 32 32 32 29
雲林
O3
02/06 25 22 17 16 13 15 12 14 21 36 47 45 53 63 62 59 58 58 52 49 45 34 22 13
雲林
O3
02/07 21 21 19 15 22 15 8.4 13 22 36 48 52 47 49 52 54 53 56 58 44 37 24 23 15
雲林
O3
02/08 9.3 23 27 25 21 20 21 21 22 31 40 53 60 54 58 58 52 42 32 34 30 27 25 21
雲林
O3
02/09 17 18 15 18 13 8.1 10 9.7 18 29 40 41 48 52 50 46 39 36 28 22 17 17 19 19
雲林
O3
02/10 18 19 20 17 16 13 19 19 17 20 27 36 45 57 58 58 50 39 34 28 21 20 16 14
雲林
O3
02/11 15 15 15 13 12 13 15 19 23 28 37 48 57 61 58 53 42 30 23 19 15 11 13 13
雲林
O3
02/12 10 9.5 8.4 4.5 1.9 1.5 1.9 6.5 14 26 37 51 67 68 64 57 48 37 38 37 34 30 26 22
雲林
O3
02/13 15 9.3 4 4.6 4 2.7 2.9 7.9 18 29 41 49 39 58 60 57 51 43 32 20 18 18 16 14
雲林
O3
02/14 13 15 14 11 8.1 4.4 3.4 5.8 21 30 47 64 68 60 47 51 53 45 36 23 17 15 15 14
雲林
O3
02/15 10 10 8.8 5.1 4.3 4.3 2 4.7 16 31 51 69 68 72 62 58 58 50 42 29 24 17 15 23
雲林
O3
02/16 12 15 3.3 2.7 3.3 4.1 5.3 9.3 14 26 44 56 62 65 63 56 55 43 34 28 19 14 17 17
雲林
O3
02/17 15 16 20 18 18 18 18 21 27 30 42 53 64 72 75 67 59 48 37 32 26 22 21 21
雲林
O3
02/18 18 14 11 8.3 8.1 4.1 5.4 6.7 11 16 24 43 59 78 83 64 47 36 23 24 16 9.5 9.1 7.2
雲林
O3
02/19 6.3 14 26 17 15 9 2.6 3.3 5.4 9.3 15# 12# 22 40 58 57 62 50 26 21 20 14 12 7.9
雲林
O3
02/20 3 3.9 4.8 4.3 4.1 4.8 2.1 3.4 8 22 45 55 62 63 64 63 68 54 46 38 23 7 5.6 5.5
雲林
O3
02/21 4.2 3.8 5.4 4.2 3.6 3.2 3 6.3 11 14 14 20 30 46 59 63 57 46 21 14 24 20 13 10
雲林
O3
02/22 12 13 11 22 27 21 11 11 19 27 42 56 57 45 46 48 45 42 32 25 22 21 21 18
雲林
O3
02/23 20 26 30 35 36 27 28 30 31 33 40 50 47 57 63 63 45 28 22 21 18 21 19 19
雲林
O3
02/24 18 17 18 19 18 16 14 9.7 13 18 19 24 23 28 27 21 18 18 15 13 9.7 13 11 14
雲林
O3
02/25 17 14 20 24 23 26 20 21 24 26 34 57 76 85 89 78 64 51 48 40 30 21 17 15
雲林
O3
02/26 11 9.8 17 23 16 8 12 16 20 26 34 56# 72 82 90 97 89 70 57 44 37 36 34 30
雲林
O3
02/27 27 28 23 17 18 30 32 25 32 42 63 72 83 90 88 82 70 57 49 42 34 27 20 25
雲林
O3
02/28 24 26 27 15 11 12 10 15 23 35 51 53 51 59 62 65 54 45 33 25 24 22 18 14
雲林
O3
監測年月：2019/03， 測站：斗六， 測項：O3（ppb）
雲林
O3
日期 00 01 02 03 04 05 06 07 08 09 10 11 12 13 14 15 16 17 18 19 20 21 22 23
雲林
O3
03/01 12 11 18 18 17 13 14 17 21 29 41 57 61 69 71 60 49 41 37 31 28 24 25 26
雲林
O3
03/02 22 24 28 22 20 15 14 12 16 24 35 58 64 71 73 76 78 65 56 51 48 42 32 31
雲林
O3
03/03 35 32 27 24 16 11 25 27 27 35 34 37 40 43 42 39 30 25 26 21 12 11 15 25
雲林
O3
03/04 21 19 16 14 15 8.6 6.4 13 15 24 37 52 73 85 88 86 82 72 61 56 44 33 32 19
雲林
O3
03/05 11 9.7 8.4 6.5 3.1 5.1 3.6 8.3 16 30 54 71 81 82 84 83 81 64 51 48 46 40 36 30
雲林
O3
03/06 30 28 29 26 28 25 23 18 26 35 42 49 52 53 63 57 56 46 42 36 31 28 26 19
雲林
O3
03/07 18 19 27 29 36 31 36 36 29 29 27 26 29 29 30 27 25 28 33 28 32 36 43 42
雲林
O3
03/08 42 40 39 44 44 28 25 27 32 29 23 16# 24 23 30 38 43 31 27 24 15 12 11 7.3
雲林
O3
03/09 6.5 7.2 9.5 7.9 7.4 10 11 6.7 5.5 9.5 17 25 27 36 38 31 22 23 21 20 11 6.8 4.8 2.5
雲林
O3
03/10 6.3 20 47 45 48 46 39 35 29 29 43 40 42 47 38 37 32 29 23 18 16 10 9.2 11
雲林
O3
03/11 8.4 6 5.4 4.5 4.4 2.6 4.6 5.5 8.4 9.1 9.5 11 11 10 27 27 28 23 18 16 11 5.7 2.8 7.6
雲林
O3
03/12 6.3 2.9 3.8 2.5 2.1 2.8# 1.8 4.7 11 31 57 71 76 78 89 92 82 74 63 58 56 39 33 37
雲林
O3
03/13 37 41 41 44 36 30 17 18 38 55 60 74 79 77# 88 86 88 83 70 59 50 47 46 28
雲林
O3
03/14 26 22 16 18 26 20 21 22 21 41 59 69 81 86 83 80 63 55 51 53 45 43 44 42
雲林
O3
03/15 39 41 41 39 39 37 41 36 37 31 36 47 61 61 59 54 48 41 35 31 33 31 25 26
雲林
O3
03/16 19 15 16 12 9.2 3.7 4.3 13 21 38 52 50 50 65 61 50 59 60 55 44 39 35 37 30
雲林
O3
03/17 20 28 16 20 25 29 18 13 24 42 56 71 78 77 67 66 65 59 56 56 50 45 40 34
雲林
O3
03/18 25 29 19 18 16 6.1 4.7 7.8 14 25 21 32 54 70 75 73 70 64 58 45 40 33 26 18
雲林
O3
03/19 20 14 15 17 16 11 3.1 7.1 20 35 59 71 76 88 99 82 67 60 61 53 49 35 27 19
雲林
O3
03/20 16 17 14 19 18 9.9 11 14 20 25 51# 65 78 84 83 74 61 52 32 15 13 11 6.3 5.9
雲林
O3
03/21 8.6 1.6 1.7 5.9 7.9 21 20 18 21 28 36 41 47 58 50 40 36 27 19 19 17 15 12 10
雲林
O3
03/22 4.1 3.1 4.6 5.4 5.8 6.1 3.9 8.3 16 26 38 45 61 67 62 62 51 41 40 34 28 23 23 20
雲林
O3
03/23 17 17 24 23 25 27 25 24 26 27 29 30 30 28 38 34 31 29 29 29 31 35 31 26
雲林
O3
03/24 24 30 38 37 36 27 31 26 20 18 19 13 12 13 15 15 17 18 11 7.5 8.4 6.1 3.2 1.7
雲林
O3
03/25 2.5 2 3.5 2.1 1.2 1.4 2 4.8 9.5 15 15 5 7.7 17 16 15 18 17 8.4 3.1 1.5 5.5 5.4 3.6
雲林
O3
03/26 4 3.6 1.5 4.9 3.2 3.1 4.2 8.4 17 28 45 57 76 83 88 85 82 77 56 47 39 31 30 25
雲林
O3
03/27 21 24 16 16 18 8.2 5.9 13 19 39 63 71 79 86 89 89 80 61 56 57 57 51 42 29
雲林
O3
03/28 25 28 20 19 24 19 21 26 35 54 45 49 47 53 55 50 48 38 27 24 22 21 19 17
雲林
O3
03/29 18 16 17 17 12 12 14 19 29 35 40 43 46 43 41 40 38 40 37 29 30 27 43 47
雲林
O3
03/30 45 39 33 30 21 27 20 21 26 35 37 52 66 72 64 76 69 65 63 58 52 38 25 23
雲林
O3
03/31 19 17 18 14 13 6.9 12 16 22 41 56 68 69 81 85 82 77 68 55 45 44 41 40 39
雲林
O3
監測年月：2019/04， 測站：斗六， 測項：O3（ppb）
雲林
O3
日期 00 01 02 03 04 05 06 07 08 09 10 11 12 13 14 15 16 17 18 19 20 21 22 23
雲林
O3
04/01 40 34 32 37 37 37 35 31 30 23 24# 20 20 21 25 26 29 26 23 25 21 15 11 7.6
雲林
O3
04/02 5.5 3.1 1.3 1.7 1.2 1.2 2.1 4 5.8 18 45 65 78 80 78 74 72 60 50 38 33 25 25 23
雲林
O3
04/03 19 14 32 25 19 28 23 30 34 37 46 58 64 66 66 57 50 49 47 40 35 29 28 19
雲林
O3
04/04 20 14 10 8.8 7.1 4.1 4.1 10 23 34 51 53 60 69 75 70 60 55 50 47 44 37 33 27
雲林
O3
04/05 24 23 21 17 17 16 19 29 33 36 42 49 53 59 66 72 69 65 53 41 33 21 21 16
雲林
O3
04/06 8.3 9 12 11 3.5 2.6 5.7 21 43 55 64 78 80 84 88 81 78 70 63 52 50 52 30 32
雲林
O3
04/07 22 28 21 19 27 25 35 38 59 68 73 72 69 71 77 80 78 79 70 60 40 35 47 34
雲林
O3
04/08 29 35 37 31 31 24 28 28 43 56 57 62 62 62 62 59 60 48 35 30 32 15 20 20
雲林
O3
04/09 17 26 20 16 15 22 14 20 42 51 50 53 68 53 40 28 24 18 18 17 14 14 12 12
雲林
O3
04/10 8.9 9.5 9 7.3 7 6 7.5 13 21 26 34 41 40 40 35 33 28 22 19 21 21 20 20 18
雲林
O3
04/11 17 20 14 17 13 5.9 7.7 14 21 28 35 44 59 50 36 39 47 42 38 32 27 30 19 18
雲林
O3
04/12 27 28 32 26 23 24 23 23 29 37 46 62 76 85 87 73 65 57 50 41 32 29 27 29
雲林
O3
04/13 20 14 14 11 13 11 11 19 40 55 68 75 78 85 72 52 53 45 42 48 31 19 12 19
雲林
O3
04/14 8.7 10 24 30 31 26 22 22 31 41 50 61 61 57 59 52 48 50 52 47 39 37 34 32
雲林
O3
04/15 29 28 34 45 45 43 43 41 38 41 43 45 51 60 69# 71 64 46 34 29 25 17 16 11
雲林
O3
04/16 9.1 7.7 5.9 11 26 28 22 19 33 34 31 33 29 32 28 22 19 19 14 7.7 2.8 5.5 13 5.3
雲林
O3
04/17 4.9 14 22 33 37 33 29 29 35 43# 50 72 90 103 106# 104 93 73 64 54 48 34 30 26
雲林
O3
04/18 27 24 21 30 18 22 33 49 63 70 74 81 83 85 85 88 82 74 62 54 46 30 27 23
雲林
O3
04/19 19 18 13 18 15 32 42 36 32 33 49 65 65 60 56 62 58 43 35 30 25 27 26 23
雲林
O3
04/20 26 26 26 14 11 14 16 25 43 45 49 52# 60# 50# 57 54 53# 50 59 49 36 37 48 44
雲林
O3
04/21 35 21 22 44 34 31 29 20 16 17 17 33 41 39 33 30 29 28 18 16 18 20 10 7.7
雲林
O3
04/22 12 11 12 16 18 16 13 20 27 30 39 42 44 46 43 31 24 18 16 17 14 13 12 11
雲林
O3
04/23 10 16 10 7 9.4 9.4 7.8 15 24 29 41 46 45 41 34 34 25 24 20 20 20 18 15 16
雲林
O3
04/24 13 15 15 14 4 7.2 9.5 19 27 31 40 38 34 34 26 26 25 21 14 12 12 9.8 8.9 9.1
雲林
O3
04/25 9.4 8.9 12 10 9.5 8.6 10 16 27 31 38 47 46 33 29 28 25 22 17 13 15 7.9 3 11
雲林
O3
04/26 14 9.2 7 11 6.9 11 14 17 30 37 46 52 57 65 85 86 77 64 55 50 38 34 38 46
雲林
O3
04/27 37 34 28 30 29 23 14 16 28 39 52 70 82 91 98 91 83 66 54 50 45 39 36 32
雲林
O3
04/28 29 22 22 17 15 10 13 14 26 48 57 66 74 76 72 67 59 56 53 49 41 28 19 20
雲林
O3
04/29 13 17 21 20 14 14 11 19 41 47 50 57 55 57 61 49 47 49 48 40 42 34 24 27
雲林
O3
04/30 20 25 20 19 15 17 17 21 31 40 47 54 42 37 36 32 29 26 23 20 17 18 19 18
雲林
O3
監測年月：2019/05， 測站：斗六， 測項：O3（ppb）
雲林
O3
日期 00 01 02 03 04 05 06 07 08 09 10 11 12 13 14 15 16 17 18 19 20 21 22 23
雲林
O3
05/01 18 17 14 20 24 24 26 33 38 37 39 40 41 42 46 44 39 34 34 31 27 21 19 17
雲林
O3
05/02 16 14 11 6.8 9.8 12 11 9.5 7.6 9.8 17 21 18 30 36 33 28 20 24 25 32 38 33 25
雲林
O3
05/03 15 13 10 8.5 13 7.7 11 17 18 19 21 15 21# 33 54 74 86 87 58 45 41 35 27 23
雲林
O3
05/04 22 20 19 22 39 37 44 46 49 54 61 67 70 71 67 61 59 60 62 67 62 56 36 35
雲林
O3
05/05 41 25 29 23 19 16 15 21 30 47 48 51 59 64 70 73 68 65 59 54 51 44 44 41
雲林
O3
05/06 38 33 36 32 34 30 27 26 27 29 26 32 39 42 42 45 41 20 15 22 23 21 24 28
雲林
O3
05/07 31 26 22 23 20 18 18 29 32 33 36 32 36 43 51 51 46 39 32 26 28 28 21 13
雲林
O3
05/08 12 11 11 13 9.8 6.5 5 5 6.5 11 18 31 48 65 77 57 53 51 42 29 24 18 15 15
雲林
O3
05/09 13 9.2 5.7 4.9 3 4.4 3.6 6.2 17 37 44 49 55 70 69 54 41 30 24 19 16 13 15 20
雲林
O3
05/10 18 24 23 18 18 5.2 7.2 13 27 46 54 51 47 45 58 62 58 48 44 72 57 54 42 39
雲林
O3
05/11 39 29 19 7.3 6.4 9.9 15 25 36 49 68 77 81 85 85 81 70 64 57 55 51 45 36 29
雲林
O3
05/12 26 17 13 14 9.9 7.2 11 20 33 52 65 68 72 76 77 74 64 58 50 40 32 22 21 18
雲林
O3
05/13 19 15 15 13 26 35 32 34 40 48 57 58 59 73 63 46 46 43 36 27 24 23 15 14
雲林
O3
05/14 19 19 18 21 21 16 15 28 36 41 48 51 53 53 51 44 39 39 25 18 18 13 8.9 14
雲林
O3
05/15 13 6.9 8.1 4.9 3.7 5.1 7.7 18 25 35 47 50 42 28 39 37 44 37 32 29 33 31 27 18
雲林
O3
05/16 15 18 20 11 12 9.2 14 20 20 16 21 28 33 32 31 25 25 19 18 17 13 11 10 13
雲林
O3
05/17 14 14 15 16 18 16 16 15 16 18# 23 16 21 17 16 18 19 15 9.2 7.4 5.7 8.8 9 14
雲林
O3
05/18 13 13 12 17 18 20 18 14 14 14 18 22 21 21 22 20 19 15 17 11 17 21 21 23
雲林
O3
05/19 22 21 17 12 12 9.4 12 19 25 30 25 28 33 33 29 25 25 22 17 13 13 13 13 12
雲林
O3
05/20 8.7 9.2 11 12 13 10 15 23 29 33 29 26 20 52 53 47 41 31 27 21 16 13 16 16
雲林
O3
05/21 15 13 7.9 11 8.8 12 11 13 19 28 23 21 27 30 50 52 56 55 48 34 25 22 20 17
雲林
O3
05/22 12 11 11 12 15 2.9 7.3 32 54 66 73 72# 82 94 101 103 86 74 60 54 43 37 29 24
雲林
O3
05/23 18 18 14 17 21 37 44 36 34 38 39 42 59 60 74 77 75 67 64 58 47 37 39 39
雲林
O3
05/24 26 32 31 23 24 29 20 24 37 47 61 76 79 79 70 63 60 56 56 55 46 32 28 31
雲林
O3
05/25 30 29 26 22 15 9.9 12 14 27 52 56 57 57 54 49 49 49 44 34 31 29 28 24 20
雲林
O3
05/26 11 7.4 11 7.6 6.9 12 20 26 40 56 62 69 73 73 75 73 72 63 54 51 43 50 44 29
雲林
O3
05/27 33 25 22 23 25 19 NA NA NA NA 15# 31# 33# 36 35 37 40# 38 33 25 9.8 10 10 13
雲林
O3
05/28 14 7.9 11 7.5 4.4 4.8 10 17 28 31 32 17 15 16 22 29 39 35 24 21 21 20 20 21
雲林
O3
05/29 19 20 20 18 21 20 22 21 20 21 26 41 66 84 86 74 67 57 49 39 34 30 26 24
雲林
O3
05/30 24 22 19 15 8.3 9.6 12 15 28 55 70 73 82 86 72 61 56 55 49 44 36 34 29 23
雲林
NO2
01/01 15 18 36 17 23 14 29 15 13 10 8.7 8 7.5 8 8 9.2 9.1 12 13 14 14 16 17 17
雲林
NO2
01/02 16 19 14 16 12 8.4 11 17 17 11 13 15 17 18 18 20 22 26 22 22 23 26 28 18
雲林
NO2
01/03 18 18 24 18 17 18 15 18 15 16 15 13 14 17 18 19 21 28 26 22 23 23 23 24
雲林
NO2
01/04 24 17 16 15 15 13 14 14 18 15 14 12# 11# 11 13 14 14 17 19 22 22 20 18 19
雲林
NO2
01/05 22 32 26 59 25 22 20 19 16 17 17 11 7.7 11 11 10 19 29 26 28 28 31 42 33
雲林
NO2
01/06 30 25 23 18 15 13 15 13 12 11 12 9.8 9.1 8.7 7.8 8.9 11 12 13 16 16 17 19 17
雲林
NO2
01/07 20 15 35 33 15 17 18 19 20 18 15 13 14 12 15 15 17 24 24 20 16 29 14 16
雲林
NO2
01/08 16 9.8 12 12 7.9 9.3 11 12 14 12 11 12 12 11 12 14 16 17 19 21 18 19 18 16
雲林
NO2
01/09 15 26 30 16 17 14 17 17 16 14 14 14 12# 12# 11 9.7 10# 19 17 16 17 19 24 27
雲林
NO2
01/10 28 22 25 21 22 38 24 26 20 17 16 15 15 14 13 22 24 20 20 20 21 19 19 23
雲林
NO2
01/11 27 23 20 19 19 17 18 19 19 19 18 21 13 12 16 17 18 25 29 36 31 28 29 29
雲林
NO2
01/12 19 6.6 14 45 24 13 18 21 20 16 22 13 16 16 8.9 11 14 20 23 25 25 27 28 28
雲林
NO2
01/13 26 23 21 18 22 16 15 14 11 10 11 9.7 8.6 8.1 7.2 7.6 9.8 12 14 16 17 17 17 21
雲林
NO2
01/14 16 32 17 18 10 10 18 18 12 12 13 15 15# 16 14 13 14 17 15 17 17 19 20 15
雲林
NO2
01/15 23 11 13 20 12 14 15 17 19 18 18 17 17 17# 13 13 19 17 17 14 12 13 12 11
雲林
NO2
01/16 9.5 7.6 12 9.8 7.6 7.5 8.9 15 17 19 20 20 21 18 19 21 22 23 21 21 23 23 17 13
雲林
NO2
01/17 13 9 9.2 9.8 7.6 11 9.7 16 17 13 13 200# 11 11 11 13 16 19 18 19 18 18 18 16
雲林
NO2
01/18 13 12 13 17 12 15 19 21 20 19 16 15 15 10 8.3 10 19 16 19 17 16 12 12 12
雲林
NO2
01/19 13 13 22 11 11 11 12 16 21 21 20 19 20 23 18 16 21 22 24 32 32 34 35 29
雲林
NO2
01/20 26 33 27 21 24 21 22 25 24 24 22 21 18 16 12 13 15 19 22 20 21 26 23 14
雲林
NO2
01/21 8.4 10 6.3 8.5 8.4 11 12 14 15 14 12 12 14 14 13 14 15 15 15 14 14 15 12 12
雲林
NO2
01/22 9.7 8.7 9.2 13 6 5.8 7.7 13 12 14 15 16 13 14 13# 12 16 20 19 18 18 23 21 19
雲林
NO2
01/23 17 20 17 18 24 18 17 20 20 18 15 15 15 14 17 16 20 23 25 20 19 22 24 22
雲林
NO2
01/24 29 28 19 19 22 27 23 18 26 23 19 13 12 12 14 14 19 25 31 29 28 28 33 31
雲林
NO2
01/25 29 20 22 18 30 19 20 19 19 20 19 22 18 15 18 22 24 26 25 26 26 26 33 32
雲林
NO2
01/26 52 21 20 86 37 14 15 19 14 9.2 8.9 8.7 8.3 8.2 10 12 15 16 13 12 15 11 11 7.4
雲林
NO2
01/27 15 13 14 11 18 6.6 7.4 9.4 9.3 9.2 8.9 9.5 7.7 7.6 7.5 8.2 10 14 13 12 16 18 20 19
雲林
NO2
01/28 22 16 18 14 31 18 15 16 19 8.7 12 18 15 7.3 9.8 10 12 20 32 30 33 30 29 40
雲林
NO2
01/29 28 28 24 20 15 9.9 22 17 21# 15 20 21 10 12 17 16 18 23 22 21 21 21 23 28
雲林
NO2
01/30 20 23 20 17 17 20 21 18 19 18 17 15 12 8.7 6.1 6.1 12 26 38 42 40 24 21 14
雲林
NO2
01/31 8.6 5.4 4.5 6.3 5.9 4.9 14 17 14 12 8.6 8.5# 5.7 4.9 4.9 6.1 5.9 20 38 31 19 30 18 17
雲林
NO2
監測年月：2019/02， 測站：斗六， 測項：NO2（ppb）
雲林
NO2
日期 00 01 02 03 04 05 06 07 08 09 10 11 12 13 14 15 16 17 18 19 20 21 22 23
雲林
NO2
02/01 24 12 7.5 8.1 13 12 13 12 12 11 12 10 11 12 12 15 18 24 25 25 26 22 27 31
雲林
NO2
02/02 33 22 34 26 25 23 26 21 28 22 20 19 12 10 12 11 9.9 15 17 17 16 17 17 22
雲林
NO2
02/03 26 11 14 7.9 5.5 4.8 7.4 13 16 11 9.1 7 4.2 2.4 5.2 7.1 7.9 9.6 12 13 13 13 13 6.8
雲林
NO2
02/04 5.2 8.7 7.6 9.4 10 12 51 9.7 8.5 11# 11 9.1 7.6 7.2 6.6 9.5 11 9.5 9 9.9 10 10 11 13
雲林
NO2
02/05 11 9.2 14 14 9.4 7.5 6.4 7.7 7.1 8 8.9 9.7 9.9 6 6.3 6.1 6.9 6.3 5.7 6 11 10 8.6 11
雲林
NO2
02/06 10 8.4 7.1 6.3 7.2 8 11 9.2 7.1 7.1 5.8 8.4 8.2 4.2 4.6 3.9 4.8 6.6 6.9 7.8 9.1 12 15 17
雲林
NO2
02/07 8.6 5.5 6.1 6.8 4.5 6.3 9.8 10 7.1 6.4 3.5 2.2 1.8 2.7 3.4 3.6 6.4 10 8.8 12 12 16 15 16
雲林
NO2
02/08 18 10 12 14 7.4 7.9 8.2 6.5 7 6.7 5.2 3.7 3.5 7.8 5.8 4.8 6.9 11 14 8.1 9 10 10 12
雲林
NO2
02/09 13 13 13 10 17 17 14 14 11 9.9 8.7 8.8 7.9 5.4 6.4 8.2 9.6 9.2 13 14 16 15 13 13
雲林
NO2
02/10 13 10 12 14 18 13 9.2 8.3 9.2 8.8 8.6 8.2 7.7 5.3 5.8 6.5 9.7 14 13 13 16 15 15 15
雲林
NO2
02/11 12 22 16 9.8 11 12 11 9.7 9.1 8.1 8.1 8.2 8.6 9.7 9 9 11 16 19 19 21 29 22 18
雲林
NO2
02/12 21 18 22 23 18 18 20 14 14 13 11 8.2 6.4 7.5 8.4 10 13 18 15 12 14 19 22 21
雲林
NO2
02/13 17 20 31 28 25 18 20 20 16 14 10 6.7 15 7.8 8.7 11 13 18 21 23 20 22 24 20
雲林
NO2
02/14 24 16 19 25 22 20 19 20 14# 13 12 8.4 7.9 12 13 11 12 19 21 23 24 23 21 23
雲林
NO2
02/15 33 29 21 24 19 17 17 17 15 13 12 8.9 6.9 5.9 4.7 5.8 8.7 11 13 20 20 19 15 8.9
雲林
NO2
02/16 12 12 23 24 20 19 19 13 13 11 7.8 5.7 5.7 5.5 4.4 9 9.1 11 16 17 19 19 15 15
雲林
NO2
02/17 16 14 16 24 12 8.8 9.4 11 7.6 7.9 7.4 6.3 5.7 5.8 6.4 7.7 7.8 9 12 11 13 14 13 13
雲林
NO2
02/18 12 13 14 16 16 18 17 15 15 15 16 15 14 8 7.7 12 17 21 28 21 24 28 25 23
雲林
NO2
02/19 23 16 7.8 11 11 12 18 18 22 26 25# 30 25 16 12 13 16 22 27 26 23 31 30 30
雲林
NO2
02/20 29 19 13 12 11 13 23 20 24 27 11 8.5 6.6 7.9 10 11 11 13 15 16 19 27 25 25
雲林
NO2
02/21 25 21 19 18 19 20 20 17 16 16 19 18 14 9.7 7.8 7.5 12 15 25 22 13 13 18 17
雲林
NO2
02/22 16 27 20 12 13 9.8 15 17 13 14 12 14 13 17 11 11 11 13 16 17 17 18 15 20
雲林
NO2
02/23 13 12 7.1 7.1 6.3 7.6 11 10 11 12 14 12 17 15 13 15 17 20 20 18 20 18 16 14
雲林
NO2
02/24 15 15 12 10 11 10 12 13 12 9.8 11 13 16 13 13 16 18 17 20 20 21 22 20 24
雲林
NO2
02/25 13 23 10 10 9.1 8.2 10 15 15 12 10 8.2 6.9 7.4 8.2 12 15 17 18 17 21 26 23 27
雲林
NO2
02/26 21 18 14 9.1 11 18 17 19 13 12 12# 14 9 7.9 8.5 8.4 12 16 14 17 15 12 11 11
雲林
NO2
02/27 13 11 12 15 16 11 13 16 14 13 9.6 11 11 8.8 7.2 6.7 8.7 11 11 13 17 19 20 16
雲林
NO2
02/28 15 13 12 18 23 21 21 18 15 13 9.9 11 12 8.8 7.4 8.5 14 17 22 24 20 18 18 20
雲林
NO2
監測年月：2019/03， 測站：斗六， 測項：NO2（ppb）
雲林
NO2
日期 00 01 02 03 04 05 06 07 08 09 10 11 12 13 14 15 16 17 18 19 20 21 22 23
雲林
NO2
03/01 19 17 12 12 11 13 15 13 12 12 11 11 12 9.9 9.1 12 14 16 15 16 16 15 14 13
雲林
NO2
03/02 12 10 8.5 8.9 10 12 12 13 12 10 11 9.4 8.9 6.8 6 6 6.3 8.9 9.9 11 10 13 15 10
雲林
NO2
03/03 8.3 8.7 7.8 5.8 9.3 11 5.9 7.1 11 6.8 7.6 7.1 12 6.6 6 7.2 9.7 11 11 12 15 18 17 9.8
雲林
NO2
03/04 12 8.8 10 11 9.5 9.2 14 11 7.8 6.9 7.4 10 6.9 7.1 7.9 10 14 14 16 16 20 22 21 24
雲林
NO2
03/05 31 31 30 28 30 27 30 29 25 23 17 14 13 12 11 13 12 15 16 10 9.4 11 11 10
雲林
NO2
03/06 13 7.5 6.9 12 6 6 12 15 11 7.9 7.2 3.8 4.7 11 7.8 8.1 7.9 12 12 13 12 13 11 11
雲林
NO2
03/07 11 14 9.1 6.9 5.7 7.4 8 12 15 21 22 22 22 22 22 24 26 26 21 20 18 18 14 13
雲林
NO2
03/08 13 14 12 12 11 15 16 21 19# 20# 21x 18# 23# 21x 18# 25# 24# 24x 27# 28 30 30 25 27
雲林
NO2
03/09 27 27 22 22 18 17 17 22 26 27 22x 18# NA 15# 16* 25# 30* 28* 29* 28* 25# 26 24 24
雲林
NO2
03/10 21 15 6.7* 8.2* 7.7* 7.8* 10* 10* 15* 19# 7.2x 14 12 9.1 11 10 13 14 18 18 18 20 19 16
雲林
NO2
03/11 16 21 20 18 18 19 20 22 19 24 25# NA 21# 25# 19# 24 24 28 30 31 33 35 36 27
雲林
NO2
03/12 25 28 23 24 23 23 23 23 23 19 10 7.9 7.5 7.2 7.9 11 14 16 19 17 16 18 17 12
雲林
NO2
03/13 8.3 6.1 5.2 4.9 8.5 7.8 16 21 10 11 17 8.7 5.9# 6.3x 5.4# 7.6 7.3 9.3 18 20 16 15 11 15
雲林
NO2
03/14 12 8.3 10 8.5 7.3 9.5 12 19 21 12# 8.8 6.4 5.6 5.8 5.6 7.7 16 21 22 15 14 13 10 9.6
雲林
NO2
03/15 10 9 8.1 9 9 8 8.1 13 13 15 13 15 12 14 15 18 21 24 24 24 21 21 22 21
雲林
NO2
03/16 30 23 21 21 23 24 26 21 21 17 14 15 18 14 14 17 15 18 21 24 20 18 17 21
雲林
NO2
03/17 21 14 15 13 10 9.7 15 15 14 11 7.4 6.4 6.7 7.4 8.4 8.8 9.3 11 10 11 11 11 9.8 11
雲林
NO2
03/18 12 11 12 11 11 16 18 15 14 14 21 18 11 8.4 7.8 11 11 11 12 18 17 17 19 20
雲林
NO2
03/19 14 18 14 13 12 11 27 24 19 11 11 11 14 12 11 14 19 28 21 21 18 22 22 24
雲林
NO2
03/20 21 17 16 11 11 14 19 21 23 23 13# 9.9 8.4 8.4 9.4 8.5 8.6 13 17 14 11 12 14 12
雲林
NO2
03/21 11 15 14 11 8.9 5.9 7.6 13 7.4 5.2 6 6.9 4.5 6.2 6.4 6.7 7.1 8.2 10 8.4 11 12 11 10
雲林
NO2
03/22 12 12 9.8 11 10 9.7 14 13 11 9.1 7.5 8.2 6.1 5.1 9.2 9.5 19 23 20 17 17 17 14 14
雲林
NO2
03/23 15 15 12 11 10 9.9 12 11 12 12 13 14 13 14 12 15 15 16 14 13 12 9.6 9.1 10
雲林
NO2
03/24 10 7.5 5.9 5.5 5.3 8.1 7.4 9 12 16 14 18 19 19 19 18 17 17 22 22 18 16 16 17
雲林
NO2
03/25 14 12 9.4 9.9 9.7 11 11 14 21# 17 16 17# 18 16 20 21 23 25 29 39 41 28 24 27
雲林
NO2
03/26 25 24 24 19 18 11 10 13 12 10 9.4 9.8 7.2 6.4 7.4 7.5 11 14 21 19 18 21 19 16
雲林
NO2
03/27 16 15 17 15 14 15 15 13 9.7 9.6 5.5 3.7 6.1 6.8 8.3 8.3 9.6 11 13 11 8.6 10 13 14
雲林
NO2
03/28 9.8 6.1 7.8 9.2 7.3 9.5 12 13 20 9.5 5.3 6.8 4.2 4.9 6.4 6.3 7.8 11 10 9.5 9.7 9.5 10 10
雲林
NO2
03/29 7.8 6.9 6 4.9 7 7.5 8.6 9 4.4 4.1 3.4 3.6 2.8 3.3 4.2 5.1 5.3 7.2 8.2 9.9 7.4 9.3 4.9 5.2
雲林
NO2
03/30 3.3 6.9 8 5.4 9 10 10 10 9.1 8.1 13 11 5.4 4.9 8.4 10 12 12 12 12 14 17 19 18
雲林
NO2
03/31 18 19 15 15 15 17 15 15 13 9.1 7.7 7.9 7 6.5 11 8.6 9.8 12 14 15 13 13 11 11
雲林
NO2
監測年月：2019/04， 測站：斗六， 測項：NO2（ppb）
雲林
NO2
日期 00 01 02 03 04 05 06 07 08 09 10 11 12 13 14 15 16 17 18 19 20 21 22 23
雲林
NO2
04/01 9.3 11 11 8.5 8.2 9.5 12 14 14 19# 18# 21 21 22 22 20 19 23 24 20 20 22 23 27
雲林
NO2
04/02 24 24 35 22 19 18 16 19 22 20 15 11 9.2 7 7.4 8.3 7.9 14 17 21 20 20 17 17
雲林
NO2
04/03 17 21 12 11 12 9.6 16 14 12 10 12 11 8.5 9.3 9.3 9.6 13 13 12 16 17 19 15 18
雲林
NO2
04/04 15 18 18 18 17 15 15 16 13 14 12 10 7.8 7.1 7.8 8.3 11 11 11 10 10 11 11 12
雲林
NO2
04/05 13 11 12 11 11 11 11 10 10 9.6 9.4 8.4 9 9.3 8.8 6.8 8.8 9.3 12 15 17 21 20 20
雲林
NO2
04/06 21 16 13 12 17 18 16 12 7.2 7.1 7.7 8.3 6.9 6.5 8.1 7.1 7.1 10 13 15 13 9.5 19 15
雲林
NO2
04/07 16 10 11 11 9.4 8.8 8.1 9.7 7.8 6.4 6.8 5.7 5.6 5.4 6.5 6.5 6 7.8 14 14 21 20 14 15
雲林
NO2
04/08 13 8.2 6.1 6.9 7.3 7.5 9.4 13 13 8 8.1 5.7 5.1 4.9 6.2 7.2 7.2 10 11 12 8.8 17 11 11
雲林
NO2
04/09 13 7.4 8.4 8.7 9.7 7.7 15 17 10 8.3 9.5 8.9 8.6 5.8 5.4 5.1 4.6 6.4 8.9 9.9 10 9.5 11 10
雲林
NO2
04/10 10 7.1 7.3 7.9 6.7 7.7 8.3 7.6 6.9 8.2 5.6 4.3 3.4 3.3 3.9 3.8 4.2 6.4 8.1 5.7 4 5.8 6.2 7.4
雲林
NO2
04/11 15 7.9 9.9 8.3 11 16 18 13 7.7 7.4 7.2 6.7# 6.7 5.3 4.9 6.6 7.2 12 14 16 16 13 18 16
雲林
NO2
04/12 13 17 17 9.1 9.6 9.9 11 12 11 10 11 9.5 9.9 11 12 16 16 18 17 19 23 21 19 14
雲林
NO2
04/13 18 20 20 19 14 15 15 15 9 7.5 6.8 5.9 6.6 7.4 8 13 9.9 15 17 11 15 21 27 16
雲林
NO2
04/14 23 21 14 11 6.5 7.3 8.5 8.7 8 6.6 5.4 6.2 7.2 4 2.9 5.6 7.4 11 8.9 8.3 12 11 18 13
雲林
NO2
04/15 13 8.9 7.1 7.4 9.3 11 8.6 11 11 11 12 17 16 15 12 13# 18 22 21 21 21 24 23 24
雲林
NO2
04/16 22 24 23 16 19 12 14 17 15 14 14 13 17 14 17 19 20 22 26 29 38 39 25 29
雲林
NO2
04/17 34 24 16 11 9.1 8 11 12 7.9 6.2# 6.8 6.1 6.3 6.3 8 9.6 11 15 16 19 19 24 22 17
雲林
NO2
04/18 14 16 15 12 14 14 11 12 9.7 9 9.5 7.7 7.6 7.1 7.6 6.8 8 11 13 15 16 22 17 15
雲林
NO2
04/19 17 22 20 12 15 9.8 6 11 21 16 6.5 8.3 9.2 8.7 10 6.8 9 16 20 21 18 16 11 7.5
雲林
NO2
04/20 6.8 7.6 7 14 11 9.3 9 10 7.7 6.7 8.1 5.2# 3.1x 5.9# 195# 8.4# 7.7 12 13 16 17 11 7.6 9.8
雲林
NO2
04/21 8.6 11 7 3.3 8.5 11 5.5 9.7 12 9.6 7.8 5 4.8 6.2 7.5 8.2 8.9 10 15 18 13 10 12 9.6
雲林
NO2
04/22 5.3 5.2 4.7 4 3.3 4.1 7.4 8.6 5.4 5.8 5.6 5.5 4.5 3.8 4.4 4.3 5.4 7.5 7.4 6 7.2 6.6 6.3 6.3
雲林
NO2
04/23 5.6 3.1 7.1 6.8 4.9 5.1 7.5 6.7 4.3# 4.4 4.9 5.2 4.7 4.5 4.6 4.2 4.5 7.1 9.2 9.7 8.5 7.5 7.6 4.9
雲林
NO2
04/24 6.6 4.8 4.4 4.7 11 9.6 11 7.8 5.2 5.2 5.7 5.5 4.1 3.7 4 4.2 5 7.2 9.8 8 8 8 8.3 7.1
雲林
NO2
04/25 6.3 7 5.9 5.8 6.1 8.1 7.3 7.4 3.9 5.4 5.9 6.2 4.9 3.3 3.5 4.2 5.6 6.9 11 13 11 17 19 11
雲林
NO2
04/26 8.1 13 14 9.9 11 9.9 8.4 8.9 3.4 5.2 6.2 5.1 4.6 5.3 7.4 7.7 8.6 11 17 11 13 11 8.4 7
雲林
NO2
04/27 8.7 11 10 7.4 7.2 6.5 13 8.3 6.6 9.9 8.4 8.2 6.9 6.9 8.4 11 12 14 13 11 10 14 11 11
雲林
NO2
04/28 10 14 11 8.7 11 14 12 12 9.6 7.6 6.9 5.9 5.5 4.8 4.6 5 4.4 5.2 8.1 11 13 17 20 15
雲林
NO2
04/29 17 13 11 9.1 9.8 10 12 10 6.4 5.2 5.1 5.2 4.9 4.4 4.9 5 5.9 7.3 11 12 9.3 13 16 12
雲林
NO2
04/30 12 7.5 6.6 5.6 7.2 6.1 7.6 8.7 6.7 6.6 7.6 6.8 4.6 4.4 3.9 4.3 5.3 6.1 8.8 8.7 10 8.1 6.2 6.2
雲林
NO2
監測年月：2019/05， 測站：斗六， 測項：NO2（ppb）
雲林
NO2
日期 00 01 02 03 04 05 06 07 08 09 10 11 12 13 14 15 16 17 18 19 20 21 22 23
雲林
NO2
05/01 5.5 5.2 5.8 3.6 3.9 4.6 4.7 6.6 6.8 8.2 6.6 7.9 9.4 9.4 9.2 11 13 16 15 14 14 23 21 23
雲林
NO2
05/02 14 14 14 20 15 12 11 13 16 17 17 20 22 17 13 15 16 20 19 18 14 9.7 10 14
雲林
NO2
05/03 25 13 14 20 24 23 17 16 15 16 15 23 18# 16x 11# 9 9.1 12 19 18 17 20 23 19
雲林
NO2
05/04 17 17 15 11 6.5 6.4 6.6 6.4 7.3 8.6 8.2 8.8 8.8 8.3 6.6 6.8 8.1 9.4 12 13 14 15 15 13
雲林
NO2
05/05 11 9.2 8.1 6.2 8 7.2 7.3 10 12 9.2 6.2 6 5.8 6.1 5 8.3 8 10 12 9 8.4 14 10 8.9
雲林
NO2
05/06 6.7 6.9 7 4.3 4.1 4.2 8 8.8 9.2 9.6 15 14 9.1 7.6 8.5 9.7 14 23 24 18 21 14 11 13
雲林
NO2
05/07 7.8 9.8 12 11 13 10 12 14 13 12 13 14# 14 12 11 12# 14 16 17 17 16 17 17 23
雲林
NO2
05/08 19 18 16 12 21 18 15 15 13 14 17 13 13 13 12 13 14 14 19 24 27 25 23 19
雲林
NO2
05/09 18 27 29 18 18 15 17 16 14 11 11 9.4 10 9.3 9.5 14 16 23 23 22 21 20 17 11
雲林
NO2
05/10 10 5.9 9.5 9.2 5.6 21 15 13 9.5 6.5 6.7 9.1 11 15 8.3 6.2 5.6 8.5 16 13 14 9.6 22 11
雲林
NO2
05/11 10 12 13 32 21 15 14 10 9.4 7.6 7.6 5.5 5.3 4.3 4.5 5.9 8.1 10 14 11 11 13 15 14
雲林
NO2
05/12 13 14 15 12 11 17 11 7.8 5 4.4 4.4 4.2 4.3 4.4 4.1 4.3 3.7 4.5 5 6.3 7.9 12 11 12
雲林
NO2
05/13 11 13 8.7 9.2 5.9 4 4.9 5.5 7.4 8.4 7 5.1 5.2 5.7 5.5 4.7 6 8.8 10 16 14 14 18 17
雲林
NO2
05/14 14 9.4 8.5 7.3 5.9 6.5 8.1 7.2 5.2 3.1 4.4 5 4.7 4.3 3.9 3.9 5.5 8.8 13 11 7.7 11 12 9.2
雲林
NO2
05/15 6.7 11 11 13 11 8.4 6.8 6.4 6.4 7.1 6.9 6.5 5.2 6.1 5.8 5.7 6.7 11 12 13 11 12 11 12
雲林
NO2
05/16 12 8.6 6.7 6.3 5 6.5 7.6 5.1 4.9# 7.5 7.8 7 5.9 6.8 6.2 5.3 6.9 8.2 8.8 9.2 9.8 8.3 6.9 4.1
雲林
NO2
05/17 4.1 2.8 1.8 1.3 1.2 1.8 3.3 6 7.6 9.3# 8.4 7.1 3.9 4.4 5.5 4.8 5 8.6 9.4 9.5 10 8.3 6.4 3.2
雲林
NO2
05/18 3.6 4.2 4.3 2.5 2 2.9 4.3 4.9 6.1 8.4 5.9 4.8 5.9 4.8 4.4 5.7 5.7 7.4 6.8 10 7 4.5 3.8 2.8
雲林
NO2
05/19 3 3.5 2.6 3.4 3.3 4.5 6.2 4.8 2.9 2.5 4.6 4.1 2.7 3.1 2.4 2.6 3.3 4.8 7.6 11 9.5 8.2 7.2 6.6
雲林
NO2
05/20 4.9 3.8 3.2 3.1 3.1 4.7 6 4.8 4.5 4.9 6.4 6.8 9.2 5.5 6.2 10 13 16 20 22 19 22 18 25
雲林
NO2
05/21 18 12 19 10 12 13 11 12 12 11 13 18# 17 18 14 13 15 18 22 25 26 23 21 20
雲林
NO2
05/22 20 20 18 14 13 23 17 10 9.6# 11 10 12 7.7# 10 11 10 12 15 15 17 23 32 19 22
雲林
NO2
05/23 22 16 18 12 13 17 11 15 15 15 15 14 10 9.5 6.6 6 9.9 13 13 13 17 24 20 16
雲林
NO2
05/24 19 8.7 7.5 7.5 8 6.7 8.7 12 15 16 14 8.1 6.6 6.2 5.9 5.4 5.7 8.7 8 7.4 11 15 11 8.8
雲林
NO2
05/25 8.5 6.4 4.9 5.7 11 14 7.1 7.7 5.9 4.4 3.5 3.3 5.4 4.1 4.2 3.1 3.8 5.6 14 15 16 16 15 13
雲林
NO2
05/26 14 15 10 11 9.5 7.4 7.4 8.8 8.8 5.9 5.9 5.3 4.9 6.5 4.8 4.5 4.7 9 11 11 15 12 11 12
雲林
NO2
05/27 13 12 6.8 7.5 6.3 6.2 NA NA NA NA 19# 13 8.3 5 5.3 4.9 5.4 8.8 8.9 9.9 14 12 13 11
雲林
NO2
05/28 10 12 8.2 9.1 9.2 7.8 6.7 9.5 5.3 5 6 8 10 8 6.1 9.3 7.1 11 18 14 17 16 14 12
雲林
NO2
05/29 14 11 13 13 8.5 9.8 9.2 12 13 13 12 12 11 7.8 7.9 12 14 15 16 18 18 19 20 17
雲林
NO2
05/30 16 22 27 24 47 20 15 17 16 9.7 9.1 7.8 7 6 4.9 4.6 5.8 7.1 7.9 9.4 12 14 13 11
