高雄
PM10
01/01 54 48 43 46 42 43 45 47 43 53 61 72 67 64 79 53 55 59 71 76 92 89 79 72
高雄
PM10
01/02 71 53 53 52 46 50 43 58 68 79 95 109 99 83 69 90 96 85 83 79 73 67 62 56
高雄
PM10
01/03 52 50 46 49 48 50 47 72 66 82 80 73 71 55 1000# 55 61 62 67 73 73 78 78 79
高雄
PM10
01/04 73 60 57 63 62 71 78 88 95 97 77 55 60 50 1000# 63# 63 59 74 76 67 75 83 80
高雄
PM10
01/05 113 82 80 70 65 81 76 81 81 64 63 41 33 55 63 42 49 49 47 51 59 62 50 60
高雄
PM10
01/06 90 83 89 83 79 65 73 71 56 57 56 58 43 49 63 73 75 80 82 78 82 76 70 70
高雄
PM10
01/07 74 66 56 51 61 61 69 77 86 79 78 100 82 62 59 62 64 58 78 81 83 90 75 76
高雄
PM10
01/08 88 88 89 89 97 105 103 100 88 74 86 95 89 90 91 59 58 72 77 80 68 87 85 91
高雄
PM10
01/09 76 57 50 52 51 47 52 57 69 86 69 108 110 103 90 93 97 103 99 99 113 97 95 88
高雄
PM10
01/10 91 86 87 88 74 78 77 109 116 131 141 100 100 86 87 86 68 70 83 109 116 109 115 113
高雄
PM10
01/11 119 110 107 108 112 115 105 123 111 80 80# 1000# 99 102 70 80 58 55 45 71 54 53 61 57
高雄
PM10
01/12 63 68 78 95 89 71 79 82 78 73 53 97 95 81 88 59 54 61 68 66 61 58 61 86
高雄
PM10
01/13 85 70 91 68 64 56 57 51 58 58 65 70 79 83 79 91 95 96 98 123 113 104 119 111
高雄
PM10
01/14 99 84 73 70 63 52 52 75 72 75 80 125 94 80 63 70 64 66 71 77 91 100 111 112
高雄
PM10
01/15 112 101 88 85 89 83 73 97 113 116 110 120 96 91 94 1000# 89 88 85 95 106 116 116 114
高雄
PM10
01/16 117 104 97 81 70 76 68 59 52 66 58 60 54 61 58 54 68 76 54 42 31 28 18 31
高雄
PM10
01/17 44 44 42 32 26 26 32 40 38 35 54 56 56 53 51 56 60 70 67 67 67 68 63 68
高雄
PM10
01/18 75 73 81 74 77 72 75 81 76 82 59 68 61 57 63 66 54 54 54 59 57 81 82 89
高雄
PM10
01/19 81 82 84 77 67 73 76 92 95 100 89 55 56 60 99 94 79 62 61 66 77 73 71 78
高雄
PM10
01/20 70 35 48 38 35 34 27 33 53 67 69 82 82 69 52 87 93 90 78 95 127 141 145 130
高雄
PM10
01/21 127 128 117 101 74 60 51 56 63 62 69 62 57 60 74 78 68 77 95 94 75 65 60 61
高雄
PM10
01/22 56 53 60 49 47 54 61 67 61 84 80 70 69 72 87 81 69 76 76 86 86 84 76 72
高雄
PM10
01/23 86 76 81 82 74 84 84 88 97 115 96 87 100 63 66 82 84 87 93 101 87 104 106 108
高雄
PM10
01/24 120 120 109 115 123 120 119 122 108 84 73 84 96 75 1000# 66 75 67 77 92 113 122 114 121
高雄
PM10
01/25 128 115 112 121 106 94 82 93 89 79 88 78 111 95 88 62 64 73 78 97 92 107 122 124
高雄
PM10
01/26 138 140 133 129 122 110 101 101 99 98 101 96 88 69 84 132 229 253 268 218 168 137 111 94
高雄
PM10
01/27 75 60 49 55 53 54 56 59 70 77 98 119 106 79 75 67 69 78 80 82 90 110 110 101
高雄
PM10
01/28 102 100 97 94 96 85 91 101 117 99 92 130 80 82 146 69 51 55 53 56 58 75 87 85
高雄
PM10
01/29 101 96 73 64 43 42 49 53 52 74 64 68 58 61 1000# 43# 51 52 49 60 89 103 107 106
高雄
PM10
01/30 105 104 91 81 67 67 64 80 74 100 67 86 104 97 74 57 77 58 52 43 39 38 34 70
高雄
PM10
01/31 89 84 74 68 60 50 44 42 50 55 72 45 65 57 86 58 38 64 46 47 46 58 61 53
高雄
PM10
監測年月：2019/02， 測站：小港， 測項：PM10（μg/m3）
高雄
PM10
日期 00 01 02 03 04 05 06 07 08 09 10 11 12 13 14 15 16 17 18 19 20 21 22 23
高雄
PM10
02/01 55 53 64 68 77 79 67 60 69 70 70 70 66 64 65 78 88 76 77 78 99 118 121 118
高雄
PM10
02/02 108 99 91 90 92 95 102 106 112 119 114 108 90 90 85 72 62 59 56 65 74 85 94 105
高雄
PM10
02/03 97 91 88 79 65 60 67 56 61 72 126 126 85 85 53 49 48 43 36 33 56 30 33 25
高雄
PM10
02/04 42 45 36 31 26 30 27 26 25 32 34 44 27 42 57 52 40 22 16 52 32 55 61 81
高雄
PM10
02/05 78 80 81 79 72 78 60 52 55 57 51 48 43 38 44 50 61 54 53 61 72 83 93 89
高雄
PM10
02/06 89 86 80 74 78 66 57 66 61 62 58 48 34 39 1000# 61# 61 59 49 44 45 50 58 57
高雄
PM10
02/07 76 79 61 47 41 33 34 32 33 52 40 30 19 18 24 21 25 29 28 32 31 46 45 48
高雄
PM10
02/08 52 57 48 50 62 69 84 88 76 56 66 76 74 52 48 46 38 39 44 51 55 50 49 49
高雄
PM10
02/09 58 55 55 49 50 53 53 49 46 43 43 51 42 40 42 40 38 37 47 54 52 54 53 50
高雄
PM10
02/10 45 41 38 45 39 46 53 45 55 56 82 42 55 54 51 47 52 54 54 55 65 60 57 55
高雄
PM10
02/11 64 59 51 53 52 55 54 58 59 71 75 87 66 46 52 77 102 106 99 105 91 76 81 63
高雄
PM10
02/12 59 52 48 52 52 42 41 62 75 81 76 1000# 61 57 64 58 53 52 53 57 70 55 51 54
高雄
PM10
02/13 79 69 74 69 68 69 73 84 88 75 47 65 59 59 1000# 52 54 46 42 32 25 19 19 33
高雄
PM10
02/14 64 72 67 68 73 76 74 72 74 73 56 59 75 64 60 60 53 42 51 55 63 70 72 65
高雄
PM10
02/15 66 75 85 85 84 89 90 99 94 83 88 49 40 44 47 42 48 33 36 39 41 49 56 59
高雄
PM10
02/16 61 54 25 26 34 34 51 61 54 53 42 53 40 37 23 28 37 38 66 77 72 73 80 79
高雄
PM10
02/17 71 68 65 63 60 51 51 54 58 56 45 67 57 42 38 65 69 58 60 60 47 54 55 48
高雄
PM10
02/18 36 30 32 40 43 53 56 74 71 70 84 68 70 51 42 37 68 94 57 59 40 44 54 28
高雄
PM10
02/19 31 25 20 20 28 35 38 62 65 51 55 53 41 34 28 29 30 30 23 20 20 20 25 27
高雄
PM10
02/20 26 34 35 35 41 33 44 50 NA NA 1000# 89 33 37 52 37 35 24 23 20 14 15 14 18
高雄
PM10
02/21 21 26 50 43 42 33 26 50 40 28 42 37 46 39 53 42 57 23 21 20 21 14 20 13
高雄
PM10
02/22 39 40 42 35 54 83 64 62 53 43 65 81 75 91 53 56 52 60 53 48 52 53 50 55
高雄
PM10
02/23 56 55 53 52 47 54 49 68 75 91 91 1000# 43# 37# 40 45 53 60 67 79 79 84 84 86
高雄
PM10
02/24 87 69 64 66 76 58 74 70 77 76 84 75 65 62 67 53 48 42 24 21 13 13 19 19
高雄
PM10
02/25 19 33 28 25 13 22 29 41 46 53 48 38 47 44 47 71 71 74 66 67 74 80 81 74
高雄
PM10
02/26 79 80 80 86 84 84 89 104 95 102 77 100 95 55 47 1000# 57 47 50 53 50 49 58 71
高雄
PM10
02/27 85 57 65 63 60 77 67 87 74 86 80 87 100 62 58 52 60 58 57 62 59 64 71 67
高雄
PM10
02/28 51 57 66 66 67 67 56 55 64 68 49 74 67 62 75 61 85 50 56 70 60 53 53 57
高雄
PM10
監測年月：2019/03， 測站：小港， 測項：PM10（μg/m3）
高雄
PM10
日期 00 01 02 03 04 05 06 07 08 09 10 11 12 13 14 15 16 17 18 19 20 21 22 23
高雄
PM10
03/01 68 71 71 66 68 74 71 74 74 119 89 76 53 62 51 50 69 50 53 52 65 75 77 84
高雄
PM10
03/02 91 91 95 104 116 109 109 105 119 84 95 78 61 58 65 64 62 73 24 26 23 19 22 37
高雄
PM10
03/03 44 49 33 33 38 40 51 38 32 31 27 29 29 21 24 45 29 25 23 25 24 30 35 24
高雄
PM10
03/04 13 21 28 32 37 44 44 63 55 88 71 32 38 29 24 39 38 36 31 30 28 22 31 52
高雄
PM10
03/05 68 59 67 57 58 49 51 64 62 65 69 112 146 147 104 99 136 102 67 68 59 43 39 74
高雄
PM10
03/06 82 64 63 69 64 51 46 48 50 49 41 38 31 22 25 36 31 42 59 53 36 36 34 39
高雄
PM10
03/07 34 50 40 42 42 46 54 72 79 76 60 62 56 37 31 36 33 40 38 28 31 35 37 44
高雄
PM10
03/08 43 32 20 26 41 37 44 52 44 35 1000# 38# 34 19 18 29 42 45 41 53 49 61 58 58
高雄
PM10
03/09 67 57 67 61 64 69 63 69 83 127 80 107 57 51 33 22 35 28 20 30 29 22 16 23
高雄
PM10
03/10 35 37 24 20 15 7 12 17 30 23 38 17 11 9 19 26 31 30 27 20 14 19 16 17
高雄
PM10
03/11 29 30 40 35 38 45 29 32 1000* 44A 43 49 47 35 33 41 48 50 55 59 65 86 82 87
高雄
PM10
03/12 97 85 85 77 79 82 87 111 97 82 40 47 50 47 47 41 50 46 41 42 46 47 54 57
高雄
PM10
03/13 78 69 61 51 50 47 53 72 71 60 51 73 68 56 52 48 41 51 40 63 79 82 97 99
高雄
PM10
03/14 106 97 82 69 64 77 77 90 90 68 63 73 58 62 57 67 63 63 60 67 76 66 81 93
高雄
PM10
03/15 109 95 85 85 76 67 55 68 72 86 84 1000# 72 70 88 68 77 96 76 73 68 70 70 71
高雄
PM10
03/16 80 69 70 44 45 67 67 67 87 61 49 46 37 43 53 43 40 46 46 41 43 37 50 52
高雄
PM10
03/17 48 65 67 64 61 64 58 56 92 42 57 61 54 46 50 49 49 63 63 67 53 55 58 61
高雄
PM10
03/18 66 63 71 68 66 67 76 86 74 71 87 73 48 45 52 50 47 39 36 45 55 56 70 78
高雄
PM10
03/19 79 79 74 76 82 74 68 74 72 67 67 104 98 87 78 72 64 69 59 53 55 49 58 64
高雄
PM10
03/20 81 87 86 89 85 103 91 103 77 70 63 56 49 32 33 40 31 29 26 26 27 33 32 20
高雄
PM10
03/21 21 28 37 31 31 32 38 49 74 33 33 44 43 1000# 19 19 26 28 24 26 24 23 16 21
高雄
PM10
03/22 31 36 25 23 34 41 40 39 40 1000# 29 32 28 26 34 53 43 43 39 50 64 67 72 74
高雄
PM10
03/23 69 80 82 81 78 79 71 67 72 75 76 72 46 39 30 23 46 56 65 60 57 55 49 43
高雄
PM10
03/24 40 44 37 44 42 44 42 51 59 50 40 37 34 44 49 53 50 45 44 43 47 49 49 37
高雄
PM10
03/25 39 35 33 31 26 26 37 50 55 54 47 51 49 43 33 59 56 58 49 54 65 56 54 47
高雄
PM10
03/26 48 54 56 61 50 58 54 47 46 38 40 41 26 26 40 1000# 31 33 32 32 37 43 40 48
高雄
PM10
03/27 86 80 79 81 79 84 89 81 63 54 68 81 93 65 45 32 36 27 35 34 29 29 29 35
高雄
PM10
03/28 31 33 35 36 42 40 46 51 50 54 31 38 47 46 48 42 51 38 26 22 23 24 18 13
高雄
PM10
03/29 17 24 17 21 36 47 49 45 41 38 41 36 30 33 39 38 37 37 31 28 28 31 29 29
高雄
PM10
03/30 30 33 16 24 23 29 31 29 32 38 45 62 39 37 35 29 32 30 25 24 43 30 39 57
高雄
PM10
03/31 64 62 65 62 47 56 44 41 42 81 70 59 60 56 52 57 53 51 66 94 89 122 97 92
高雄
PM10
監測年月：2019/04， 測站：小港， 測項：PM10（μg/m3）
高雄
PM10
日期 00 01 02 03 04 05 06 07 08 09 10 11 12 13 14 15 16 17 18 19 20 21 22 23
高雄
PM10
04/01 81 78 76 67 62 62 72 64 70 72 70 68 76 58 66 60 67 52 48 51 48 52 49 50
高雄
PM10
04/02 51 60 55 57 59 55 59 67 62 90 47 50 33 38 55 62 47 39 45 43 42 42 49 73
高雄
PM10
04/03 78 84 83 82 78 80 84 79 88 116 80 80 72 84 1000# 61 52 54 53 47 60 62 64 53
高雄
PM10
04/04 54 64 55 55 63 58 66 69 73 69 50 40 39 46 61 38 40 40 39 38 45 49 55 63
高雄
PM10
04/05 57 73 53 53 62 61 52 62 59 59 57 67 61 34 38 39 38 43 48 42 45 51 42 47
高雄
PM10
04/06 54 50 49 51 51 57 45 39 35 117 38 42 26 33 28 34 25 33 29 34 49 32 33 30
高雄
PM10
04/07 31 40 36 41 46 56 55 53 48 103 39 42 38 42 48 44 39 39 48 43 39 42 48 49
高雄
PM10
04/08 43 54 62 77 75 74 68 71 59 58 55 65 57 55 47 46 56 39 38 32 31 29 35 35
高雄
PM10
04/09 41 48 59 67 63 69 64 66 58 40 32 36 36 48 59 37 33 27 24 21 15 16 14 21
高雄
PM10
04/10 23 27 18 24 24 32 40 46 27 90 41 31 30 38 32 30 28 25 26 16 24 16 16 15
高雄
PM10
04/11 18 26 39 37 38 50 45 52 58 35 40 35 31 37 38 34 34 39 34 29 47 37 39 36
高雄
PM10
04/12 43 55 54 37 37 32 35 49 44 67 1000# 33 38 36 47 39 39 48 58 68 67 67 70 78
高雄
PM10
04/13 71 66 67 73 74 77 70 72 60 54 67 56 48 53 50 44 39 36 68 68 66 65 76 76
高雄
PM10
04/14 81 54 75 76 77 66 60 68 58 106 88 81 55 42 41 34 26 22 22 31 26 34 45 47
高雄
PM10
04/15 47 50 53 50 43 42 60 74 55 48 52 63 50 39 44 38 52 50 52 51 57 58 65 65
高雄
PM10
04/16 60 60 62 52 71 82 74 60 47 47 24 18 26 34 53 63 52 42 47 32 30 32 38 40
高雄
PM10
04/17 53 45 45 57 46 47 56 58 46 61 80 69 57 49 53 49 49 43 41 31 20 24 21 10
高雄
PM10
04/18 25 21 26 34 41 35 37 33 26 37 44 41 44 42 38 40 31 32 32 30 39 35 43 58
高雄
PM10
04/19 32 51 32 30 36 34 6 6 12 37 41 43 30 25 1000# 22 14 11 15 33 38 25 18 22
高雄
PM10
04/20 18 20 17 25 19 21 30 27 37 27 30 28 14 23 50 29 25 23 26 20 26 28 25 24
高雄
PM10
04/21 28 33 34 34 35 28 32 35 44 27 24 19 33 31 26 29 30 23 24 20 18 23 23 20
高雄
PM10
04/22 25 20 22 23 28 23 29 34 29 26 34 29 23 26 36 25 29 25 21 16 21 19 21 21
高雄
PM10
04/23 27 22 48 27 20 22 32 26 18 69 39 37 29 23 25 33 25 22 15 16 19 12 26 31
高雄
PM10
04/24 36 26 29 48 33 23 48 16 18 110x 30 28 31 22 1000# 19# 23 19 21 13 16 16 12 13
高雄
PM10
04/25 19 13 11 28 32 31 34 40 36 21 20 24 18 24 24 29 31 23 24 27 21 26 21 26
高雄
PM10
04/26 25 30 56 46 25 51 34 50 290* 145x 44 42 40 26 28 28 25 28 23 18 25 32 33 34
高雄
PM10
04/27 40 36 30 23 31 37 41 53 63 119 742* 97 49 55 69 65 50 48 48 61 66 59 65 58
高雄
PM10
04/28 67 65 59 57 58 54 58 51 33 25 38 45 42 39 39 30 31 33 22 31 23 22 16 20
高雄
PM10
04/29 29 22 23 36 44 47 39 45 46 78 1000# 29 27 42 53 41 56 17 18 16 18 17 17 13
高雄
PM10
04/30 23 27 12 11 17 20 21 22 32 47 40 31 25 26 42 27 34 23 26 23 21 26 26 28
高雄
PM10
監測年月：2019/05， 測站：小港， 測項：PM10（μg/m3）
高雄
PM10
日期 00 01 02 03 04 05 06 07 08 09 10 11 12 13 14 15 16 17 18 19 20 21 22 23
高雄
PM10
05/01 25 24 17 8 12 14 18 20 26 29 21 20 15 13 25 50 32 41 32 28 26 38 21 14
高雄
PM10
05/02 18 33 38 40 45 30 34 35 22 34 34 35 41 41 37 40 51 62 46 38 26 25 22 22
高雄
PM10
05/03 26 27 29 29 39 42 36 33 37 47 32 27 32 51 42 43 38 49 43 28 27 30 31 29
高雄
PM10
05/04 40 31 17 20 19 18 23 21 32 42 40 24 19 20 28 26 25 21 23 21 21 38 34 45
高雄
PM10
05/05 45 39 44 38 42 40 41 37 36 155x 42 60 50 44 45 38 29 24 23 36 41 49 46 36
高雄
PM10
05/06 47 34 39 44 31 32 33 39 43 1000* 1000* 1000* 1000* 1000# 1000# 0# 14 15 19 8 11 18 19 18
高雄
PM10
05/07 26 27 42 35 34 27 25 24 34 53 1000# 49 49 51 53 61 62 48 54 57 57 57 54 40
高雄
PM10
05/08 29 22 21 17 29 34 39 52 48 91 67 47 44 31 45 39 41 44 42 39 58 67 66 70
高雄
PM10
05/09 68 64 62 60 69 73 65 55 52 49 42 30 23 25 1000* 28A 19 45 32 34 34 48 45 50
高雄
PM10
05/10 53 66 67 52 42 41 33 39 41 41 69 65 35 27 23 25 26 25 32 34 32 34 28 39
高雄
PM10
05/11 70 79 75 73 61 64 54 56 45 38 65 66 49 58 59 43 47 37 48 35 35 41 26 33
高雄
PM10
05/12 36 52 56 60 50 48 46 59 63 72 47 55 39 34 38 41 39 39 35 33 26 40 58 53
高雄
PM10
05/13 58 53 62 60 47 49 47 48 45 51 39 47 38 35 42 35 1000# 33 23 27 29 38 25 27
高雄
PM10
05/14 26 23 29 52 46 44 44 48 28 41 29 23 20 19 20 15 18 17 15 16 19 16 18 11
高雄
PM10
05/15 12 19 19 21 16 30 32 45 38 32 30 21 26 20 22 18 21 15 17 10 8 8 9 6
高雄
PM10
05/16 8 12 21 22 18 13 13 25 20 27 27 27 26 22 25 21 30 28 27 23 23 24 20 20
高雄
PM10
05/17 28 25 25 25 29 28 33 34 32 24 1000# 24 28 27 31 29 24 23 22 18 18 22 22 19
高雄
PM10
05/18 28 24 23 25 22 17 27 19 21 21 22 28 25 20 24 26 28 27 21 23 21 20 22 26
高雄
PM10
05/19 24 23 23 25 19 21 22 24 27 23 36 26 24 24 25 26 27 22 24 19 31 23 17 31
高雄
PM10
05/20 26 30 27 25 31 23 30 38 37 29 1000# 1000# 27# 26 32 38 23 12 9 13 12 19 18 24
高雄
PM10
05/21 31 23 20 25 22 21 36 38 33 28 18 22 31 41 64 73 76 65 48 38 42 41 24 33
高雄
PM10
05/22 34 25 25 31 37 38 31 43 41 45 81 66 71 58 76 70 68 54 40 26 41 54 59 44
高雄
PM10
05/23 33 60 54 45 47 48 58 60 58 65 69 87 80 65 78 89 93 53 13 44 33 35 39 38
高雄
PM10
05/24 55 52 47 58 59 55 58 61 73 82 72 80 38 37 38 53 45 30 11 15 8 12 12 14
高雄
PM10
05/25 13 13 18 24 25 20 26 25 27 63 40 53 28 52 48 42 49 37 40 36 24 30 33 35
高雄
PM10
05/26 37 41 31 30 39 33 28 38 44 51 56 110 42 65 52 32 39 27 36 41 53 43 38 32
高雄
PM10
05/27 32 27 16 22 31 30 10 18 31 26 24 30 33 36 32 30 30 41 22 30 16 15 11 11
高雄
PM10
05/28 11 11 19 37 39 32 37 54 24 21 23 24 1000# 23 1000# 73 58 24 36 50 43 35 32 23
高雄
PM10
05/29 33 34 41 37 35 39 33 17 19 16 16 16 15 38 44 45 37 35 27 29 38 37 32 26
高雄
PM10
05/30 23 53 70 46 37 47 38 51 48 52 68 59 44 37 34 26 29 25 24 24 31 34 33 26
高雄
SO2
01/01 5.2 7.6 5 3 4.1 6.4 7.8 6 3.6 3.8 5.6 6.3 6.2 4.9 6.6 6.7 4.9 4 4 3.3 4.5 4.3 4.3 5.2
高雄
SO2
01/02 6.1 6.6 7.3 6.9 7.2 4.4 3.6 4.1 8.8 6.9 6.8 7.5 7 6.2 5.1 4.3 4 3.9 3.6 3.9 4.5 4.8 4.6 4.9
高雄
SO2
01/03 4.9 3.1 3.6 4.7 5.2 6.2 3.9 4.4 4 3.3 4.1 3.9 2.9 2.2 2.2 2.2# 2.2 3.5 3.1 3.2 2.7 3.4 3.5 3.2
高雄
SO2
01/04 3.1 3.5 3.3 3.1 3.4 5.5 5.7 5.7 5.8 6.6 4.8 3.3 3.5 3.2 3.6 3.5 2.9 2.7 2.5 2.6 3.2 5.3 6 4.3
高雄
SO2
01/05 2.6 2.3 2.1 2 1.9 2 2.3 3.4 3.2 4.2 6 5 6.7 4.8 4.5 3.6 3.4 3.2 3.1 2.9 3.4 4.2 3.8 3.4
高雄
SO2
01/06 3.7 5.7 6.1 3.6 4.7 4.5 2.8 4 3.5 4.2 4.1 3.2 3 3.4 3.6 3.6 3.8 2.9 2.7 2.9 3 3.3 4 5.5
高雄
SO2
01/07 5.6 4 3.6 4.6 4.7 3.6 3.6 4.6 5.8 6.6 6.9 6.7 5.2 5.4 6.1 4.8 3.8 3.8 5.7 4.6 3.8 4.2 3.6 4.5
高雄
SO2
01/08 4.2 5.4 4.8 3.6 4 3.1 3.2 4.4 3.8 3.3 4.3 4.6 3.8 4.1 4.2 4.9 3.4 4.1 4.7 3.9 2.4 3.3 4.7 3.3
高雄
SO2
01/09 2.9 2.8 2.5 2.7 2.6 2.7 2.5 3.2 4.1 4.9 5.6 7.1 6.4 7.1 5.5 4.4 3.9 2.9 3 2.8 3 2.6 2.7 2.5
高雄
SO2
01/10 2.6 4.8 5.3 5.6 4 5.5 5.8 5.6 5.6 15 19 7.2 5.8 4.2 4.4 4 3.1 3.4 3.7 5.2 5.6 5.3 8.2 7
高雄
SO2
01/11 5.8 6.2 3.3 2.7 2.7 4.7 6.6 5.6 5.3 4.3 3.9# 5# 4.8 5.2 5.2 4.1 3.5 2.8 3.5 3.2 3.7 5.1 4.4 3.6
高雄
SO2
01/12 2.7 2.6 2.6 2.4 2.9 2.9 3.3 4.2 3.3 4 3.4 6.1 5.6 3.6 4 4.2 3.7 2.6 2.9 2.9 3 2.8 2.6 2.6
高雄
SO2
01/13 4.1 5.5 4 4.3 4.5 4.9 4.7 4 4.1 4.3 4.4 4.6 5.1 4.5 4.4 4.3 4.3 3.3 3.2 4 3.9 3.6 3.5 3.5
高雄
SO2
01/14 4.8 9.8 8.2 4.1 3.2 4.7 7.3 8.5 8.5 7.1 8.7 19 6.1 4.1 4 4.3 4.1 4.3 3.7 3.9 4.5 6.1 7.8 9.8
高雄
SO2
01/15 9.3 7.6 6.9 5.1 7.3 6.3 4.6 6.6 9.3 7.7 7.2 6.3 8 5.4 4.8 3.9 4.4 3.7 3 2.1 3.1 3.3 1.9 1.8
高雄
SO2
01/16 2 3.6 4.2 2.8 2 1.9 1.6 1.9 1.9 3.3 3 2.3 2.2 2 2 1.9 2.1 2.3 3 2.4 2.2 2.2 2.3 3.1
高雄
SO2
01/17 2 1.5 2.9 2.4 1.2 1.1 1.4 2.8 2.4 1.6 1.6 1.6 1.5 1.8 2 1.9 2 1.9 2 1.8 2.1 2.2 2 1.5
高雄
SO2
01/18 1.1 2.3 2.6 2.9 3.3 3.9 3.3 4.5 3.5 3.7 4.3 3.4 3.3 3.4 4.3 3.6 3.3 3.2 3.2 2.9 2.6 3.8 4.9 5.2
高雄
SO2
01/19 4.4 3.1 2.7 2.6 2.6 2.8 5.4 5.5 6.2 6 4.8 2.9 2.3 2.9 3.6 4.5 3.9 2.9 2.6 2.5 2.1 1.8 1.9 2
高雄
SO2
01/20 1 2 1.9 2.1 2.2 2.3 2.5 2.9 4.1 3.7 4.1 4.8 4.8 3.8 3.2 4.7 5.3 5.1 4.8 4.3 4.3 3.8 3.5 3.7
高雄
SO2
01/21 3.4 5.1 3.9 2.4 2.4 2.3 2.2 2.5 2.6 2.3 4.1 2.9 2.7 3.1 2.7 3.5 3.4 3 2.8 2.6 2.6 2.6 3 3.2
高雄
SO2
01/22 2.8 1.7 1.5 1.5 1.6 1.4 1.2 1.2 1.6 2.4 1.9 2.2 2 2.2 2.9 2.9 2.1 2.2 2.3 2.6 2.5 2.6 2.5 2.2
高雄
SO2
01/23 3 4.8 2.9 2.6 2.8 6 6.2 9.1 5.3 3 2.8 3 4 5.6 5.2 3.6 3.4 3.1 3.1 3.1 3 5.1 4.7 4.1
高雄
SO2
01/24 5.1 7 4.4 4.4 5.4 8.3 8.5 11 11 6.2 5.7 4.5 4.9 5.1 4.3# 3.7# 3.8 3.9 4.5 4.4 4.3 3.8 4 6.9
高雄
SO2
01/25 4.6 3.6 3.3 5 8.6 9.1 4.8 6.7 3.9 4.7 3 3 4.5 3.7 3.8 3.7 4.5 2.9 3.1 4 4.3 5.3 5.1 5.5
高雄
SO2
01/26 6.4 6.2 6 3 5.3 5.2 2.8 3.9 5.9 5.5 3.4 3.4 3.7 3.7 3.5 3.5 3.5 3.1 3.1 3.5 3.5 3.4 3.6 3.6
高雄
SO2
01/27 2.8 3.5 4.2 4.6 4.5 4.2 5.4 5.7 5.9 7.3 10 16 12 4.5 4.1 4.5 4.5 4.6 4.4 3.7 3.3 3.5 3.7 6.1
高雄
SO2
01/28 5.3 3.7 3.9 3.6 3.4 4 5 6.3 8 5.5 5.3 5 4.3 5.2 5.4 4.4 3.8 3.7 3.5 3.9 3.4 3.9 4.8 4.8
高雄
SO2
01/29 4.1 2.3 2 2.5 2.6 2.1 2 2.5 2.9 4.1 4.5 5 NA 1.9# 3.2# 2.9# 3 2.5 2 2.2 2.9 3.8 5.2 5.9
高雄
SO2
01/30 3.4 2.5 2.5 2.2 2.1 1.9 2.1 2.8 3.1 3.8 2.8 3.6 3.8 0.3# 2.7# 2.3 2.8 3.2 2.6 2.8 2.6 2.8 2.5 3.1
高雄
SO2
01/31 2.7 2.2 2.2 2.1 2 1.8 2 2.9 2.6 3.1 3.1 3.5 4 4.6 4.8 4.6 2.8 5.8 3.5 2.6 3.5 3.7 4.2 4.6
高雄
SO2
監測年月：2019/02， 測站：小港， 測項：SO2（ppb）
高雄
SO2
日期 00 01 02 03 04 05 06 07 08 09 10 11 12 13 14 15 16 17 18 19 20 21 22 23
高雄
SO2
02/01 5 4.1 4 4 3.4 3.3 3.7 3.2 3.7 3.7 4.2 4 3.3 3.7 3.8 3.7 3.3 3.4 3.5 4 4 3.1 3.4 5.2
高雄
SO2
02/02 5.2 3 3.1 3.9 8.3 7.2 7.2 6.3 5.7 7.4 6.5 5.2 5.6 6.2 4.6 3.9 3.7 3.2 2.9 2.4 2.9 3.3 4.9 4.5
高雄
SO2
02/03 3.7 1.4 1.4 2.2 1.6 2.2 1.8 2.4 2.3 6.6 10 8.3 9.3 5.9 2 1.7 1.8 1.4 1.4 1.4 1.4 1.5 2.5 1.3
高雄
SO2
02/04 1.4 3.4 3.2 2.3 2.2 2.1 2.9 4.1 2.7 2.8 3.7 6.9 4.3 5.1 5.3 4.6 6.5 7.8 3.3 2.2 2.6 2.8 2.8 2.5
高雄
SO2
02/05 2.8 5.7 5.4 4.9 2.7 2 1.9 2 1.9 2.8 3.3 3.5 2.4 2.8 3.6 3.3 3.6 2.9 2 2.5 3.4 2.3 2.2 2
高雄
SO2
02/06 2.9 2.3 2.2 1.6 3.1 1.8 1.5 1.7 2 2.3 2.9 5.9 3 2.5 2.1# 2.6 2.4 2.1 2.1 1.9 1.5 1.6 2 2
高雄
SO2
02/07 1.3 2.7 2.3 3.1 3.7 3.7 5 3.2 3.1 2.9 2.8 3.3 2.6 2.4 3.3 3.4 2.9 3.1 3.4 2.6 2.4 3.1 2.8 3.6
高雄
SO2
02/08 3.6 3.7 2.8 4.5 3.2 4.7 2.7 4.1 4.7 4.1 4.1 4.5 5 5 4.6 4.5 3.8 3.5 3.1 3.1 2.7 3.9 5.2 3.4
高雄
SO2
02/09 5.4 4.4 5.2 2.9 2 1.9 1.7 2 2.2 2.3 2.4 4.1 3.8 2.9 3.7 2.9 2.7 2.3 2.8 2.3 2.8 2.8 3 3.4
高雄
SO2
02/10 2.6 3.8 3.6 2.6 2.3 3.8 3.6 2.9 3.4 5.2 4.6 3.5 3.8 3.9 3.8 3.7 3.2 3.5 3.4 3 3.3 3.1 2.8 3.4
高雄
SO2
02/11 3.8 6.2 4.7 5 3.8 3.2 3.3 3.3 3.7 4.2 5.5 6.6 4.7 4 3.6 3.3 3.9 3.3 2.9 3 3.4 4.1 4.2 4
高雄
SO2
02/12 4.6 4.7 4.5 6 2.5 2.7 3.4 3.2 3.8 3.6 2.7 4.4 3.6 3.8 3.6 3.2 3.6 2.8 2.7 3.2 6.2 4.8 4.3 4.7
高雄
SO2
02/13 7.2 6.2 5.4 4.2 3.6 3.7 4.8 7.4 7 3.8 3.3# 5.1 3.9 3.8# 4.7# 3.4 4.3 3.4 3.2 3.6 2.9 2.8 3.1 3.1
高雄
SO2
02/14 3.4 2.6 3.7 5.8 3.8 4.9 6.8 3.8 5.2 5 2.9 2.8 3.4 3.4 3.8 3.2 2.9 1.8 1.9 2 2.4 2.4 2.5 2.5
高雄
SO2
02/15 1.7 2.1 2.7 3.3 3.6 4.4 4.5 5.4 3.4 3.5 5.1 3.8 2.9 2.6 2.5 2.5 404# 2 2.1 1.8 1.7 2.3 3.6 2.9
高雄
SO2
02/16 1.6 8.4 2.8 2.6 3.9 2.1 4.1 5.1 3.7 3.6 4.5 4.8 4.8 3.8 2.8 2.3 2.1 2.1 1.8 2.3 3.1 4.6 4.3 2.9
高雄
SO2
02/17 3.7 2.9 3.4 3.4 3.5 2.8 3.6 4.5 4.4 3.6 3.2 3.4 3.5 3.1 3 3.1 3.3 2.7 2.3 2.5 2.5 2.3 2.5 2.5
高雄
SO2
02/18 3.1 3.6 3.8 4.2 3.1 2.9 2.5 3.9 5.2 4.6 7.1 5.4 4.6 4.3 3.6 3 7.6 9.9 11 13 13 12 9.8 2.9
高雄
SO2
02/19 2.4 2.3 2.4 2.4 2.4 2.7 3.5 6.3 4.7 7.2 7.6 5.8 2.9 2.6 2.9 3 2.4 1.9 1.8 2 2.5 2.6 3 2.7
高雄
SO2
02/20 2.9 2.5 2.4 3.2 2.7 1.9 1.9 2.6 3# NA -0.5# 2.1# 2.1 1.4 3.3# 1.9 1.6 1.4 1.2 1.2 0.9 1.8 1.4 2.6
高雄
SO2
02/21 3.2 3 3.8 2.9 2.6 2.4 2.2 6.8 5.8 2.9 1.7 2.5 2.5 2.2 2.1 1.5 1.4 1.9 1.1 2.2 2.2 1.6 1.1 0.7
高雄
SO2
02/22 3.9 3.6 2.7 2.6 5.1 3.6 4.2 3.9 3 3.2 2.7 2.4 2.6 3 2.5 2.3 1.7 1.6 1.4 1.1 1.5 1.2 1 0.8
高雄
SO2
02/23 2 4.1 2.9 2.5 2.4 2.9 4.9 3.4 2.4 9.5 11# 2.9 2.2 2.7 2.3 2.3 2.5 2.3 1.8 2 2.3 2.6 2.8 5.8
高雄
SO2
02/24 8.9 6.6 7.7 8 5.2 4 3.1 3.3 5.1 4 6.4 3 2.2 4.3 4.4 2.3 1.1 0.7 0.8 1.9 -0.1 0.4 1.1 0.3
高雄
SO2
02/25 2.1 1.1 1.1 0.9 0.8 1.7 1.8 1.3 1.3 1.5 1.4 1.8 1.4 1.1 1.7 1.7 1.5 1.6 0.9 0.8 0.6 0.1 0 0.4
高雄
SO2
02/26 2.1 2.8 3.4 4.9 2.3 3.3 2.5 3.1 5 3.7 2.9 3.1 2.7 2.4 1.5 1.2 1.6 1.4 2.3 1 0.9 0.6 0.8 1.1
高雄
SO2
02/27 2.9 2.8 4.4 3.4 4.4 5.4 4.5 4.9 2.9 2.5 2.8 2.7 4.3 3.4 2.1 2 1.7 1.7 2.2 1.5 1.6 2 1.6 3.8
高雄
SO2
02/28 3.7 5.3 3.6 5.5 3 4 3.1 3.2 3.3 3.2 3.6 3.9 3.1 3.7 3.8 3.2 2.6 2.3 2.2 2.1 2.2 1.8 1.6 1.6
高雄
SO2
監測年月：2019/03， 測站：小港， 測項：SO2（ppb）
高雄
SO2
日期 00 01 02 03 04 05 06 07 08 09 10 11 12 13 14 15 16 17 18 19 20 21 22 23
高雄
SO2
03/01 1.8 3.6 3.6 4.7 2.6 3.7 2.4 2.5 5.1 9.1 6.4 5.4 3.3 2.3 1.1 1.2 1.2 0.4 0.5 0.4 2.3 2.1 0.4 0.4
高雄
SO2
03/02 3.1 2.4 1.5 1.5 2.2 1.6 2.8 1.9 1.8 5.4 14 7.3 6.3 4 3.7 3.2 1.5 1.1 1.3 0.5 0.4 0.4 1.2 2.5
高雄
SO2
03/03 4.2 3.6 3.2 3.3 6.3 8.6 13 5.1 3.1 3.5 4.8 2.1 1.7 1.8 1.6 1.2 1.6 1.3 1.3 1.5 1.1 1.8 5.1 2.2
高雄
SO2
03/04 2.5 3.6 3 3.2 3.2 3.1 3.2 5 5.9 14 9 4.2 3.1 3.2 3.5 3.1 2.8 2.5 2.8 2.4 1.9 2.4 2.5 2.8
高雄
SO2
03/05 2.6 2.9 5.2 2.9 2.5 2.2 2.1 2.7 6.3 12 22 14 20 22 16 15 21 22 17 22 21 12 18 16
高雄
SO2
03/06 2.9 2 2.6 1.6 3.2 3.1 2.4 1.6 1.7 1.3 1.8 3.3 1.5 1.6 1.8 2.7 2 1.7 1.6 0.7 0.8 2.2 1.4 1.2
高雄
SO2
03/07 1.3 3.1 2.5 3.1 5.3 3.1 2.9 3.4 2.6 3.5 2.9 2.2 2.1 2 1.8 1.7 2 2.4 2.2 1.7 2.1 1.9 1.8 1.6
高雄
SO2
03/08 1.7 2.2 2.4 2.9 2.8 2.7 2.6 2 3.5 2.9 2.3# 2.6 1.3 1.5 1.4 1.8 2.7 2.6 3.2 3.5 2.3 2.3 2 3.3
高雄
SO2
03/09 2 2.5 2.8 1.8 1.7 1.7 2.2 3.6 9.6 7.2 8.6 18 23 19 5.3 4.2 5.4 1.8 1.6 1.3 1.5 1.9 1.7 2.2
高雄
SO2
03/10 2.4 3.5 2.9 3.5 2.4 2.3 2 2.7 3.4 3.3 4.1 3.1 2.6 2.7 2.6 2.6 2.7 2.6 2.3 2.1 2 2 2.2 2.1
高雄
SO2
03/11 2.2 1.3 1.4 1.3 2 2.5 0.9 1.2 1 2.5 6.2 6.4 2.6 2.4 2 2.3 2.2 3.2 4.8 3.3 4.1 3.8 2.8 3.2
高雄
SO2
03/12 3.7 3.8 3.1 3.9 3.2 2.9 3.1 6.3 6.1 7.1 3.3 3.6 3.3 3.4 3 3 2.9 3.7 4.6 2.4 3.2 4.2 4.2 3.5
高雄
SO2
03/13 3.7 2.9 3.7 4.4 4 2.4 2.3 3.9 4.9 4.4 3.7 4.1 4.2 4.8 4.3 3.6 3.7 3.4 2.9 3.4 4.9 4.2 4.1 5.5
高雄
SO2
03/14 5.4 4 3.5 2.7 2.6 4.4 4.2 9.8 13 6 3.9 5.2 4.2 3.9 4.2 4.5 4.1 4.2 3.6 3.5 5.1 4.8 4.7 4.3
高雄
SO2
03/15 3.6 1.4 1.8 1.6 2.4 1.4 2.2 3.1 1.4 2.4 1.8 1.9 2 2.1# 1.9# 2.9# 2.9 3 2.4 2.2 2.4 2.5 2.9 5.1
高雄
SO2
03/16 3.7 3.6 2.9 2 2 1.6 1.6 3.9 4.2 3 2.1 2 2.8 3.2 3 3.2 2.2 2 1.7 1.9 1.9 1.5 2.2 2.8
高雄
SO2
03/17 2.6 4.6 3.1 3.3 4 3.8 3.7 3.3 3.4 3.8 6.2 8.8 4.7 3.8 3.7 3.6 3.5 3.7 3.9 3.8 3 4.8 5 6.8
高雄
SO2
03/18 5 4.1 4.2 5.7 3.8 3.3 4.1 5.3 4.2 3.4 5.2 6.8 4.6 4.1 4.5 4.5 3.9 2.8 3.4 3.6 4.3 6.2 4.3 4.4
高雄
SO2
03/19 3.9 4.5 3.4 2.9 2.8 2.4 3.1 5 4 3.6 3.3 6.6 6.1 7.3 5.4 6 5.2 4.3 3.6 3.4 2.9 2.8 2.7 2.7
高雄
SO2
03/20 2.4 3.8 4.2 3.9 2.9 2.7 3.8 5.1 4.7 4 3.7 3.9 4.1 4.3 4.1 3.1 2.7 2.7 4.8 3.5 5.5 16 24 6.3
高雄
SO2
03/21 3.4 7.8 4.2 2.3 1.9 1.7 3.9 3 2.4 5.3 7.1 5.7 5.5 3.6# 3.2 2.5 3 3 2.9 2.9 2.3 3.1 2.7 2.6
高雄
SO2
03/22 3.5 2.9 2.7 2.7 3 5.5 5.2 4.2 3.6 4.4 3# 2.8 2.9 2.5 3.3 3.4 3.1 3 2.4 3.5 3.6 3.6 3.6 3.6
高雄
SO2
03/23 3.3 6.2 6.6 6.9 6.7 4 4.6 4.9 3.7 4.5 5.6 3.6 2.9 2.9 2.7 2.8 3 3.6 4.3 4.3 3.6 3.3 3.2 2.9
高雄
SO2
03/24 2.2 1.4 1.9 1.4 1.5 2.4 2.3 3.7 4.9 2.4 2.4 2.5 2.4 2.3 2.4 2 1.6 1.8 1.7 1.8 1.6 3.1 3.3 3.2
高雄
SO2
03/25 1.7 3 3.1 3.2 3 2.7 3.7 5 4.6 4.2 5.8 4.6 4.4 4.4 3.9 4.3 4.4 4.4 3.9 4.5 4 4.6 6 5.7
高雄
SO2
03/26 5 4.8 4.5 4.2 3.4 4.4 4.9 5.4 3.5 3.3 3.5 4.2 3.4 3.7 4.5 4.3 3.6 3.6 3.6 3.5 3.1 4.5 3.9 4.2
高雄
SO2
03/27 4.2 4.2 4.9 6.4 6.8 6.6 5.4 4.9 4.1 4 6.4 8.7 8.2 5.8 4.3 3.9 4 2.8 3.1 9.8 11 16 17 7
高雄
SO2
03/28 2.8 1.5 2 2.6 4 3.1 2.9 2.4 2.7 6.8 3.3 1.8 1.6 2.3 2.9 3 2.6 2.8 2.5 2 3.2 3.1 2.5 2.4
高雄
SO2
03/29 2.1 2.1 2.3 2.3 2.3 2.5 2.4 2.6 3.1 3 2.6 2.1 1.9 2.3 2.7 2.7 2.8 2.4 2.3 2.8 2.4 2.8 2.7 2.3
高雄
SO2
03/30 2 2.6 2.4 2.4 1.9 2.8 3.8 2.9 2.8 3.9 3.6 5.1 4.7 3.2 3.6 2.7 2.6 2.5 2.4 2.4 3.2 3.5 3.3 2.7
高雄
SO2
03/31 2.3 4.7 4.8 5.3 4.5 6.3 4.2 4.1 4.1 7.4 7.6 8.4 5.6 5.4 5 4.7 3.6 3.3 3.7 3.5 3.5 3.6 4.3 4.3
高雄
SO2
監測年月：2019/04， 測站：小港， 測項：SO2（ppb）
高雄
SO2
日期 00 01 02 03 04 05 06 07 08 09 10 11 12 13 14 15 16 17 18 19 20 21 22 23
高雄
SO2
04/01 4.7 5.3 5.3 4.2 4.4 4.2 3.9 3.4 4.4 3.6 3.9 3.8 3.5 2.8 3.7 3.7 4.1 4.4 3.9 2.6 3.3 4.9 4.4 4.3
高雄
SO2
04/02 3.7 2.8 2.9 4 4.8 5.5 3.5 4.6 4.7 4.6 2.8 2.3 2.2 2.4 2.9 3.8 3.4 2.9 2.7 2.5 2.5 2.7 3.2 3.3
高雄
SO2
04/03 2.8 3.9 4.3 4.1 5.2 4.8 5.7 6.7 3.6 2.9 2.7 2.8 2.7 3.1 3.7# 3.4 2.1# 1.8 1.8 2.3 3.2 3 3.2 2
高雄
SO2
04/04 2.3 3.3 3.6 2.3 3.4 3.3 2.4 3.2 4 3.5 2.7 2 2.2 3 3.4 2.7 2.8 2.7 2.2 1.6 1.7 2 2.9 3.4
高雄
SO2
04/05 1.1 3.8 3 3.8 2.7 3.2 2.6 3.5 3.3 3.1# 3.3 4.5 3.4 3.7 2.9 2.7 2.8 3.1 2.8 2.6 2.7 2.8 3 3.1
高雄
SO2
04/06 3.3 3 2.9 3.3 3.4 4 6.1 5.1 4 4 3.5 4.2 3.7 3 3.1 3.1 3.5 4.1 3.4 4.6 6.3 4.8 4.8 4.2
高雄
SO2
04/07 4.2 4 4.3 4.3 3.1 3.2 2.9 3.5 3.3 3.1 2.9 3.1 2.6 2.5 2.9 2.6 2.6 3.3 3.7 2.6 3.1 2.5 4 3.7
高雄
SO2
04/08 2.5 2.7 3.3 4.2 2.7 2.5 2.6 2.9 3.8 5 3.8 3.8 3.6 4.8 3.3 2.9 3.4 4.3 3.4 3.6 2.7 2.4 2.6 2.6
高雄
SO2
04/09 2.6 3.7 3 4.8 4.8 4.7 2.9 3.4 11 11 2.1 2.5 2.4 2.6 2.7 2.6 2.3 2.4 2.2 2.5 2.4 2.5 3.3 3.2
高雄
SO2
04/10 3.5 3.7 3 2.5 2.6 2.3 2.5 3.1 2.5 2.5 2 2 1.9 2.1 2.5 2.9 2.6 2.7 2.5 2.2 4.2 3.3 2.9 2.1
高雄
SO2
04/11 1.6 3.5 3.5 3.2 3.7 4 4.3 5.2 6.8 4.1 3 2.7 2.5 3 3.6 3.7 3.5 3.2 2.9 3.1 2.8 3.4 4.7 3.4
高雄
SO2
04/12 2.4 2.5 3 2.5 3.6 3.7 3.2 6 6.2 4.3 3.7 3.5 3.6 3.4 3 2.7 2.5 2.1 2.8 3.4 2.7 2.9 3.3 4.5
高雄
SO2
04/13 5.1 3.7 4.1 5.4 6.1 6 4.3 3.8 4.6 4.3 4.6 4.1 4.3 4.2 4.1 3.9 3.5 2.4 3.8 4 3.9 3.1 3.7 4.8
高雄
SO2
04/14 4.7 3.6 3.6 4.1 4.5 3.6 4.3 4.1 3.7 4 5.8 5.7 4.8 3.5 3.2 2.9 2.9 3.4 1.9 2.4 2.4 3.2 3.9 4.7
高雄
SO2
04/15 3.7 3.6 2.9 3.3 5 3.3 3.9 3.8 8.4 4.5 3.6 3.9 3.4 3.4 3.1 2.9 3.9 3.9 3.6 5.2 3.1 3.5 3.6 3.8
高雄
SO2
04/16 3.9 4.3 3.6 3.6 4.1 4.5 3.8 5.4 4 3 3 2.1 2.4 4.8 2.7 3.4 2.6 2.9 2.6 2.3 3 3.4 3.4 4.1
高雄
SO2
04/17 1.9 1.3 1.2 1.2 1.7 1.9 2.9 3 2.9 2.6 2.5 3.7 3.1 2.9 2.6 2.7 2.5 2.2 2.2 1.7 1.6 1.8 2 1.6
高雄
SO2
04/18 2.7 3.5 3 3.2 3 3.5 3.2 3.7 3.7 5 4.6 5.3 5 5 6.1 5.8 4.7 4.3 3 3.2 4.1 3.9 5.7 6.3
高雄
SO2
04/19 15 6.2 11 7.4 16 4.6 1.6 1.7 2.4 3.8 8.3 19 3.6 4.4 2.3# 2.2 2.4 4.7 2.7 2.4 2.7 3.2 2.4 2.7
高雄
SO2
04/20 4 4.9 4.1 6 5.4 2.1 3.4 3.7 3.4 2.8 2.1 3.1 2.5 2.7 2.4 2.7 4.5 3.2 5.6 4 4.5 6 8 9
高雄
SO2
04/21 8.1 11 4.6 3.1 2.3 2.5 4.4 3.6 2.6 2.2 2.3 3.2 6.9 8.8 5.2 7.7 4.6 2.8 2.3 2.5 2.5 2.7 2.7 2.5
高雄
SO2
04/22 2.7 2.2 2.2 2.4 2.7 2.2 2.4 3.4 3.4 3.5 3.2 3.3 3.8 3 3 3.1 3.4 3 2.8 2.9 2.5 2.9 2.9 2.7
高雄
SO2
04/23 2.6 3.1 10 9 3.1 1.6 2.6 2 1.1 2 2.1 2.3 2.5 1.5 1.6 1.9 1.4 1.2 1.5 1.3 0.7 1.1 2 3
高雄
SO2
04/24 1.9 1.4 1.2 1.5 1.3 1.4 2.2 1.7 1.7 1.3 1.2# 0.3# 1.3# 1.5# 1.4 1.2# 1 0.8 0.7 0.6 0.5 0.6 0.9 1.2
高雄
SO2
04/25 1.5 1.7 1.7 2.6 5.9 4.9 3.7 2.2 1.9 1.8 1.9 2.4 2.3# 2.7# 2.2 2.2 1.2 1.2 1 0.9 2.3 2.4 2.4 6.5
高雄
SO2
04/26 3.8 5.9 5.8 17 3.5 2.9 3.9 5.2 10 8.7 4.2 3.1 4.2 2.2 2 2 1.9 1.7 2.2 1.8 1.7 2.2 2.9 2.5
高雄
SO2
04/27 3.8 1.9 1.4 1.2 1.2 0.8 1.1 1.8 1.6 3.2 3.7 6.5 2.6 4.2 3.5 2.6 2 1.6 1.2 1.9 1.5 2.1 2.6 2.7
高雄
SO2
04/28 3 6.6 5.5 4.8 4.8 3.6 4 4.6 4.4 3.6 4.2 4.5 4.5 4 3.9 3.8 3.7 3.5 3.6 3.9 3.5 4.4 4.2 3.7
高雄
SO2
04/29 2.7 4.8 3.7 3.3 1.9 2 2.1 2.4 5.6 6.5 5# 4.3 3 3.3 3.5 4.3 3.7 2.9 2.7 2.3 2.8 2.2 2.5 2.3
高雄
SO2
04/30 2.4 3.4 2.2 1.7 1.4 1.5 1.3 1.4 2.1 2.4 2.1 1.6 1.6 1.9 1.9 1.8 1.6 1.8 1.5 1.7 1.6 1.3 2 2.2
高雄
SO2
監測年月：2019/05， 測站：小港， 測項：SO2（ppb）
高雄
SO2
日期 00 01 02 03 04 05 06 07 08 09 10 11 12 13 14 15 16 17 18 19 20 21 22 23
高雄
SO2
05/01 2 1.9 1.5 1.1 1.1 1.1 1 1.2 1.6 1.6 1.6 1.5 1.4 1.4 2.6 5 6.9 3.3 2.2 4.4 2.3 2.9 2.8 1.6
高雄
SO2
05/02 3.7 3.3 2.8 2.7 3.4 3.8 3.1 3.5 2.4 3 2.8 2.6 2.8 3 3.5 3.6 4 3.1 3.3 2.7 2.1 2.4 2.2 2.4
高雄
SO2
05/03 1.4 3.2 3.3 3.5 3.4 3.9 4.6 5.1 5.2 5.7 4.4 4 4.3 4.1 4.1 4 5.3 6 5.5 3.5 3.1 4.5 3.5 3.5
高雄
SO2
05/04 4.5 2.2 2 2.2 2 2.4 3.3 2.6 3 5.8 3.8 3.6 2.5 2.9 2.3 2.1 1.9 2.2 2 2 2.1 2 5.2 4.2
高雄
SO2
05/05 2.5 1.7 1.7 1.7 1.9 1.7 2 2.3 2.9 2.8 4.2 5.1 4.7 3 3.5 6.1 4.2 3.5 3.2 2.7 2.3 3 3.2 2.7
高雄
SO2
05/06 2.7 2.1 2.6 3.1 2.4 1.9 2.1 3.5 3.3 2.8 2.4 1.7 1.7 1.9 1.6 1.8 1.6 1.8 1.7 1.6 1.7 2 1.8 2.1
高雄
SO2
05/07 1.8 1.4 1.7 1.6 1.5 1.2 1.2 1.8 1.9 2.2 3 3.7# 2.6 2.6 2.5 2.6 3.7 2.9 3 3.1 2.7 2.5 2.6 2.1
高雄
SO2
05/08 1.6 1.7 1.4 1.5 2.1 2.8 4.4 4.4 4.5 3.1 3.1 4.5 3.2 2.5 3.2 2.8 2.8 2.5 2.7 2.4 2.9 2.9 3.1 2.6
高雄
SO2
05/09 3.2 3.6 3.1 4.8 3.8 4.9 3.8 3.9 4.1 4.1 8.1 5.9 3.8 4.2 0.8A 0.8x 0.8x 0.8x 2.2 3.5 3 3.9 4.7 5.2
高雄
SO2
05/10 5.3 4.3 3.6 1.8 2.6 1.8 2 2.4 2.9 2.5 5.5 6.5 2 1.5 1.3 1.3 3.1 2.4 1.7 1.5 2 3.4 3.5 3.4
高雄
SO2
05/11 5.5 4.8 6.2 5 3.2 2.6 2.6 3.1 3.3 3.9 4.2 4 4.3 4 3.7 2.7 2.8 3.3 2.7 2.1 2.7 3.5 5.5 5.4
高雄
SO2
05/12 3.6 3.3 2.8 2.4 2.2 2.2 2.8 4.1 4.2 3.8 3.4 3.6 4 3.8 3.2 3.2 3.7 3.3 2.8 2.2 2.4 2.9 4.1 4.6
高雄
SO2
05/13 4.8 2.9 2.1 1.8 1.8 1.6 1.7 1.8 2.8 3.3 3.2 2.7# 1.9 1.7 12# 1.6# 1.4 1.5 1.2 3.3 3.5 4.1 3.6 3.7
高雄
SO2
05/14 3.4 3.1 2.9 10 4.5 2.5 2.3 2.9 2.3 2.7 2.6 2.6 1.7 2.3 2.2 2.6 1.7 1.7 1.7 1.2 1.8 3 2.6 2.3
高雄
SO2
05/15 2.9 4.6 4.7 3.1 2.8 3.2 3.7 5.3 5.2 3.3 2.2 2.1 1.9 3.1 2.2 4.2 2.3 1.9 1.8 1.8 1.7 2 1.6 1.1
高雄
SO2
05/16 1.6 2.8 2.1 1.8 1.7 1.7 2.4 2.4 1.9 2.3 1.7 1.4 1.3 1.6 1.3 1.3 1.2 1.1 1.2 1.1 1 0.8 0.6 0.7
高雄
SO2
05/17 2 1.6 1.8 1.1 1.2 1.9 2 2 1.7 1.6 1.4# 1.7 1.6 1.1 1 1 0.9 0.8 0.5 0.4 0.3 1.3 0.8 1
高雄
SO2
05/18 1.7 3.2 3.3 2.8 3 3.5 2.8 2.8 2.4 2 2.5 2.4 1.8 2.1 2.1 2 1.9 1.8 1.8 1.5 1.3 4 1.5 1.4
高雄
SO2
05/19 2.9 1.6 1.6 1.8 1.8 1.3 1.5 1.6 1.6 1.6 1.7 1.7 1.8 1.7 1.6 1.8 1.6 1.6 1.5 2 2.5 1.8 1.6 1.7
高雄
SO2
05/20 1.8 2.3 1.5 1.5 1 2 1.4 1.7 1.5 1.4 1.3 1.4 1.3 1.9 2 2.2 1.5 0.7 0.5 1.2 2.7 3.3 2.8 2.9
高雄
SO2
05/21 4.1 3.5 2.1 2 1.8 1.9 3.1 3.6 5.9 3.5 1.9 2.1 1.9 2.5 2.8 3 3.4 2.5 2.7 2.2 2.2 2.5 3.3 4.2
高雄
SO2
05/22 11 3 2.3 2.8 4.8 3.4 1.9 3.8 3.2 2.7 4 3.1 4.1 3.6 4.2 4.4 4.1 3.5 2.4 1.8 8.5 17 13 8.7
高雄
SO2
05/23 7.1 6 3.9 2.6 2.6 2.6 2.6 3 4.5 8.9 11 4.9 6.8 5.9 5.1 5.4 5.2 4.9 2 2.7 2.2 2.3 2.9 2.5
高雄
SO2
05/24 3.7 3.9 4 4.2 4.2 4.6 3.5 3.1 4.6 3.6 4.5 5.7 3.7 3 2.9 3.6 3.5 2.4 1.9 1.8 1.7 2.3 2 2.3
高雄
SO2
05/25 2.3 2.2 2 2 2 1.8 1.8 2.9 3.2 6.9 6 6.3 4.6 4.2 4 3.8 3.5 3.3 3.1 3.7 3.3 3.3 3.1 2.6
高雄
SO2
05/26 2.8 3.2 2.7 2 1.9 1.7 2.1 2.3 3.2 4.1 6.4 5.4 4.7 6.4 3.3 2.5 2.2 2.3 2.1 6.3 31 20 13 14
高雄
SO2
05/27 23 3.4 13 20 24 21 14 24 9 18 7.1 11 6.3 5.2 3.7 3.4 3.5 7.5 4.7 7.5 4.3 3.3 3 2.7
高雄
SO2
05/28 2.5 2.8 2.8 3.8 4.1 2.2 2.7 3.3 3.1 3# 2.9 2.9 2.4 2.5 1.8 2.6 3.8 3.3 8.4 8.7 5.8 3.9 5.5 4.3
高雄
SO2
05/29 3.3 1 0.8 1.6 1.5 1.1 2.4 1.1 1.4 1.2 1.3 1.4 0.7 1.2 1.5 1.7 1.6 1.3 1.7 5.7 4.9 4.6 1.8 1.3
高雄
SO2
05/30 1.6 6.2 4.2 2.7 2.6 2.8 3.2 4.3 3.9 4.7 5 5 3.8 3.3 3.3 3.1 2.8 2.8 3.3 2.9 3.6 3.6 2.9 3.7
高雄
CO
01/01 0.6 0.51 0.53 0.46 0.41 0.43 0.49 0.62 0.64 0.74 0.75 0.77 0.7 0.59 0.62 0.42 0.37 0.42 0.65 0.74 0.62 0.65 0.68 0.61
高雄
CO
01/02 0.59 0.55 0.49 0.49 0.48 0.54 0.59 0.97 1.28 1.03 1.05 1.06 0.86 0.56 0.54 0.84 0.89 0.95 0.9 1.05 0.95 0.79 0.65 0.6
高雄
CO
01/03 0.56 0.57 0.57 0.6 0.6 0.61 0.65 0.94 0.95 0.82 0.82 0.7 0.63 0.49 0.46 0.54 0.55 0.61 0.54 0.67 1.05 1.26 1.39 1.27
高雄
CO
01/04 0.9 0.68 0.71 0.72 0.67 0.73 0.96 1.39 1.45 1.26 0.8 0.59 0.45 0.42 0.43 0.42 0.54 0.68 0.89 0.9 0.75 0.73 0.82 0.8
高雄
CO
01/05 0.63 0.51 0.49 0.45 0.56 0.68 0.77 0.93 0.75 0.58 0.59 0.29 0.25 0.32 0.3 0.25 0.26 0.32 0.31 0.67 1.12 0.96 0.78 0.7
高雄
CO
01/06 0.7 0.6 0.63 0.56 0.57 0.65 0.78 0.96 0.93 0.84 0.9 0.8 0.64 0.68 0.62 0.57 0.56 0.71 0.78 0.85 0.97 0.94 0.92 0.88
高雄
CO
01/07 0.85 0.8 0.73 0.7 0.67 0.69 0.91 1.41 1.29 1 0.9 0.8 0.62 0.51 0.45 0.38 0.48 0.62 0.61 1.01 1.22 0.96 0.79 0.59
高雄
CO
01/08 0.56 0.56 0.54 0.53 0.53 0.53 0.6 0.88 0.79 0.69 0.72 0.68 0.53 0.45 0.42 0.41 0.4 0.45 0.48 0.62 0.85 1.08 1.12 0.86
高雄
CO
01/09 0.72 0.61 0.57 0.57 0.55 0.58 0.66 0.87 0.96 0.9 0.73 0.79 0.75 0.67 0.57 0.52 0.47 0.62 0.79 0.89 1.01 0.98 0.99 1.05
高雄
CO
01/10 0.91 0.84 0.81 0.68 0.67 0.65 0.81 1.1 1.25 1.47 1.55 0.71 0.65 0.48 0.49 0.56 0.61 0.84 1.07 1.23 0.96 0.99 1.2 1.17
高雄
CO
01/11 0.88 0.65 0.57 0.57 0.59 0.66 0.75 1.19 1.07 0.68 0.52# 0.67# 0.6 0.63 0.49 0.47 0.41 0.65 0.78 0.93 0.64 0.74 0.69 0.65
高雄
CO
01/12 0.57 0.56 0.47 0.48 0.43 0.5 0.74 1 0.79 0.63 0.52 0.64 0.68 0.47 0.47 0.42 0.48 0.59 0.7 0.49 0.59 0.68 0.87 0.87
高雄
CO
01/13 0.73 0.61 0.59 0.69 0.73 0.7 0.75 0.89 1.02 0.89 0.87 0.81 0.7 0.65 0.66 0.69 0.71 0.82 0.97 0.96 0.98 1.02 1.08 1.01
高雄
CO
01/14 0.88 0.8 0.77 0.7 0.64 0.63 0.75 1.19 1.14 1.01 1.09 1.56 0.69 0.56 0.51 0.48 0.47 0.5 0.49 0.57 0.81 0.87 0.94 0.84
高雄
CO
01/15 0.73 0.69 0.64 0.58 0.57 0.64 0.72 1.02 1.28 1.13 1.21 0.95 0.78 0.61 0.57 0.54 0.59 0.64 0.75 0.72 0.75 0.79 0.75 0.76
高雄
CO
01/16 0.65 0.49 0.47 0.47 0.47 0.46 0.53 0.78 0.65 0.65 0.7 0.67 0.66 0.69 0.69 0.65 0.67 0.75 0.81 0.69 0.61 0.53 0.5 0.59
高雄
CO
01/17 0.59 0.57 0.58 0.54 0.47 0.45 0.55 0.8 0.87 0.69 0.67 0.61 0.54 0.52 0.5 0.48 0.58 0.73 0.73 0.77 0.83 0.75 0.67 0.58
高雄
CO
01/18 0.55 0.49 0.48 0.47 0.48 0.51 0.62 0.9 0.9 1 0.56 0.4 0.38 0.37 0.38 0.36 0.35 0.4 0.39 0.48 0.56 0.76 0.75 0.64
高雄
CO
01/19 0.54 0.52 0.48 0.45 0.44 0.51 0.64 0.89 1.07 1.1 0.89 0.59 0.51 0.5 0.52 0.53 0.53 0.56 0.65 0.55 0.49 0.49 0.49 0.5
高雄
CO
01/20 0.51 0.36 0.38 0.38 0.38 0.43 0.51 0.55 0.56 0.56 0.67 0.6 0.6 0.52 0.39 0.53 0.6 0.6 0.66 0.94 0.82 0.99 1.05 1.02
高雄
CO
01/21 0.94 0.91 0.84 0.75 0.67 0.61 0.7 0.91 1.02 0.86 0.8 0.63 0.61 0.72 0.61 0.7 0.74 0.72 0.67 0.62 0.52 0.5 0.49 0.46
高雄
CO
01/22 0.41 0.37 0.34 0.32 0.35 0.38 0.41 0.6 0.55 0.62 0.54 0.49 0.46 0.44 0.48 0.48 0.53 0.6 0.64 0.63 0.65 0.63 0.6 0.58
高雄
CO
01/23 0.58 0.55 0.52 0.54 0.52 0.57 0.67 1.05 1.23 1.05 0.93 0.74 0.68 0.49 0.49 0.5 0.54 0.61 0.77 0.84 0.67 0.69 0.72 0.69
高雄
CO
01/24 0.63 0.62 0.64 0.6 0.6 0.65 0.8 1.22 1.25 0.84 0.76 0.7 0.59 0.49 0.38# 0.42# 0.48 0.57 0.64 1.08 1.33 1.14 1.11 0.94
高雄
CO
01/25 0.9 0.73 0.66 0.55 0.54 0.53 0.63 0.94 0.94 0.9 0.67 0.61 0.61 0.5 0.42 0.4 0.48 0.64 0.78 0.69 0.65 0.75 0.91 0.9
高雄
CO
01/26 0.8 0.75 0.7 0.67 0.62 0.63 0.67 0.85 0.93 0.85 0.87 0.77 0.64 0.49 0.42 0.43 0.5 0.59 0.66 0.66 0.66 0.69 0.69 0.63
高雄
CO
01/27 0.52 0.36 0.34 0.31 0.32 0.34 0.39 0.52 0.62 0.64 1.04 1.28 0.76 0.38 0.34 0.32 0.31 0.32 0.38 0.53 0.75 0.98 0.87 0.71
高雄
CO
01/28 0.66 0.61 0.57 0.52 0.49 0.55 0.75 1.24 1.36 0.72 0.68 0.52 0.42 0.42 0.41 0.34 0.31 0.37 0.38 0.55 0.99 0.95 0.88 0.83
高雄
CO
01/29 0.68 0.56 0.43 0.37 0.34 0.35 0.45 0.64 0.6 0.71 0.63 0.53 NA 0.43# 0.38 0.34# 0.32 0.41 0.51 0.87 1.17 0.99 0.89 0.8
高雄
CO
01/30 0.76 0.49 0.41 0.4 0.38 0.41 0.46 0.68 0.72 0.76 0.52 0.5 0.49 0.02# 0.33# 0.3 0.31 0.38 0.36 0.35 0.37 0.35 0.31 0.71
高雄
CO
01/31 0.6 0.56 0.49 0.44 0.4 0.37 0.39 0.68 0.74 0.76 0.5 0.41 0.45 0.43 0.34 0.31 0.34 0.44 0.52 0.64 0.63 0.51 0.48 0.5
高雄
CO
監測年月：2019/02， 測站：小港， 測項：CO（ppm）
高雄
CO
日期 00 01 02 03 04 05 06 07 08 09 10 11 12 13 14 15 16 17 18 19 20 21 22 23
高雄
CO
02/01 0.44 0.41 0.4 0.42 0.48 0.59 0.65 0.84 0.96 0.91 0.79 0.7 0.59 0.41 0.43 0.44 0.46 0.48 0.45 0.47 0.63 0.84 1.09 0.75
高雄
CO
02/02 0.77 0.93 0.87 0.75 0.7 0.75 0.88 1.08 0.9 0.93 0.74 0.62 0.63 0.62 0.51 0.45 0.42 0.42 0.51 0.71 0.74 0.86 0.91 1.07
高雄
CO
02/03 0.8 0.61 0.62 0.68 0.5 0.53 0.67 0.65 0.6 0.6 0.56 0.29 0.29 0.21 0.17 0.16 0.18 0.21 0.21 0.2 0.21 0.23 0.21 0.2
高雄
CO
02/04 0.32 0.35 0.33 0.29 0.24 0.25 0.26 0.33 0.32 0.35 0.31 0.42 0.26 0.35 0.48 0.44 0.43 0.39 0.32 0.59 0.53 0.71 0.93 0.9
高雄
CO
02/05 0.94 0.92 0.9 0.88 0.97 0.98 0.94 0.89 0.76 0.77 0.66 0.6 0.51 0.52 0.55 0.55 0.56 0.59 0.52 0.62 0.75 0.55 0.49 0.5
高雄
CO
02/06 0.43 0.39 0.38 0.4 0.44 0.47 0.45 0.5 0.47 0.45 0.5 0.52 0.32 0.29 0.31# 0.31 0.32 0.33 0.32 0.36 0.43 0.5 0.52 0.53
高雄
CO
02/07 0.54 0.55 0.45 0.36 0.3 0.29 0.31 0.34 0.44 0.4 0.4 0.31 0.24 0.24 0.24 0.22 0.23 0.26 0.28 0.32 0.45 0.44 0.46 0.54
高雄
CO
02/08 0.52 0.46 0.4 0.38 0.38 0.44 0.49 0.6 0.54 0.46 0.54 0.54 0.48 0.4 0.37 0.34 0.28 0.3 0.39 0.44 0.4 0.4 0.41 0.4
高雄
CO
02/09 0.44 0.41 0.4 0.38 0.38 0.4 0.44 0.45 0.41 0.41 0.42 0.49 0.39 0.33 0.32 0.27 0.27 0.32 0.38 0.41 0.49 0.52 0.54 0.49
高雄
CO
02/10 0.46 0.42 0.37 0.35 0.35 0.36 0.4 0.48 0.54 0.6 0.48 0.42 0.4 0.33 0.32 0.28 0.26 0.31 0.36 0.45 0.57 0.54 0.58 0.52
高雄
CO
02/11 0.53 0.55 0.52 0.42 0.41 0.44 0.51 0.73 0.81 0.85 0.73 0.57 0.43 0.34 0.3 0.33 0.37 0.49 0.57 0.65 0.59 0.62 0.75 0.7
高雄
CO
02/12 0.57 0.49 0.4 0.41 0.39 0.39 0.47 0.67 1.02 1.03 0.67 0.59 0.44 0.37 0.34 0.33 0.34 0.34 0.59 0.73 0.66 0.65 0.54 0.57
高雄
CO
02/13 0.58 0.56 0.57 0.5 0.46 0.55 0.61 0.96 1.01 0.69 0.57# 0.52 0.41 0.37# 0.33# 0.3 0.29 0.36 0.3 0.29 0.24 0.23 0.22 0.27
高雄
CO
02/14 0.4 0.47 0.45 0.47 0.47 0.51 0.65 0.8 0.76 0.79 0.51 0.44 0.44 0.34 0.31 0.29 0.31 0.39 0.57 0.69 0.74 0.77 0.68 0.56
高雄
CO
02/15 0.5 0.51 0.54 0.58 0.58 0.6 0.69 0.98 1.07 0.78 0.82 0.42 0.29 0.33 0.31 0.31 0.33 0.33 0.33 0.5 0.7 0.63 0.67 0.58
高雄
CO
02/16 0.53 0.44 0.29 0.28 0.32 0.33 0.48 0.6 0.49 0.45 0.49 0.48 0.4 0.26 0.2 0.18 0.21 0.34 0.51 0.47 0.49 0.59 0.75 0.7
高雄
CO
02/17 0.55 0.53 0.57 0.53 0.54 0.51 0.53 0.63 0.6 0.55 0.5 0.47 0.41 0.33 0.29 0.32 0.35 0.4 0.39 0.42 0.45 0.45 0.43 0.4
高雄
CO
02/18 0.33 0.36 0.34 0.34 0.37 0.43 0.52 0.84 0.99 0.76 0.83 0.51 0.43 0.36 0.33 0.22 0.28 0.37 0.6 0.64 0.19 0.63 0.26 0.15
高雄
CO
02/19 0.15 0.14 0.14 0.17 0.21 0.25 0.48 0.97 0.87 0.48 0.5 0.37 0.23 0.18 0.18 0.18 0.2 0.27 0.21 0.2 0.18 0.19 0.17 0.18
高雄
CO
02/20 0.15 0.23 0.23 0.29 0.26 0.31 0.38 0.57 0.58# NA 0.29 0.19 0.18 0.16 0.18 0.16 0.17 0.19 0.18 0.17 0.15 0.15 0.14 0.14
高雄
CO
02/21 0.14 0.19 0.28 0.25 0.23 0.24 0.34 0.58 0.32 0.14 0.12 0.13 0.12 0.11 0.11 0.12 0.15 0.18 0.15 0.16 0.13 0.13 0.12 0.13
高雄
CO
02/22 0.37 0.31 0.27 0.23 0.35 0.44 0.51 0.78 0.73 0.56 0.45 0.43 0.35 0.33 0.25 0.25 0.32 0.44 0.47 0.49 0.45 0.56 0.57 0.57
高雄
CO
02/23 0.52 0.53 0.49 0.53 0.47 0.48 0.61 0.74 0.67 0.94 0.87# 0.47 0.42 0.4 0.38 0.41 0.45 0.49 0.6 0.79 0.75 0.78 0.94 1.01
高雄
CO
02/24 0.91 0.73 0.66 0.66 0.65 0.65 0.67 0.69 0.71 1.01 1.13 0.92 0.63 0.68 0.73 0.6 0.55 0.54 0.56 0.46 0.38 0.46 0.47 0.44
高雄
CO
02/25 0.42 0.47 0.46 0.44 0.43 0.46 0.58 0.84 0.98 0.77 0.62 0.51 0.52 0.43 0.47 0.51 0.47 0.61 0.73 0.65 0.78 0.67 0.68 0.57
高雄
CO
02/26 0.54 0.4 0.41 0.44 0.45 0.5 0.62 1.19 1.15 0.96 0.65 0.58 0.47 0.32 0.28 0.27 0.31 0.36 0.38 0.32 0.31 0.36 0.52 0.43
高雄
CO
02/27 0.38 0.33 0.36 0.34 0.37 0.43 0.54 0.79 0.65 0.68 0.65 0.67 0.59 0.46 0.35 0.36 0.39 0.44 0.4 0.38 0.38 0.44 0.71 0.66
高雄
CO
02/28 0.43 0.41 0.39 0.42 0.43 0.43 0.44 0.49 0.53 0.45 0.45 0.44 0.36 0.32 0.25 0.24 0.29 0.41 0.54 0.58 0.52 0.52 0.52 0.52
高雄
CO
監測年月：2019/03， 測站：小港， 測項：CO（ppm）
高雄
CO
日期 00 01 02 03 04 05 06 07 08 09 10 11 12 13 14 15 16 17 18 19 20 21 22 23
高雄
CO
03/01 0.46 0.48 0.45 0.41 0.42 0.46 0.62 0.77 0.79 1.1 0.66 0.54 0.4 0.31 0.27 0.27 0.32 0.4 0.49 0.46 0.44 0.6 0.64 0.53
高雄
CO
03/02 0.46 0.43 0.43 0.45 0.45 0.49 0.61 0.61 0.6 0.81 1 0.58 0.53 0.4 0.37 0.35 0.25 0.24 0.23 0.21 0.21 0.21 0.27 0.45
高雄
CO
03/03 0.44 0.47 0.37 0.33 0.3 0.37 0.73 0.4 0.35 0.29 0.27 0.2 0.2 0.19 0.37 0.42 0.41 0.42 0.42 0.39 0.41 0.56 0.49 0.28
高雄
CO
03/04 0.23 0.34 0.35 0.38 0.43 0.47 0.53 0.78 0.87 1.18 0.75 0.34 0.3 0.26 0.27 0.29 0.32 0.37 0.37 0.33 0.33 0.33 0.35 0.74
高雄
CO
03/05 0.84 0.57 0.6 0.48 0.49 0.5 0.59 0.89 0.77 0.74 0.94 0.73 0.88 1.01 0.94 0.78 1.48 1.43 1.23 1.55 1.26 0.75 0.9 1.47
高雄
CO
03/06 0.62 0.61 0.51 0.5 0.49 0.48 0.61 0.83 1 0.82 0.47 0.38 0.32 0.28 0.27 0.34 0.33 0.49 0.69 0.54 0.47 0.46 0.45 0.44
高雄
CO
03/07 0.45 0.46 0.45 0.41 0.39 0.44 0.58 0.94 1.09 1.07 0.82 0.65 0.68 0.51 0.47 0.46 0.56 0.83 0.72 0.54 0.62 0.73 0.78 0.56
高雄
CO
03/08 0.52 0.49 0.45 0.47 0.59 0.58 0.65 0.97 0.99 0.79 0.77# 0.72 0.64 0.41 0.29 0.32 0.4 0.43 0.48 0.5 0.87 0.84 0.73 0.6
高雄
CO
03/09 0.56 0.63 0.6 0.5 0.47 0.5 0.61 0.8 1 1.34 0.91 0.96 0.66 0.51 0.24 0.22 0.24 0.21 0.31 0.49 0.56 0.42 0.4 0.53
高雄
CO
03/10 0.74 0.93 0.76 0.41 0.27 0.26 0.31 0.57 0.85 0.88 0.76 0.41 0.27 0.28 0.29 0.34 0.39 0.48 0.48 0.44 0.48 0.43 0.43 0.43
高雄
CO
03/11 0.44 0.39 0.43 0.39 0.38 0.43 0.46 0.71 0.68 0.53 0.56 0.59 0.49 0.41 0.39 0.45 0.61 0.72 0.9 0.97 1.09 1.16 1.08 0.83
高雄
CO
03/12 0.81 0.7 0.69 0.68 0.72 0.77 0.97 1.34 1.25 0.79 0.39 0.41 0.41 0.43 0.42 0.36 0.38 0.42 0.39 0.38 0.37 0.4 0.65 0.53
高雄
CO
03/13 0.53 0.5 0.41 0.38 0.39 0.39 0.55 0.92 0.77 0.57 0.44 0.5 0.44 0.39 0.34 0.35 0.34 0.43 0.46 0.58 0.55 0.67 0.83 0.84
高雄
CO
03/14 0.82 0.59 0.45 0.42 0.4 0.42 0.46 0.8 0.62 0.39 0.35 0.42 0.36 0.35 0.34 0.33 0.36 0.44 0.45 0.52 0.52 0.54 0.57 0.53
高雄
CO
03/15 0.52 0.4 0.37 0.37 0.33 0.3 0.4 0.7 0.67 0.78 0.62 0.56 0.43 0.47# 0.52# 0.56# 0.62 0.78 0.93 0.8 0.91 0.95 0.93 0.85
高雄
CO
03/16 0.71 0.46 0.43 0.33 0.33 0.55 0.64 0.69 0.63 0.41 0.33 0.29 0.26 0.23 0.21 0.22 0.22 0.26 0.29 0.29 0.28 0.4 0.53 0.41
高雄
CO
03/17 0.38 0.38 0.49 0.54 0.43 0.46 0.52 0.51 0.42 0.35 0.42 0.48 0.36 0.29 0.29 0.29 0.31 0.38 0.41 0.5 0.44 0.46 0.5 0.54
高雄
CO
03/18 0.5 0.47 0.45 0.43 0.45 0.5 0.73 0.9 0.72 0.59 0.56 0.51 0.36 0.32 0.32 0.31 0.32 0.46 0.54 0.65 0.61 0.63 0.61 0.65
高雄
CO
03/19 0.48 0.42 0.4 0.39 0.44 0.49 0.61 0.97 0.85 0.65 0.57 0.61 0.6 0.59 0.49 0.47 0.48 0.46 0.41 0.4 0.4 0.51 0.67 0.82
高雄
CO
03/20 0.99 0.84 0.74 0.62 0.56 0.62 0.71 0.88 0.49 0.43 0.36 0.35 0.28 0.18 0.17 0.17 0.2 0.25 0.26 0.24 0.18 0.18 0.22 0.16
高雄
CO
03/21 0.19 0.24 0.21 0.31 0.29 0.3 0.4 0.66 0.49 0.4 0.23 0.26 0.28 0.2# 0.17 0.17 0.2 0.23 0.24 0.21 0.23 0.24 0.33 0.34
高雄
CO
03/22 0.34 0.37 0.34 0.33 0.4 0.4 0.6 0.9 0.54 0.43 0.22# 0.2 0.2 0.18 0.19 0.22 0.25 0.42 0.41 0.48 0.57 0.51 0.63 0.56
高雄
CO
03/23 0.55 0.52 0.54 0.54 0.52 0.62 0.58 0.66 0.75 0.77 0.85 0.78 0.6 0.58 0.62 0.6 0.62 0.74 0.7 0.6 0.55 0.62 0.5 0.47
高雄
CO
03/24 0.41 0.36 0.32 0.33 0.37 0.36 0.41 0.55 0.5 0.34 0.29 0.28 0.28 0.37 0.46 0.4 0.39 0.43 0.52 0.61 0.68 0.75 0.76 0.5
高雄
CO
03/25 0.47 0.39 0.36 0.33 0.31 0.38 0.58 0.84 0.79 0.71 0.73 0.52 0.49 0.45 0.37 0.43 0.53 0.6 0.71 0.81 0.87 0.7 0.71 0.58
高雄
CO
03/26 0.56 0.52 0.51 0.58 0.52 0.53 0.62 0.79 0.8 0.61 0.46 0.38 0.27 0.25 0.27 0.28 0.36# 0.35 0.36 0.44 0.51 0.42 0.47 0.59
高雄
CO
03/27 0.69 0.52 0.52 0.52 0.51 0.55 0.67 0.87 0.61 0.51 0.66 0.68 0.67 0.52 0.39 0.29 0.28 0.33 0.29 0.31 0.27 0.37 0.44 0.4
高雄
CO
03/28 0.34 0.32 0.39 0.4 0.37 0.37 0.47 0.64 0.56 0.64 0.35 0.28 0.26 0.24 0.26 0.24 0.24 0.28 0.23 0.23 0.3 0.23 0.2 0.19
高雄
CO
03/29 0.17 0.17 0.18 0.22 0.37 0.41 0.47 0.58 0.43 0.29 0.23 0.21 0.2 0.2 0.21 0.22 0.24 0.26 0.24 0.25 0.24 0.25 0.31 0.31
高雄
CO
03/30 0.32 0.25 0.25 0.26 0.27 0.35 0.38 0.5 0.48 0.52 0.47 0.45 0.44 0.32 0.29 0.27 0.28 0.31 0.31 0.32 0.3 0.32 0.43 0.61
高雄
CO
03/31 0.54 0.43 0.41 0.38 0.34 0.4 0.42 0.43 0.44 0.55 0.46 0.45 0.37 0.33 0.3 0.3 0.32 0.35 0.37 0.51 0.56 0.59 0.59 0.61
高雄
CO
監測年月：2019/04， 測站：小港， 測項：CO（ppm）
高雄
CO
日期 00 01 02 03 04 05 06 07 08 09 10 11 12 13 14 15 16 17 18 19 20 21 22 23
高雄
CO
04/01 0.52 0.49 0.49 0.45 0.47 0.47 0.58 0.73 0.73 0.62 0.57 0.59 0.45 0.37 0.47 0.56 0.62 0.7 0.79 0.69 0.71 0.78 0.8 0.83
高雄
CO
04/02 0.71 0.56 0.53 0.45 0.46 0.46 0.67 0.82 0.83 0.68 0.35 0.33 0.31 0.3 0.31 0.31 0.3 0.32 0.3 0.29 0.29 0.3 0.37 0.56
高雄
CO
04/03 0.48 0.49 0.43 0.42 0.46 0.5 0.61 0.91 0.9 0.61 0.53 0.51 0.48 0.39 0.37# 0.38 0.43# 0.52 0.48 0.49 0.52 0.56 0.59 0.51
高雄
CO
04/04 0.47 0.43 0.42 0.38 0.44 0.52 0.63 0.74 0.75 0.41 0.36 0.31 0.32 0.33 0.34 0.29 0.29 0.31 0.33 0.41 0.47 0.5 0.51 0.5
高雄
CO
04/05 0.4 0.39 0.33 0.35 0.4 0.41 0.49 0.66 0.59 0.53 0.51 0.4 0.38 0.33 0.32 0.33 0.35 0.38 0.47 0.48 0.48 0.5 0.54 0.47
高雄
CO
04/06 0.38 0.35 0.33 0.35 0.42 0.46 0.51 0.53 0.41 0.4 0.34 0.35 0.33 0.32 0.32 0.29 0.32 0.43 0.57 0.44 0.38 0.36 0.44 0.42
高雄
CO
04/07 0.49 0.4 0.37 0.38 0.54 0.62 0.63 0.63 0.56 0.38 0.35 0.35 0.35 0.33 0.36 0.36 0.38 0.42 0.47 0.48 0.45 0.47 0.39 0.37
高雄
CO
04/08 0.36 0.35 0.45 0.56 0.53 0.51 0.59 0.74 0.65 0.66 0.45 0.44 0.43 0.39 0.34 0.31 0.35 0.36 0.33 0.32 0.31 0.31 0.3 0.31
高雄
CO
04/09 0.31 0.42 0.5 0.53 0.5 0.59 0.61 0.79 0.67 0.29 0.24 0.24 0.22 0.21 0.22 0.22 0.24 0.29 0.26 0.25 0.22 0.21 0.19 0.19
高雄
CO
04/10 0.19 0.2 0.19 0.19 0.21 0.36 0.49 0.62 0.29 0.26 0.22 0.25 0.23 0.23 0.25 0.24 0.23 0.28 0.24 0.22 0.23 0.21 0.21 0.25
高雄
CO
04/11 0.28 0.31 0.35 0.31 0.34 0.43 0.56 0.69 0.55 0.23 0.22 0.22 0.21 0.21 0.23 0.23 0.23 0.27 0.32 0.37 0.41 0.36 0.46 0.45
高雄
CO
04/12 0.47 0.46 0.4 0.34 0.34 0.36 0.43 0.58 0.49 0.4 0.38 0.34 0.31 0.27 0.25 0.26 0.32 0.4 0.55 0.54 0.61 0.61 0.66 0.58
高雄
CO
04/13 0.52 0.44 0.44 0.45 0.47 0.53 0.56 0.67 0.69 0.59 0.57 0.43 0.41 0.4 0.4 0.37 0.33 0.42 0.51 0.53 0.58 0.62 0.68 0.63
高雄
CO
04/14 0.53 0.33 0.39 0.43 0.52 0.45 0.56 0.55 0.46 0.58 0.6 0.52 0.41 0.27 0.24 0.22 0.29 0.34 0.31 0.38 0.35 0.36 0.42 0.42
高雄
CO
04/15 0.51 0.5 0.44 0.42 0.42 0.42 0.52 0.84 0.72 0.39 0.37 0.45 0.38 0.32 0.31 0.33 0.38 0.4 0.38 0.38 0.38 0.38 0.37 0.35
高雄
CO
04/16 0.35 0.33 0.34 0.32 0.5 0.61 0.62 0.81 0.77 0.69 0.47 0.46 0.59 0.7 0.66 0.63 0.61 0.77 0.86 0.73 0.88 0.83 0.57 0.56
高雄
CO
04/17 0.55 0.42 0.41 0.42 0.4 0.42 0.52 0.66 0.63 0.59 0.64 0.53 0.43 0.33 0.31 0.32 0.33 0.4 0.44 0.35 0.33 0.33 0.31 0.3
高雄
CO
04/18 0.29 0.29 0.34 0.38 0.42 0.47 0.5 0.5 0.48 0.5 0.44 0.42 0.42 0.41 0.38 0.36 0.35 0.39 0.35 0.35 0.35 0.36 0.48 0.75
高雄
CO
04/19 0.35 0.58 0.54 0.4 0.4 0.39 0.37 0.58 0.6 0.52 0.6 0.65 0.3 0.27 0.26# 0.26 0.34 0.51 0.63 1.13 1.26 0.59 0.48 0.56
高雄
CO
04/20 0.32 0.34 0.29 0.31 0.28 0.33 0.57 0.78 0.76 0.46 0.33 0.29 0.19 0.19 0.18 0.22 0.26 0.3 0.3 0.31 0.27 0.26 0.27 0.33
高雄
CO
04/21 0.31 0.26 0.32 0.37 0.38 0.39 0.49 0.5 0.46 0.32 0.34 0.42 0.55 0.4 0.25 0.25 0.26 0.33 0.35 0.48 0.46 0.47 0.49 0.48
高雄
CO
04/22 0.4 0.37 0.4 0.4 0.34 0.32 0.44 0.71 0.3 0.22 0.2 0.2 0.14 0.13 0.13 0.13 0.16 0.21 0.16 0.18 0.16 0.15 0.18 0.25
高雄
CO
04/23 0.2 0.23 0.35 0.2 0.19 0.2 0.49 0.51 0.29 0.23 0.2 0.18 0.15 0.14 0.13 0.15 0.16 0.2 0.2 0.24 0.25 0.29 0.35 0.34
高雄
CO
04/24 0.28 0.25 0.26 0.32 0.32 0.34 0.39 0.19 0.18 0.28 0.16# 0.19# 0.14# 0.16 0.15 0.15# 0.18 0.18 0.19 0.17 0.15 0.15 0.15 0.14
高雄
CO
04/25 0.13 0.09 0.11 0.21 0.3 0.34 0.43 0.48 0.41 0.2 0.13 0.13 0.12# 0.15# 0.12 0.15 0.19 0.27 0.32 0.4 0.45 0.58 0.37 0.21
高雄
CO
04/26 0.15 0.4 0.5 0.41 0.19 0.31 0.42 0.64 0.45 0.55 0.28 0.27 0.28 0.16 0.15 0.15 0.16 0.18 0.18 0.2 0.26 0.34 0.3 0.31
高雄
CO
04/27 0.3 0.22 0.18 0.16 0.27 0.33 0.37 0.46 0.47 0.84 0.89 0.61 0.32 0.35 0.33 0.38 0.37 0.39 0.43 0.55 0.63 0.56 0.61 0.61
高雄
CO
04/28 0.62 0.5 0.5 0.43 0.42 0.48 0.5 0.53 0.38 0.26 0.31 0.33 0.31 0.26 0.22 0.21 0.2 0.2 0.19 0.2 0.18 0.17 0.15 0.13
高雄
CO
04/29 0.14 0.13 0.13 0.23 0.28 0.29 0.38 0.49 0.35 0.31 0.19# 0.16 0.16 0.14 0.14 0.16 0.19 0.21 0.16 0.16 0.15 0.14 0.14 0.14
高雄
CO
04/30 0.15 0.19 0.12 0.11 0.12 0.14 0.2 0.26 0.22 0.18 0.19 0.17 0.16 0.15 0.14 0.15 0.17 0.19 0.17 0.18 0.16 0.26 0.31 0.33
高雄
CO
監測年月：2019/05， 測站：小港， 測項：CO（ppm）
高雄
CO
日期 00 01 02 03 04 05 06 07 08 09 10 11 12 13 14 15 16 17 18 19 20 21 22 23
高雄
CO
05/01 0.33 0.19 0.24 0.19 0.16 0.2 0.24 0.35 0.43 0.31 0.22 0.39 0.36 0.4 0.48 0.44 0.39 0.43 0.49 0.45 0.56 0.58 0.4 0.32
高雄
CO
05/02 0.31 0.58 0.58 0.57 0.58 0.5 0.6 0.73 0.36 0.32 0.29 0.27 0.28 0.29 0.32 0.42 0.66 0.68 0.65 0.7 0.56 0.53 0.5 0.44
高雄
CO
05/03 0.45 0.39 0.41 0.45 0.52 0.49 0.56 0.73 0.85 0.55 0.42 0.4 0.44 0.57 0.54 0.58 0.59 0.72 0.65 0.55 0.58 0.62 0.66 0.7
高雄
CO
05/04 0.58 0.32 0.39 0.39 0.36 0.42 0.52 0.55 0.57 0.53 0.54 0.32 0.38 0.3 0.34 0.38 0.44 0.51 0.48 0.51 0.6 0.7 0.87 0.95
高雄
CO
05/05 0.59 0.44 0.45 0.47 0.49 0.44 0.45 0.52 0.39 1.14 0.42 0.5 0.41 0.34 0.33 0.5 0.4 0.37 0.49 0.71 0.66 0.47 0.46 0.41
高雄
CO
05/06 0.4 0.4 0.38 0.34 0.31 0.33 0.5 0.94 0.83 0.77 0.56 0.48 0.43 0.38 0.41 0.42 0.58 0.68 0.88 0.6 0.52 0.52 0.48 0.51
高雄
CO
05/07 0.57 0.51 0.45 0.42 0.4 0.42 0.49 0.82 1.15 1.21 0.92 0.57# 0.57 0.55 0.63 0.68 0.43 0.45 0.8 0.79 0.73 0.8 0.81 0.52
高雄
CO
05/08 0.41 0.35 0.33 0.31 0.39 0.46 0.6 1.06 1.16 1.39 1.07 0.62 0.43 0.32 0.35 0.35 0.35 0.4 0.48 0.78 0.72 0.73 0.66 0.62
高雄
CO
05/09 0.67 0.59 0.51 0.6 0.59 0.58 0.61 0.71 0.64 0.6 0.53 0.33 0.28 0.26 0.18A 0.23 0.21 0.4 0.39 0.37 0.55 0.65 0.62 0.64
高雄
CO
05/10 0.62 0.54 0.48 0.43 0.41 0.45 0.54 0.91 0.85 0.72 0.77 0.68 0.37 0.29 0.3 0.31 0.38 0.45 0.65 0.66 0.61 0.65 0.37 0.47
高雄
CO
05/11 0.71 0.63 0.58 0.53 0.55 0.57 0.56 0.68 0.51 0.54 0.6 0.51 0.43 0.37 0.4 0.27 0.31 0.27 0.31 0.45 0.48 0.38 0.28 0.27
高雄
CO
05/12 0.27 0.46 0.45 0.43 0.43 0.45 0.51 0.58 0.56 0.45 0.38 0.35 0.3 0.28 0.28 0.27 0.27 0.27 0.36 0.39 0.43 0.55 0.59 0.6
高雄
CO
05/13 0.51 0.48 0.42 0.42 0.38 0.38 0.48 0.5 0.57 0.42 0.31 0.28# 0.21 0.22 1.25# 0.22# 0.25 0.29 0.42 0.37 0.29 0.33 0.32 0.29
高雄
CO
05/14 0.25 0.31 0.36 0.47 0.41 0.37 0.41 0.58 0.43 0.28 0.22 0.22 0.2 0.19 0.18 0.18 0.19 0.2 0.2 0.2 0.21 0.23 0.18 0.17
高雄
CO
05/15 0.16 0.22 0.2 0.24 0.17 0.24 0.37 0.43 0.32 0.3 0.25 0.24 0.29 0.24 0.21 0.17 0.2 0.23 0.21 0.15 0.14 0.14 0.13 0.1
高雄
CO
05/16 0.1 0.38 0.27 0.26 0.22 0.16 0.31 0.47 0.27 0.16 0.14 0.15 0.14 0.13 0.12 0.13 0.14 0.17 0.17 0.18 0.18 0.25 0.26 0.21
高雄
CO
05/17 0.26 0.22 0.2 0.19 0.18 0.22 0.33 0.43 0.26 0.16 0.13# 0.13 0.13 0.12 0.13 0.13 0.13 0.17 0.2 0.27 0.24 0.2 0.16 0.13
高雄
CO
05/18 0.12 0.1 0.1 0.1 0.1 0.11 0.17 0.14 0.13 0.15 0.13 0.13 0.14 0.12 0.12 0.12 0.14 0.16 0.16 0.15 0.14 0.13 0.12 0.11
高雄
CO
05/19 0.1 0.14 0.18 0.18 0.18 0.2 0.18 0.14 0.14 0.13 0.14 0.12 0.12 0.11 0.11 0.11 0.13 0.14 0.15 0.17 0.15 0.12 0.11 0.11
高雄
CO
05/20 0.11 0.23 0.18 0.17 0.15 0.19 0.3 0.53 0.48 0.4 0.19 0.14 0.14 0.13 0.15 0.14 0.2 0.31 0.31 0.44 0.41 0.53 0.62 0.38
高雄
CO
05/21 0.39 0.3 0.27 0.26 0.27 0.32 0.47 0.64 0.56 0.33 0.27 0.27 0.25 0.26 0.34 0.33 0.44 0.61 0.31 0.24 0.23 0.22 0.22 0.28
高雄
CO
05/22 0.31 0.21 0.21 0.22 0.25 0.25 0.28 0.3 0.29 0.3 0.37 0.29 0.32 0.26 0.3 0.3 0.29 0.29 0.36 0.46 0.53 0.76 0.6 0.42
高雄
CO
05/23 0.36 0.7 0.62 0.45 0.45 0.52 0.56 0.67 0.66 0.86 0.94 0.63 0.64 0.52 0.48 0.45 0.44 0.4 0.25 0.35 0.29 0.3 0.34 0.32
高雄
CO
05/24 0.48 0.51 0.53 0.56 0.59 0.58 0.61 0.68 0.6 0.38 0.49 0.44 0.31 0.25 0.26 0.31 0.33 0.47 0.42 0.43 0.39 0.42 0.47 0.44
高雄
CO
05/25 0.39 0.36 0.37 0.37 0.37 0.35 0.38 0.45 0.46 0.51 0.48 0.46 0.35 0.32 0.27 0.23 0.27 0.41 0.39 0.46 0.41 0.4 0.4 0.31
高雄
CO
05/26 0.29 0.26 0.39 0.35 0.37 0.44 0.41 0.47 0.41 0.4 0.45 0.46 0.32 0.36 0.24 0.19 0.19 0.2 0.19 0.25 0.39 0.4 0.42 0.42
高雄
CO
05/27 0.2 0.15 0.19 0.32 0.49 0.62 0.19 0.4 0.4 0.28 0.24 0.5 0.47 0.54 0.36 0.35 0.4 0.4 0.27 0.27 0.21 0.17 0.17 0.13
高雄
CO
05/28 0.14 0.1 0.2 0.34 0.33 0.37 0.41 0.41 0.27 0.23# 0.2 0.13 0.13 0.11 0.12 0.26 0.27 0.43 0.57 0.79 0.73 0.67 0.45 0.32
高雄
CO
05/29 0.31 0.32 0.33 0.32 0.32 0.33 0.34 0.29 0.24 0.2 0.19 0.18 0.18 0.28 0.31 0.24 0.22 0.23 0.47 0.46 0.36 0.36 0.22 0.18
高雄
CO
05/30 0.17 0.33 0.36 0.36 0.37 0.37 0.41 0.54 0.48 0.33 0.38 0.39 0.28 0.23 0.23 0.2 0.2 0.23 0.21 0.19 0.22 0.28 0.49 0.45
高雄
O3
01/01 3 2.4 4 8.6 6 2.7 2.5 3.8 8.4 12 16 29 36 46 49 43 54 47 30 18 17 13 9.3 5.9
高雄
O3
01/02 4.1 2.9 2.5 2.4 2.5 5.5 4.9 3.6 3.5 6.9 13 14 24 33 40 35 25 17 13 5.6 3.2 4 4.1 3.7
高雄
O3
01/03 4.6 4.2 3.9 2.5 2.3 2.6 2.5 3 5.4 6 9.7 26 39 46 41# 34 32 15 11 3.9 3.6 2.8 2.6 2.6
高雄
O3
01/04 2.3 2.7 2.3 2.5 2.4 2.7 2.7 3.6 5 14 24 36 44 51 44 46 50 37 20 15 14 4.2 3.1 6
高雄
O3
01/05 8.3 8.8 11 16 10 4.3 3.4 6.2 19 46 37 22 27 42 48 38 33 32 31 21 10 14 8.4 3.1
高雄
O3
01/06 3.5 2.7 2.6 4.7 3.4 2.8 2.1 3.2 8.7 12 19 29 38 53 66 63 45 45 42 32 23 19 13 7.7
高雄
O3
01/07 4 8 12 6.1 3.3 4.1 2.9 3.8 5.4 15 28 36 55 56 53 55 53 43 3.8 11 11 11 12 12
高雄
O3
01/08 4.3 2.9 4.9 5.3 2.4 3.7 2.6 3.5 11 22 33 37 55 59 37 40 46 29 12 14 15 5.4 2.7 5.3
高雄
O3
01/09 6.3 8.9 6.8 5.3 4.6 5.9 4.2 5.5 9.3 11 34 30 59 75 79 62 46 43 35 31 20 19 16 8.2
高雄
O3
01/10 7.8 2.9 2.7 3.2 6.6 2.8 2.5 4 8.1 25 27 46 69 65 55 57 57 47 32 14 12 5.5 2.7 2.6
高雄
O3
01/11 2.7 2.5 7.7 11 9.2 2.7 2.4 3.6 14 40 49 48# 77 90 78 75 62 43 31 19 23 5.4 4.8 8.1
高雄
O3
01/12 12 10 19 19 26 20 4.9 7.8 23 27 39 26 78 55 47 53 57 45 35 32 19 11 6.9 6
高雄
O3
01/13 3.8 2.6 3.8 2.8 2.5 2.7 2.5 4.4 6.8 16 30 48 44 51 55 52 51 51 37 27 24 14 7.6 5.6
高雄
O3
01/14 2.8 2.5 2.6 5.3 6.8 5.1 2.5 3.2 6.1 18 29 29 55 68 68 71 64 51 51 38 21 5.8 2.6 2.7
高雄
O3
01/15 2.6 2.6 2.8 5.7 3.3 3.2 2.8 3.1 4.4 10 19 29 62 67 75 70 54 53 31 15 4.7 5.9 10 8.1
高雄
O3
01/16 11 10 5.3 13 13 8.3 8.7 3.7 6.9 6.5 14 19 24 32 33 31 21 14 7.1 11 11 13 12 5.4
高雄
O3
01/17 7.9 9 4.1 6.3 12 11 4.5 2.9 4.6 9 13 19 31 40 44 44 40 25 24 21 12 7.7 9.2 11
高雄
O3
01/18 11 13 6.2 6.6 5.4 3.1 2.7 4.3 12 22 34 39 54 49 57 63 62 56 63 61 52 28 17 15
高雄
O3
01/19 27 27 28 27 27 10 2.9 4.8 7.2 13 29 48 59 64 58 51 50 40 33 37 43 43 41 38
高雄
O3
01/20 37 37 36 30 30 23 14 19 21 24 27 44 58 53 47 65 64 47 37 21 22 14 11 9.9
高雄
O3
01/21 7.1 2.8 5.8 13 16 22 21 14 9.9 12 8.6 19 18 22 27 26 21 24 20 14 15 11 6.3 4.4
高雄
O3
01/22 6.9 13 18 23 21 13 10 10 13 19 27 37 44 44 42 44 43 35 29 26 22 18 17 17
高雄
O3
01/23 10 5.9 13 14 17 2.8 2.9 3.6 7.2 13 22 37 41 51 56 65 67 60 46 38 40 26 20 22
高雄
O3
01/24 14 11 25 20 12 3.3 3.2 3.8 6.2 21 34 52 69 77 70 60# 61 59 44 28 12 18 16 6
高雄
O3
01/25 6.5 9.2 8.3 6.9 3.3 3.4 5.7 4.8 15 24 51 60 77 81 69 70 79 70 49 39 39 27 10 5.5
高雄
O3
01/26 6.3 6.3 9.5 15 5.6 7.8 8.4 5.8 6.5 12 21 29 41 55 62 58 51 43 37 31 27 22 17 16
高雄
O3
01/27 17 20 19 16 15 14 6.2 5 8.7 12 21 28 47 54 58 59 60 56 53 47 27 11 6.7 3.9
高雄
O3
01/28 5.9 6.9 5.7 5.4 5.1 2.9 2.8 3.6 8.2 31 49 43 62 57 63 58 51 45 43 35 16 10 5.9 4.7
高雄
O3
01/29 12 21 31 33 34 35 23 16 25 33 50 60 NA 121# 1.9# 71 65 56 54 28 12 7.8 5.3 4.1
高雄
O3
01/30 6.7 20 29 27 29 27 21 13 23 39 48# 45 68 81 68 63 56# 54 55 36 31 41 48 17
高雄
O3
01/31 28 34 38 37 37 33 25 12 14 25 35 50 67 78 68 60 51 50 46 35 29 32 30 19
高雄
O3
監測年月：2019/02， 測站：小港， 測項：O3（ppb）
高雄
O3
日期 00 01 02 03 04 05 06 07 08 09 10 11 12 13 14 15 16 17 18 19 20 21 22 23
高雄
O3
02/01 24 28 25 19 17 10 9.6 10 13 23 31 42 55 59 60 64 64 61 62 53 35 22 9.6 7
高雄
O3
02/02 12 11 3.8 2.9 2.8 3.1 2.9 4.9 22 23 36 63 80 89 95 89 76 69 59 48 36 25 21 11
高雄
O3
02/03 27 35 31 27 36 27 11 19 30 37 31 31 34 33 35 37 35 32 30 26 19 15 13 25
高雄
O3
02/04 19 13 14 14 16 13 9.7 9.1 19 27 28 25 35 41 53 52 41 32 32 31 27 22 11 24
高雄
O3
02/05 20 11 9.1 10 13 12 15 14 23 19 30 38 45 53 58 40 46 46 50 42 28 33 31 31
高雄
O3
02/06 35 32 29 26 16 17 23 21 30 36 42 34 50 57 54# 61 62 58 48 42 39 33 28 23
高雄
O3
02/07 26 23 24 23 23 19 13 17 27 40 47 50 51 50 49 50 43 45 44 47 38 34 36 30
高雄
O3
02/08 26 26 30 26 34 9.7 7.4 7.1 18 30 36 44 66 63 67 67 58 53 47 39 36 26 20 27
高雄
O3
02/09 20 20 17 23 24 15 16 15 25 39 53 59 58 64 63 60 58 50 40 38 27 22 15 12
高雄
O3
02/10 14 13 13 17 15 7.6 7.9 9.6 14 22 43 59 64 58 61 53 53 46 41 35 27 26 21 19
高雄
O3
02/11 11 5.7 12 12 16 10 6.5 6.3 8.2 15 22 25 52 57 55 59 49 45 40 32 28 24 14 9.1
高雄
O3
02/12 5.6 4 4.1 3.3 11 10 4 6.4 12 29 49 34 54 61 60 52 44 49 39 28 15 9.1 9.6 7.6
高雄
O3
02/13 6 9.9 11 16 16 13 6.8 4.7 15 38 47# 393# 149# 62# 59 54 45 29 23 30 27 16 19 21
高雄
O3
02/14 20 16 9.1 5.6 7.7 3 2.8 6.3 12 25 47 60 70 71 56 51 40 34 31 24 20 12 15 19
高雄
O3
02/15 26 24 14 8.5 4 3 2.6 4.6 12 18 28 30 39 63 63 56 53 39 36 30 27 18 15 19
高雄
O3
02/16 18 9 11 9.7 6.6 4.6 3 7.2 21 31 41 44 49 47 46 42 38 43 42 36 26 15 8.8 17
高雄
O3
02/17 17 16 12 13 14 14 6.1 7.9 21 40 52 55 60 63 59 60 61 58 50 41 36 33 30 27
高雄
O3
02/18 29 27 26 22 23 16 9.2 7 18 33 34 42 60 59 55 26 20 21 19 15 18 18 21 28
高雄
O3
02/19 27 24 20 17 19 14 3.6 3.5 6.1 16 21 33 32 31 29 28 25 19 24 19 21 18 20 13
高雄
O3
02/20 11 8.1 17 12 12 3.5 2.7 4.2 7# NA 7.7x 18 20 17 18 18 18 17 11 15 21 16 15 8.8
高雄
O3
02/21 17 13 11 8.9 7.4 6.4 3.6 3.3 14 25 30 26 29 27 25 27 22 21 27 24 28 23 21 27
高雄
O3
02/22 9.5 13 10 10 2.9 2.8 2.9 5.2 13 26 37 51 59 58 52 50 47 39 32 27 21 21 17 17
高雄
O3
02/23 18 8.3 12 10 13 18 5.8 7.6 14 15 27 56# 65 60 58 61 64 57 52 44 37 33 15 3.2
高雄
O3
02/24 3.1 3.1 3 3.5 8.8 3.3 5 11 17 20 24 36 46 62 60 56 41 30 27 26 33 24 19 20
高雄
O3
02/25 17 13 14 17 18 8 4.7 6.7 14 21 34 49 57 65 65 57 56 56 51 43 31 34 31 27
高雄
O3
02/26 26 21 20 14 16 5.5 5.8 4.3 19 30 44 43 65 64 58 51 58 53 38 51 51 53 42 30
高雄
O3
02/27 29 41 26 26 20 7.1 8.9 6.6 20 31 51 61 69 73 62 67 63 52 43 50 53 44 36 18
高雄
O3
02/28 34 29 35 29 36 33 33 30 29 40 56 60 70 67 55 48 47 54 48 38 31 30 30 25
高雄
O3
監測年月：2019/03， 測站：小港， 測項：O3（ppb）
高雄
O3
日期 00 01 02 03 04 05 06 07 08 09 10 11 12 13 14 15 16 17 18 19 20 21 22 23
高雄
O3
03/01 21 11 11 8.3 11 5 5.2 6.1 11 15 33 55 69 68 61 56 53 50 43 39 30 21 22 23
高雄
O3
03/02 18 17 21 15 13 7.1 3.4 11 24 33 25 44 58 58 61 54 29 32 33 35 32 33 30 22
高雄
O3
03/03 13 6.9 12 12 14 17 8.2 16 20 24 28 26 27 29 40 42 42 36 29 23 20 13 6 27
高雄
O3
03/04 37 20 23 22 20 14 7.7 5.9 12 7.3 22 42 61 61 63 65 56 49 46 48 51 41 43 21
高雄
O3
03/05 24 43 38 47 39 36 25 21 27 30 39 42 33 28 31 31 23 20 25 20 19 25 25 14
高雄
O3
03/06 16 7.6 5.3 16 11 13 8.2 12 17 28 33 42 50 52 54 59 59 54 43 43 34 26 23 23
高雄
O3
03/07 20 15 19 15 7.6 8.9 3.2 3.7 5.1 7 17 22 26 32 30 21 12 5.2 4.5 11 6 3.2 4.1 9.2
高雄
O3
03/08 12 13 19 15 9 6.7 5.5 4.6 3.5 5.1 7.6# 9.3# 15 30 40 43 30 19 14 5.9 14 10 14 11
高雄
O3
03/09 12 7.3 6.7 8.5 9.8 7.5 4.2 7.6 8.6 9.8 24 28 33 32 32 38 32 29 36 29 23 14 12 6.4
高雄
O3
03/10 3.5 3.1 8 12 35 36 32 12 7.8 16 24 41 49 52 56 53 46 31 28 31 26 30 28 27
高雄
O3
03/11 20 25 22 22 19 11 15 6.1 9 16 23 28 49 49 50 37 23 13 3.8 2.9 3.1 2.8 2.6 5
高雄
O3
03/12 2.8 2.8 2.9 2.9 3 3.2 2.9 3.7 7.7 20 46 55 67 76 80 73 65 56 55 56 57 52 48 43
高雄
O3
03/13 33 31 40 45 43 34 19 9.4 34 51 64 68 83 76 79 75 67 60 60 60 51 45 26 20
高雄
O3
03/14 17 27 32 23 21 35 36 26 27 31 60 74 75 70 69 69 68 55 60 54 41 38 37 37
高雄
O3
03/15 33 37 32 33 30 36 21 10 18 28 37 45 52 53 44 39 42 26 28 26 19 13 9.7 2.9
高雄
O3
03/16 8.9 13 9.5 40 37 9.8 8.7 16 25 39 53 52 51 60 68 66 67 62 61 57 56 54 42 46
高雄
O3
03/17 39 29 24 23 23 25 23 29 37 49 52 69 74 70 71 66 63 65 54 63 57 35 28 18
高雄
O3
03/18 24 27 23 14 18 14 4.5 11 29 47 51 62 59 47 37 31 34 32 32 30 23 15 31 27
高雄
O3
03/19 28 23 38 36 26 18 7.2 10 21 33 44 41 75 82 85 75 70 74 68 59 58 56 49 36
高雄
O3
03/20 20 10 4.9 12 18 7.5 7.7 7.9 30 43 55 58 44 25 21 15 16 9.7 13 15 13 8.2 9 9.4
高雄
O3
03/21 14 12 6.8 3.1 6.6 7.3 5.7 8.8 18 13 11 28 47 33 15# 19 18 16 14 15 13 12 13 14
高雄
O3
03/22 9.8 8.1 9.4 10 6.6 3 3.1 8.4 20 28# 28 23 27 28 32 39 27 26 26 20 23 26 23 23
高雄
O3
03/23 18 10 6.1 5.1 6.9 5 3.4 7.8 10 6.6 6.6 11 10 12 14 16 13 4.7 3.2 5.5 12 9.4 14 15
高雄
O3
03/24 19 18 14 13 9.6 6.6 6.1 5.6 8 16 26 35 41 46 43 29 31 25 20 14 12 2.9 2.5 8
高雄
O3
03/25 9.5 11 11 9 13 6.5 4.2 7.7 20 34 41 57 71 75 70 63 62 48 32 17 9.1 7.7 2.8 4.9
高雄
O3
03/26 5.3 7.3 7.7 2.6 6.5 2.9 3.8 9.6 22 36 48 52 54 57 53 47 51 51 54 48 47 40 45 38
高雄
O3
03/27 30 35 29 20 24 15 12 17 32 39 31 72 77 75 59 40 29 28 30 25 27 28 27 18
高雄
O3
03/28 20 21 16 10 7 7.8 11 15 18 23 26 23 31 37 34 29 24 17 19 20 15 9.5 15 18
高雄
O3
03/29 17 19 17 14 5 3.5 3.7 9.3 16 24 29 27 29 27 30 26 22 25 25 21 26 30 29 28
高雄
O3
03/30 24 32 34 33 33 17 16 22 28 37 35 41 58 63 60 51 47 48 51 51 54 52 48 35
高雄
O3
03/31 34 34 34 37 49 33 39 44 51 36 51 57 74 77 73 77 72 70 64 60 52 45 40 33
高雄
O3
監測年月：2019/04， 測站：小港， 測項：O3（ppb）
高雄
O3
日期 00 01 02 03 04 05 06 07 08 09 10 11 12 13 14 15 16 17 18 19 20 21 22 23
高雄
O3
04/01 28 26 27 30 28 26 19 15 16 24 33 55 65 65 42 39 28 21 19 26 14 3.4 4.8 3.4
高雄
O3
04/02 3.8 7.3 8.5 7.5 7.1 8.3 6.1 13 24 29 45 45 55 57 60 55 57 55 54 50 53 54 48 42
高雄
O3
04/03 44 29 28 29 20 14 8.9 20 34 32 45 61 78 77 68 40# 47 44 40 28 22 18 14 24
高雄
O3
04/04 21 12 12 17 7.9 4.3 5.8 15 26 35 49 54 61 62 64 56 47 45 49 56 50 37 27 27
高雄
O3
04/05 33 25 32 28 33 27 29 22 31 44 59 62 70 61 69 71 68 66 62 58 55 49 43 41
高雄
O3
04/06 44 44 42 37 32 26 31 36 46 45 55 57 61 68 70 60 55 52 46 33 38 48 45 53
高雄
O3
04/07 48 47 42 44 30 19 20 26 47 56 64 66 62 63 69 65 67 65 63 64 61 63 52 62
高雄
O3
04/08 63 61 45 25 26 25 20 23 38 40 50 62 75 61 53 45 43 40 39 38 35 34 34 31
高雄
O3
04/09 30 31 22 18 21 6.9 8.6 13 19 24 23 21 19 22 19 15 16 16 13 8.6 11 14 10 8.7
高雄
O3
04/10 5 2.9 1.6 2.4 7.3 2.9 3 5.7 13 18 27 29 28 24 18 14 15 11 13 7.1 2.2 2.3 7.1 13
高雄
O3
04/11 12 9.4 6.8 9.2 5.7 3.9 4 7.6 15 22 22 28 32 30 32 31 32 27 29 20 19 18 8.9 15
高雄
O3
04/12 14 12 13 18 17 14 9.1 6 17 28 38 45 56 64 67 62 59 57 55 44 46 43 34 24
高雄
O3
04/13 30 37 33 27 12 21 28 25 35 55 67 70 76 71 72 68 61 58 48 38 33 30 21 17
高雄
O3
04/14 33 54 39 35 17 22 15 26 46 46 43 60 65 58 62 49 44 36 36 44 33 27 18 8.6
高雄
O3
04/15 23 22 23 20 13 12 9.8 7.5 8.6 26 37 41 54 57 56 57 57 53 58 50 57 54 56 55
高雄
O3
04/16 55 49 43 50 29 10 13 12 9.7 13 35 38 46 31 38 38 35 25 24 26 11 14 26 27
高雄
O3
04/17 22 27 26 26 34 28 20 22 26 40 57 65 81 68 65 70 66 57 47 47 53 44 47 43
高雄
O3
04/18 49 52 55 48 41 33 42 53 60 48 57 68 81 74 64 63 64 61 67 52 31 35 19 20
高雄
O3
04/19 43 28 37 38 40 35 41 30 26 27 35 30 32 19 19# 35 28 39 23 5.7 8.3 25 37 23
高雄
O3
04/20 39 25 25 22 23 19 9.2 12 22 44 49 53 41 34 39 38 33 47 26 34 52 54 51 49
高雄
O3
04/21 40 34 28 20 13 7.7 5.3 5.6 9.9 13 16 25 13 18 33 29 24 26 23 18 20 20 20 19
高雄
O3
04/22 23 22 15 13 12 9.5 5.3 7.3 18 25 30 33 27 25 22 20 18 13 16 14 16 17 16 12
高雄
O3
04/23 14 15 4 2.4 9 7.6 3.4 10 20 14 19 28 24 20 23 22 19 17 17 12 18 16 12 7.4
高雄
O3
04/24 12 11 8 3.7 2.9 3.2 5.7 18 22 22 25# 17# 390# 24# 20 11 13 11 12 13 12 12 11 12
高雄
O3
04/25 15 13 13 5 2.5 3.5 3.5 7.9 18 19 22# 25 27 21 23 22 21 18 14 12 6.7 6.1 12 4.8
高雄
O3
04/26 8.7 9.5 3.7 4.8 5.7 4.1 5.7 9.2 18 21 29 32 47 26 23 24 23 22 24 20 22 16 24 24
高雄
O3
04/27 10 14 16 18 13 8 8.2 8.5 13 13 28 31 44 49 59 81 69 61 57 51 48 42 36 31
高雄
O3
04/28 25 21 20 25 25 19 17 22 32 38 48 58 58 56 52 47 45 43 31 26 24 12 8.2 13
高雄
O3
04/29 15 14 15 14 11 15 11 16 24 23 21 9.6# 19 15 12 11 7.9 13 14 12 13 18 20 22
高雄
O3
04/30 24 24 17 22 25 24 23 24 19 24 23 27 28 26 27 24 19 21 19 17 18 15 10 8.2
高雄
O3
監測年月：2019/05， 測站：小港， 測項：O3（ppb）
高雄
O3
日期 00 01 02 03 04 05 06 07 08 09 10 11 12 13 14 15 16 17 18 19 20 21 22 23
高雄
O3
05/01 9.3 9.7 23 18 21 16 13 13 14 7.9 16 20 24 28 27 12 27 33 40 35 29 27 32 41
高雄
O3
05/02 41 18 16 12 8.2 22 10 10 27 31 34 44 53 56 61 56 51 31 27 21 34 30 30 32
高雄
O3
05/03 32 34 30 24 14 21 16 20 23 29 47# 75# 73 74 63 50 44 43 39 32 28 19 20 21
高雄
O3
05/04 28 53 51 43 45 36 27 28 23 9.9 29 46 55 57 55 58 54 40 42 38 31 25 18 13
高雄
O3
05/05 25 33 30 28 25 19 16 17 43 49 47 62 74 64 64 66 61 58 50 48 38 32 29 37
高雄
O3
05/06 33 38 39 38 34 33 18 9.9 12 11 16 24 30 29 22 26 21 13 14 20 20 19 23 21
高雄
O3
05/07 15 13 7.9 8.5 14 11 7.9 6.4 5 13 15# 22 37 38 47 36 27 29 17 8.2 5 2.8 3.2 11
高雄
O3
05/08 19 22 21 21 14 7.3 4.3 5.6 8.8 20 39 60 45 47 67 71 57 50 46 39 36 31 23 24
高雄
O3
05/09 21 20 21 5.2 6.6 4.2 11 12 21 20 31 42 40 49 40A 51 43 74 60 52 43 33 28 21
高雄
O3
05/10 18 16 17 20 17 12 8.4 4.6 7.4 17 22 39 70 58 54 57 63 54 43 33 32 30 16 14
高雄
O3
05/11 14 19 12 14 13 14 11 15 28 47 55 67 62 65 88 58 47 46 57 55 45 32 32 20
高雄
O3
05/12 37 32 24 22 20 18 17 24 36 44 50 49 61 59 65 68 66 61 55 50 42 33 32 26
高雄
O3
05/13 38 37 31 23 22 18 11 24 43 48 50 44# 72# 39# 37 40 32 30 26 13 5.2 14 30 12
高雄
O3
05/14 24 20 16 6.8 6.4 6.7 11 20 36 28 28 28 33 38 37 33 27 25 24 23 22 11 9.9 10
高雄
O3
05/15 12 8.8 7.7 13 5.4 6.9 9.3 7.2 8.3 10 11 23 23 21 19 11 7.9 10 5.3 3.7 8.5 3.3 3.4 13
高雄
O3
05/16 12 5.2 4.9 6.3 6.6 13 10 13 17 21 24 22 20 20 19 16 15 14 11 9.6 11 11 12 13
高雄
O3
05/17 6.1 6.7 6.6 6.5 6.1 4.1 4 7.8 15 17 18# 15# 15# 17 17 18 16 14 13 10 10 4.6 8.7 13
高雄
O3
05/18 6 4.9 9.6 12 11 12 8 12 15 14 15 17 16 15 15 16 16 10 13 13 13 6.3 9.7 11
高雄
O3
05/19 14 15 14 11 10 11 13 20 25 25 22 27 27 26 22 23 22 18 18 17 6.8 8.6 9 4.1
高雄
O3
05/20 6.5 6 6.8 7 6.8 4.5 4.3 4.9 9.4 17 15 20 24 21 18 15 34 48 43 37 25 16 16 20
高雄
O3
05/21 20 29 34 30 24 17 12 11 15 12 17 18 30 19 52 57 51 30 26 39 51 51 54 55
高雄
O3
05/22 58 58 64 56 49 35 58 54 53 53 62 70 82 72 91 91 72 66 66 63 54 36 23 30
高雄
O3
05/23 31 23 24 35 34 30 26 29 41 49 56 69 81 74 92 86 78 52 34 62 46 43 53 49
高雄
O3
05/24 31 39 38 28 20 26 26 27 21 41 53 56 51 48 52 62 58 43 41 39 38 37 35 36
高雄
O3
05/25 43 39 30 24 21 22 19 24 41 31 60 77 69 71 62 56 61 68 59 43 36 33 29 33
高雄
O3
05/26 29 29 22 22 23 18 17 19 30 40 52 62 68 40 40 34 30 25 24 23 22 12 12 26
高雄
O3
05/27 27 31 30 21 15 21 23 13 9.3 6.6 5.9 11 16 22 22 29 29 9.6 6.3 4.8 3.5 9.1 11 12
高雄
O3
05/28 8.5 9.5 8.5 4.4 3.8 4.6 6.2 14 13 8.8 25# 25 20 14 22 25 18 13 2.2 7.5 4.5 4.9 8.5 11
高雄
O3
05/29 11 11 10 9.1 8.4 6.5 8.5 16 17 25 26 25 28 48 62 60 52 42 37 33 36 39 36 40
高雄
O3
05/30 22 24 28 19 11 13 14 22 35 29 69 80 68 58 59 53 52 45 40 37 32 18 21 19
高雄
NO2
01/01 29 29 27 20 21 25 25 25 21 25 32 33 28 19 22 26 16 16 23 31 29 29 30 31
高雄
NO2
01/02 32 31 29 28 27 22 21 27 36 41 49 63 53 40 32 42 50 50 43 46 43 38 32 31
高雄
NO2
01/03 28 27 26 26 25 25 24 26 28 31 37 35 27 18 20 26# 25 45 44 49 44 44 42 41
高雄
NO2
01/04 36 30 29 28 26 26 26 34 44 43 29 19 18 18 30 30 26 28 37 37 35 44 45 38
高雄
NO2
01/05 29 25 22 16 24 31 33 40 31 18 31 30 22 30 27 23 24 29 25 32 45 37 35 35
高雄
NO2
01/06 32 31 29 22 25 24 23 25 22 23 25 21 16 18 15 16 28 22 19 22 26 27 29 32
高雄
NO2
01/07 33 24 18 22 24 23 24 29 34 38 45 49 31 26 30 21 22 28 66 51 48 38 30 26
高雄
NO2
01/08 29 30 25 23 25 25 27 27 24 26 37 47 31 26 35 35 30 38 55 45 35 42 43 34
高雄
NO2
01/09 29 22 22 23 23 21 24 25 27 38 36 56 43 33 26 37 39 33 36 34 38 33 32 36
高雄
NO2
01/10 32 39 36 32 23 28 30 37 41 46 65 40 23 20 31 30 26 33 42 55 53 56 56 52
高雄
NO2
01/11 46 35 30 25 29 33 31 38 42 25 16# 45# 29# 39 30 27 22 27 32 38 29 42 39 33
高雄
NO2
01/12 28 33 20 199* 14 18 36 44 30 26 23 51 31 33 37 25 21 25 27 20 26 29 33 33
高雄
NO2
01/13 32 29 26 27 26 24 24 23 24 21 23 25 30 26 23 29 27 20 25 31 28 33 32 31
高雄
NO2
01/14 31 28 26 21 18 20 23 27 30 33 42 55 26 21 18 16 20 26 22 32 41 51* 54 50
高雄
NO2
01/15 47 45 41 31 33 31 30 33 43 52 61 60 28 28 22 21 26 25 31 36 44 39 29 30
高雄
NO2
01/16 23 23 25 17 14 19 19 29 25 31 27 28 29 27 29 27 32 35 38 30 27 23 23 29
高雄
NO2
01/17 22 20 25 19 13 15 23 27 26 24 25 24 20 20 18 21 26 37 34 33 36 34 29 25
高雄
NO2
01/18 22 19 24 23 23 25 26 28 29 35 25 28 19 29 29 22 21 25 19 18 19 37 43 39
高雄
NO2
01/19 26 20 19 17 16 28 37 37 43 50 43 22 16 24 32 28 23 24 29 24 18 15 15 15
高雄
NO2
01/20 15 8.2 8.6 10 9.4 13 23 25 26 20 23 20 22 19 13 15 21 25 25 36 29 31 29 27
高雄
NO2
01/21 26 32 26 17 16 14 18 27 33 32 39 27 27 30 26 31 34 35 32 31 26 27 30 31
高雄
NO2
01/22 26 0* -7.8* 0.4* 0.4* 0.4* 0.4* 0.4* 0.4# 23 21 21 19 19 20 21 24 28 28 29 30 30 27 22
高雄
NO2
01/23 27 31 21 20 20 31 31 35 37 35 37 35 39 23 22 21 25 29 34 35 30 39 39 32
高雄
NO2
01/24 36 38 19 22 32 41 42 47 53 44 41 37 32 24 17# 23# 30 29 41 54 70 55 52 61
高雄
NO2
01/25 54 39 36 36 39 39 38 44 36 46# 30 27 37 32 26 17 18 25 35 38 34 43 58 60
高雄
NO2
01/26 50 44 37 23 33 31 -3698.8* 32 40 40 34 32 29 22 19 18 22 27 27 27 27 28 29 26
高雄
NO2
01/27 23 18 18 20 21 22 31 33 31 34 41 52 28 17 16 15 14 16 19 21 33 45 46 46
高雄
NO2
01/28 41 34 34 31 28 30 32 43 46 33 43 39 21 37 30 27 22 28 28 35 139095* 54 56 53
高雄
NO2
01/29 36 22 15 13 12 13 25 33 28 31 35 29 NA 35# 17# 19# 21 23 22 46 61 59 57 55
高雄
NO2
01/30 45 22 15 15 14 18 25 38 34 33 24 39 30 -6.5# 2# 18# 23 32 25 36 40 32 21 45
高雄
NO2
01/31 27 19 14 12 11 12 19 37 39 37 33 21 17 18 25 24 19 24 26 29 33 30 26 34
高雄
NO2
監測年月：2019/02， 測站：小港， 測項：NO2（ppb）
高雄
NO2
日期 00 01 02 03 04 05 06 07 08 09 10 11 12 13 14 15 16 17 18 19 20 21 22 23
高雄
NO2
02/01 26 20 20 20 19 23 26 30 32 30 31 30 25 27 27 26 27 27 22 24 29 38 49 51
高雄
NO2
02/02 41 38 38 36 37 37 37 43 36 27* 23* 18# 32# 32 23 18 20 19 20 26 34 44 45 53
高雄
NO2
02/03 33 16 17 19 12 13 29 21 20 18 19 15 14 13 8.6 6.2 8.4 9.1 11 15 21 25 27 13
高雄
NO2
02/04 13 16 14 12 9.9 10 15 18 10 10 14 24 11 12 13 12 13 12 9.9 17 18 24 37 19
高雄
NO2
02/05 18 26 25 24 14 15 15 16 14 19 13 13 8.5 9.7 12 26 19 18 11 18 28 17 15 15
高雄
NO2
02/06 12 12 11 11 22 20 14 20 14 13 15 25 10 7.1 6.5# 6.8 7.8 8.6 9.4 12 13 17 20 26
高雄
NO2
02/07 19 14 12 9.6 10 11 18 19 16 11 9.5 8.5 4.9 5.6 12 11 15 14 14 8.7 15 16 17 19
高雄
NO2
02/08 20 17 11 17 9.9 22 22 24 18 14 21 22 16 15 11 9.4 9.5 10 14 16 15 21 25 16
高雄
NO2
02/09 21 19 19 13 11 16 17 20 13 9.5 9.3 19 18 10 9 7.4 8.1 12 16 16 21 21 24 25
高雄
NO2
02/10 18 19 17 12 12 19 18 18 18 24 18 11 13 17 17 15 13 22 22 19 24 22 21 21
高雄
NO2
02/11 24 29 20 19 13 15 20 21 23 26 32 41 26 17 17 14 27 25 24 26 26 25 32 32
高雄
NO2
02/12 33 31 28 29 17 19 29 29 40 41 27 43 19 21 21 22 27 19 23 32 38 37 33 35
高雄
NO2
02/13 36 27 24 17 17 20 26 35 39 24 22# 34 23 21# 448# 147# 25# 32 33 27 22 32 24 21
高雄
NO2
02/14 19 22 25 28 23 29 29 25 32 38 19 15 29 24 25 24 27 23 24 28 29 32 29 24
高雄
NO2
02/15 19 17 21 23 26 27 25 28 34 37 45 31 18 16 14 21 400# 23 26 24 25 30 30 25
高雄
NO2
02/16 19 22 13 14 15 20 30 30 20 17 15 24 19 16 9.7 9.3 13 13 19 19 25 33 37 25
高雄
NO2
02/17 21 19 20 19 17 16 24 26 25 18 16 23 17 12 13 16 14 13 13 13 15 15 16 16
高雄
NO2
02/18 11 12 11 14 12 13 23 32 36 30 45 32 21 21 21 19 12 10 11 13 9.9 10 7.9 5.8
高雄
NO2
02/19 8.4 14 17 19 12 15 23 30 31 31 27 18 13 10 9.2 10 11 15 10 15 12 15 15 22
高雄
NO2
02/20 24 22 12 12 15 18 19 22 25# NA 16* 22 19 15 17 14 14 17 20 18 12 18 20 24
高雄
NO2
02/21 16 19 18 16 15 16 18 23 28 15 12 16 11 12 14 13 16 17 10 14 7.3 14 16 10
高雄
NO2
02/22 18 15 15 2135* 22 22 24 26 26 25 21 18 20 15 10 11 12 19 20 20 23 22 23 22
高雄
NO2
02/23 19 28 20 21 18 16 30 25 19 35 44# 18 11 15 16 18 20 22 21 27 30 29 44 52
高雄
NO2
02/24 46 35 35 36 27 27 27 27 28 34 37 25 19 15 18 14 16 17 19 20 10 18 21 17
高雄
NO2
02/25 18 17 15 13 11 21 25 22 24 24 -14265* 17 17 14 25 35 31 31 27 23 27 21 21 21
高雄
NO2
02/26 19 19 17 21 18 25 29 41 41 45 36 45 30 16 10* 11# 19 26 42 24 19 14 20 23
高雄
NO2
02/27 23 10 18 17 22 33 32 34 25 29 24 28 33 17 16 15 19 28 35 27 22 28 26 37
高雄
NO2
02/28 19 21 15 18 15 18 18 22 24 19 20 25 13 11 13 11 12 13 18 23 23 22 21 22
高雄
NO2
監測年月：2019/03， 測站：小港， 測項：NO2（ppb）
高雄
NO2
日期 00 01 02 03 04 05 06 07 08 09 10 11 12 13 14 15 16 17 18 19 20 21 22 23
高雄
NO2
03/01 18 28 25 25 20 26 23 25 32 45 29 20 12 9.1 6.8 10 12 12 16 19 24 31 27 23
高雄
NO2
03/02 24 20 16 17 19 23 29 23 19 22 46 34 22 20 20 26 14 10 11 7.6 8.6 9.3 10 16
高雄
NO2
03/03 22 25 19 17 20 21 29 21 16 17 15 15 15 13 10 11 9.9 12 15 17 19 26 35 15
高雄
NO2
03/04 6.9 16 12 11 12 15 22 27 28 54 39 20 12 11 11 14 18 21 22 19 15 23 20 35
高雄
NO2
03/05 34 16 21 13 17 19 32 37 33 36 37 22 23 27 24 23 30 30 24 28 25 15 14 27
高雄
NO2
03/06 24 29 30 19 24 24 27 28 32 29 28 24 15 13 13 15 16 20 26 20 19 25 22 18
高雄
NO2
03/07 18 27 17 20 28 21 25 29 31 35 31 29 28 22 23 31 38 42 39 30 35 36 34 27
高雄
NO2
03/08 23 24 19 20 23 25 28 30 32 35 36# 35 32 21 12 15 39 49 53 58 46 39 32 29
高雄
NO2
03/09 22 29 27 20 16 19 25 27 40 54 42 31 20 20 19 12 17 15 15 20 22 21 21 28
高雄
NO2
03/10 35 36 27 27 8.2 8.4 13 35 40 36 30 18 9.3 7 7.3 9.6 14 24 21 17 21 18 20 20
高雄
NO2
03/11 21 14 14 15 18 24 21 31 26 28 30 41 22 18 17 24 36 43 49 45 48 44 40 34
高雄
NO2
03/12 35 30 29 29 27 25 26 35 43 46 20 23 18 20 14 18 24 26 27 25 24 23 19 18
高雄
NO2
03/13 22 21 13 12 13 11 25 44 36 25 14 31 21 18 14 14 15 21 19 23 30 28 38 40
高雄
NO2
03/14 45 25 18 15 15 21 22 32 41 34 13 16 12 14 17 18 16 27 21 21 28 27 25 18
高雄
NO2
03/15 19 13 14 12 14 11 26 37 28 33 26 23 24 21# 22# 29# 31 47 41 35 38 42 43 52
高雄
NO2
03/16 47 37 37 12 15 30 28 26 31 22 14 12 19 16 10 10 7.5 11 9.9 12 12 12 17 14
高雄
NO2
03/17 14 21 20 24 24 23 27 22 17 17 30 23 14 9.2 9.2 11 14 20 29 20 13 25 28 33
高雄
NO2
03/18 23 18 17 26 18 21 35 36 25 20 30 24 12 13 23 23 19 19 19 24 34 38 25 29
高雄
NO2
03/19 21 24 16 15 20 23 39 45 40 29 26 45 34 38 22 27 29 25 25 24 19 16 21 27
高雄
NO2
03/20 35 40 38 30 23 32 30 40 30 22 17 16 12 12 8.8 12 10 14 10 8.6 11 16 14 13
高雄
NO2
03/21 6.5 12 14 16 15 18 25 27 20 26 23 20 14 7# 9 9.2 12 14 16 20 17 16 15 13
高雄
NO2
03/22 16 16 16 16 20 24 27 32 22 23 21# 20 17 11 11 12 19 23 21 26 27 23 25 23
高雄
NO2
03/23 25 28 28 29 26 23 25 22 23 29 35 27 25 25 28 27 31 34 35 33 25 26 21 19
高雄
NO2
03/24 15 13 15 13 16 19 19 23 26 25 20 15 9.7* 8.5* 9.1* 9.4* 8.4* 9.3* 12* 26* 35 38 37 30
高雄
NO2
03/25 22 16 15 17 13 21 31 36 36# 26# 30 23 17 16 14 23 23 29 30 37 38 36 40 35
高雄
NO2
03/26 32 25 26 28 20 24 26 26 24 18 17 21 11 13 21 22 17 19 14 18 17 22 -210.7* 20
高雄
NO2
03/27 27 20 22 26 24 29 31 33 21 25 43 29 29 18 20 14 16 16 13 15 13 11 9.3 17
高雄
NO2
03/28 12 12 14 17 20 18 22 27 32 30 25 25 17 14 18 17 14 16 13 14 19 23 16 13
高雄
NO2
03/29 14 11 13 14 19 19 20 21 22 20 13 11 9.1 11 12 14 16 13 13 18 15 12 10 9.3
高雄
NO2
03/30 12 11 10 11 8.6 19 24 26 24 24 37 38 29 14 16 13 16 16 15 17 15 13 12 18
高雄
NO2
03/31 19 16 15 15 12 18 16 17 14 36 30 27 14 10 8.7 7.5 8 7.9 11 21* 16 19 19 20
高雄
NO2
監測年月：2019/04， 測站：小港， 測項：NO2（ppb）
高雄
NO2
日期 00 01 02 03 04 05 06 07 08 09 10 11 12 13 14 15 16 17 18 19 20 21 22 23
高雄
NO2
04/01 20 19 18 13 15 16 22 27 31 27 30 26 23 -248.1* 27 25 34 36 36 27 34 43 39 40
高雄
NO2
04/02 35 28 26 27 28 28 29 31 34 45 22 23 14 15 16 21 18 18 17 20 18 16 16 18
高雄
NO2
04/03 16 20 18 16 23 27 35 34 27 24 20 18 16 14 13# 16 15# 21 15 21 26 28 30 19
高雄
NO2
04/04 17 27 25 17 29 29 27 27 29 24 14 10 9.5 14 16 17 23 22 17 11 14 21 26 23
高雄
NO2
04/05 13 19 13 15 9.9 15 12 20 17 15 12 16 8.9 7.8 7.1 7.3 9.6 12 12 13 13 14 15 14
高雄
NO2
04/06 12 8.4 8.3 8.5 11 12 11 17 13 19 14 17 12 8.9 7 7.5 12 16 18 32 28 16 17 11
高雄
NO2
04/07 14 15 19 15 16 20 21 22 17 18 11 12 11 8.8 7.3 5.8 7.2 11 13 11 12 11 18 14
高雄
NO2
04/08 14 14 12 15 14 15 24 29 23 32 28 25 13 20 14 14 18 18 16 13 16 18 19 22
高雄
NO2
04/09 22 16 15 19 19 28 27 32 26 15 12 12 10 10 9.5 11 10 9.9 9.6 13 10 7.8 12 15
高雄
NO2
04/10 19 22 20 18 15 15 15 18 17 14 9.7 11 9.6 14 15 14 11 16 16 18 24 22 16 9.1
高雄
NO2
04/11 8.8 13 16 13 15 17 18 19 22 17 17 12 9.7 13 15 15 15 14 12 14 18 18 27 18
高雄
NO2
04/12 18 19 18 13 15 17 20 29 25 22 20 17 12 10 9.7 9.8 13 12 17 26 21 20 24 31
高雄
NO2
04/13 24 12 14 21 34 26 17 21 20 15 20 19 13 17 16 15 16 13 21 26 24 25 33 33
高雄
NO2
04/14 24 18 19 16 21 16 23 18 12 26 33 26 17 11 8.9 10 6.4 10 9.7 13 16 20 28 36
高雄
NO2
04/15 18 15 13 14 20 19 22 28 36 23 20 24 14 13 16 20 24 28 20 25 17 16 12 12
高雄
NO2
04/16 12 16 19 12 19 30 27 32 36 36 18 22 24 40 30 36 34 36 32 29 41 36 24 20
高雄
NO2
04/17 20 13 13 13 10 13 21 24 23 20 23 34 20 17 23 23 23 30 37 32 21 29 24 22
高雄
NO2
04/18 19 13 10 11 15 20 19 15 13 36 30 26 21 23 29 28 24 25 16 22 42 37 45 32
高雄
NO2
04/19 7.5 18 9.7 10 7.5 13 14 22 24 26 24 23 17 25 27# 19 34 18 32 48 45 25 18 23
高雄
NO2
04/20 9.8 17 12 11 10 15 28 37 39 24 18 19 11 14 9.2 16 26 28 43 36 19 17 20 11
高雄
NO2
04/21 13 13 11 11 11 16 27 22 14 11 11 11 31 27 17 20 23 19 23 23 20 19 23 20
高雄
NO2
04/22 15 12 15 15 15 14 19 26 17 14 12 9.5 7.3 5.7 8.2 7 10 14 13 15 12 10 8.4 12
高雄
NO2
04/23 8.9 7 20 22 14 16 18 16 11 19 18 14 9.8 7.3 8.9 12 11 12 14 15 11 13 16 18
高雄
NO2
04/24 13 13 15 18 18 18 21 11 9.8 12 9.4# NA 6.5# 6# 6.6 6.9# 9.8 8.7 9.5 8.8 7.9 9.4 8.7 7.6
高雄
NO2
04/25 5.5 8 7.3 13 16 15 16 21 15 15 11 9.2 6.6# 445# 386# 8.7 8.1 9.5 12 14 21 22 18 25
高雄
NO2
04/26 21 17 21 22 21 19 17 21 18 27 24 17 11 9.6 7.8 6.9 7.3 6.4 8.5 9.7 7.8 12 13 12
高雄
NO2
04/27 24 13 12 13 12 14 16 18 18 23 19 34 21 22 21 11 10 11 11 15 18 19 20 21
高雄
NO2
04/28 22 22 21 13 11 13 17 19 16 8.1 8.6 9.8 9.9 7.6 6.6 6.7 7.7 7.4 12 18 17 24 23 18
高雄
NO2
04/29 21 16 13 8.6 11 8.9 16 14 12 20 12# 15 9.9 12 12 15 17 12 8.6 10 9.9 5.3 6.8 7.5
高雄
NO2
04/30 5 6.3 12 5.9 5.1 8.5 7.3 9.7 17 13 13 7.2 4 8.2 7.1 8.3 12 9.5 8.9 10 8.6 10 14 17
高雄
NO2
監測年月：2019/05， 測站：小港， 測項：NO2（ppb）
高雄
NO2
日期 00 01 02 03 04 05 06 07 08 09 10 11 12 13 14 15 16 17 18 19 20 21 22 23
高雄
NO2
05/01 15 14 7.3 5 3.7 7 12 14 16 30 24 20 17 15 21 43 24 30 15 14 17 19 15 6.8
高雄
NO2
05/02 7.6 20 18 17 20 19 26 32 25 22 21 17 14 15 11 15 24 35 29 32 19 22 18 14
高雄
NO2
05/03 11 7.3 7.8 12 18 17 25 29 33 36 20 15 16 20 20 23 25 27 25 18 21 27 27 26
高雄
NO2
05/04 23 12 9.7 8.1 7.3 12 24 19 30 50 36 24 15 11 10 10 13 19 16 17 21 25 34 40
高雄
NO2
05/05 20 9.8 11 14 15 12 16 24 11 9.5 22 24 17 21 21 19 13 10 16 21 23 20 23 16
高雄
NO2
05/06 12 9.5 8.6 8.6 11 11 27 39 38 37 33 28 20 20 21 21# 32 37 38 30 27 27 20 19
高雄
NO2
05/07 22 18 15 15 11 11 15 23 30 36 40 31# 23 29 26 38 44 34 36 41 42 44 41 21
高雄
NO2
05/08 14 12 10 10 19 26 29 38 45 39 43 26 30 25 26 19 17 22 23 25 25 26 26 24
高雄
NO2
05/09 21 17 16 36 26 29 24 22 22 28 29 17 20 18 18A 13 13 19 19 17 18 24 27 28
高雄
NO2
05/10 26 24 20 15 19 22 28 35 36 31 37 42 13 12 13 9.5 14 15 23 27 25 25 37 39
高雄
NO2
05/11 36 28 34 26 22 20 19 23 15 14 31 29 24 25 21 14 20 20 19 15 18 29 29 42
高雄
NO2
05/12 22 12 12 11 11 12 15 20 19 18 12 16 10 11 7.4 6.9 9 7.9 10 8.3 9.4 17 20 24
高雄
NO2
05/13 14 11 10 13 12 12 21 16 17 25 16 17# 11 13 7.8# 278# 15# 11# 14 24 36 34 19 32
高雄
NO2
05/14 17 18 18 22 19 18 18 23 14 19 15 15 8 11 8.1 9.9 9.4 10 9.4 11 10 20 21 20
高雄
NO2
05/15 16 17 21 10 27 21 14 21 22 20 21 13 16 19 18 21 26 22 23 21 17 19 20 11
高雄
NO2
05/16 9.8 17 14 12 11 9.4 14 17 13 9.5 6.8 9.4 8.6 8 6 6.9 7 8.8 10 11 10 9.2 8.7 6.7
高雄
NO2
05/17 12 10 9 7.9 7.4 12 13 14 12 9.7 7.7# 6.9 4.4 5.5 6.2 5.7 5.8 7.1 6.3 8.9 8.2 16 9.9 5.3
高雄
NO2
05/18 12 14 9.2 7.3 10735* 8.9 9.1 7.9 5.6 5.4* 3.9* 5.4* 4.3 5.4 4.3 3.5 5.6 11 9.5 8.5 7.1 17 12 12
高雄
NO2
05/19 10 8.6# 8.3# 11 12 13 15 10 8.8# 6.6 7.7 4.3 3.9 4.4 4.4 4.5 5.6 7.5 9.7 11 23 18 17 24
高雄
NO2
05/20 22 14 9.6 8.5 8.3 14 17 2641* 20 22 13# 9.3# 6.6# 7.2 12 12 12 12 13 17 25 34 33 24
高雄
NO2
05/21 23 12 6.8 7.7 8.7 13 21 30 32 37 35 34 25 41 25 27 25 33 40 22 12 13 14 15
高雄
NO2
05/22 12 10 8.7 14 18 31 14 19 21 20 18 12 13 11 11 15 19 15 15 19 23 34 44 29
高雄
NO2
05/23 24 23 18 11 9.9 13 17 23 20 22 31 33 35 35 19 20 20 29 17 17 19 21 14 11
高雄
NO2
05/24 20 11 11 12 15 18 18 28 36 23 19 19 13 10 9.6 12 13 17 15 15 13 15 18 16
高雄
NO2
05/25 9.6 8.6 8.6 8.9 9.2 9.6 14 17 16 41 24 14 11 8.3 18 9.6 8.6 9.5 8.8 15 14 14 17 12
高雄
NO2
05/26 13 12 11 7.4 7 8.9 14 18 14 16 17 28 13 28 14 10 8.3 12 12 11 12 20 21 9.8
高雄
NO2
05/27 6.8 5.1 7.3 12 16 15 10 22 30 31 35 33 25 25 18 16 21 38 32 34 31 19 18 15
高雄
NO2
05/28 15 12 14 16 13 13 13 13 18 20# 17 8.5 9.8 8.2 3.6# 5.8 15 21 37 34 31 27 21 17
高雄
NO2
05/29 14 12 12 11 12 12 14 13 16 10 9.8 9.9 7.6 10 9.7 8.1 12 14 16 15 16 19 20 12
高雄
NO2
05/30 24 24 20 12 10 11 16 21 23 32 26 24 18 12 12 13 11 13 16 15 18 31 21 19
