xn
SO2
01/01 2.6 2.3 2.1 2.1 2.6 2.6 2.2 2 2 2.3 2.5 2 2.5 2.9 2.8 2.5 2.2 2.1 2.1 2.3 2.7 2.7 2.9 3.3
xn
SO2
01/02 3.5 3 2.4 2.3 2.5 2.5 2.7 2.6 3.1 3.1 2.9 2.9 3.5 3.4 3.4 3.2 3.1 3 2.8 2.5 2.4 2.5 2.5 2.5
xn
SO2
01/03 2.6 2.7 3.6 3.5 2.7 2.3 1.9 1.9 1.8 1.9 2.1 2.1 2.3 2.4 2.5 2.9 3.3 3.2 2.9 2.8 3.2 2.7 2.3 2.2
xn
SO2
01/04 2 2.1 2.4 2.6 3 3.5 4 5.3 6.8 6.7 4.8 3 2.4 2.1 2 2.1 1.7 1.6 1.7 2.1 2.4 2.7 2.7 3
xn
SO2
01/05 2.8 3.3 2.9 3 3.8 3.7 3.6 4.4 5.7 4.9 3.9 4 3.8 3.4 3.7 3.7 3.7 3.3 3.6 3.6 3.1 2.8 2.7 3.3
xn
SO2
01/06 3.7 3.7 3.1 3.1 2 1.5 1.5 1.8 1.9 2.8 3.3 3.2 2.6 2.9 2.6 2.6 2.3 2.2 2.3 2.1 2.5 3.2 3.4 3.3
xn
SO2
01/07 3.5 3.8 3.5 3.3 3.5 3.1 3.5 5.1 4.7 4.1 4.1 4.5 4.9 3.4 3.1 3# 2.9 2.9 2.6 2.1 2.2 1.8 1.6 1.6
xn
SO2
01/08 1.7 1.4 1.5 1.4 1.4 1.4 1.5 1.5 1.6 1.8 1.9 2.1# 2 2.6 2.9 3 2.9 2.6 2.3 2.7 3.3 3.4 3.6 3.8
xn
SO2
01/09 3.2 3.9 3.8 3.5 3 2.6 2.4 2.7 3.2 3.5 3.3 3.4 3.5 3.3 3 3.2 2.9 2.4 2.4 2.2 2.6 3.2 3.4 3.5
xn
SO2
01/10 3.4 3.4 2.4 2 2.4 3.4 3.2 3 3.7 4 4 4.9 3 3 3.6 3.6 3.7 3.6 3.3 2.6 2.6 3 2.6 2.1
xn
SO2
01/11 2 2.2 2.5 2.1 2 2.2 2.4 3 3.6 4.4 4 3.7 3.9 3.9 3.4 3.5 2.8 2.6 2.7 3.1 3.3 4.5 4.3 4.3
xn
SO2
01/12 3.9 3.1 2.6 2.2 2.6 3.6 4.8 5.4 5.3 4.7 3.8 2.9 3.1 3.4 3.2 3.6 3.1 3.2 2.9 2.8 2.8 3.1 3.2 3.5
xn
SO2
01/13 3.7 3 2.8 2.3 2.5 3.6 3 2.1 2.3 2.3 2.6 2.5 2.9 2.8 2.6 2.5 1.9 1.9 1.9 2.1 2.6 2.7 2.9 2.3
xn
SO2
01/14 2.2 2.5 2.3 2.2 2.2 2.4 2.4 2.5 3.4 4.1 3.7 3.5 3.8 4.4 3.2 3 2.8 2.3 2.2 2.3 2.6 3.4 3.6 3.3
xn
SO2
01/15 3.1 3.3 2.7 2.6 2.1 1.6 1.8 1.9 2.3 3.6 3.5 3.8 3.4 3.6 3.6 3.6 3 2.3 1.8 1.8 2.2 2.2 2 1.9
xn
SO2
01/16 1.7 1.3 1.3 1.3 1.6 1.7 1.5 1.3 1.3 1.4 1.3 1.3 1.4 1.4 1.3 1.4 1.3 1.5 1.5 1.5 1.4 1.3 1.3 1.9
xn
SO2
01/17 1.6 1.9 1.7 1.5 1.5 1.5 1.6 1.9 1.8 1.9 1.9 1.9 1.8 2.1 2.2 2.1 2.2 2.7 2.8 2.9 2.7 2.6 2.3 2.2
xn
SO2
01/18 2.3 2.1 2 2 2 2 1.8 1.7 2.7 2.9 2.4 2.2 2.6 3.3 3.8 3.2 2.8 2.3 2 2.1 2.7 2.4 2 2.3
xn
SO2
01/19 2.8 3.1 2.8 2.6 2.4 2.6 2.9 3.2 3.8 3.4 3.3 3 4.1 4.8 4.3 2.7 2.6 3.2 3.6 3.7 3.2 3.4 2.8 2.1
xn
SO2
01/20 2.9 2 2 4 3 2.2 2.5 3.1 4.1 4.6 4.8 4.6 5.4 5 5.7 3.7 3.7 3.8 3.4 3.1 3.4 3.8 3.7 3.2
xn
SO2
01/21 3.2 2.3 1.9 2.5 2.6 1.9 1.6 1.7 1.7 1.9 2.1 2.4# 2.4 110# 2.3 2.9 2.3 1.7 1.5 1.9 2.2 1.9 1.6 1.7
xn
SO2
01/22 1.9 2.1 2.2 1.9 1.3 1.7 1.8 2.1 2.5 2 1.9 3 3.2 3.3 3.4 3.2 3.2 3.5 3.5 3.3 4.1 4.5 3.4 2.9
xn
SO2
01/23 2.9 3.8 4 3.5 3.2 2.8 2.8 3 3.9 3.4 2.7 2.7 4 4.1 3.3 3 2.8 2.5 2.3 2.3 2.2 2.1 2.3 2.8
xn
SO2
01/24 2.8 3.5 3.3 3.6 4.9 5.3 5.5 5.6 5.7 4.9 4.7 3.4 2.7 3.2 3.9 4.2 3.8 2.8 2.5 2.4 2.4 2.6 2.7 2.9
xn
SO2
01/25 2.8 2.4 3.1 3.5 3.7 3.7 4.1 3.9 4.7 5.6 4.8 3.2 2.8 3.4 3.3 3.9 3.8 3.2 2.2 2.6 2.9 3.1 2.9 2.7
xn
SO2
01/26 2.7 2.7 2.9 2.8 2.9 2.7 2.6 2.9 3 2.8 2.8 2.8 3 3.2 2.6 2.6 2.5 2.6 2.7 3.3 3.5 3.1 2.3 2.2
xn
SO2
01/27 2.7 2.1 2.3 2.1 2 2.2 2.3 2.4 2.4 2.3 2.3 2.6 2.5 2.6 3.4 2.9 2.6 2.5 2.3 2.5 2.6 3 3.2 3.6
xn
SO2
01/28 3.3 3.1 3.6 4.5 4.2 4.1 4.2 4.7 6.1 6.3 4.1 3.5 2.9 2.8 2.8 3 3.2 3 2.8 3.3 2.8 3.1 4.1 3.8
xn
SO2
01/29 3.9 3.2# 3.1 3.2 3.8 5 4.9 4.4 6.1 5.5 4.4 3.2 2.5 3 3.4 3.5 3.6 3.2 2.5 2.1 1.9 2.1 2.4 2.6
xn
SO2
01/30 3.1 2.5 2.7 3.2 2.8 1.7 1.4 1.4 1.7 2.5 2.8 2.5 2.1 2 3 3.5 3 3.4 3.3 3.5 4.1 4.3 4.4 3.5
xn
SO2
01/31 2.7 3.7 3.9 4.2 3.8 3.7 3.4 3.2 3.8 3.7 4.1 4.5 4.6 3.8 3.3 3.4 5.2 3 3.7 3.5 3.3 3.9 3.9 4
xn
SO2
菏代~るG2019/02A 代浮GOnA 代兜GSO2]ppb^
xn
SO2
ら戳 00 01 02 03 04 05 06 07 08 09 10 11 12 13 14 15 16 17 18 19 20 21 22 23
xn
SO2
02/01 3.4 3.3 3.4 2.9 2.7 2.7 2.4 2.2 2.3 2.4 2.8 2.9 3.7 3 3 2.8 2.8 2.7 2.6 2.6 2.8 4.2 4.3 4.2
xn
SO2
02/02 4.2 4.4 4.5 4.4 4 3.7 3.8 3.8 3.8 4.5 3.8 3.9 3.7 3.3 3.1 2.4 2.5 2.5 2.4 2.6 3.4 2.7 2.7 3
xn
SO2
02/03 2.8 2.6 2.2 2 1.8 1.9 2 2 2.4 2.7 1.9 3.8 2.9 2 2.3 1.9 2.5 2 1.8 1.6 1.5 1.9 2.1 2
xn
SO2
02/04 1.6 2.4 2.2 2.4 2.3 2.2 2.4 2.6 3.1 3.1 2.7 3.5 3.5 3.4 3.2 2.7 3.1 2.7 2.2 2.2 2.2 2.4 2.3 2.6
xn
SO2
02/05 3.9 3.4 3.6 3.9 4.5 4.4 3.5 2.8 2.9 2.7 2.3 2.2 2.3 2.2 2.2 2.3 2.2 2 1.8 1.8 1.9 2.5 2.1 2
xn
SO2
02/06 1.7 1.9 1.8 1.8 1.6 1.7 1.7 1.9 2.4 3.6 4.1 3.9 3.5 2.8 2.8 2.7 2.1 1.9 2 2 2 2 2.1 2.2
xn
SO2
02/07 2.3 1.5 1.4 1.3 1.3 1.2 1.2 1.7 1.9 2 2.6 2.1 1.3 1.1 1.5 1.8 2.6 1.9 1.8 2.1 1.8 1.9 2.3 2.2
xn
SO2
02/08 2.2 2.5 2.3 1.8 2.8 2.7 1.7 1.6 2.1 2.1 2.2 2.6 3.2 3.8 3.2 2.8 2.8 3 2.2 1.8 1.7 2.1 2.9 2.5
xn
SO2
02/09 2 1.5 1.8 1.5 1.4 1.3 1.5 2.9 3.9 3.3 2.8 2 2.2 2.5 2.9 2.3# 2 1.8 1.4 1.4 2.2 3.7 3.2 3.4
xn
SO2
02/10 4.2 4.7 6 4.4 4.9 3.3 2.4 2 2.2 2.7 2.9 2.6 2.4 3 3.1 2.8 2.6 2.3 2.2 1.6 2 2.6 3.4 2.8
xn
SO2
02/11 2.9 3.3 2.8 3.3 3.5 2.3 2.2 2.3 2.1 1.9 1.9 2.4 3.1 2.8 2.1 1.8 1.8 1.6 1.8 2.2 3.2 3.5 3.2 3
xn
SO2
02/12 3.5 4.7 4.8 4 2.9 2.8 2.5 2.7 2.6 2.7 2.3 2.8 2.9 2.3 2 2.1 2.1 1.9 1.9 2.1 2 1.7 2.1 3.2
xn
SO2
02/13 3.8 3.8 3.9 2.8 2.3 2.5 2.3 3 3.6 3.3 3.6 3.6 2.9 2.8 2.4 2.2 2 2 1.6 1.6 2.2 2.5 2.6 2.4
xn
SO2
02/14 2.9 3.5 3.1 2.5 2.5 2 1.9 2.7 2.6 2.5 2.2 2.1 2.1 2.7 2.2 2.1 2.2 2.2 1.9 1.4 1.3 1.5 2.1 2.9
xn
SO2
02/15 3.2 3.9 3.8 4.2 3.3 2.3 2.5 2.9 3.4 3.8 3.9 3.6 3.1 2.8 2.9 2.2 2.1 2.8 3.2 2.4 2.8 2.9 4.5 3
xn
SO2
02/16 2.8 2.2 2.1 2.5 2.5 2.9 3.3 3.3 3.7 3.3 3 3 2.7 2.2 1.9 1.5 1.9 1.6 1.7 1.9 2.7 2.8 2.5 2.9
xn
SO2
02/17 1.9 2.7 3.5 4.6 4.9 3.8 2.4 2.3 2.6 2.6 2.7 2.5 2.4 2.2 2 2.5 2.5 2.2 2 1.9 1.5 1.4 1.5 1.9
xn
SO2
02/18 2.4 2.5 3 2.3 2 2.3 2.3 2.1 2.6 2.9 3.2 3.6 3.6 3.3 4.1 4.4 2.9 2.3 2.3 2.5 2.7 2.9 4.5 3.1
xn
SO2
02/19 1.6 1.4 1.2 1 1.2 1.4 2.3 2.3 5 3.4 2 3 3.1 2.9 2.4 2.1 2.9 3 2.9 2.5 2.3 3.4 3.8 4.8
xn
SO2
02/20 3.2 4.9 4.4 3.6 2.9 2.6 2.2 3.3 5.4 4.4 4.7 5.4 4.1 2.3 2.2 2.3 2.2 2 1.9 2.3 2.4 3.7 4.2 2.6
xn
SO2
02/21 2.9 3.5 3.5 3.3 2.5 2.2 2.2 2.3 2.3 2.4 2.7 3.3 2.6 2.4 2.3 2.2 2.2 3.4 3.3 2.7 2.7 2.1 1.6 1.9
xn
SO2
02/22 2.2 2.1 2 2.1 1.5 1.3 1.5 2.6 2.8 2.3 2.4 2.2 2.1 1.9# 1.4 1.3 1.4 1.3 1.3 1.3 1.3 1.8 2.6 3.5
xn
SO2
02/23 4.3 3.3 1.9 1.5 1.9 2.3 2 2.7 3 2.9 2 2.5 2.8 2.5 2 1.9 2.4 3.3 3.1 4.2 3.3 2.6 3.3 2.4
xn
SO2
02/24 2.1 2.6 2.6 2.4 2.8 2.9 3.3 4.1 3.2 3.8 3.1 2.5 2.3 2.4 2 2.3 2.3 2 1.8 1.7 2 2 1.6 1.9
xn
SO2
02/25 2.3 1.5 1.5 1.7 2.6 3.1 3.9 3.6 2.7 2.6 1.7 1.5 1.6 1.8 2.3 2.3# 2.5 2.6 2.6 1.8 1.6 1.9 2.8 3.1
xn
SO2
02/26 3.3 3.2 2.6 2.8 2.8 2.5 2.5 2.2 2.8 2.8 2.8 2.2 2.8 2.5 2.2 2 1.8 1.8 1.9 1.6 1.4 1.5 1.4 1.1
xn
SO2
02/27 1.2 1.8 1.9 3 3.3 2.9 1.8 1.5 1.8 1.9 2 2.1 2.4 2.8 2.1 2 1.8 2.3 2 2.1 1.7 1.9 3.5 4.8
xn
SO2
02/28 3.9 3.3 2.8 4.3 3.4 3.7 3.5 3 3.7 2.8 2.2 2.5 2.9 2.5 2.7 2.5 2.6 2.4 2.4 2.6 2.5 2.7 2.5 2.1
xn
SO2
菏代~るG2019/03A 代浮GOnA 代兜GSO2]ppb^
xn
SO2
ら戳 00 01 02 03 04 05 06 07 08 09 10 11 12 13 14 15 16 17 18 19 20 21 22 23
xn
SO2
03/01 3.1 3 3.5 3.3 3.6 3.4 2.9 2.6 3.1 3 3.9 2.7 2.1 1.8 1.1 1 1.2 1 1.1 1 0.9 1 0.8 1.1
xn
SO2
03/02 1.1 1.6 1.5 1.4 1.4 1.3 1.6 1.7 2.9 5 3.6 2.5 2.7 3.3 2.7 2.8 3 2.7 3.3 4.4 3.2 2.7 3 4.4
xn
SO2
03/03 2.8 2.1 1.7 1.5 1.5 1.3 1.3 1.3 1.4 2.2 3.2 1.6 1.9 1.3 1.3 1.3 1.4 1.6 1.7 1.4 1.4 2 1.6 1.7
xn
SO2
03/04 2.1 2 3.3 2.3 1.7 3 2.4 2.8 3.1 3 2.6 2.3 2.1 2.3 2 1.8 1.7 1.9 2.1 2.5 2.3 2.7 3.6 3.5
xn
SO2
03/05 3.6 4.1 4.5 4.1 4.7 4.1 4.3 5.8 4.8 3.9 3.7 6.4 7.1 5.5 4.4 4.8 4.5 3.3 3.7 2.9 2.2 1.7 1.7 2
xn
SO2
03/06 2.1 2.1 2 2.2 1.7 2.3 2.5 3 3.8 3.5 2.4# 2 2.1# 1.7 2.7 2.3 2.4 2 1.5 1.6 2.4 2.4 2 2.2
xn
SO2
03/07 2 1.7 1.6 1.6 2.1 1.5 1.6 1.5 1.7 1.6 1.7 1.6 1.6 1.5 1.4 1.4 1.4 1.3 1.4 1.3 1.3 1.3 1.1 1.1
xn
SO2
03/08 1.3 1.4 1.2 1.2 1.1 1.3 1.5 1.5 1.9 1.6 1.6 1.8 2 2.4 2.3 2.2 2 2 2.3 2.3 2.1 2.9 3.4 3.5
xn
SO2
03/09 2.3 1.9 1.6 1.8 1.6 1.5 1.6 2.3 2.6 3.3 3.8 5.3 2.1 1.6 1.6 1.4 1.1 1.1 1.5 1.6 1.3 1.3 1.4 1.7
xn
SO2
03/10 2 1.8 1.6 0.9 0.9 1.1 0.9 0.8 1.1 1.6 1.4 0.9 1.2 1.4 1.3 1 1.2 1.3 1.1 1.1 1.1 1.4 1.3 1.8
xn
SO2
03/11 2 2.4 2.2 2 1.6 1.7 1.7 2.8 3.5 NA 4 2.6 2.4 2.4 2.3 2.8 3.8 3.9 3.9 3.9 4.8 4.5 4.3 4
xn
SO2
03/12 3.8 3.4 4.6 3.9 3.6 3.8 3.9 5.8 6.8 3 2.5 1.9 1.6 2 2.2 2 2 2.1 2.1 1.9 2.1 2 2 2.2
xn
SO2
03/13 3.3 3.2 2.8 2 2.1 2 2.5 2.1 2.1 3 4.3 2.9 2.2 2.5 2.7 3.3 3.1 2.7 2.7 2.4 2.6 3.3 4.6 5.2
xn
SO2
03/14 5.5 4.5 3.8 3 2.9 2.7 3.2 3.9 2.3 2.6 3.2 2.9 2.9 2.5 2.5 2.5 2.7 2.8 3.1 3.1 2.6 3.2 3.3 3.9
xn
SO2
03/15 4.2 2.1 1.6 4.3 4.7 2.5 1.7 1.8 1.9 1.8 1.9 1.8 2.5 2.3 2.7 3.5 2.5 2.1 1.9 2 2.2 2.5 2.3 1.9
xn
SO2
03/16 1.7 2.2 2.3 2.4 4.2 2.8 3 4.1 3.6 2.9 2.4 2.9 2.9 2.5 2.7 2.5 2 2.1 2.8 2.5 2.6 2.6 2.5 2.7
xn
SO2
03/17 3.1 3.3 3.2 3.7 3.8 3.4 3.4 4 5 4.6 4.4 3.4 3.2 3 2.8 3.5 3.8 3.1 2.5 2.6 2.5 2.5 3.2 3.2
xn
SO2
03/18 3.1 3.9 3.7 3.6 4 4.4 2.8 2.6 3.6 4.5 3.9 3.6 4 3.7 3.3 2.8 2.7 2.9 2.6 3 4.3 4.2 3.3 3.3
xn
SO2
03/19 3 4.4 5.6 5 4.2 6.4 4.9 4.7 4.8 4.1 3.9 3.8 4.3 0.3# 3.7# 3.3# 3.1 2 2.2 2.6 2.6 2.7 3.5 3.1
xn
SO2
03/20 3.2 3.5 2.9 2.7 3.8 3.4 5.1 5 5.3 3.5 2.9 2.7 2.6 2.6 3.3# 2.7# 2.8 2.1# 1.8 1.8 3.2 5.7 4.8 6.6
xn
SO2
03/21 4.8 2.7 4 3.4 2.6 2.7 3.4 3.8 3.7 2.8 2.4 2.3 2.7 2.9 1.9 1.9 2.3 2.4 1.9 3 2.2 1.8 1.7 2.5
xn
SO2
03/22 3.2 3.1 3 3.9 4.1 8.7 7.4 4.3 4.2 4.4 3 2.7 2.7 2.7 2.6 2.5 2.6 2.8 3 2.4 2.7 2.4 2.2 2.3
xn
SO2
03/23 3.4 5 4.5 3.2 4.7 4.4 3.2 2.4 1.8 1.9 1.6 1.7 2 2.1 3 2.6 2.7 3.1 2.3 1.9 1.8 2.4 2.3 2
xn
SO2
03/24 1.8 1.8 1.7 1.6 1.9 2.5 2.1 2 2.1 2.6 3.2 3 3 2.8 2.6 2.2 2.2 1.9 1.8 1.8 2 2.1 2.2 2.5
xn
SO2
03/25 2.1 2.2 2 2 1.9 1.7 2.3 2.5 2.8 3 2.7 2.5 2.7 2.7 2.5 2.8 2.8 2.7 2.5 2.4 2.6 2.9 3.2 3.7
xn
SO2
03/26 5 3.5 3.7 3.8 2.2 2.1 3.6 2.5 3.2 4.6 4.3 4.4 2.9 2.6 2.2 2.1 2 2 2.2 2.6 2.8 2.3 2.1 2.2
xn
SO2
03/27 2.4 2.6 3 4.2 4.2 3.3 3.8 6.1 6.9 4.8 3.4 3 3 3.2 2.9 3.5 4.4 3.3 3 3 3.1 2.8 2.3 3.5
xn
SO2
03/28 4.1 5.3 3.9 2.7 2.3 2.2 4 5.3 4.4 5.2 6.7 2.1 2.1 2.4 2.6 2.3 2.3 2.6 1.6 1.5 1.8 1.6 1.7 1.6
xn
SO2
03/29 1.7 1.9 2.1 2.9 3.2 3.7 5 3.7 2.4 2.2 1.9 1.9 1.7 1.5 1.7 2 1.8 1.9 3.4 2.3 2 2.1 1.8 1.5
xn
SO2
03/30 1.2 1.6 1.5 1.7 2.3 1.6 1.7 1.9 2.9 2.9 2.4 2.5 3.8 2.8 2.4 2 2.1 2.1 2 2.1 2.6 2.6 2.4 2.3
xn
SO2
03/31 2.4 2.4 2.4 2.8 3.4 3.1 3.8 4.5 6.6 6.6 4.8 3.5 3.9 3.2 3.3 2.1 2.4 2 1.8 1.8 1.9 1.7 1.6 1.5
xn
SO2
菏代~るG2019/04A 代浮GOnA 代兜GSO2]ppb^
xn
SO2
ら戳 00 01 02 03 04 05 06 07 08 09 10 11 12 13 14 15 16 17 18 19 20 21 22 23
xn
SO2
04/01 1.7 3.4 3.9 3.6 2.6 2.6 4.9 5.9 5.3 3.2 2.6# 2.2# 2.7 2.3 2.6 3.9 4.4 3.2 2.2 2.3 2.6 2.8 2.6 5.2
xn
SO2
04/02 6.3 3.8 3.9 2.9 2.6 2.5 4.2 4.6 4.6 3 2.2 2.3 2 2.1 2 2.1 2.2 2.1 3 2.6 2.3 2.7 3.8 4.5
xn
SO2
04/03 4.6 3.6 3.9 3.8 2 1.8 1.8 1.8 2.2 1.7 2 2.6 2.6 2.5 2.4 2.6 2.4 2.3 1.9 2.6 1.8 2 2.2 2.1
xn
SO2
04/04 2.1 1.9 2.1 2.2 2.3 2.8 3.1 2.8 2.9 2.8 3.3 2.4 1.9 1.7 1.6 1.6 1.7 1.8 1.5 1.9 1.6 1.4 1.5 1.6
xn
SO2
04/05 1.9 2.1 2.1 2.3 2.1 2 2.2 1.9 1.8 2 2.3 2.3 2.5 2.2 2.2 2.6 2.6 2.8 2.9 2.5 2.4 2.5 2.8 3.4
xn
SO2
04/06 3.3 4.3 3.6 3.8 3.2 3 3.3 4.2 4.6 3.3 2.4 2.6 2.9 2.6 1.9 2 2 2.2 2.3 2.1 2.1 1.8 2.1 2.5
xn
SO2
04/07 2.1 2.4 2.3 2.4 2.4 2.6 3 3.4 2.7 2.1 1.8 2 2 2 2 2 1.9 1.9 1.9 2.2 2 1.8 2.3 2.4
xn
SO2
04/08 3 2.8 2.3 2.3 2.7 2.4 2.4 2.3 2.7 2.7 2.9 2.8 2.9 3.1 3.3 2.6 2.7 2.3 2.6 2 2.1 2.7 2.6 3.1
xn
SO2
04/09 3.8 5.1 3 3.1 3.4 2.9 2.6 3.7 5.3 4.6 3.7 2.9 2.9 2.4 2.3 2.2 2 2.1 2 1.9 1.8 1.9 2 1.9
xn
SO2
04/10 1.9 1.7 2.1 2.4 2.6 2.6 3.1 2.8 3.2 2.3 2.6 2.3 1.7 1.7 1.8 1.5 1.6 2.1 1.8 2.1 1.6 1.6 1.8 1.8
xn
SO2
04/11 1.8 1.7 2.2 2.6 2 1.9 1.7 2.8 3.8 3 1.9 2.2 2.5 1.9 1.8 2 1.9 1.8 1.7 1.8 1.9 2.5 2.3 2.8
xn
SO2
04/12 2.2 1.7 1.8 4 4.8 4 2.9 3.5 2.4 2.7 2.7 2.2 2.3 2.1 2 2.4 3.8 1.9 1.6 1.9 2.3 2.9 3.2 3.3
xn
SO2
04/13 4.1 3.9 3.2 3.1 3.2 3.1 4.1 3.5 3.7 4.2 3.8 3.2 3 2.6 2.5 2.4 2.5 2.4 2.9 3.4 2.8 2.7 2.6 2.3
xn
SO2
04/14 2.6 2.2 1.9 2.1 1.5 1.3 1.6 1.6 2.2 2 2 2.6 2.6 2 1.5 1.3 1.3 2.3 2.6 1.6 1.7 2.4 2.3 2.7
xn
SO2
04/15 4 3.1 2.2 2 2.3 2.6 2.9 2.8 2.7 3.1 2.8 2.3 2.6 3.2 4.8 5.3 5 4.3 3.9 4.1 3.8 3 3 3.5
xn
SO2
04/16 3.9 3.7 3.2 4.3 4.5 2.7 2.7 2.5 2.3 2.5 3.1# 2.4# 2.5 2.4# 2# 2.2 2.3 2.5 2.3 2.4 2.6 2.9 2.3 2.4
xn
SO2
04/17 2.2 2 3.9 2.3 2.2 2.2 2.3 2.9 3 3.1 2.9 2.6 2.4 2.4 2.2 2.3 2.1 2.2 2.1 2.5 2.9 3 2.9 2.5
xn
SO2
04/18 2.4 2.8 2.8 3.1 3 3.4 4.2 4.2 3.7 3.8 3.8 3.2 3.1 3.8# 2.3 2.3 2.6 2.5 2.2 2.5 3.3 3.9 2.9 5
xn
SO2
04/19 3.5 3.5 3.3 3.6 1.4 1.4 1.7 1.9 1.8 1.8 2.2 2.1 4.1 2.5 1.9 1.6 1.9 2.1 2.3 2 1.8 1.9 1.8 2.2
xn
SO2
04/20 2.1 1.9 2.6 2.5 2.2 2.4 2.9 3.5 3.3 3.3 3.2 2.6 2.4 2.2 1.9 1.7 1.8 2.1 3.8 3.1 3 3.9 3.2 3.3
xn
SO2
04/21 5.4 4.4 5.3 3.9 2.6 3.3 3.4 2.1 2.3 2.1# 2.2 2.3 2.5 2.9 2.6 1.7 1.4 1.4 1.5 2.2 1.6 1.7 1.6 1.7
xn
SO2
04/22 1.5 1.9 2.1 2.1 2 2.1 2.2 2.8 2.9 3.5 2.9 2.6 2.2 2.5 1.9 1.7 1.9 1.8 1.8 1.7 2 2.6 2.2 2
xn
SO2
04/23 2.2 1.8 1.9 2.8 3.1 2.4 2.1 2.7 2.1 2.1 1.9 1.5 1.7 2.1 1.6 1.6# 2.1 1.6 1.7 1.8 1.9 1.8 1.9 2.4
xn
SO2
04/24 2 1.2 1 3.2 2.9 1.9 3.2 3.3 1.9 1.2 1.2 1.3 1 1.4 1.2 1.1 1.1 1.6 1 1 1 1 1.8 1.9
xn
SO2
04/25 1.8 2.5 3.5 2.1 4.4 3.6 2.9 3.5 2.4 1.8 1.6 1.5 1.7# 1.3 1.3 1.1 1.1 1.2 1.2 1.1 1.3 1.4 1.4 1.4
xn
SO2
04/26 1.1 1.7 2.3 2.1 2.8 4.7 2 2.3 2.2 2.8 4.8 5.6 10 3.3 2.5 2.2 1.9 1.8 2.1 2.8 2.8 3.3 2.9 3.4
xn
SO2
04/27 3.6 3.4 3.4 3.4 3.9 4 4.6 7.5 5.1 3.4 4.4 4 3.9 3.8 3.3 3.4 2.9 2.8 3.2 2.4 2.1 2.3 3 3.4
xn
SO2
04/28 3.4 3.9 4.4 3 2.3 2.5 4 3.5 3.1 2.9 2.6 2.3 2.7 2.7 2.4 2.5 2.2 1.9 1.9 1.9 2.3 3.6 3.1 3.2
xn
SO2
04/29 4.3 5.2 3.5 1.7 2 1.6 1.6 1.9 2.2 2.6 2.9 3.4 3.4 3 2.4 1.6 1.6 1.8 1.6 1.8 1.6 1.7 1.8 2.8
xn
SO2
04/30 2.9 3 3.3 3.1 2.4 2.6 3.5 2.1 2.2 1.6 1.7 1.5 1.8# 1.6 1.3# 1.5# 1.1# 1.2 1 0.9 1.1 1.2 2.3 3
xn
SO2
菏代~るG2019/05A 代浮GOnA 代兜GSO2]ppb^
xn
SO2
ら戳 00 01 02 03 04 05 06 07 08 09 10 11 12 13 14 15 16 17 18 19 20 21 22 23
xn
SO2
05/01 2.6 2.4 1.8 1.8 1.9 1.8 1.8 2 2.2 2.8 2.2 2 2 2 2.6 3.7 3.1 2.2 2.1 2.1 2.2 3.1 3.6 3.7
xn
SO2
05/02 3.9 4.6 4 4 3.4 3.7 3.2 3.4 3.4 5.1 4.2 3.9 4 3.6 4.5 2.4 1.8 1.6 1.5 1.4 1.5 1.6 1.9 1.6
xn
SO2
05/03 1.3 2.2 3.2 3.1 2.7 2.9 2.7 2.6 2.4 3.2 2.3 2.5 2.7 2.7 2.7 2.2 2 2 1.9 2.1 2.5 2.3 2.2 2.5
xn
SO2
05/04 2.4 2.3 2.4 1.7 1.6 1.8 1.6 2 2.3 1.5 1.6 1.5 1.6 1.4 1.4 1.3 1.4 1.6 1.8 2.2 2.5 1.9 2 2.4
xn
SO2
05/05 1.8 2.5 2.4 2.3 2.4 2.2 2.4 3 3.5 2.9 2.9 2.5 2.3 2.3 2.3 2.2 2.1 2.3 2.2 2.1 2.3 2.6 3.4 3.2
xn
SO2
05/06 4.2 2.3 2 1.6 1.5 1.7 1.9 1.6 1.7 1.3 1.3 1.4 1.2 1.2 1.3 1.3 1.2 1.3 1.3 1.4 1.2 1.1 1.1 1.1
xn
SO2
05/07 0.9 1.4 1.5 1.7 1.5 1.6 2.1 1.9 1.7 1.6 1.7 1.6 1.8 2.3 3 3.1 2.1 2.1 2.8 2.2 2 2.1 2 2
xn
SO2
05/08 2.4 2.3 2.2 2.8 4.6 3.4 3.6 3.5 3.2 3.7 3.8 3.3 3.1 2.8 3.1# 4.3 3.6 2.7 3 2.6 2.5 3.7 3.3 3.2
xn
SO2
05/09 3.1 2.9 3 3 3.2 3.1 3.4 3.4 3.4 3.2 3.8 5.6 5.2 3 2.4 2.6 2.9 2.7 2.7 2.6 2.9 2.8 2.4 2.6
xn
SO2
05/10 2.2 1.6 1.5 1.4 1.3 1.3 1.7 2.1 2.8 2.4 1.7 1.8 2.6 2.7 2.6 2.2 2.4 2.4 2.7 2.7 2.5 2.6 2.3 3.2
xn
SO2
05/11 3.5 4.3 3.9 4 3.5 2.8 3.8 3.6 3.9 3.5 3.3 3.5 3.7 3 2.9 2.8 3 2.8 2.2 2.8 2.4 3 3.2 3.4
xn
SO2
05/12 3.7 3.2 3.2 3.1 3.2 2.6 2.9 3.6 3.3 3 3.2 4.1 3 2.6 3.4 4 5.3 3 2.6 2.3 2.2 2.5 3.1 2.9
xn
SO2
05/13 2.9 2.8 4.1 3.1 2.3 2.3 2.9 3.8 3.6 2.8 2.8 2.3 2.4 2.1 2.3 2.4# 1.9 1.8 1.7 1.8 1.7 1.7 1.8 2.4
xn
SO2
05/14 2.4 2.4 4.1 5.2 4.8 3.7 3.6 3.4 2.7 2.8 2.5 2.5 2.6 2.3 1.9 2.1 2.6 2.2 2 1.8 1.8 1.8 1.9 1.8
xn
SO2
05/15 2.5 3 2.6 2 1.8 1.7 4.1 4.5 4.1 3.4 2.9 2.6 2.7 2.6 2.4 2.1 1.5 1.4 1.7 2.3 2 1.6 2.2 2.5
xn
SO2
05/16 2.4 1.9 2.2 2.8 3.1 3.1 2.5 2.5 2 2.1 2.1 1.6 1.6 1.9 2.1 1.7 1.9 1.7 2.1 1.7 1.7 1.6 1.4 1.5
xn
SO2
05/17 1.3 2.5 2.6 2.3 2.3 2.7 2.5 4 2.5 2.4 2.1 2.3 2.1 2.2 2 2.3 2.4 2.3 2.2 2 2 1.9 1.9 2
xn
SO2
05/18 2.4 2.1 1.8 1.5 1.8 1.4 1.4 1.5 1.5 1.8 1.5 1.6 1.7 1.8 1.6 1.9 1.7 1.7 1.6 1.2 1.4 1.6 1.5 2
xn
SO2
05/19 2 2 1.8 1.9 2 2.1 2.1 2.4 2.3 1.9 1.9 1.6 2 2.8 1.8 1.6 1.8 1.9 1.7 1.7 2 1.9 1.8 1.6
xn
SO2
05/20 1.7 3 2.4 2.1 1.8 1.5 2.1 2.4 2 1.9 2.1 1.7 1.9 1.6 1.8 1.8 1.6# 1.6 1.6 1.6 1.9 2.2 1.9 2.3
xn
SO2
05/21 2.4 1.9 1.8 1.7 1.8 1.9 2.1 2.5 2.8 2.4 2.4 2.9 3.9 4.2 4.9 4.6 4.7 4.6 4.8 5 5.5 4 4.1 3.9
xn
SO2
05/22 3.9 3.4 3.5 3 3.1 4.1 5.1 4.9 3.7 3.5 3.1 2.9 3.1 3.2 3.3 3 3.7 2.9 3.1 3.4 4.8 4.9 3.6 2.3
xn
SO2
05/23 3 4.5 5.4 3 2.5 3.1 2.8 2.8 3.4 5.2 3.4 2.9 2.7 2.1 2.2 2.3 2 1.8 2.1 3.3 3.9 3.1 2.5 3.2
xn
SO2
05/24 4 5.5 11 13 8.5 9 6.4 2.7 3.7 2.4 2 2.2 1.7 1.6 2.6 2.5 2.2 1.6 1.8 1.7 1.5 1.5 2.2 2
xn
SO2
05/25 1.9 2 2.5 2.3 2.1 2.2 2.8 2.8 1.9 1.7 1.9 2.2 2.1 2.7 2.1 2.2 2.8 2 2 2 2 1.9 2.4 2.6
xn
SO2
05/26 2.4 4 3.1 2.2 2 1.9 1.7 1.6 2 2.7 4.1 3.6 3.6 4.3 4.6 4.4 3.7 2.3 1.4 1.3 1.4 1.3 2.5 3.4
xn
SO2
05/27 3.4 2.5 2.9 3.1 4 4.2 3.6 3 4.4 4.5 3.1 2.4 2 2.2 2.4 2.4 2.4 3 3.5 3.3 3 2.5 2.3 2.6
xn
SO2
05/28 2.4 5 4.5 3.3 2.7 2.9 3.5 4.9 4 2.9 2.4# 2.3# 2.3 2.3 2.2 2.3 2.5 2.3 2.5 2.4 2.2 2.7 3.2 4.3
xn
SO2
05/29 4.5 3.4 3.5 3.2 2.3 2.7 3 3.4 3.6 2.8 2.6 3.4 3.7 2.9 2.8 2.8 2.6 2.8 3.4 3.4 3.9 4 4.9 5.4
xn
SO2
05/30 5.6 5.3 5.1 5.8 5.5 4.9 4.4 5.1 5.4 4.7 4.1 4.1 3.7 3.2 2.6 2.6 2.3 2.3 2.2 2.1 2.5 2.3 2.1 2