



xn
NO2
01/01 15 16 14 12 16 16 15 14 13 14 15 11 8.9 11 11 11 11 13 14 13 14 14 13 14
xn
NO2
01/02 14 11 12 14 15 13 16 19 23 19 19 20 18 16 19 20 21 28 27 20 15 17 16 13
xn
NO2
01/03 10 11 17 17 16 17 18 18 15 14 12 13 15 15 15 17 23 23 21 17 18 17 13 11
xn
NO2
01/04 11 13 16 19 25 27 26 23 29 38 25 16 11 9.3 9.7 12 11 13 17 20 23 25 29 31
xn
NO2
01/05 30 30 29 26 25 25 26 23 27 27 25 17 12 11 12 15 22 24 25 27 27 23 19 20
xn
NO2
01/06 22 21 20 22 23 20 17 16 15 17 16 15 12 12 11 12 12 14 15 14 14 18 19 18
xn
NO2
01/07 18 15 17 17 18 19 15 22 21 22 23 18 14 11 11 11# 14 21# 19 13 11 15 12 12
xn
NO2
01/08 13 13 13 12 11 9.9 10 15 17 16 15 14# 11 12 12 13 15 17 14 16 18 19 17 16
xn
NO2
01/09 17 15 13 12 12 12 14 20 20 19 18 19 15 12 12 12 15 18 17 14 17 21 21 20
xn
NO2
01/10 14 11 9 11 13 19 21 25 25 26 25 19 12 12 15 18 21 27 29 22 24 28 28 21
xn
NO2
01/11 20 25 27 19 24 22 25 25 29 38 30 17 12 10 12 16 15 17 20 27 30 37 37 35
xn
NO2
01/12 35 26 19 15 19 24 24 23 26# 29 26 15 15 12 11 12 13 17 19 17 17 24 24 25
xn
NO2
01/13 27 24 22 16 14 20 18 13 14 14 14 11 9.6 9.4 8.7 10 9.6 9.6 13 14 17 19 18 18
xn
NO2
01/14 16 15 13 13 16 15 16 19 19 21 21 15 12 8.6# 10 12 14 14 15 15 16 21 21 18
xn
NO2
01/15 12 12 11 11 14 15 17 21 23 24 24 20 15 15 17 18 18 18 15 18 20 21 18 16
xn
NO2
01/16 13 12 11 9.3 8.9 8.5 12 15 20 20 19 17 14 16 15 16 18 24 25 22 21 16 15 13
xn
NO2
01/17 11 12 10 10 8.7 8.3 12 18 17 17 15 13 12 13 13 15 18 19 20 20 18 17 16 14
xn
NO2
01/18 14 14 13 12 13 14 14 18 24 26 23 14 11 13 15 14 17 16 15 19 22 19 16 16
xn
NO2
01/19 19 20 16 12 8.9 11 15 20 24 21 18 16 16 16 14 14 15 23 30 37 30 36 25 14
xn
NO2
01/20 18 11 9.4 22 18 20 27 22 26 28 23 18 18 16 17 11 14 19 19 19 22 22 22 19
xn
NO2
01/21 17 14 9.7 9.9 12 8.9 9 12 14 17 22 20# 17 18 18 18 14 13 15 16 16 17 14 12
xn
NO2
01/22 12 8 7.4 8.7 6.5 7.6 8.3 12 15 13 10 12 12 10 10 11 16 21 22 20 20 27 21 17
xn
NO2
01/23 15 14 17 20 15 14 19 24 27 23 16 15 14 13 14 15 18 19 19 17 16 14 14 17
xn
NO2
01/24 16 15 17 19 31 37 38 36 37 35 35 23 13 13 15 16 18 21 23 20 21 21 20 18
xn
NO2
01/25 19 11 21 22 24 25 32 30 32 31 31 22 14 15 13 17 20 25 20 21 21 26 28 23
xn
NO2
01/26 23 17 17 16 15 12 17 23 23 21 20 15 14 12 11 11 12 15 16 18 20 18 15 12
xn
NO2
01/27 12 11 10 10 10 11 13 14 15 14 13 16 12 9.3 10 9.8 12 14 16 17 16 24 24 24
xn
NO2
01/28 26 24 24 26 25 29 30 27 30 33 22 17 11 11 11 13 15 18 24 31 28 32 34 35
xn
NO2
01/29 39 34# 33 30 31 32 33 28 32 33 29 18 12 13 13 13 15 20 23 22 16 18 21 22
xn
NO2
01/30 22 27 29 29 25 23 21 23 26 28 27 23 13 10 14 16 17 25 35 46 46 59 58 40
xn
NO2
01/31 27 27 27 20 18 19 24 31 32 31 21 17 15 12 12 13 16 14 19 22 24 18 18 16
xn
NO2
菏代~るG2019/02A 代浮GOnA 代兜GNO2]ppb^
xn
NO2
ら戳 00 01 02 03 04 05 06 07 08 09 10 11 12 13 14 15 16 17 18 19 20 21 22 23
xn
NO2
02/01 14 15 16 15 12 12 13 13 14 13 14 15 15 15 16 17 19 24 25 23 22 28 27 26
xn
NO2
02/02 28 31 32 31 29 31 32 26 26 29 25 20 12 11 12 11 11 15 19 20 30 33 37 29
xn
NO2
02/03 31 27 25 21 15 13 19 18 22 15 7.3 9 10 8.9 7 9.3 11 9.6 14 18 23 26 27 23
xn
NO2
02/04 16 19 17 15 18 15 18 22 16 13 7.9 10 8.1 7.9 8.5 10 11 11 8.6 8.9 9.7 9.6 8.3 11
xn
NO2
02/05 12 15 15 14 15 16 15 13 13 14 12 10 8.9 9.8 10 11 12 9 11 14 12 14 14 13
xn
NO2
02/06 12 11 11 13 13 12 13 14 16 13 12 8.7 7.8 6.8 6.2 6.7 6.8 8.5 11 11 12 16 23 26
xn
NO2
02/07 22 20 14 9.4 9.4 10 15 17 11 9.3 7.8 5.9 4.1 3.9 6.4 6.7 7.4 10 12 16 16 17 20 21
xn
NO2
02/08 15 16 16 10 11 11 8.8 9.2 11 10 9.1 8.9 7.2 8.9 9.1 8.5 11 13 12 10 12 12 15 14
xn
NO2
02/09 12 13 12 12 13 14 18 23 20 19 16 11 9.3 9.8 11 9.7# 11 10 9.2 11 14 16 14 14
xn
NO2
02/10 16 17 19 13 14 14 13 13 12 11 12 10 7.6 6.7 7.1 8.1 9 10 12 9 10 14 16 13
xn
NO2
02/11 13 17 16 15 13 8.4 9.4 13 12 12 11 9.9 10 8.9 7.3 7.1 8.6 9 13 15 20 23 20 21
xn
NO2
02/12 22 30 27 25 15 16 20 21 20 19 13 10 8.8 7.8 7 8.4 11 11 13 15 14 12 14 18
xn
NO2
02/13 21 22 20 17 12 14 16 20 20 17 16 14 10 8.9 8 8.5 10 13 13 11 15 17 16 15
xn
NO2
02/14 22 25 19 18 18 14 15 20 18 15 14 11 7.5 9.2 8.8 8.4 10 13 16 11 12 13 14 17
xn
NO2
02/15 19 21 20 19 17 13 20 25 19 18 17 14 10 8.6 7.5 6.1 6.4 15 19 17 26 40 37 26
xn
NO2
02/16 28 20 15 24 26 22 23 21 18 15 12 9 8 8.4 8.8 8.1 11 12 14 16 20 22 18 17
xn
NO2
02/17 14 12 13 17 18 15 12 15 15 14 12 8.4 8.2 7 6.8 8.7 9.2 11 11 12 9.9 9.7 9.8 10
xn
NO2
02/18 11 10 11 9.9 10 16 19 21 22 19 18 13 12 10 10 9.6 8.8 13 14 14 14 15 18 14
xn
NO2
02/19 7.3 6.3 6.6 6.3 8 17 20 22 26 19 10 17 10 8.4 12 12 12 14 13 11 11 14 16 22
xn
NO2
02/20 19 25 19 23 21 18 18 23 29 25 18 15 8.8 5.5 4.5 4.6 6.2 6.8 7.8 18 22 24 21 19
xn
NO2
02/21 18 20 26 26 23 22 25 24 22 20 18 13 5.5 5.1 5 4.6 5.8 10 14 13 17 16 12 18
xn
NO2
02/22 21 23 19 15 10 11 15 21 20 12 12 11 8 6.8# 5.9 6.6# 12# 12 11 12 14 15 18 22
xn
NO2
02/23 21 15 8.6 6.3 8.6 11 14 23 24 22 11 10 11 10 9 10 15 21 23 25 24 23 22 17
xn
NO2
02/24 21 20 19 14 14 15 18 20 17 23 22 20 20 16 14 15 18 16 16 16 19 17 14 13
xn
NO2
02/25 13 8.7 8.1 7.4 10 12 16 18 15 14 12 12 11 11 11 9.3# 13 15 14 11 11 12 14 14
xn
NO2
02/26 14 20 17 14 16 17 22 19 22 21 19 12 10 8.7 7.9 8.1 11 13 14 11 9.5 9.7 9.3 9.1
xn
NO2
02/27 8.4 8.1 9.7 11 11 12 11 16 16 16 16 12 11 9.5 9.5 10 9.9 15 16 13 13 17 24 32
xn
NO2
02/28 30 21 20 22 12 17 23 20 18 15 11 8.4 8.2 8.2 9.7 11 12 13 14 17 16 15 14 11
xn
NO2
菏代~るG2019/03A 代浮GOnA 代兜GNO2]ppb^
xn
NO2
ら戳 00 01 02 03 04 05 06 07 08 09 10 11 12 13 14 15 16 17 18 19 20 21 22 23
xn
NO2
03/01 12 15 18 20 20 14 15 15 15 15 13 9.8 7.8 7 6.9 6.6 8.3 9.7 14 14 14 14 11 11
xn
NO2
03/02 11 10 10 8.1 10 9.2 9 11 17 22 17 9.2 7.1 8.4 6.7 7.1 8.2 8.9 11 16 16 26 30 24
xn
NO2
03/03 22 16 11 8.2 8.4 7.5 10 10 11 9.8 8.5 4.6 7.1 10 8.3 9.4 13 18 20 20 29 36 13 12
xn
NO2
03/04 17 15 12 8 9.1 11 13 19 16 16 14 11 7.2 7.4 7.7 8.4 9.2 11 14 15 16 23 29 27
xn
NO2
03/05 18 17 27 16 15 20 25 33 29 23 16 23 17 13 17 24 32 29 28 17 15 13 12 12
xn
NO2
03/06 14 11 8.7 8.3 7.1 11 13 20 23 20 13# 9.6 8.7# 6.7 7.8 9.8 12 13 10 9.9 15 16 16 16
xn
NO2
03/07 17 17 14 11 10 9.6 12 17 22 19 17 17 22 21 22 24 29 25 25 23 24 20 14 13
xn
NO2
03/08 13 14 12 10 11 10 14 23 35 26 22 26 26 19 14 17 15 20 31 28 22 21 25 25
xn
NO2
03/09 22 21 21 25 18 20 22 25 25 32 31 25 21 24 27 28 25 31 41 35 26 27 31 31
xn
NO2
03/10 28 28 23 4.4 4.1 4 7.4 13 25 36 20 7.5 6 5.4 8.2 11 14 20 28 25 15 16 23 26
xn
NO2
03/11 18 17 13 17 14 16 18 22 29 NA 27 13 11 13 17 22 28 33 35 28 32 33 31 33
xn
NO2
03/12 29 25 30 22 22 31 30 35 37 25 14 8.3 5.7 9.4 9.5 7.2 8.9 11 15 14 21 27 31 37
xn
NO2
03/13 47 49 36 12 8.4 11 19 24 28 32 31 18 10 7.1 8.5 10 10 13 15 17 19 24 30 30
xn
NO2
03/14 30 26 17 14 10 9.7 15 23 18 20 13 9.1 8.9 8.8 8.3 10 12 12 17 17 14 16 13 12
xn
NO2
03/15 13 8.6 7.6 11 14 10 11 20 19 13 14 16 13 11 13 19 21 24 23 22 24 27 27 32
xn
NO2
03/16 35 24 25 30 35 24 22 29 27 18 9.4 8.6 7.9 7.5 7.9 10 10 13 17 18 18 21 26 22
xn
NO2
03/17 18 14 14 11 12 16 23 23 16 13 11 7.3 6.6 6.2 6.7 8.7 10 11 12 12 10 11 12 14
xn
NO2
03/18 12 14 14 17 14 16 11 16 24 20 17 13 9 6.7 6.2 7 10 11 13 19 24 24 23 18
xn
NO2
03/19 13 27 22 21 21 23 31 26 26 20 17 14# 12# 17# 14# 12# 13 12 16 18 19 19 23 20
xn
NO2
03/20 14 10 8.4 9.6 18 26 33 29 21 10 6.5 7 7.1 6.4 448# 12# 9 11# 9 14 24 26 24 23
xn
NO2
03/21 21 16 20 17 14 15 18 18 15 9.3 5.7 5 4.5 4 3.6 3.1 4.4 7.2 7.9 8.8 7.1 8.6 10 19
xn
NO2
03/22 18 22 22 25 23 24 23 18 21 16 10 5.9 5.5 5.5 6.2 6.6 8.4 11 13 13 16 12 9.8 9.4
xn
NO2
03/23 13 19 22 15 14 17 15 14 16 18 14 19 20 19 16 15 16 20 19 18 16 13 14 12
xn
NO2
03/24 9.2 10 8.9 7.2 9.9 11 12 15 18 25 24 19 20 24 26 24 26 24 21 20 23 28 32 28
xn
NO2
03/25 19 18 21 21 18 16 19 25 30 27 17 14# 10# 12 13 13 17 22 20 21 24 29 32 19
xn
NO2
03/26 14 15 13 14 11 10 17 17 16 15 15 12 7.9 7.8 8.1 9 11 11 13 17 18 16 13 12
xn
NO2
03/27 9.8 8 11 12 12 11 14 26 27 22 14 12 10 9.3 8.6 8 10 10 8.9 11 14 12 13 21
xn
NO2
03/28 21 23 21 18 16 17 25 26 20 17 17 7.2 6.9 8 7.8 8.1 8.1 9.3 8.4 8.4 10 14 12 9.9
xn
NO2
03/29 9.5 7.4 11 17 19 21 24 18 10 6.8 5.7 6.1 4.9 4.2 4.3 5 5.4 6.7 10 8.5 8.6 9.6 9.4 7.6
xn
NO2
03/30 7.3 8.9 9 11 14 12 14 13 16 14 12 9 13 8.4 7.5 7.7 8.3 9.4 10 12 13 13 13 13
xn
NO2
03/31 14 15 9.5 8.3 9.9 12 15 14 13 12 10 7.9 6.1 6.1 7.9 7.1 8.6 9 9.8 10 10 10 9.5 7.7
xn
NO2
菏代~るG2019/04A 代浮GOnA 代兜GNO2]ppb^
xn
NO2
ら戳 00 01 02 03 04 05 06 07 08 09 10 11 12 13 14 15 16 17 18 19 20 21 22 23
xn
NO2
04/01 7.5 11 9.8 8.7 8.9 8.9 14 20 18 16 13# 12# 13# 10 12 16 21 19 18 16 18 20 17 15
xn
NO2
04/02 14 20 25 18 15 14 18 23 20 11 7.9 8.5 6.4 6.7 7.5 8.9 10 11 16 15 14 16 18 20
xn
NO2
04/03 23 17 16 13 12 11 13 17 14 13 13 10 8.8 7.9 7.9 9.8 11 13 14 14 13 13 11 10
xn
NO2
04/04 11 11 11 16 14 19 18 17 16 13 11 10 9 7.5 7.9 8.8 9.4 11 11 12 15 13 12 12
xn
NO2
04/05 13 13 15 13 12 12 8.8 8.1 8 9.3 9.4 8.3 7.4 6.9 7.3 8.1 10 11 12 14 13 13 12 12
xn
NO2
04/06 11 14 11 11 12 12 14 16 17 13 8.2 7.4 7.5 7.5 7 7.8 8.5 9.6 16 19 19 15 14 15
xn
NO2
04/07 21 25 20 19 22 26 25 16 11 8.3 5.8 6.2 6.2 6.4 6.7 7.3 8.1 9 11 15 14 12 12 8.8
xn
NO2
04/08 9.4 11 10 12 14 10 14 19 16 15 12 9.4 8.4 7.5 6.4 6.3 8 7.8 8.9 8.3 8.8 12 12 11
xn
NO2
04/09 10 16 18 16 17 17 15 20 19 16 13 10 7.8 5 5.6 5.8 6.4 7 8.4 8.6 9.1 9.9 9.7 9
xn
NO2
04/10 8.3 6.3 8 9.4 8.7 8.2 17 15 13 7.3 6.1 5.3 4.2 3.9 4.2 4.4 4.9 6.4 8.4 8.3 7.8 8.5 7.3 5.9
xn
NO2
04/11 6.6 7 13 16 15 12 12 15 16 9.5 7.7 6.3 5.8 5.3 4.7 4.7 5.7 8.3 9.2 13 13 19 16 17
xn
NO2
04/12 16 10 8.1 8.8 11 13 14 17 15 15 9.8 5.4 5.3 6.3 7.4 9.1 11 12 13 12 11 12 12 12
xn
NO2
04/13 16 14 13 15 14 14 16 15 15 14 11 9.3 8.3 6.7 6.9 7.7 10 14 16 21 22 22 20 18
xn
NO2
04/14 17 20 13 11 8.8 8 9.5 9.9 11 11 8.1 7.9 7.6 6.5 5.3 4.7 5.5 8.2 11 9.7 9.4 13 11 10
xn
NO2
04/15 12 11 9.4 7.4 8.5 12 13 18 21 22 22 18 13 8.7 10 13 15 16 17 18 19 17 20 25
xn
NO2
04/16 25 21 14 12 17 13 13 20 25 31 31# 21# 17 16# 464# 23# 23 29 27 29 33 30 17 18
xn
NO2
04/17 16 15 11 8.4 9.2 9.7 10 20 17 13 13 9.9 9.5 8.8 8.9 9.4 10 11 12 14 16 19 19 16
xn
NO2
04/18 18 22 20 20 16 16 18 21 15 12 11 8.2 7.3 8# 5.7# 6.2# 8.2 9.1 7.4 13 11 12 11 18
xn
NO2
04/19 19 16 15 12 5.6 5.6 9.3 16 14 11 9.3 8.2 11 8.3 6.9 8.1 14 18 27 20 15 16 18 17
xn
NO2
04/20 11 11 12 15 19 19 23 24 24 21 16 9.8 9.3 6.8 4.7 4.4 6.8 8.5 19 15 14 16 15 12
xn
NO2
04/21 23 18 17 12 9.2 14 15 14 15 11 10 7.8 6.4 6.8 8.2 7.1 6.2 7.1 13 21 15 19 20 23
xn
NO2
04/22 20 19 21 22 15 15 18 19 8.9 7.1 7.1 5.2 3.7 3.9 4.1 4.8 5.7 5.9 6.1 7 6.4 6.9 8.2 7.5
xn
NO2
04/23 8.8 6.7 7.2 13 11 10 13 12 8 8.4 5.9 4.2 3.7 4.7 4 4.7 5 6.3 6.6 7.1 8.2 8.9 12 13
xn
NO2
04/24 14 12 10 16 16 16 17 12 8 5.4 4.2 4.4 4.1 3.8 3.7 4 4.6 5.9 5.5 5.2 7.7 6.5 6.7 6.2
xn
NO2
04/25 6.5 10 14 10 15 15 12 15 8.1 4.5 4.3 3.2 2.9# 2.6 3 3.4 3.9 4.9 6.9 7.8 14 14 14 10
xn
NO2
04/26 10 7.7 16 15 15 21 12 14 11 10 16 15 9.8 5.5 4.8 5.7 6.2 7.3 8.9 10 13 16 16 17
xn
NO2
04/27 18 17 14 16 16 14 20 22 17 13 13 13 9 8.5 9.2 8.7 9 9.2 12 10 8.6 9.5 10 8.2
xn
NO2
04/28 8.4 13 13 8.9 9.1 8.7 14 12 10 8.8 6 4 7.8 6.8 6.1 5.8 5.9 5.8 7.7 8.7 12 13 14 20
xn
NO2
04/29 16 21 17 10 11 8.3 8.9 12 10 8.6 7.2 6.7 7.8 6.2 4.7 3.8 3.5 5.1 5.9 5.9 5.5 6.9 6.8 10
xn
NO2
04/30 14 12 13 14 15 18 15 8.6 6.4 5.5 4.6 4.2 3.8# 4.1# 4.4# 5.4# 3# 3.5 5.1 4.1 4.5 6.3 10 13
xn
NO2
菏代~るG2019/05A 代浮GOnA 代兜GNO2]ppb^
xn
NO2
ら戳 00 01 02 03 04 05 06 07 08 09 10 11 12 13 14 15 16 17 18 19 20 21 22 23
xn
NO2
05/01 13 10 7.1 6.5 6 5.1 8.3 12 11 12 4.7 5.8 8.2 5.4 6.2 8.4 8.9 11 11 11 13 15 16 16
xn
NO2
05/02 15 13 13 15 18 20 19 21 18 15 11 10 9.1 8.3 14 12 12 15 15 12 12 17 19 14
xn
NO2
05/03 9.1 7.2 7.3 8.7 12 11 14 15 17 18 13 13 15 17 19 23 20 22 30 29 28 19 18 18
xn
NO2
05/04 21 9.2 10 9.8 8 11 10 14 15 8.5 8.7 6.4 6 5.8 6 7.5 9.3 11 14 28 33 25 19 21
xn
NO2
05/05 15 21 17 18 20 17 15 12 9.6 9.5 8.2 6.7 7.8 7.7 7 5.9 7.5 9.8 13 14 16 18 20 18
xn
NO2
05/06 13 13 12 7.1 6.9 8.1 11 15 22 20 16 17 13 12 14 15 16 20 23 25 18 17 14 15
xn
NO2
05/07 13 8.8 9 12 16 11 15 19 15 15 16 12 11 13 19 19 17 16 17 20 18 16 15 17
xn
NO2
05/08 17 17 15 10 10 22 25 25 25 22 19 17 16 15 14# 14# 13 13 15 13 12 15 15 17
xn
NO2
05/09 17 14 15 15 17 17 20 23 23 20 19 14 12 5.1 4.3 7.2 10 11 14 16 17 20 17 15
xn
NO2
05/10 12 12 11 7.9 7.3 7.7 11 19 23 18 11 9.9 9.6 8.2 8.7 8.4 9.8 11 18 17 12 12 11 12
xn
NO2
05/11 12 14 14 16 17 11 14 20 17 15 12 11 11 7.9 7.5 8.9 9.5 8.8 8.4 14 14 16 17 12
xn
NO2
05/12 15 14 15 16 8.8 9.9 10 10 8.3 7.3 8.2 9 6.5 5.2 5.6 7 8.5 6.1 6.2 6.9 9.3 11 16 17
xn
NO2
05/13 16 13 14 14 14 12 13 15 15 12 7.8 5.5 5 3.8 4.7 5.5# 7.4 8.7 9.7 13 15 13 19 24
xn
NO2
05/14 26 25 27 28 27 21 15 11 8.4 7.5 5.7 5.4 5 4.1 3.5 4.2 6.2 7.3 6.7 6.5 6.1 7.5 8.6 9.6
xn
NO2
05/15 19 13 18 12 9.8 12 19 16 14 14 9.7 8 9.4 7.7 5.1 4.6 4.3 5 6.5 6.8 9.5 9.5 7.5 7.3
xn
NO2
05/16 9.8 6.2 9.6 11 16 17 12 11 6.9 6.6 5.4 4.8 4.3 3.6 4.2 4.4 5 5.3 7.1 5 4.7 4.7 4.4 5.2
xn
NO2
05/17 4.3 13 13 8.2 8.2 8.5 8.1 12 4.3 3.9 3.1 2.7 2.3 2.6 2.5 2.3 2.5 3.6 3.4 3.8 4.5 4.7 3.4 3.9
xn
NO2
05/18 4.3 7 4.3 3.3 3.6 3.2 3.7 4.1 3.2 4 3.4 2.9 2.9 2.8 2.4 2.3 3.3 5.4 4.3 4.3 5.6 7.4 6.8 7.8
xn
NO2
05/19 10 9.8 8.7 8 9.6 11 10 8.8 8.9 7.2 5.1 4.5 4.8 4.2 4.1 3.7 3.8 3.9 4.9 7.2 6.5 7.9 6.8 5.7
xn
NO2
05/20 5.4 11 11 9 7.8 7.2 9.2 11 7.6 6.3 4.5 3.9 3.8 3.4 4.7 7.8 15 16 15 11 13 15 11 11
xn
NO2
05/21 14 14 14 13 13 14 18 19 19 20 9.4 8 7.3 7.9 8.5 11 12 12 13 12 11 11 13 14
xn
NO2
05/22 16 14 13 11 9.8 12 17 17 10 8.7 7.8 7.1 7.4 6.8 7.8 7.1 9.4 9 9.2 11 17 16 14 8.6
xn
NO2
05/23 11 18 17 8.4 6.9 16 18 16 21 26 15 13 13 10 11 9.8 8 10 12 14 15 13 12 12
xn
NO2
05/24 11 14 16 18 19 26 26 15 17 10 7.4 7.1 5.4 4.8 5.7 7.6 7.8 9.2 8.1 13 16 18 20 17
xn
NO2
05/25 15 13 11 12 13 18 15 15 7.8 7.4 7.4 7.2 6.1 5.4 6.1 6.8 8.2 8.1 9.4 9 12 20 16 13
xn
NO2
05/26 20 18 17 15 14 12 12 10 9.8 9.6 10 9.3 9.2 8.8 8.8 8.6 7.8 8 7.1 7.6 7 6.6 12 12
xn
NO2
05/27 12 6.6 7.6 8.5 10 9.1 9.6 8.9 15 17 14 12 14 21 14 9.9 8 11 19 19 22 16 15 13
xn
NO2
05/28 16 22 19 17 15 13 16 15 12 15 10# 8.1# 6# 5.4 6 8 10 11 14 14 11 13 8.7 11
xn
NO2
05/29 15 14 17 18 15 16 17 19 19 18 15 11 7.9 6 6 7.1 7.8 10 12 16 14 15 14 17
xn
NO2
05/30 20 20 16 17 25 21 18 21 29 23 15 13 7.8 5.9 6 5.5 5.5 7.8 8.1 7.8 8.8 12 11 8.4
