xF
CO
01/01 0.22 0.19 0.18 0.18 0.18 0.19 0.21 0.24 0.26 0.26 0.24 0.24 0.24 0.23 0.22 0.23 0.23 0.29 0.31 0.28 0.27 0.25 0.22 0.21
xF
CO
01/02 0.21 0.19 0.19 0.19 0.19 0.2 0.22 0.32 0.38 0.39 0.36 0.35 0.4 0.36 0.33 0.35 0.37 0.54 0.42 0.33# 0.35 0.31 0.3 0.28
xF
CO
01/03 0.26 0.26 0.25 0.25 0.25 0.26 0.29 0.39 0.55 0.43 0.43 0.49 0.39 0.35# 0.4 0.42 0.39 0.67 0.59 0.52 0.47 0.45 0.39 0.37
xF
CO
01/04 0.34 0.33 0.32 0.3 0.33 0.31 0.37 0.48 0.5 0.41 0.41 0.36 0.38 0.32 0.31# 0.34 0.4 0.61 0.84 0.82 0.82 0.74 0.56 0.38
xF
CO
01/05 0.31 0.23 0.2 0.2 0.2 0.21 0.26 0.33 0.45 0.35 0.37 0.43 0.39 0.33 0.35 0.4 0.42 0.52 0.53 0.53 0.35 0.24 0.3 0.32
xF
CO
01/06 0.32 0.31 0.34 0.35 0.37 0.37 0.41 0.46 0.5 0.4 0.38 0.37 0.36 0.31 0.39 0.43 0.44 0.45 0.48 0.52 0.48 0.44 0.4 0.38
xF
CO
01/07 0.38 0.39 0.39 0.38 0.38 0.39 0.42 0.52 0.57 0.55 0.47 0.43 0.43 0.38 0.4 0.41 0.42 0.47 0.42 0.39 0.39 0.36 0.37 0.33
xF
CO
01/08 0.32 0.29 0.29 0.29 0.29 0.28 0.32 0.41 0.47 0.43 0.4 0.44 0.41 0.36 0.34 0.33 0.33 0.37 0.33 0.32 0.39 0.42 0.31 0.29
xF
CO
01/09 0.28 0.26 0.26 0.26 0.27 0.28 0.36 0.47 0.44 0.41 0.42 0.44 0.43 0.41 0.41 0.41 0.41 0.44 0.4 0.46 0.46 0.43 0.37 0.34
xF
CO
01/10 0.33 0.34 0.33 0.33 0.32 0.32 0.35 0.45 0.5 0.46 0.49 0.47 0.42# 0.42 0.43 0.46 0.48 0.65 0.56 0.78 0.76 0.71 0.54 0.42
xF
CO
01/11 0.37 0.31 0.29 0.28 0.28 0.28 0.35 0.45 0.45 0.38 0.44 0.41 0.37 0.37 0.35 0.45 0.41 0.59 0.53 0.47 0.47 0.47 0.38 0.39
xF
CO
01/12 0.3 0.24 0.24 0.22 0.2 0.2 0.22 0.24 0.27 0.34 0.29 0.33 0.29 0.28 0.31 0.3 0.33 0.32 0.32 0.27 0.36 0.33 0.37 0.4
xF
CO
01/13 0.39 0.4 0.41 0.43 0.44 0.47 0.5 0.53 0.57 0.6 0.59 0.55 0.47 0.44 0.41 0.42 0.43 0.44 0.49 0.51 0.47 0.45 0.41 0.37
xF
CO
01/14 0.37 0.39 0.38 0.38 0.38 0.38 0.42 0.5 0.56 0.48 0.47 0.45 0.45 0.41 0.43 0.48 0.49 0.52 0.56 0.51 0.45 0.43 0.4 0.38
xF
CO
01/15 0.36 0.35 0.35 0.35 0.35 0.35 0.38 0.54 0.72 0.58 0.61 0.46 0.41 0.37 0.4 0.47 0.45 0.61 0.45 0.41 0.42 0.36 0.35 0.3
xF
CO
01/16 0.29 0.3 0.29 0.3 0.31 0.31 0.35 0.47 0.51 0.51 0.53 0.55 0.59 0.5 0.53 0.57 0.57 0.62 0.54 0.47 0.48 0.5 0.48 0.47
xF
CO
01/17 0.45 0.41 0.39 0.39 0.37 0.35 0.37 0.5 0.51 0.46 0.41 0.44 0.49 0.41 0.45 0.42 0.45 0.58 0.5 0.45 0.44 0.43 0.36 0.35
xF
CO
01/18 0.33 0.31 0.32 0.32 0.32 0.32 0.34 0.44 0.48 0.47 0.4 0.34 0.36 0.33 0.31 0.32 0.35 0.37 0.34 0.41 0.39 0.37 0.3 0.28
xF
CO
01/19 0.24 0.23 0.22 0.22 0.22 0.23 0.25 0.32 0.36 0.37 0.35 0.35 0.31 0.34 0.34 0.42 0.38 0.46 0.42 0.37 0.36 0.32 0.27 0.24
xF
CO
01/20 0.22 0.17 0.17 0.17 0.16 0.17 0.19 0.22 0.29 0.26 0.26 0.25 0.24 0.23 0.21 0.21 0.21 0.28 0.33 0.32 0.4 0.51 0.5 0.47
xF
CO
01/21 0.45 0.46 0.46 0.47 0.49 0.54 0.57 0.67 0.69 0.66 0.6 0.58 0.6 0.46 0.52 0.54 0.54 0.61 0.55 0.48 0.47 0.42 0.36 0.33
xF
CO
01/22 0.32 0.29 0.29 0.28 0.28 0.28 0.32 0.38 0.42 0.4 0.35 0.38 0.37 0.36 0.37 0.38 0.39 0.6 0.46 0.44 0.44 0.41 0.37 0.36
xF
CO
01/23 0.36 0.34 0.34 0.34 0.34 0.35 0.37 0.43 0.5 0.47 0.48 0.45 0.44 0.4 0.42 0.42 0.41 0.57 0.52 0.45 0.42 0.41 0.37 0.35
xF
CO
01/24 0.34 0.34 0.34 0.34 0.34 0.34 0.36 0.44 0.51 0.52 0.46 0.45 0.41 0.4 0.42# 0.41# 0.44# 0.48 0.41 0.43 0.53 0.46 0.4 0.36
xF
CO
01/25 0.35 0.32 0.31 0.3 0.28 0.28 0.3 0.38 0.41 0.41 0.42 0.41 0.42# 0.37# 0.34 0.33 0.42 0.6 0.5 0.42 0.42 0.31 0.33 0.29
xF
CO
01/26 0.27 0.26 0.25 0.26 0.25 0.27 0.3 0.37 0.38# 0.36 0.34 0.32 0.3 0.27 0.28 0.28 0.32 0.39 0.37 0.38 0.39 0.34 0.29 0.25
xF
CO
01/27 0.23 0.22 0.22 0.22 0.21 0.2 0.22 0.25 0.3 0.3 0.3 0.28 0.27 0.27 0.25 0.26 0.32 0.33 0.28 0.27 0.26 0.24 0.21 0.19
xF
CO
01/28 0.18 0.21 0.2 0.2 0.19 0.19 0.22 0.33 0.39 0.37 0.39 0.4 0.38 0.35 0.34 0.39 0.4 0.38 0.33 0.28 0.37 0.41 0.32 0.26
xF
CO
01/29 0.22 0.19 0.19 0.18 0.18 0.19 0.22 0.3 0.34 0.36 0.37 0.33 0.32 0.31 0.36 0.36 0.38 0.42 0.42 0.41 0.34 0.34 0.4 0.24
xF
CO
01/30 0.22 0.21 0.21 0.21 0.21 0.22 0.25 0.41 0.44 0.4 0.4 0.4 0.38 0.34 0.39 0.39 0.46 0.75 0.61 0.56 0.48 0.46 0.34 0.29
xF
CO
01/31 0.24 0.24 0.22 0.22 0.22 0.22 0.26 0.37 0.49 0.48 0.48 0.38 0.36 0.36 0.39 0.38 0.41# 0.5 0.52 0.51 0.52 0.44 0.35 0.35
xF
CO
菏代~るG2019/02A 代浮GOFA 代兜GCO]ppm^
xF
CO
ら戳 00 01 02 03 04 05 06 07 08 09 10 11 12 13 14 15 16 17 18 19 20 21 22 23
xF
CO
02/01 0.37 0.36 0.4 0.39 0.4 0.41 0.43 0.47 0.55 0.52 0.58 0.56 0.53 0.5 0.55 0.6 0.6 0.67 0.55 0.52 0.5 0.47 0.44 0.38
xF
CO
02/02 0.37 0.37 0.36 0.36 0.37 0.37 0.4 0.46 0.51 0.5 0.6 0.56 0.43 0.36 0.39 0.37 0.4 0.51 0.54 0.72 0.73 0.64 0.57 0.37
xF
CO
02/03 0.33 0.28 0.27 0.25 0.28 0.29 0.34 0.45 0.55 0.55 0.57 0.43 0.41 0.42 0.4 0.35 0.36 0.37 0.29 0.28 0.3 0.32 0.33 0.32
xF
CO
02/04 0.3 0.2 0.19 0.18 0.2 0.22 0.26 0.33 0.34 0.39 0.62 0.65 0.68 0.68 0.68 0.71# 0.74 0.81 0.77 0.72 0.74 0.74 0.72 0.69
xF
CO
02/05 0.69 0.66 0.65 0.64 0.63 0.62 0.64 0.68 0.69 0.64 0.62 0.61 0.59 0.64 0.63 0.62 0.63 0.64 0.6 0.64 0.68 0.65 0.62 0.59
xF
CO
02/06 0.56 0.5 0.48 0.46 0.42 0.41 0.43 0.4 0.38 0.39 0.37 0.39 0.37 0.36 0.36 0.36 0.41 0.47 0.48 0.44 0.71 0.68 0.57 0.51
xF
CO
02/07 0.43 0.4 0.33 0.3 0.27 0.25 0.25 0.27 0.29 0.29 0.3 0.3 0.3 0.29 0.31 0.35 0.37 0.4 0.32 0.29 0.39 0.39 0.35 0.33
xF
CO
02/08 0.31 0.26 0.28 0.27 0.29 0.33 0.37 0.39 0.46 0.42 0.37 0.38 0.37 0.36 0.36 0.39 0.41 0.36 0.39 0.39 0.46 0.43 0.42 0.35
xF
CO
02/09 0.33 0.37 0.31 0.3 0.29 0.28 0.31 0.35 0.38 0.37 0.33 0.35 0.33 0.31 0.32 0.31 0.32 0.33 0.32 0.28 0.35 0.34 0.3 0.26
xF
CO
02/10 0.27 0.24 0.23 0.23 0.23 0.24 0.24 0.27 0.31 0.31 0.32 0.29 0.3 0.27 0.27 0.27 0.28 0.32 0.31 0.28 0.32 0.36 0.29 0.25
xF
CO
02/11 0.23 0.23 0.23 0.23 0.23 0.23 0.26 0.36 0.41 0.4 0.39 0.39 0.36 0.33 0.34 0.34 0.34 0.36 0.42 0.4 0.4 0.36 0.29 0.28
xF
CO
02/12 0.26 0.24 0.23 0.23 0.23 0.23 0.27 0.36 0.41 0.36 0.37 0.37 0.36 0.33 0.34 0.35 0.41 0.46 0.39 0.4 0.53 0.56 0.45 0.33
xF
CO
02/13 0.28 0.28 0.26 0.24 0.23 0.24 0.26 0.36 0.37 0.33 0.34 0.36 0.33 0.32# 0.33 0.33 0.35 0.38 0.31 0.3 0.32 0.31 0.27 0.26
xF
CO
02/14 0.26 0.23 0.22 0.22 0.22 0.25 0.28 0.38 0.37 0.34 0.38 0.4 0.37 0.36 0.37 0.38 0.41 0.53 0.46 0.35 0.36 0.31 0.29 0.29
xF
CO
02/15 0.27 0.23 0.22 0.22 0.21 0.2 0.25 0.35 0.41 0.34 0.38 0.43 0.4 0.28 0.29 0.29 0.29 0.46 0.54 0.58 0.68 0.48 0.27 0.24
xF
CO
02/16 0.18 0.19 0.17 0.17 0.17 0.17 0.19 0.25 0.24 0.27 0.27 0.3 0.3 0.3 0.3 0.31 0.35 0.38 0.36 0.32 0.41 0.4 0.34 0.29
xF
CO
02/17 0.3 0.29 0.28 0.29 0.3 0.3 0.32 0.36 0.38 0.37 0.38 0.37 0.37 0.33 0.33 0.32 0.35 0.34 0.4 0.38 0.35 0.33 0.3 0.28
xF
CO
02/18 0.28 0.27 0.26 0.26 0.27 0.28 0.35 0.4 0.45 0.38 0.37 0.36 0.35 0.34 0.35 0.32 0.37 0.51 0.54 0.4 0.44 0.29 0.23 0.22
xF
CO
02/19 0.2 0.18 0.19 0.18 0.19 0.22 0.31 0.48 0.51 0.46 0.42 0.38 0.36 0.3 0.32 0.31 0.41 0.65 0.54 0.62 0.43 0.39 0.31 0.27
xF
CO
02/20 0.24 0.23 0.25 0.23 0.23 0.25 0.27 0.38 0.41 0.37 0.3 0.34 0.33 0.29 0.31 0.36 0.4 0.37 0.43# 0.44 0.37 0.46 0.52 0.31
xF
CO
02/21 0.25 0.17 0.14 0.11 0.15 0.13 0.18 0.32 0.36 0.35 0.3 0.24 0.27 0.2 0.21 0.25 0.33 0.44 0.37 0.36 0.4 0.45 0.53 0.29
xF
CO
02/22 0.22 0.17 0.14 0.14 0.15 0.15 0.16 0.24 0.27 0.25 0.25 0.25 0.25 0.28 0.33 0.35 0.38 0.42 0.39 0.35 0.34 0.33 0.3 0.29
xF
CO
02/23 0.29 0.29 0.3 0.32 0.33 0.36 0.4 0.53 0.57 0.54 0.55 0.59 0.56 0.53 0.57 0.58 0.53 0.68 0.64 0.58 0.57 0.55 0.51 0.46
xF
CO
02/24 0.44 0.46 0.45 0.45 0.44 0.43 0.44 0.47 0.46 0.47 0.45 0.43 0.38 0.35 0.35 0.37 0.37 0.37 0.38 0.4 0.36 0.35 0.33 0.32
xF
CO
02/25 0.32 0.31 0.31 0.33 0.34 0.36 0.4 0.51 0.57 0.47 0.45 0.45 0.4 0.36 0.38 0.41 0.41 0.42 0.35 0.34 0.35 0.39 0.33 0.3
xF
CO
02/26 0.29 0.27 0.26 0.26 0.26 0.28 0.31 0.4 0.42 0.4 0.4 0.39 0.37 0.35 0.36 0.37 0.39 0.43 0.41 0.36 0.36 0.36 0.3 0.3
xF
CO
02/27 0.27 0.27 0.27 0.27 0.27 0.27 0.34 0.45 0.45 0.4 0.39 0.42 0.39 0.34 0.33 0.37 0.33 0.45 0.45 0.51 0.47 0.53 0.34 0.24
xF
CO
02/28 0.21 0.24 0.26 0.23 0.24 0.24 0.27 0.27 0.31 0.3 0.25 0.26 0.24 0.27 0.32 0.35 0.31 0.33 0.28 0.28 0.29 0.35 0.31 0.28
xF
CO
菏代~るG2019/03A 代浮GOFA 代兜GCO]ppm^
xF
CO
ら戳 00 01 02 03 04 05 06 07 08 09 10 11 12 13 14 15 16 17 18 19 20 21 22 23
xF
CO
03/01 0.26 0.32 0.31 0.31 0.33 0.33 0.37 0.43 0.44 0.44 0.45 0.43 0.39 0.39 0.41 0.42 0.46 0.45 0.49 0.48 0.48 0.44 0.39 0.37
xF
CO
03/02 0.34 0.3 0.29 0.28 0.28 0.28 0.32 0.37 0.41 0.39 0.42 0.4 0.39 0.35 0.38 0.34 0.44 0.48 0.46 0.49 0.51 0.52 0.62 0.43
xF
CO
03/03 0.41 0.49 0.35 0.27 0.24 0.26 0.28 0.35 0.4 0.44 0.43 0.33 0.31 0.3 0.3 0.31 0.29 0.33 0.3 0.31 0.3 0.28 0.27 0.26
xF
CO
03/04 0.27 0.25 0.24 0.24 0.24 0.25 0.29 0.42 0.45 0.44 0.45 0.44 0.44 0.44 0.46 0.45 0.47 0.62 0.53 0.52 0.5 0.5 0.47 0.47
xF
CO
03/05 0.48 0.44 0.44 0.46 0.46 0.47 0.5 0.59 0.68 0.63 0.56 0.53 0.48 0.46 0.5 0.51 0.53 0.63 0.66 0.6 0.64 0.51 0.41 0.34
xF
CO
03/06 0.21 0.19 0.19 0.18 0.21 0.25 0.28 0.38 0.43 0.42 0.41 0.4 0.35 0.3 0.31 0.34 0.38 0.42 0.39 0.38 0.37 0.39 0.4 0.41
xF
CO
03/07 0.41 0.39 0.39 0.4 0.4 0.4 0.43 0.52 0.58# 0.54 0.55 0.55 0.57# 0.52 0.47 0.42 0.43 0.54 0.45 0.44 0.51 0.56 0.56 0.54
xF
CO
03/08 0.5 0.46 0.44 0.44 0.44 0.45 0.47 0.54 0.61 0.6 0.58 0.61 0.62 0.57 0.55 0.51 0.61 0.86 0.75 0.63 0.72 0.58 0.45 0.4
xF
CO
03/09 0.38 0.37 0.36 0.35 0.35 0.34 0.37 0.46 0.49 0.51 0.5 0.53 0.47 0.39 0.37 0.36 0.39 0.39 0.37 0.38 0.34 0.36 0.41 0.37
xF
CO
03/10 0.37 0.37 0.37 0.35 0.33 0.32 0.34 0.39 0.31 0.31 0.39 0.45 0.42 0.28 0.28 0.29 0.33 0.35 0.35 0.35 0.35 0.36 0.35 0.34
xF
CO
03/11 0.34 0.38 0.37 0.36 0.37 0.37 0.41 0.49 0.59 0.55 0.57 0.57 0.61 0.53 0.58 0.55 0.53 0.64 0.51 0.43 0.43 0.38 0.34 0.3
xF
CO
03/12 0.28 0.27 0.27 0.27 0.28 0.3 0.34 0.45 0.5 0.45 0.45 0.45 0.45 0.39 0.39 0.42 0.43 0.59 0.51 0.45 0.42 0.38 0.35 0.31
xF
CO
03/13 0.31 0.28 0.27 0.27 0.26 0.27 0.29 0.36 0.45 0.39 0.41 0.5 0.42 0.36 0.37 0.54 0.4 0.47 0.35# 0.32 0.31 0.3 0.28 0.25
xF
CO
03/14 0.24 0.25 0.24 0.25 0.24 0.25 0.29 0.43 0.51 0.42 0.38 0.37 0.34 0.31 0.3 0.37 0.39 0.48 0.45 0.5 0.47 0.41 0.32 0.27
xF
CO
03/15 0.24 0.24 0.24 0.24 0.24 0.24 0.27 0.32 0.34 0.38 0.38 0.4 0.37 0.37 0.34 0.35 0.35 0.58 0.37 0.4 0.35 0.31 0.27 0.25
xF
CO
03/16 0.23 0.23 0.22 0.23 0.23 0.23 0.25 0.29 0.33 0.32 0.32 0.31 0.3 0.29 0.29 0.29 0.32 0.33 0.33 0.4 0.37 0.34 0.29 0.27
xF
CO
03/17 0.24 0.24 0.23 0.23 0.23 0.23 0.25 0.3 0.31 0.38 0.37 0.35 0.32 0.31 0.3 0.33 0.36 0.37 0.37 0.33 0.41 0.41 0.32 0.3
xF
CO
03/18 0.28 0.28 0.27 0.26 0.27 0.28 0.36 0.46 0.58 0.5 0.52 0.36 0.41 0.4 0.46 0.46 0.45 0.49# 0.44 0.39 0.33 0.37 0.32 0.29
xF
CO
03/19 0.28 0.24 0.24 0.24 0.24 0.26 0.3 0.43 0.47 0.41 0.38 0.4 0.4 0.36 0.37 0.38 0.38 0.4 0.43 0.43 0.4 0.37 0.31 0.29
xF
CO
03/20 0.28 0.27 0.27 0.28 0.27 0.28 0.32 0.47 0.55 0.46 0.43 0.42 0.43 0.37# 0.35 0.35 0.38 0.41 0.34 0.34 0.32 0.32 0.33 0.31
xF
CO
03/21 0.25 0.31 0.22 0.22 0.23 0.24 0.28 0.38 0.39 0.31 0.31 0.32 0.29 0.25 0.27 0.3 0.33 0.38 0.37 0.34 0.54 0.51 0.5 0.4
xF
CO
03/22 0.28 0.22 0.22 0.24 0.23 0.25 0.33 0.46 0.74 0.42 0.41 0.38 0.37 0.33 0.33 0.35 0.41 0.51 0.38 0.39 0.37 0.36 0.33 0.32
xF
CO
03/23 0.32 0.27 0.26 0.25 0.25 0.26 0.27 0.32 0.34 0.41 0.36 0.36 0.28 0.25 0.24 0.24 0.24 0.33 0.32 0.24 0.25 0.25 0.22 0.2
xF
CO
03/24 0.17 0.17 0.18 0.18 0.19 0.2 0.21 0.26 0.28 0.29 0.3 0.32 0.31 0.3 0.28 0.31 0.33 0.33 0.39 0.35 0.37 0.32 0.28 0.25
xF
CO
03/25 0.23 0.22 0.22 0.21 0.21 0.23 0.27 0.39 0.45 0.55 0.4 0.36 0.37 0.32 0.32 0.31 0.32 0.32 0.29 0.29 0.29 0.29 0.28 0.27
xF
CO
03/26 0.27 0.28 0.27 0.27 0.3 0.31 0.36 0.37 0.4 0.41 0.42 0.42 0.41 0.39 0.4 0.44 0.42 0.56 0.49 0.46 0.44 0.42 0.36 0.35
xF
CO
03/27 0.33 0.32 0.32 0.32 0.32 0.33 0.35 0.4 0.46 0.39 0.44 0.41 0.37 0.37 0.38 0.46 0.45 0.61 0.57 0.39 0.37 0.34 0.33 0.28
xF
CO
03/28 0.28 0.24 0.24 0.27 0.25 0.29 0.32 0.44 0.51 0.43 0.46 0.42 0.42 0.3 0.32 0.33 0.35 0.57 0.59 0.33 0.32 0.5 0.64 0.39
xF
CO
03/29 0.31 0.27 0.26 0.26 0.27 0.28 0.33 0.43 0.51 0.48 0.4 0.41 0.36 0.33 0.34 0.36 0.4 0.51 0.5 0.48 0.43 0.5 0.56 0.39
xF
CO
03/30 0.29 0.25 0.25 0.26 0.26 0.28 0.3 0.32 0.32 0.37 0.41 0.36 0.41 0.45 0.38 0.37 0.41 0.46 0.46 0.45 0.41 0.37 0.36 0.34
xF
CO
03/31 0.33 0.29 0.28 0.28 0.27 0.3 0.3 0.33 0.32 0.29 0.29 0.31 0.28 0.28 0.3 0.3 0.31 0.35 0.37 0.35 0.36 0.35 0.31 0.29
xF
CO
菏代~るG2019/04A 代浮GOFA 代兜GCO]ppm^
xF
CO
ら戳 00 01 02 03 04 05 06 07 08 09 10 11 12 13 14 15 16 17 18 19 20 21 22 23
xF
CO
04/01 0.27 0.27 0.26 0.25 0.25 0.25 0.28 0.35 0.41 0.38 0.37 0.36 0.37 0.32 0.34 0.39 0.39# 0.55 0.4 0.35 0.34 0.31 0.27 0.26
xF
CO
04/02 0.26 0.23 0.22 0.22 0.22 0.23 0.27 0.36 0.49 0.35 0.36 0.34 0.32 0.29 0.3 0.33 0.33 0.46 0.41 0.39 0.36 0.35 0.34 0.29
xF
CO
04/03 0.28 0.27 0.26 0.25 0.24 0.25 0.29 0.42 0.48 0.34 0.37 0.36 0.34 0.33 0.34 0.4 0.34 0.41 0.35 0.36 0.3 0.29 0.25 0.24
xF
CO
04/04 0.24 0.26 0.25 0.25 0.27 0.28 0.31 0.39 0.34 0.38 0.36 0.35 0.33 0.28 0.29 0.28 0.38 0.47 0.47 0.51 0.54 0.41 0.4 0.26
xF
CO
04/05 0.22 0.21 0.26 0.32 0.31 0.36 0.4 0.38 0.47 0.59 0.35 0.37 0.33 0.26 0.28 0.29 0.33 0.35 0.38 0.39 0.37 0.35 0.33 0.33
xF
CO
04/06 0.35 0.31 0.3 0.3 0.3 0.31 0.35 0.38 0.38 0.39 0.4 0.41 0.39 0.37 0.38 0.39 0.39 0.44 0.42 0.48 0.49 0.5 0.45 0.36
xF
CO
04/07 0.32 0.29 0.27 0.26 0.27 0.28 0.31 0.33 0.33 0.4 0.35 0.36 0.36 0.37 0.38 0.36 0.35 0.36 0.35 0.35 0.36 0.46 0.35 0.32
xF
CO
04/08 0.32 0.28 0.26 0.26 0.26 0.27 0.32 0.42 0.46 0.42 0.42 0.42 0.4 0.38 0.38 0.44 0.42 0.5 0.53 0.47 0.45 0.6 0.5 0.4
xF
CO
04/09 0.37 0.33 0.32 0.31 0.32 0.35 0.42 0.57 0.69 0.47 0.43 0.4 0.39 0.33 0.29 0.29 0.3 0.37 0.34 0.33 0.33 0.31 0.38 0.33
xF
CO
04/10 0.26 0.18 0.17 0.18 0.18 0.2 0.29 0.4 0.38 0.28 0.3 0.3 0.28 0.25 0.27 0.26 0.25 0.3 0.3 0.32 0.35 0.33 0.3 0.27
xF
CO
04/11 0.28 0.3 0.29 0.29 0.29 0.32 0.35 0.41 0.41 0.38 0.35 0.35 0.38 0.37 0.34 0.36 0.34 0.41 0.36 0.41 0.34 0.3 0.26 0.25
xF
CO
04/12 0.25 0.21 0.21 0.21 0.22 0.22 0.24 0.31 0.38 0.34 0.35 0.36 0.36 0.35 0.37 0.38 0.38 0.41 0.38 0.37 0.43 0.4 0.32 0.29
xF
CO
04/13 0.26 0.25 0.24 0.24 0.23 0.24 0.27 0.34 0.37 0.33 0.34 0.3 0.31 0.27 0.29 0.27 0.3 0.37 0.33 0.32 0.38 0.47 0.42 0.31
xF
CO
04/14 0.28 0.27 0.24 0.23 0.22 0.24 0.25 0.28 0.29 0.3 0.3 0.32 0.31 0.3 0.31 0.3 0.31 0.32 0.3 0.26 0.25 0.23 0.26 0.24
xF
CO
04/15 0.22 0.21# 0.22 0.22 0.23 0.26 0.27 0.36 0.37 0.34 0.38 0.37 0.38 0.39 0.37 0.39 0.43# 0.58# 0.45 0.39 0.36 0.33 0.3 0.28
xF
CO
04/16 0.27 0.29 0.28 0.29 0.29 0.3 0.35 0.49 0.7 0.51 0.62 0.52 0.53 0.51 0.45 0.51 0.51 0.44 0.39 0.37 0.43 0.43 0.43 0.32
xF
CO
04/17 0.3 0.29 0.28 0.28 0.28 0.31 0.37 0.48 0.42 0.41 0.4 0.49 0.49 0.46 0.43 0.46 0.47 0.65 0.54 0.48 0.44 0.4 0.37 0.35
xF
CO
04/18 0.33 0.3 0.29 0.29 0.29 0.31 0.33 0.4 0.47 0.41 0.39 0.39 0.38 0.32 0.36 0.4 0.52 0.63 0.57 0.54 0.49 0.44 0.35 0.29
xF
CO
04/19 0.28 0.26 0.27 0.27 0.26 0.28 0.33 0.38 0.49 0.47 0.45 0.41 0.38 0.36 0.39 0.48 0.46 0.79 0.59 0.67 0.72 0.66 0.45 0.31
xF
CO
04/20 0.31 0.25 0.25 0.24 0.23 0.26 0.3 0.37 0.36 0.34 0.39 0.43 0.42 0.36 0.35 0.38 0.42 0.47 0.46 0.44 0.38 0.45 0.52 0.41
xF
CO
04/21 0.32 0.3 0.27 0.27 0.28 0.3 0.34 0.4 0.41 0.39 0.46 0.42 0.39 0.3 0.29 0.27 0.3 0.37 0.38 0.36 0.49 0.45 0.45 0.33
xF
CO
04/22 0.27 0.22 0.22 0.23 0.23 0.25 0.29 0.4 0.43 0.39 0.4 0.41 0.4 0.34 0.35 0.3 0.32 0.43 0.37 0.36 0.37 0.51 0.48 0.31
xF
CO
04/23 0.26 0.23 0.23 0.22 0.24 0.27 0.35 0.4 0.55 0.39 0.3 0.31 0.3 0.29 0.35 0.39 0.36 0.47 0.4 0.31 0.33 0.4 0.56 0.37
xF
CO
04/24 0.26 0.22 0.23 0.22 0.22 0.25 0.32 0.39 0.56 0.52 0.37 0.32 0.25 0.23 0.23 0.27 0.27 0.33 0.33 0.32 0.42 0.3 0.28 0.34
xF
CO
04/25 0.35 0.26 0.24 0.23 0.24 0.25 0.32 0.42 0.46 0.41# 0.41 0.31 0.31 0.29 0.28 0.31# 0.32 0.39 0.37 0.41 NA 0.49 0.39 0.35
xF
CO
04/26 0.27 0.22 0.2 0.19 0.18 0.18 0.22 0.31 0.4 0.28 0.29 0.33 0.3 0.29 0.31# 0.36# 0.33 0.37 0.39 0.4# 0.35 0.33 0.29 0.24
xF
CO
04/27 0.21 0.2 0.2 0.19 0.19 0.21 0.24 0.29 0.33 0.36 0.37 0.34 0.31 0.29 0.28 0.34 0.35 0.39 0.41 0.43 0.39 0.34 0.35 0.32
xF
CO
04/28 0.35 0.27 0.25 0.21 0.19 0.24 0.32 0.42 0.43 0.3 0.28 0.27 0.21 0.2 0.19 0.2 0.2 0.26 0.25 0.21 0.22 0.25 0.22 0.21
xF
CO
04/29 0.15 0.16 0.15 0.15 0.16 0.18 0.26 0.34 0.39 0.27 0.25 0.25 0.27 0.24 0.25 0.24 0.28 0.37 0.33 0.31 0.34 0.3 0.2 0.18
xF
CO
04/30 0.19 0.15 0.15 0.15 0.14 0.18 0.24 0.31 0.51 0.31 0.24 0.31 0.24 0.24 0.23 0.24 0.28# 0.34 0.33 0.39 0.31 0.28 0.22 0.18
xF
CO
菏代~るG2019/05A 代浮GOFA 代兜GCO]ppm^
xF
CO
ら戳 00 01 02 03 04 05 06 07 08 09 10 11 12 13 14 15 16 17 18 19 20 21 22 23
xF
CO
05/01 0.17 0.3 0.17 0.16 0.16 0.2 0.28 0.27 0.36 0.3 0.32 0.36 0.32 0.31 0.37 0.4 0.4 0.42 0.4 0.36 0.35 0.31 0.29 0.29
xF
CO
05/02 0.25 0.22 0.22 0.22 0.21 0.23 0.26 0.33 0.4 0.38 0.38 0.43 0.49 0.36 0.35 0.4 0.41 0.62 0.53 0.48 0.42 0.38 0.37 0.32
xF
CO
05/03 0.31 0.3 0.3 0.3 0.3 0.32 0.35 0.45 0.55 0.47 0.47 0.39 0.43 0.34 0.31 0.37 0.41 0.57 0.41 0.35 0.34 0.3 0.26 0.23
xF
CO
05/04 0.22 0.18 0.18 0.18 0.18 0.19 0.21 0.26 0.33 0.34 0.33 0.32 0.3 0.25 0.24 0.26 0.27 0.29 0.38 0.32 0.27 0.27 0.23 0.2
xF
CO
05/05 0.19 0.2 0.19 0.18 0.18 0.19 0.21 0.24 0.27 0.26 0.24 0.28 0.27 0.26 0.27 0.26 0.25 0.38 0.42 0.34 0.31 0.29 0.25 0.2
xF
CO
05/06 0.19 0.19 0.19 0.19 0.19 0.2 0.25 0.3 0.45 0.35 0.38 0.37 0.41 0.27 0.31 0.25 0.38 0.58 0.36 0.3 0.28 0.25 0.24 0.2
xF
CO
05/07 0.19 0.18 0.18 0.19 0.19 0.21 0.24 0.34 0.44 0.42 0.31 0.34 0.31 0.26 0.28 0.28 0.39 0.45 0.38 0.31 0.29 0.26 0.23 0.21
xF
CO
05/08 0.2 0.19 0.19 0.19 0.19 0.2 0.23 0.33 0.46 0.36 0.35 0.43 0.36 0.32 0.37 0.37 0.4 0.4 0.4 0.42 0.54 0.54 0.43 0.32
xF
CO
05/09 0.26 0.21 0.17 0.2 0.19 0.2 0.24 0.32 0.4 0.35 0.27 0.29 0.26 0.24 0.3 0.29 0.36 0.42 0.36 0.34 0.31 0.29 0.24 0.21
xF
CO
05/10 0.2 0.2 0.2 0.2 0.2 0.22 0.28 0.38 0.45 0.38 0.36 0.43 0.44 0.31 0.33 0.34 0.3 0.36 0.39 0.4 0.42 0.38 0.32 0.27
xF
CO
05/11 0.24 0.22 0.22 0.22 0.21 0.23 0.26 0.3 0.33 0.32 0.29 0.3 0.28 0.28 0.3 0.28 0.33 0.37 0.31 0.3 0.31 0.32 0.27 0.24
xF
CO
05/12 0.22 0.18 0.18 0.18 0.18 0.2 0.21 0.25 0.24 0.24 0.23 0.25 0.24 0.23 0.2 0.2 0.22 0.27 0.28 0.23 0.24 0.25 0.19 0.21
xF
CO
05/13 0.18 0.17 0.16 0.17 0.17 0.19 0.24 0.36 0.32 0.28 0.25 0.25 0.24 0.25 0.28 0.31 0.36 0.43 0.35 0.29 0.27 0.29 0.27 0.27
xF
CO
05/14 0.22 0.22 0.21 0.19 0.2 0.22 0.26 0.34 0.38 0.32 0.32 0.35 0.32 0.25 0.27 0.26 0.32 0.35 0.3 0.32 0.32 0.33 0.28 0.24
xF
CO
05/15 0.23 0.2 0.21 0.2 0.21 0.21 0.25 0.3 0.4 0.27 0.3 0.33 0.39 0.26 0.29 0.3 0.32 0.47 0.39# 0.34 0.38 0.29 0.26 0.24
xF
CO
05/16 0.21 0.21 0.2 0.2 0.2 0.25 0.26 0.31 0.35 0.3 0.31 0.31 0.3 0.28 0.29 0.34 0.36 0.39 0.36 0.31 0.3 0.5 0.33 0.27
xF
CO
05/17 0.26 0.21 0.2 0.2 0.19 0.25 0.31 0.33 0.33 0.26 0.27 0.27 0.28 0.24 0.25 0.32 0.31 0.37 0.41 0.38 0.36 0.32 0.25 0.22
xF
CO
05/18 0.2 0.2 0.19 0.19 0.2 0.22 0.25 0.32 0.32 0.34 0.36 0.47 0.32 0.29 0.29 0.3 0.35 0.34 0.35 0.41 0.39 0.37 0.34 0.27
xF
CO
05/19 0.23 0.15 0.16 0.16 0.14 0.16 0.21 0.2 0.24 0.24 0.23 0.21 0.22 0.21 0.22 0.23 0.23 0.25 0.32 0.26 0.27 0.3 0.3 0.28
xF
CO
05/20 0.24 0.21 0.19 0.18 0.18 0.2 0.25 0.32 0.48 0.31 0.27 0.34 0.33 0.26 0.26 0.28 0.34 0.59 0.58 0.37 0.32 0.26 0.23 0.22
xF
CO
05/21 0.22 0.19 0.2 0.19 0.19 0.21 0.24 0.32 0.49 0.36 0.39 0.38 0.4 0.37 0.35 0.35 0.48 0.61 0.5 0.41 0.31 0.29 0.27 0.25
xF
CO
05/22 0.24 0.25 0.24 0.24 0.25 0.27 0.32 0.44 0.43 0.38 0.39 0.38 0.39 0.34 0.38 0.42 0.35# 0.49 0.39 0.37 0.34 0.34 0.27 0.25
xF
CO
05/23 0.23 0.22 0.22 0.22 0.22 0.22 0.27 0.36 0.51 0.37 0.35 0.38 0.33 0.32 0.3 0.28 0.36 0.7 0.65 0.39 0.42 0.34 0.28 0.25
xF
CO
05/24 0.24 0.22 0.23 0.22 0.24 0.24 0.27 0.38 0.42 0.36 0.4 0.37 0.33 0.4 0.46 0.4 0.5 0.65 0.5 0.38 0.39 0.39 0.35 0.26
xF
CO
05/25 0.2 0.21 0.21 0.2 0.21 0.21 0.25 0.36 0.32 0.4 0.39 0.41 0.49 0.34 0.26 0.26 0.3 0.41 0.31 0.37 0.38 0.29 0.3 0.25
xF
CO
05/26 0.23 0.2 0.2 0.21 0.21 0.23 0.26 0.28 0.31 0.25 0.24 0.25 0.29 0.24 0.22 0.23 0.23 0.3 0.33 0.31 0.34 0.24 0.29 0.24
xF
CO
05/27 0.19 0.2 0.19 0.2 0.21 0.23 0.31 0.4 0.48 0.41 0.32 0.28 0.32 0.42 0.35 0.51 0.45 0.4 0.35 0.36 0.35 0.29 0.26 0.23
xF
CO
05/28 0.2 0.2 0.19 0.19 0.2 0.22 0.28 0.33 0.43 0.29 0.29 0.25 0.28 0.26# 0.27 0.33 0.43 0.54 0.38 0.37 0.28 0.3 0.3 0.25
xF
CO
05/29 0.24 0.23 0.21 0.21 0.21 0.24 0.26 0.26 0.29 0.27 0.27 0.3 0.3 0.2 0.24 0.25 0.32 0.42# 0.39# 0.28 0.25 0.23 0.2 0.19
xF
CO
05/30 0.18 0.15 0.15 0.15 0.16 0.18 0.22 0.25 0.29 0.27 0.27 0.29 0.26 0.25 0.25 0.28 0.32 0.63 0.56 0.5 0.41 0.34 0.26 0.2