



屏東
NO2
01/01 16 15 15 15 14 15 12 11 11 11 10 9.7 10 11 13 21 20 20 21 18 14 18 22 20
屏東
NO2
01/02 19 13 13 13 13 13 13 16 15 14 14 21 16 28 37 37 33 33 26 19 21 22 22 24
屏東
NO2
01/03 25 26 23 21 18 17 17 15 16 17 16 13 13 12 14 11 16 20 20 19 13 11 9.9 10
屏東
NO2
01/04 10 11 19 14 11 11 11 11 14 18 16 18 13 17 25 21 22 25 29 29 32 24 15 15
屏東
NO2
01/05 15 14 14 13 12 13 12 11 12 9.9 11 9.1 6 7.2 8.2 9.9 8.5 7.6 11 11 13 11 12 17
屏東
NO2
01/06 18 17 17 17 16 14 14 15 15 20 24 18 13 13 17 15 14 14 15 13 14 15 19 19
屏東
NO2
01/07 18 18 17 17 15 14 13 13 23 23 22 19 17# 28 21 18 17 19 19 17 13 9.2 14 24
屏東
NO2
01/08 21 16 14 13 12 12 11 11 11 11 11 7.5# 6.6 12 16 14 14 14 16 16 15 12 13 12
屏東
NO2
01/09 13 18 20 18 17 16 18 17 17 13 12 12 13 30 32 17 13 13 16 14 13 11 9.9 11
屏東
NO2
01/10 20 19 17 15 18 16 16 14 15 13 9.8 11 14 17 20 33 16 23 17 19 16 13 10 8.3
屏東
NO2
01/11 7.8 6.6 8.2 9.6 10 12 13 13 13 9.2 9.6 8.6 7.9 8 7.8 9.1 8.3 11 17 27 23 14 16 17
屏東
NO2
01/12 18 22 21 19 18 13 14 14 12 7.9 8.3 7.7 7.4 14 21 16 11 8.7 9.4 11 11 11 10 9.9
屏東
NO2
01/13 13 13 12 11 14 16 16 14 13 19 18 11 9.4 17 13 12 12 12 14 14 13 19 20 20
屏東
NO2
01/14 19 18 17 16 15 15 16 14 15 16 16 14 13 24 18 15 15 19 22 20 18 13 11 10
屏東
NO2
01/15 22 17 14 14 13 13 14 13 18 22 17 15 11 17 19 18 24 22 20 16 17 15 18 20
屏東
NO2
01/16 21 19 14 12 12 14 14 14 15 15 11 12 14 14 16 19 19 20 21 16 17 17 16 16
屏東
NO2
01/17 16 14 13 14 14 14 15 14 12 14 14 11 12 14 14 16 18 19 22 24 21 22 21 19
屏東
NO2
01/18 16 16 15 15 15 14 15 14 14 16 15# 50# 2.6# 0.1# 280# 23# 14# 13 20 22 21 19 18 15
屏東
NO2
01/19 15 14 14 15 15 15 15 19 16 17 11 13 10 18 25 21 13 14 15 13 11 11 10 9.3
屏東
NO2
01/20 9.7 8.4 8.2 8 7.4 7.6 7.3 7.7 7.5 7.6 7.6 7.8 5.9 6.2 6.8 9.7 11 13 21 20 23 16 22 23
屏東
NO2
01/21 21 21 17 16 16 16 16 16 18 19 18 13# 11 11# 16 16 15 31 23 22 21 18 18 15
屏東
NO2
01/22 14 14 13 12 10 8.6 9.2 10 11 9.5 11 11 9.9 18 23 16 13 16 18 19 18 20 19 19
屏東
NO2
01/23 18 17 15 15 16 15 15 13 18 20 29 18 11 14 20 22 26 27 30 22 19 16 13 14
屏東
NO2
01/24 14 15 15 13 13 12 12 13 14 12 14 10 13 22 22 24 19 19 24 31 17 11 9.5 9.5
屏東
NO2
01/25 9.4 12 12 13 14 15 15 14 18 19 14 15 13 19 21 16 15 15 13 13 20 20 17 13
屏東
NO2
01/26 13 17 18 17 15 13 14 15 14 19 32 38 30 58 55 34 8.1 8.2 19 21 21 21 21 22
屏東
NO2
01/27 20 14 12 10 10 10 11 11 14 22 22 22 18 22 24 14 16 19 15 13 9.4 8.7 7.6 7.2
屏東
NO2
01/28 11 13 10 11 10 11 11 11 14 9.4 8.4 8.7 8.5 23 27 -168.6# 17 13 18 16 10 9 7.3 6.8
屏東
NO2
01/29 7.9 11 12 11 11 11 11 13 11 6.6 6.7 15 8.4 21 17 21 21 15 16 20 19 11 6.7 6.2
屏東
NO2
01/30 5.7 7.3 8.8 9.9 12 11 12 15 14 11 11 18 14 22 16 14 13 18 16 15 11 7.8 6.7 5.9
屏東
NO2
01/31 5.4 4.1 4.2 5.2 5.3 7.6 11 10 21 27 27 28 33# 40# 26 29 40 17 15 12 17 18 10 7.5
屏東
NO2
監測年月：2019/02， 測站：潮州， 測項：NO2（ppb）
屏東
NO2
日期 00 01 02 03 04 05 06 07 08 09 10 11 12 13 14 15 16 17 18 19 20 21 22 23
屏東
NO2
02/01 8 9.4 9.2 11 13 13 15 15 20 25 27 52 32 19 27 31 13 14 15 16 18 10 8.7 9
屏東
NO2
02/02 9.3 17 18 15 14 13 13 15 15 23 36 34 18 22 27 34 19 16 23 18 18 17 16 13
屏東
NO2
02/03 12 13 12 13 9.6 11 13 11 10 6.8 6.4 5 5 5.4 5.5 6.3 7.2 7.1 8.1 10 11 8.6 5.6 4.6
屏東
NO2
02/04 4.2 2.1 2.7 6.4 7.9 9.5 9.6 8.9 7.6 7.1 5 4.2 5.3 4.3 4.2 3.7 4.4 5.2 6.2 6.6 5.9 5.6 6.2 6.6
屏東
NO2
02/05 10 12 10 9.2 8.9 9.3 15 14 11 8.8 7.2 6.8 5.5 4.9 5.1 5.1 5.7 7.9 15 16 13 15 11 9.8
屏東
NO2
02/06 9.1 9.1 6.9 6.7 7.7 8 8.7 8.1 6.2 7.9 6.5 7.5 10# 6.4 5.7 5.9 7.6 8.7 12 12 11 12 11 9.5
屏東
NO2
02/07 7 7.5 11 11 9.8 9.6 9.6 8.4 7 5.2 3.4 2.3 1.4 1.9 2.3 3.3 7.1 11 14 15 10 12 10 8.4
屏東
NO2
02/08 8.6 8 10 13 11 11 8.8 6.8 6.1 7.9 7.3 5.7 5.8 7 7 7.7 7.8 9.4 11 11 12 10 9.6 9.1
屏東
NO2
02/09 9.4 12 11 11 9.5 7.7 9.8 12 9.8 8.7 8.7 7 7.5 14 15 11 10 10 12 17 14 15 16 15
屏東
NO2
02/10 15 14 14 13 12 12 12 11 10 10 9.4 8.3 6.9 8.3 15 14 12 13 13 13 13 11 12 15
屏東
NO2
02/11 14 15 15 14 12 13 13 13 16 25 34 30 37 39 15 9.8 14 11 11 11 15 16 17 16
屏東
NO2
02/12 16 16 15 14 14 15 15 13 11 13 23 20 18 33 20 14 11 11 11 12 13 13 13 14
屏東
NO2
02/13 15 16 13 12 9 9.2 14 14 13 17 15 10 10 14 13 9.8 13 13 11 8.6 8.3 8 8.1 8.3
屏東
NO2
02/14 9.6 10 11 12 11 12 14 15 18 12 11 7.9 9.1 9.1 6.7 7.4 9.7 10 12 13 13 9.6 7.8 14
屏東
NO2
02/15 14 11 10 9.4 11 11 12 13 14 9.8 7.5 6.7 4.7 6.1 8.4# 5.4 4.1 5.2 8.9 13 8.9 5.9 6.7 4.8
屏東
NO2
02/16 3.4 2.4 2.4 3.4 8.1 10 9.1 8.8 8.5 7.3 4.8 4 3.6 5.4 6.4 5.7 5.8 7.3 9.6 13 10 9.6 9.9 11
屏東
NO2
02/17 12 12 12 12 13 11 11 11 11 8.2 5.8 4.6 7.4 9.6 7.4 8 7.8 8.8 13 14 11 11 11 10
屏東
NO2
02/18 9.4 9.9 10 10 11 11 12 14 11 12 9.5 9.5 9.6 6.7 5.2 5 5.7 6.7 7.1 6.7 6.8 6.7 6.5 6.7
屏東
NO2
02/19 7.2 7 6.2 5.5 4.7 3.8 4.7 8.4 4.6 5.1 8.1 6.8 7 6.9# 6.6 5 4.3 5.1 7.5 9 9.4 8.4 7.6 8
屏東
NO2
02/20 6.9 2.8 2.8 2.5 2.4 2.9 4.2 4 3.9 3 3.4 2.5 1.9 2 1.9 2 2 2.6 3.3 3.9 5.2 6.6 7.6 7.9
屏東
NO2
02/21 8.5 10 8.9 7.2 6.1 6 6.4 10 7.8 5.9 5.9 7.1 5.2 5.8 5.3 6.8 5.4 6 6.8 11 11 12 10 6
屏東
NO2
02/22 6.2 1.9 1.7 5.4 7.7 6.8 7.1 7.5 7.5 10 7.1 3.5 3.2 5.1 8 8.1 9.8 8.6 10 9.6 10 10 10 12
屏東
NO2
02/23 12 13 13 12 13 11 12 12 9.9 9 9.9 12 29 21 11 12 13 10 11 13 14 12 13 20
屏東
NO2
02/24 19 16 15 14 14 13 15 15 11 11 13 17 12 10 9.5 9.9 12 14 13 11 10 11 12 12
屏東
NO2
02/25 12 14 15 13 10 9.4 9.5 12 13 16 15 17 11 11 9.8 9.5 12 14 14 21 27 21 16 13
屏東
NO2
02/26 12 10 9.4 10 10 11 12 12 12 9.1 9.1 10 15 20 18 14 13 13 14 16 14 14 13 14
屏東
NO2
02/27 12 11 10 9.6 9.8 10 11 12 11 11 11 63* 11 10 11 11 10 9.4 10 11 11 11 12 11
屏東
NO2
02/28 9.6 12 11 12 11 12 12 12 9 7 7.4 5.8 4.3 5.6 6.1 5.3 5.7 6.5 9.5 14 14 15 15 13
屏東
NO2
監測年月：2019/03， 測站：潮州， 測項：NO2（ppb）
屏東
NO2
日期 00 01 02 03 04 05 06 07 08 09 10 11 12 13 14 15 16 17 18 19 20 21 22 23
屏東
NO2
03/01 12 13 11 9.4 9.6 11 14 15 10 10 14 16 10 8.3 11 13 16 14 16 14 13 17 17 18
屏東
NO2
03/02 18 17 15 12 11 9.6 10 9.5 9.3 9.8 8.1 7.8 6.7 5.5 4.6 4.2 4.3 4.8 5.8 7.2 9.8 7.3 5.2 4
屏東
NO2
03/03 3.6 1.8 1.5 1.8 2.3 1.8 2.4 3.1 2.6 2.7 3.1 2.4 2.7 3.5 7.9 5.5 4.9 5.1 6.1 5.3 6.6 8.6 14 12
屏東
NO2
03/04 12 12 11 11 11 11 8.1 9 9.6 12 17 9.7 7.9# 9 8.6 9.6 7.4 7.6 9.1 13 11 8.2 7.4 6.8
屏東
NO2
03/05 9.2 8.3 9.4 11 10 5.6 4.9 6.3 8.7 6.9 11 2.6 2.8 2.9 2.9 3 3.1 3.5 4.8 4.1 3.6 4.6 5.2 5.6
屏東
NO2
03/06 4.9 3.9 4.3 5.6 9.8 7.6 9.7 13 16 14 7.3 11 20 16 14 13 12 13 19 20 13 11 10 11
屏東
NO2
03/07 11 11 12 12 11 10 10 15 18 14 20 23 27 19 15 13 9.7 12 17 16 18 15 21 23
屏東
NO2
03/08 18 14 11 11 12 11 11 11 12 13 15 16 21 14 7.2 6.3 11 9.6 15 15 15 18 35 27
屏東
NO2
03/09 25 23 24 21 18 15 14 12 16 15 11 9.1 4.6 4.8 5.6 5.7 5.4 5.7 6.6 8.5 7 7.7 9.2 14
屏東
NO2
03/10 16 13 12 6.6 7.5 6.2 6.1 7.6 9.5 8.7 11 9.5 10 11 9.3 9.2 10 11 11 11 9.6 8.5 7.5 8.2
屏東
NO2
03/11 8.9 7.7 7 6.3 6.5 6.5 6.6 10 8.3 8.8 7.7 7.7 7.8# 18# 17 18 14 11 13 16 12 11 27 24
屏東
NO2
03/12 22 18 13 12 15 13 12 10 11 18 14 11 11# 15# 14# 6# 22# 12# 9 5.5 5.9 6 5.3 4.6
屏東
NO2
03/13 4.6 4.4 4.1 4.7 4.3 5.1 11 11 13# 5.8# 4.5 6.1 9.9 13 10 9.6 15 4.4 7 11 7.4 5.8 5.7 4.9
屏東
NO2
03/14 4.9 5 5.7 5 6.4 8.1 11 15 9.3# 10 10 11 14 14 15 12 13 14 13 13 12 10 15 13
屏東
NO2
03/15 13 12 13 13 11 11 8.5 8.9 9.5 9.9 11 7.9 10 21 12 17 20 24 26 30 26 25 24 23
屏東
NO2
03/16 25 20 21 19 17 17 16 13 13 14 11 5.8 5.5 7.3 6.6 9.5 14 17 14 6.7 6 7.1 8.4 9.7
屏東
NO2
03/17 11 10 9.4 13 13 13 14 9.4 7.1 6.5 6.4 6.7 6.9 7.3 7.7 7.4 7.5 8 9.1 11 11 12 14 14
屏東
NO2
03/18 14 9.2 12 13 12 11 13 13 12 8.6 8 7 11 17 17 14 11 13 19 18 17 14 12 13
屏東
NO2
03/19 13 15 14 12 12 13 12 12 20 19 10 9.2 10 8.5 10 14 9.6 9.3 11 14 16 12 9.1 8.9
屏東
NO2
03/20 7.2 7.3 7 6.7 6.2 6.5 12 8 9.4 12 13 13 13 5.1 3.9 3.6 3.6 4.2 5.8 7.6 8.8 8.8 9.4 7.5
屏東
NO2
03/21 5.1 4.1 3.6 2.5 4.3 9 9.1 8.2 6.3 3.2 5 7.1 14 14 8.2 6.4 11 12 10 10 12 12 15 17
屏東
NO2
03/22 15 14 13 13 13 12 12 12 13 9.1 8.2 8# 7.8 16 20 20 14 15 9.2 9.7 8.7 7.8 7.5 9.2
屏東
NO2
03/23 13 13 14 13 13 14 14 14 20 18 19 19 21 19 19 19 17 17 20 27 17 16 16 17
屏東
NO2
03/24 13 12 11 10 8.8 9.3 11 9.1 8.2 13 21 18 15 11 8.5 8.3 7.6 8.7 9.2 11 11 10 13 12
屏東
NO2
03/25 12 11 11 11 11 11 10 9.7 11 13 13 15 8.8 16 12 13 9.5 12 16 21 21 18 18 17
屏東
NO2
03/26 14 6.2 9.3 11 12 12 12 12 16 17 20 19 17 14 11 11 13 13 15 15 18 17 14 14
屏東
NO2
03/27 11 11 13 13 13 13 13 12 10 8.3 7.7 7.1 6.1 5.8 8.3 8.5 8.6 8.2 7.4 6.2 7.6 10 9 8.7
屏東
NO2
03/28 10 7.7 9 12 8.9 12 12 8.8 7.2 7.8 6.3 6.4 5# 7.2# 7.6 8.3 7.8 11 12 17 15 19 17 9.5
屏東
NO2
03/29 8 5.6 6.3 6.1 6.1 5.8 5.7 7.9 5.3 2.1 3.7 7.6 8.5 9.5 9.6 12 17 17 17 11 12 15 9.6 8.6
屏東
NO2
03/30 9.1 7.8 4.8 5 6.5 8.1 8.8 9 8.5 7.4 5.2 3.4 3.8 5.9 5.2 5.8 6.6 8.8 9.1 9.2 9.7 9.5 11 9.6
屏東
NO2
03/31 8.2 8.3 6.7 10 11 8.8 7.8 9.9 6 6.7 6.5 7.5 7.9 7.9 17 18 9.1 8.5 8.8 8.7 7.7 7 8.6 11
屏東
NO2
監測年月：2019/04， 測站：潮州， 測項：NO2（ppb）
屏東
NO2
日期 00 01 02 03 04 05 06 07 08 09 10 11 12 13 14 15 16 17 18 19 20 21 22 23
屏東
NO2
04/01 11 10 8.8 9.4 10 10 11 12 13 11 13 11 17 13 11 11 23 29 12 24 22 22 24 21
屏東
NO2
04/02 20 20 25 21 20 17 17 16 17 9.6 9 10 14 12 11 9.9 8.8 8.6 9.7 11 8.5 7.7 8.3 8.1
屏東
NO2
04/03 8.4 7.5 6.4 5.8 5.5 6.4 6.1 9.5 8.1 10 12 8.6# 6.6# 5.1 4.9 4 5.8 7.5 10 12 11 11 15 16
屏東
NO2
04/04 15 12 9.9 9.7 11 11 11 11 9.7 8.5 8.4 13 16 13 9.8 7.3 7 7.4 8.3 8.7 8.8 12 10 8.6
屏東
NO2
04/05 7.8 8.9 8.5 8.6 8.9 9.9 8.8 8 7 7.5 8.2 6.3 6.8 7.9 7.3 6.4 6.2 8.3 14 16 18 18 20 16
屏東
NO2
04/06 8.8 6.7 7.1 8.9 10 10 11 11 10 9.1 7.8 6.8 6.6 7 9.3 14 9 10 10 16 12 8.5 8.8 12
屏東
NO2
04/07 13 12 8.3 6.4 5.5 5.7 6.8 8.1 6.8 6 6.2 6.7 8.3 7 6.5 7 8.2 9.9 12 13 13 14 13 13
屏東
NO2
04/08 9.4 6.6 6.3 5.7 5.6 5.5 6.6 6.8 5.9 6.1 9.4 7.9# -1.4# -0.9# 6.6# 6.4 5.1 6 6.2 9.4 12 7.9 6.5 5.3
屏東
NO2
04/09 5.1 3 3.1 2.7 2.8 3.4 5.1 7.9 5.5 3.6 5.1 2.6 2.1 2 1.8 1.7 2 2.7 4 6 8 9 4.8 4.2
屏東
NO2
04/10 3.4 3 3.3 3.7 3.2 7.5 8.3 6.5 5.2 7.1 10 17 12 10 9.2 4.1 26 30 18 9.7 7.6 9.1 9.8 6.9
屏東
NO2
04/11 6.2 6.6 6.9 5.9 6.2 7 6.3 6.3 4.5 3.5 3.7 4.5 5.7 6.5 7.1 6.9 8.9 8.7 9.6 12 9.4 7.3 8.3 9.2
屏東
NO2
04/12 11 10 11 14 14 14 12 11 13 15 11 8.9 7 6.9 8.9 10 12 9.7 7.3 6.1 6.8 10 13 13
屏東
NO2
04/13 12 8 8.5 8.1 8.6 10 9.7 7.8 8.2 9.4 9.5 5.9 8 12 8 7 12 7.8 8 9.6 10 11 8.8 6.3
屏東
NO2
04/14 5.2 5.5 5.7 6.5 8.2 8.4 10 7.7 5.6 4.9 5.9 7 9.6 13 11 6.9 6.7 8.8 7.6 7.4 6.7 6.9 11 9.6
屏東
NO2
04/15 10 10 11 12 12 12 13 14 12 15 13 16 22 15 7 7.9 8.1 8.2 9.1 10 9.6 9.5 8.6 7.8
屏東
NO2
04/16 6.9 5.4 5.5 4.8 4.9 7.2 13 17 19 14 6 8.7 9.6 9.8 9.4 8.6 9.1 18 20 16 17 18 18 15
屏東
NO2
04/17 15 10 7.8 7.4 7.3 6.5 7.3 8.7 8.2 7.4 7.4 6.5 8.8 5.5 6 5.8 6.1 6.5 6.6 7.4 9.4 7.6 9 8.9
屏東
NO2
04/18 9.7 10 10 11 12 13 11 7.1 6.7 7.1 8.3# 6.7 5.2 5.4 5.9 8.1 7.2 8.7 10 12 14 13 9.6 7.4
屏東
NO2
04/19 7.5 5.7 4.4 4.5 8.2 9.8 4.6 4.9 5.5 8.6 4.1 3.9 3.4 3.1 3.7 4 5.8 5.7 6.2 14 17 16 9.9 6.2
屏東
NO2
04/20 5.1 6.8 7.1 6.4 6.1 6.9 9.5 8 9.8 7.6 4.9 3.7 3.9 4.7 6.1 6.2 5.8 6.3 9.8 11 14 13 9.5 7.2
屏東
NO2
04/21 6.3 6.1 6.1 5.8 8.6 9.6 6.7 6.1 7.4 6.5 5.3 5 5.3 7.6 8.1 4.9 5.8 13 15 11 10 12 14 10
屏東
NO2
04/22 9.7 12 10 9.3 8.7 8.2 7.5 7.3 8.7 9.6 13 11 9.2 8.1 11 12 7.8 6.7 7.9 11 13 11 6.9 6.2
屏東
NO2
04/23 5.9 5.4 4.5 5.5 5.2 5.8 5.8 4.7 6 6.6 4.1 8.8 12 14 12 9.7 10 11 9.7 7.9 8.4 11 8.6 8
屏東
NO2
04/24 8.8 10 7.3 8.4 10 9.3 9.3 9.5 12 12 11 13 9 6.5 6.7 9 11 13 14 13 14 14 12 11
屏東
NO2
04/25 10 5.6 5.4 4.9 4.9 4.4 4.9 5.5 3.6 3.6 3.2 4.5 5.2 3.8 3.9 3.7 5.7 5.7 6 7.6 10 14 15 7
屏東
NO2
04/26 4.3 5.4 5.6 6 7.1 7.9 9.4 6 4.9 5.7 6.3 6.6 7.2 5.4 4.8 3.7 3.7 6.9 7.3 7.8 7.8 7.2 7.9 6.5
屏東
NO2
04/27 7.9 7.3 6.4 8.1 8.8 6.4 7.9 7.6 6.4 8.8 8.6 5.6 5.5 5.1 7.2 9.5 15 14 11 12 12 9.9 9.2 12
屏東
NO2
04/28 8.4 5.6 6.8 6.6 6.1 8.2 9.5 6.4 4.9 4.9 8.6 9.2 11 5.1 4 4.1 4 5.3 5.3 7 9.1 9.9 8.7 5.9
屏東
NO2
04/29 5.8 4.7 3.2 2.6 4.1 4 4.4 3.5 2.2 2.9 2.5 1.8# 0.9 1.1 1.5 1.4 1.3 1.5 2.4 3.4 4.4 6.2 5.6 4.2
屏東
NO2
04/30 4 4.5 4 3.5 4.2 5.4 5 4.6 2.3 2.7 2.1 2.3 2.8 4 5.2 5.1 4.5 5.8 8.8 8.9 10 8 9 9.5
屏東
NO2
監測年月：2019/05， 測站：潮州， 測項：NO2（ppb）
屏東
NO2
日期 00 01 02 03 04 05 06 07 08 09 10 11 12 13 14 15 16 17 18 19 20 21 22 23
屏東
NO2
05/01 10 5.5 5.5 2.8 2.5 4 4.7 4.8 4.7 4.5 7.5 7.3 4.5 6.9 6.3 6.6 5.9 6 7.1 5.6 5.3 3.8 3.3 3.5
屏東
NO2
05/02 3.6 4.2 3.9 3.4 2.5 2.9 3.6 4.6 4.7 4.9 9.8 14 12 7# 9.1 10 5.8 4.9 8.7 12 10 9.3 6.6 6.2
屏東
NO2
05/03 6.3 7.8 7.4 8.7 8.2 7.7 8 8.8 6.8 12 19 12 17 13 8.7 6.1 6.4 6.2 8 10 9.6 12 9.9 8.2
屏東
NO2
05/04 7.8 6.5 4.9 3.4 3 3.3 4.1 4.9 5.2 4.9 4.5 5.1 5.8 7.6 7.4 9.4 12 12 8.8 7.2 8.4 8.3 7.9 5.1
屏東
NO2
05/05 4.9 4.5 3.3 3.6 5.8 3.4 4.1 2.8 2.5 2.1 3.9 3.4 7.5 11 11 12 14 15 15 11 8.3 7.7 7 5.8
屏東
NO2
05/06 5.8 5.6 5.5 4.9 4.9 5.7 6.2 4.9 6.8 8.9 9.2 6.2 4.1 4.7 8 7.1 6 5.3 5.7 7.8 3.9 3.7 4.1 4.4
屏東
NO2
05/07 5 3.8 3.7 4 3.9 4 3.8 4.8 6.5 5.1 7.1 6.9 7.6 11 12 25 16 16 14 7.7 6.3 6 4.9 3.7
屏東
NO2
05/08 3.5 3.4 3.7 3.6 4.9 4.6 5.4 4.5 5.2 4.4 4.5 4.2 4.1 7.6 13 10 16 17 12 9.8 8.5 7.8 6.6 5.5
屏東
NO2
05/09 6.2 6.7 6.2 5.3 5.5 5.9 5.8 5.6 6.6 7.5 7.8 4.6 3.9 4.1 5.5 4.6 5.2 7 8.1 18 13 10 10 10
屏東
NO2
05/10 8.8 7.8 8.4 8.9 8.8 8.2 7.4 8.7 7.2 6.9 7.1 9.3 7.8 17 11 12 8.8 4.9 5.9 6.1 7.7 6.6 4.4 3.9
屏東
NO2
05/11 4.5 3.8 4.8 7 7.7 4.2 3.6 5.4 4.9 5.4 4.5 4.9 7.4 7.4 7.3 6 6.5 6.7 7.3 9.1 12 11 9.5 9
屏東
NO2
05/12 5.2 7.2 6 5.6 7 5.5 6.5 6.2 7.5 8.3 8.1 5.9 5.7 6.5 5.7 4.9 5.1 5.5 6.2 8.1 9.4 8.2 10 8.8
屏東
NO2
05/13 7.7 8.1 7.5 5.8 5.1 5.1 7.3 5.6 4.4 4.7 5.9 14 12# 10 12 8.8 6.1 6.7 12 14 9.5 7.7 8.8 8.2
屏東
NO2
05/14 7.1 4.7 5.3 4.9 11 9.9 7.6 6.1 4.3 3.7 3.4 3.3 5 6.3 11 17 19 14 5.2 4 4.2 3.6 3.4 6.6
屏東
NO2
05/15 8.4 7 7.8 6.7 6.3 5.6 4.7 3.8 3.8 5.8 4.3 3.2 3.5 3.5 3.3 4.3 7.4 7.1 7.7 6.5 6 6.3 8.9 7.7
屏東
NO2
05/16 5.9 9.2 7.8 7.3 5.9 5 4.4 4.3 2.9 2.5 3.9 5.1 3 2.3 2.4 2.4 3.1 3.7 5.3 6.8 9.3 8 7.6 7.8
屏東
NO2
05/17 7.3 6.9 5.7 5.7 5.6 7.7 6.8 6.5 5 3.2 5.2 4.9 3.7 3.7 3.1 4.9 6.6 5.7 6.3 8.7 7.4 6.4 7.9 8.7
屏東
NO2
05/18 7.4 9.6 12 12 10 5.4 7.2 5.4 5.4 5.4 6.5 5.1 5.4 4.6 3.5 3.4 3.5 4.4 6 7.3 6.4 5.7 5.2 5.3
屏東
NO2
05/19 6.1 6.8 6.2 5.3 5.3 5.1 4.5 5.1 2.8 2.7 4.7 3.8 3.5 3.1 2.5 2.9 3.5 3.1 4.8 7.9 8.1 6.9 5.6 6
屏東
NO2
05/20 6.8 7.4 6.6 5.7 6.3 6.1 5.4 5.7 6.5 7.7 6.3 5.6 3.2 3.1 3.1 4.1 3.7 4.9 4.8 3.5 4.1 4.7 7 7.2
屏東
NO2
05/21 7.1 5.9 5.1 5.4 6.5 6.6 6.3 6 5.6 8.7 13 7.1 5.8 5.9 5.4 4.9 4.4 5.1 5.7 5.8 5.4 4.3 4.6 4.9
屏東
NO2
05/22 4.8 3.3 3.6 4.3 3.9 5.2 4.7 3.9 3.8 4.5 5.2 6.1 5.8 6.7 8 5.5 4.8 4.8 5.5 5.5 5.5 5.3 5.1 4.2
屏東
NO2
05/23 4.1 5.2 5 5.5 5.8 6.6 7.6 8.1 7.2 8.4 7.2 7.5 8.8 5.8 4.3 5.1 5 5 6 7.5 10 9.4 8.4 6.7
屏東
NO2
05/24 5.4 3.5 3.6 4.2 5.4 4.8 5.4 4.3 4.1 3.5 4.9 6.4 7.3 6.6# 6.7# 5.1 3.8 5.2 5.4 5.9 5.5 7.2 7.8 6.3
屏東
NO2
05/25 7 3.9 4.2 4.9 3.6 5.1 4.2 3.6 3.3 3.5 3.6 4.5 6.8 6.4 7.7 8.2 8.9 8 8.1 6.3 5.7 5.6 7.1 7.3
屏東
NO2
05/26 6.9 4.4 4 3.9 3.7 6.5 6.7 6.6 4.3 5.2 4.1 3.8 3.9 3.3 3.2 3 3 3 6.4 9 8.1 6.6 5.3 3.4
屏東
NO2
05/27 3.8 4.7 4.9 5.5 5.9 4.3 5.1 5.1 5.1 4.3 3.9 3.2 3.1# 4# 4 4.6 4.2 3.9 7.1 16 16 12 9.1 9.4
屏東
NO2
05/28 6.1 3.7 4 4.2 3.6 3.5 2.9 3 4 4.3 5.5 4.2 9 4.4 2.8 2.9 4.4 3.8 5.9 6.9 4.6 4.2 3 3.8
屏東
NO2
05/29 2.3 3.3 2.2 2.1 2.4 2.3 4.9 5.6 7.2 2.6 3.9 2.5 2.4 1.7 2.3 1.8 2.9 3.1 4.2 4.8 4.3 3.9 4.6 4.2
屏東
NO2
05/30 4.8 3.8 4.5 4 4.2 5.7 5.7 6.7 6.9 6.1 6.3 8.4 10 7.1 6.8 5.8 6.3 6.2 7.3 7.7 8.5 8.1 5.3 5.2
