屏東
PM10
01/01 70 64 67 61 48 56 49 47 56 55 54 60 72 78 84 100 98 89 105 106 99 101 88 88
屏東
PM10
01/02 89 74 65 63 53 52 51 61 60 67 67 84 84 123 148 170 163 135 98 83 90 85 73 72
屏東
PM10
01/03 73 69 73 65 66 52 60 59 72 80 69 56 56 58 69 39 61 73 88 112 95 75 64 56
屏東
PM10
01/04 69 63 75 67 61 58 52 60 68 1000# 74 87 89 86 102 87 96 103 104 102 98 86 74 77
屏東
PM10
01/05 77 69 64 71 62 62 59 61 59 55 58 43 28 30 37 52 45 36 35 30 39 25 40 62
屏東
PM10
01/06 73 80 81 84 78 74 74 83 84 94 108 109 101 94 99 78 62 75 79 72 75 82 98 94
屏東
PM10
01/07 93 84 84 75 67 63 66 86 80 98 109 115 119 138 1000# 96# 73 80 87 98 101 95 93 90
屏東
PM10
01/08 124 90 80 77 81 82 86 81 80 87 1000# 46 42 81 97 96 94 84 86 79 103 91 101 91
屏東
PM10
01/09 90 91 86 72 56 55 57 72 72 84 92 91 77 156 159 96 83 84 98 84 90 82 79 84
屏東
PM10
01/10 105 100 94 96 97 90 87 93 115 107 102 114 129 157 167 176 105 115 161 137 128 127 116 126
屏東
PM10
01/11 115 111 108 97 90 94 107 102 98 97 89 84 69 43 46 57 67 73 93 105 110 84 89 91
屏東
PM10
01/12 94 98 87 86 74 62 64 84 74 72 81 66 61 84 113 70 63 25* 32 41 49 54 59 57
屏東
PM10
01/13 61 53 56 49 55 66 67 65 73 89 93 61 57 93 88 73 76 80 95 92 100 126 139 117
屏東
PM10
01/14 119 107 96 101 89 84 86 84 84 92 95 85 84 142 126 95 74 74 83 96 78 87 77 85
屏東
PM10
01/15 110 97 88 93 77 91 84 91 112 126 128 146 121 130 140 147 128 103 86 96 98 103 112 133
屏東
PM10
01/16 134 132 121 114 109 89 77 77 80 97 73 77 81 1000# 72 84 74 62 58 62 61 65 53 61
屏東
PM10
01/17 71 42 48 53 55 43 41 54 51 63 54 53 54 62 77 81 84 77 82 79 72 77 73 64
屏東
PM10
01/18 55 56 58 64 67 68 64 67 83 111 87 107 98 1000* 112 100 91 92 85 90 83 82 83 81
屏東
PM10
01/19 89 85 84 82 85 72 68 93 89 133 84 83 77 82 109 82 67 68 74 78 78 78 69 71
屏東
PM10
01/20 63 58 52 52 40 52 52 43 46 46 32 36 25 29 39 66 71 80 123 124 131 109 142 144
屏東
PM10
01/21 131 138 127 120 123 113 97 80 75 77 77 78 70 1000# 84 69 64 77 63 82 83 75 77 66
屏東
PM10
01/22 62 60 56 59 64 58 65 67 71 70 78 76 79 174x 211x 125x 85 71 65 76 75 88 79 81
屏東
PM10
01/23 87 79 83 83 77 80 100 81 91 91 146 87 64 75 87 95 110 111 121 109 95 96 99 110
屏東
PM10
01/24 107 105 99 101 94 87 88 85 96 100 89 73 68 119x 119x 129x 95 90 99 119 92 68 73 67
屏東
PM10
01/25 75 66 73 76 78 78 74 76 74 88 69 94 76 119 123 92 113 135 97 78 90 103 107 99
屏東
PM10
01/26 92 92 105 85 82 75 78 89 97 167 463* 698x 126x 1000* 873x 184x 44* 66x 212x 214x 205x 182x 154 144
屏東
PM10
01/27 128 124 108 89 85 75 78 75 108x 225x 277x 316x 157x 301x 228x 257x 503x 107x 95x 86 69 69 71 65
屏東
PM10
01/28 76 84 68 80 71 76 76 69 80 73 68 73 67 1000# 120x 106x 81x 65 81 96 80 75 70 69
屏東
PM10
01/29 69 68 74 72 71 58 62 62 61 58 52 70 55 100 87 83 77 61 70 71 83 75 62 59
屏東
PM10
01/30 63 60 62 66 65 72 80 68 65 70 55 63 61 99 92 66 57 69 69 75 71 60 59 50
屏東
PM10
01/31 53 50 48 49 42 49 60 55 60 87 95 94 1000# 114x 79 98 90 58 64 59 69 70 51 53
屏東
PM10
監測年月：2019/02， 測站：潮州， 測項：PM10（μg/m3）
屏東
PM10
日期 00 01 02 03 04 05 06 07 08 09 10 11 12 13 14 15 16 17 18 19 20 21 22 23
屏東
PM10
02/01 55 58 58 65 65 60 64 77 94 99 103 137 125 122 136 112 89 87 100 111 112 93 82 89
屏東
PM10
02/02 93 95 103 95 98 91 87 108 116 120 121 129 99 80 94 99 93 82 97 94 118 106 115 99
屏東
PM10
02/03 83 94 86 104 68 68 66 72 51 41 43 48 47 62 54 44 38 45 42 48 46 32 27 27
屏東
PM10
02/04 32 27 22 30 28 31 28 42 33 46 40 31 31 25 27 21 27 14 15 22 18 15 16 26
屏東
PM10
02/05 64 88 86 88 84 83 84 83 65 54 56 47 30 16 19 19 15 32 67 75 81 83 78 80
屏東
PM10
02/06 86 74 80 74 77 68 119 76 44 45 41 48 1000# 44 50 60 66 70 82 82 79 81 75 67
屏東
PM10
02/07 65 47 54 46 41 41 30 36 27 34 34 23 31 27 19 28 32 30 45 53 36 33 35 30
屏東
PM10
02/08 28 32 32 33 32 38 31 40 39 35 36 41 36 37 40 42 43 48 48 52 70 58 54 44
屏東
PM10
02/09 47 52 49 50 42 41 50 54 54 57 53 41 41 62 69 59 42 50 45 53 66 64 67 64
屏東
PM10
02/10 56 52 53 53 56 60 53 58 61 73 58 63 46 67 90 82 58 48 54 51 53 62 74 73
屏東
PM10
02/11 63 65 57 69 63 86 105 102 79 110 163 91 102 90 65 99 71 68 57 63 105 97 85 82
屏東
PM10
02/12 73 77 69 63 63 60 59 68 63 84 110 101 129 133 93 70 68 57 70 71 74 73 80 64
屏東
PM10
02/13 82 69 80 79 63 64 81 78 76 89 55 43 40 60 88 60 77 61 54 20 14 16 19 22
屏東
PM10
02/14 13 24 37 64 73 72 78 81 96 69 54 45 68 45 36 36 45 49 53 51 60 57 59 75
屏東
PM10
02/15 69 65 74 67 68 65 78 86 74 61 58 52 51 58 1000# 29 15 30 26 29 25 21 11 14
屏東
PM10
02/16 21 14 19 19 24 22 21 28 28 35 27 23 26 37 28 34 31 42 44 67 82 76 76 76
屏東
PM10
02/17 74 80 71 73 73 69 69 67 69 63 54 42 80 70 79 81 56 100 70 74 73 53 62 59
屏東
PM10
02/18 57 66 61 64 67 65 75 79 72 79 68 70 73 69 61 41 33 30 23 27 31 21 25 25
屏東
PM10
02/19 18 29 27 32 21 21 28 49 42 44 38 36 37 1000# 31 24 41 29 36 41 38 30 31 52
屏東
PM10
02/20 47 27 27 28 30 28 29 48 40 33 32 30 43 35 30 35 27 24 24 27 20 29 22 29
屏東
PM10
02/21 27 25 27 27 20 25 31 46 58 36 32 56 66 120 89 32 21 23 23 28 30 32 24 27
屏東
PM10
02/22 27 14 20 27 18 21 29 46 39 50 46 42 32 57 102 71 73 76 70 50 43 51 52 63
屏東
PM10
02/23 63 60 65 53 53 60 61 64 68 73 74 85 117 92 77 79 65 61 62 71 74 70 70 90
屏東
PM10
02/24 99 91 87 84 83 80 86 105 96 85 89 111 91 77 69 67 72 65 46 43 39 42 43 50
屏東
PM10
02/25 51 51 42 41 34 35 37 30 41 43 49 54 47 42 48 46 57 72 57 88 91 80 83 81
屏東
PM10
02/26 73 77 79 71 70 71 69 82 90 71 67 80 95 90 77 63 62 69 67 79 74 69 73 73
屏東
PM10
02/27 77 88 82 83 80 76 82 82 86 75 1000# 62 88 79 99 90 96 82 73 83 85 87 87 92
屏東
PM10
02/28 97 84 77 78 66 74 86 84 79 74 58 37 25 42 43 60 51 24 28 60 72 82 72 63
屏東
PM10
監測年月：2019/03， 測站：潮州， 測項：PM10（μg/m3）
屏東
PM10
日期 00 01 02 03 04 05 06 07 08 09 10 11 12 13 14 15 16 17 18 19 20 21 22 23
屏東
PM10
03/01 56 60 60 65 65 62 76 79 78 90 102 91 62 57 73 76 68 65 76 78 68 77 70 83
屏東
PM10
03/02 83 78 73 89 80 89 90 109 101 100 90 68 53 56 42 38 25 27 28 39 37 27 26 24
屏東
PM10
03/03 21 21 14 23 18 22 29 32 28 31 36 27 32 31 42 105 54 29 30 23 30 34 35 31
屏東
PM10
03/04 34 34 34 38 37 35 44 46 47 52 65 41 37 1000# 36 52 37 40 37 47 51 44 31 26
屏東
PM10
03/05 42 40 39 49 52 46 42 48 61 43 57 58 38 44 26 27 32 33 40 32 24 34 27 28
屏東
PM10
03/06 25 23 29 39 55 67 72 72 76 64 42 58 61 44 45 39 32 38 59 76 66 64 51 50
屏東
PM10
03/07 54 59 53 62 59 61 63 60 65 67 92 94 89 81 63 40 26 15 33 28 35 32 33 45
屏東
PM10
03/08 39 39 28 29 35 32 38 43 54 41 52 56 42 27 16 12 28 34 39 42 45 48 84 77
屏東
PM10
03/09 82 72 73 64 57 53 67 69 76 71 61 49 32 25 28 26 21 28 37 21 25 23 29 31
屏東
PM10
03/10 28 31 28 23 19 12 10 14 22 18 20 24 31 22 22 24 51 31 42 34 31 20 22 19
屏東
PM10
03/11 27 32 30 29 29 35 36 36 21 31 24 27 1000# 50 52 51 52 48 49 51 40 51 66 70
屏東
PM10
03/12 71 62 50 54 63 66 64 71 70 88 78 82 74 71 56 55 54 49 50 55 60 48 54 46
屏東
PM10
03/13 52 38 36 44 48 37 57 56 61 50 49 55 84 67 63 61 61 32* 53 48 42 42 36 44
屏東
PM10
03/14 43 50 49 50 49 49 49 74 59 69 73 70 85 82 97 89 74 66 68 75 78 74 82 89
屏東
PM10
03/15 109 100 116 116 102 99 92 87 95 90 97 85 91 156 71 77 75 90 84 93 83 77 78 78
屏東
PM10
03/16 85 80 84 84 72 80 74 75 78 85 68 32* 32 39 42 50 56 61 63 45 44 48 49 55
屏東
PM10
03/17 48 56 47 45 50 51 58 52 58 58 60 52 50 49 49 51 50 57 58 71 67 66 77 74
屏東
PM10
03/18 70 66 70 64 61 63 72 74 69 62 61 49 73 83 91 76 54 47 56 57 76 75 75 83
屏東
PM10
03/19 80 67 72 67 63 74 61 71 76 90 67 70 69 62 153 104 81 67 83 89 106 84 65 65
屏東
PM10
03/20 62 62 56 58 63 57 66 64 114 98 105 85 86 45 55 37 32 31 29 34 27 25 29 26
屏東
PM10
03/21 26 16 20 14 22 28 32 30 34 33 35 50 68 53 61 29 40 41 32 38 43 39 35 44
屏東
PM10
03/22 43 28 33 30 33 28 31 34 38 44 30 1000# 1000# 99x 93x 122x 104x 128x 71 48 51 56 54 51
屏東
PM10
03/23 80 82 72 82 85 83 90 93 105 104 132 114 87 64 54 50 29 33 41 61 54 63 62 58
屏東
PM10
03/24 49 45 47 50 39 38 48 44 42 64 81 70 65 50 44 42 42 45 41 48 41 40 29 33
屏東
PM10
03/25 30 28 24 28 26 28 32 32 56 54 50 69 43 181 95 89 51 61 46 60 57 51 55 58
屏東
PM10
03/26 51 24 36 33 36 39 45 55 96 84 125 120 94 55 74 55 63 79 57 59 57 69 54 50
屏東
PM10
03/27 42 49 64 64 70 72 70 73 71 59 66 63 94 71 82 52 48 62 42 27 31 30 27 28
屏東
PM10
03/28 32 34 34 35 36 34 39 29 39 64 53 55 1000# 21 49 42 63 31 42 42 41 37 30 40
屏東
PM10
03/29 28 29 33 32 33 35 40 42 40 33 45 62 58 60 58 48 58 48 49 42 44 42 44 45
屏東
PM10
03/30 50 44 31 24 32 33 35 38 38 44 35 32 33 35 35 38 42 45 50 40 37 38 44 42
屏東
PM10
03/31 43 38 34 35 38 43 45 58 50 50 57 53 54 44 80 101 125 76 58 48 43 46 68 101
屏東
PM10
監測年月：2019/04， 測站：潮州， 測項：PM10（μg/m3）
屏東
PM10
日期 00 01 02 03 04 05 06 07 08 09 10 11 12 13 14 15 16 17 18 19 20 21 22 23
屏東
PM10
04/01 92 86 86 87 78 83 79 90 87 93 110 85 107 85 154 109 75 84 61 73 58 60 69 68
屏東
PM10
04/02 71 70 62 68 63 65 72 79 87 69 70 123 70 60 53 51 46 45 50 49 45 46 51 51
屏東
PM10
04/03 39 46 45 43 36 41 42 78 68 71 119 1000# 57 42 51 35 48 50 89 58 60 55 65 67
屏東
PM10
04/04 77 74 63 66 62 66 63 77 87 72 71 93 92 81 69 62 52 47 51 43 51 63 60 60
屏東
PM10
04/05 67 62 69 76 71 68 70 72 63 68 64 49 76 76 66 72 55 56 60 70 78 80 80 79
屏東
PM10
04/06 70 67 73 76 71 76 72 87 88 59 56 48 47 35 46 50 44 53 42 59 59 51 50 54
屏東
PM10
04/07 56 64 58 48 44 48 46 58 59 52 52 52 54 46 52 59 61 63 65 69 88 75 76 77
屏東
PM10
04/08 70 59 53 52 48 47 59 61 79 73 79 63 1000# 61# 60 56 44 50 48 49 62 60 63 67
屏東
PM10
04/09 53 48 52 52 45 48 55 59 51 42 41 32 41 34 59 24 25 28 30 32 31 27 27 20
屏東
PM10
04/10 20 15 19 21 17 21 23 32 34 42 45 69 62 56 51 27 73 72 45 31 37 40 39 28
屏東
PM10
04/11 29 19 25 24 31 28 27 32 31 30 34 39 46 47 43 40 46 45 44 49 39 43 41 40
屏東
PM10
04/12 56 44 50 65 66 57 62 63 75 48 40 39 40 37 48 55 65 45 35 21 35 61 74 76
屏東
PM10
04/13 79 72 74 65 68 61 65 57 79 87 84 53 68 81 65 59 68 57 54 77 84 73 69 54
屏東
PM10
04/14 57 56 58 52 58 55 71 66 67 59 68 78 96 106 51 37 39 51 80 62 63 57 41 42
屏東
PM10
04/15 48 39 56 54 69 60 68 69 76 72 67 73 77 64 45 61 58 59 60 61 65 64 55 46
屏東
PM10
04/16 48 39 42 38 51 46 64 94 96 59 24* 25 21 27 21 30 36 55 65 51 51 52 55 52
屏東
PM10
04/17 44 46 42 51 45 51 56 56 60 49 48 47 59 36 38 40 47 47 38 42 46 51 52 46
屏東
PM10
04/18 29 37 34 32 40 42 43 45 44 44 1000# 32 34 27 36 73 28 42 35 43 43 43 40 31
屏東
PM10
04/19 36 27 24 31 32 42 13 12 12 28 20 22 24 20 20 23 7 11 24 25 33 27 23 20
屏東
PM10
04/20 12 19 20 20 19 24 25 21 43 30 20 15 12 20 20 22 22 30 43 55 55 63 38 28
屏東
PM10
04/21 29 25 27 19 29 41 43 39 27 29 17 23 24 35 32 19* 21 29 32 32 35 35 34 37
屏東
PM10
04/22 35 39 36 37 31 36 37 39 38 47 42 46 36 34 39 35 29 38 36 37 34 33 26 32
屏東
PM10
04/23 33 31 31 32 39 33 37 39 39 38 34 30 1000# 38 45 39 36 35 27 24 22 28 27 25
屏東
PM10
04/24 28 28 37 30 35 39 55 45 51 46 50 50 47 36 35 41 45 35 42 31 29 34 35 33
屏東
PM10
04/25 36 32 29 34 33 29 36 34 40 36 30 42 31 35 28 34 31 29 27 27 32 40 45 32
屏東
PM10
04/26 16 23 20 24 21 30 22 32 39 46 43 42 44 36 32 27 37 38 37 38 34 32 29 33
屏東
PM10
04/27 39 36 40 40 37 37 44 40 44 58 60 49 49 44 63 59 88 79 71 69 60 65 71 76
屏東
PM10
04/28 49 44 44 59 57 55 63 58 40 39 47 56 61 31 28 33 35 39 35 40 44 47 40 32
屏東
PM10
04/29 29 31 28 29 32 35 41 31 28 34 21 21 1000# 18 20 26 23 17 25 29 22 25 29 21
屏東
PM10
04/30 31 27 30 27 29 34 32 33 23 26 20 24 24 26 34 33 32 35 39 29 35 35 38 38
屏東
PM10
監測年月：2019/05， 測站：潮州， 測項：PM10（μg/m3）
屏東
PM10
日期 00 01 02 03 04 05 06 07 08 09 10 11 12 13 14 15 16 17 18 19 20 21 22 23
屏東
PM10
05/01 38 26 37 21 23 26 25 25 29 24 29 21 21 21 8 28 28 26 27 31 32 22 14 23
屏東
PM10
05/02 20 26 26 28 14 18 15 22 26 29 33 48 44 39 1000# 35 28 29 36 51 53 56 47 49
屏東
PM10
05/03 63 55 61 57 61 62 58 56 44 47 61 55 55 59 49 21 19 22 32 42 39 45 36 31
屏東
PM10
05/04 30 33 24 22 21 21 22 25 23 24 22 27 32 39 38 43 45 44 45 39 39 56 45 37
屏東
PM10
05/05 26 33 37 41 40 40 44 31 29 21 25 26 49 63 62 71 82 78 91 75 66 63 58 59
屏東
PM10
05/06 65 51 58 56 51 51 53 47 47 46 46 37 9* 17 10 18 13 12 15 14 10 6 9 14
屏東
PM10
05/07 22 21 17 19 26 27 23 24 21 26 39 33 40 45 59 85 67 73 71 31* 34 31 23 22
屏東
PM10
05/08 18 20 22 26 22 25 25 21 18 18 20 16 17 44 59 59 55 58 54 59 64 63 59 55
屏東
PM10
05/09 58 49 55 51 53 51 59 53 52 52 43 1000# 31 31 25 22 27 32 35 58 57 57 65 68
屏東
PM10
05/10 73 72 60 61 70 77 59 61 59 57 66 74 66 103 75 78 63 44 43 41 46 43 42 44
屏東
PM10
05/11 50 55 48 48 49 46 47 49 51 39 26 41 60 46 62 54 55 53 57 1000* 56 65 62 61
屏東
PM10
05/12 41 47 52 49 53 61 66 58 64 75 74 54 51 39 36 37 39 43 43 52 62 73 72 59
屏東
PM10
05/13 60 53 53 53 44 51 65 65 50 36 40 70 1000# 57 55 50 41 32 44 34 42 41 41 41
屏東
PM10
05/14 47 37 44 32 42 38 38 42 39 33 31 33 41 49 45 50 52 39 22 26 25 36 29 34
屏東
PM10
05/15 30 29 31 34 33 35 36 41 38 40 41 27 24 20 28 25 38 25 26 22 22 23 25 22
屏東
PM10
05/16 27 32 37 40 33 32 30 28 17 27 27 37 25 34 26 23 25 28 31 30 32 29 24 36
屏東
PM10
05/17 34 31 34 31 34 31 36 40 33 26 24 25 26 30 34 27 28 32 22 30 30 32 29 34
屏東
PM10
05/18 41 32 33 34 37 24 32 21 20 27 29 27 32 26 22 23 27 29 32 32 25 19 32 26
屏東
PM10
05/19 28 30 39 34 40 34 39 49 34 26 39 27 25 27 24 26 28 27 30 35 38 42 32 34
屏東
PM10
05/20 46 40 42 39 44 36 36 40 32 34 32 16 1000# 8 14 22 12 10 9 10 11 13 15 17
屏東
PM10
05/21 29 21 25 25 20 26 22 26 31 36 39 22 19 21 30 24 16 19 24 24 31 32 40 39
屏東
PM10
05/22 39 37 35 39 40 41 44 55 52 53 52 54 53 56 57 47 56 43 47 42 40 48 53 45
屏東
PM10
05/23 43 50 54 58 64 61 66 70 65 54 42 56 69 41 31 36 27 19 17 32 29 40 33 32
屏東
PM10
05/24 43 43 35 36 39 42 43 39 42 46 49 57 51 1000# 31 23 22 14* 15 12 16 17 17 21
屏東
PM10
05/25 34 31 33 32 29 31 37 29 27 26 24 30 42 36 44 49 47 49 49 30 28 29 33 44
屏東
PM10
05/26 41 35 45 41 39 38 46 44 48 38 40 37 31 34 31 30 36 30 33 33 31 41 27 11
屏東
PM10
05/27 23 14 18 31 31 29 23 33 50 19 9 8 12 1000# 17 16 15 16 50 50 61 53 39 39
屏東
PM10
05/28 33 26 26 24 21 24 34 20 20 23 18 23 30 17 19 29 21 24 24 26 26 32 24 27
屏東
PM10
05/29 23 33 33 28 35 31 37 37 32 14 21 13 16 13 9 9 13 14 22 25 27 28 32 34
屏東
PM10
05/30 28 32 35 34 30 35 34 38 44 43 47 63 66 55 45 33 38 31 35 42 45 55 47 41