蔼动
SO2
01/01 5.2 7.6 5 3 4.1 6.4 7.8 6 3.6 3.8 5.6 6.3 6.2 4.9 6.6 6.7 4.9 4 4 3.3 4.5 4.3 4.3 5.2
蔼动
SO2
01/02 6.1 6.6 7.3 6.9 7.2 4.4 3.6 4.1 8.8 6.9 6.8 7.5 7 6.2 5.1 4.3 4 3.9 3.6 3.9 4.5 4.8 4.6 4.9
蔼动
SO2
01/03 4.9 3.1 3.6 4.7 5.2 6.2 3.9 4.4 4 3.3 4.1 3.9 2.9 2.2 2.2 2.2# 2.2 3.5 3.1 3.2 2.7 3.4 3.5 3.2
蔼动
SO2
01/04 3.1 3.5 3.3 3.1 3.4 5.5 5.7 5.7 5.8 6.6 4.8 3.3 3.5 3.2 3.6 3.5 2.9 2.7 2.5 2.6 3.2 5.3 6 4.3
蔼动
SO2
01/05 2.6 2.3 2.1 2 1.9 2 2.3 3.4 3.2 4.2 6 5 6.7 4.8 4.5 3.6 3.4 3.2 3.1 2.9 3.4 4.2 3.8 3.4
蔼动
SO2
01/06 3.7 5.7 6.1 3.6 4.7 4.5 2.8 4 3.5 4.2 4.1 3.2 3 3.4 3.6 3.6 3.8 2.9 2.7 2.9 3 3.3 4 5.5
蔼动
SO2
01/07 5.6 4 3.6 4.6 4.7 3.6 3.6 4.6 5.8 6.6 6.9 6.7 5.2 5.4 6.1 4.8 3.8 3.8 5.7 4.6 3.8 4.2 3.6 4.5
蔼动
SO2
01/08 4.2 5.4 4.8 3.6 4 3.1 3.2 4.4 3.8 3.3 4.3 4.6 3.8 4.1 4.2 4.9 3.4 4.1 4.7 3.9 2.4 3.3 4.7 3.3
蔼动
SO2
01/09 2.9 2.8 2.5 2.7 2.6 2.7 2.5 3.2 4.1 4.9 5.6 7.1 6.4 7.1 5.5 4.4 3.9 2.9 3 2.8 3 2.6 2.7 2.5
蔼动
SO2
01/10 2.6 4.8 5.3 5.6 4 5.5 5.8 5.6 5.6 15 19 7.2 5.8 4.2 4.4 4 3.1 3.4 3.7 5.2 5.6 5.3 8.2 7
蔼动
SO2
01/11 5.8 6.2 3.3 2.7 2.7 4.7 6.6 5.6 5.3 4.3 3.9# 5# 4.8 5.2 5.2 4.1 3.5 2.8 3.5 3.2 3.7 5.1 4.4 3.6
蔼动
SO2
01/12 2.7 2.6 2.6 2.4 2.9 2.9 3.3 4.2 3.3 4 3.4 6.1 5.6 3.6 4 4.2 3.7 2.6 2.9 2.9 3 2.8 2.6 2.6
蔼动
SO2
01/13 4.1 5.5 4 4.3 4.5 4.9 4.7 4 4.1 4.3 4.4 4.6 5.1 4.5 4.4 4.3 4.3 3.3 3.2 4 3.9 3.6 3.5 3.5
蔼动
SO2
01/14 4.8 9.8 8.2 4.1 3.2 4.7 7.3 8.5 8.5 7.1 8.7 19 6.1 4.1 4 4.3 4.1 4.3 3.7 3.9 4.5 6.1 7.8 9.8
蔼动
SO2
01/15 9.3 7.6 6.9 5.1 7.3 6.3 4.6 6.6 9.3 7.7 7.2 6.3 8 5.4 4.8 3.9 4.4 3.7 3 2.1 3.1 3.3 1.9 1.8
蔼动
SO2
01/16 2 3.6 4.2 2.8 2 1.9 1.6 1.9 1.9 3.3 3 2.3 2.2 2 2 1.9 2.1 2.3 3 2.4 2.2 2.2 2.3 3.1
蔼动
SO2
01/17 2 1.5 2.9 2.4 1.2 1.1 1.4 2.8 2.4 1.6 1.6 1.6 1.5 1.8 2 1.9 2 1.9 2 1.8 2.1 2.2 2 1.5
蔼动
SO2
01/18 1.1 2.3 2.6 2.9 3.3 3.9 3.3 4.5 3.5 3.7 4.3 3.4 3.3 3.4 4.3 3.6 3.3 3.2 3.2 2.9 2.6 3.8 4.9 5.2
蔼动
SO2
01/19 4.4 3.1 2.7 2.6 2.6 2.8 5.4 5.5 6.2 6 4.8 2.9 2.3 2.9 3.6 4.5 3.9 2.9 2.6 2.5 2.1 1.8 1.9 2
蔼动
SO2
01/20 1 2 1.9 2.1 2.2 2.3 2.5 2.9 4.1 3.7 4.1 4.8 4.8 3.8 3.2 4.7 5.3 5.1 4.8 4.3 4.3 3.8 3.5 3.7
蔼动
SO2
01/21 3.4 5.1 3.9 2.4 2.4 2.3 2.2 2.5 2.6 2.3 4.1 2.9 2.7 3.1 2.7 3.5 3.4 3 2.8 2.6 2.6 2.6 3 3.2
蔼动
SO2
01/22 2.8 1.7 1.5 1.5 1.6 1.4 1.2 1.2 1.6 2.4 1.9 2.2 2 2.2 2.9 2.9 2.1 2.2 2.3 2.6 2.5 2.6 2.5 2.2
蔼动
SO2
01/23 3 4.8 2.9 2.6 2.8 6 6.2 9.1 5.3 3 2.8 3 4 5.6 5.2 3.6 3.4 3.1 3.1 3.1 3 5.1 4.7 4.1
蔼动
SO2
01/24 5.1 7 4.4 4.4 5.4 8.3 8.5 11 11 6.2 5.7 4.5 4.9 5.1 4.3# 3.7# 3.8 3.9 4.5 4.4 4.3 3.8 4 6.9
蔼动
SO2
01/25 4.6 3.6 3.3 5 8.6 9.1 4.8 6.7 3.9 4.7 3 3 4.5 3.7 3.8 3.7 4.5 2.9 3.1 4 4.3 5.3 5.1 5.5
蔼动
SO2
01/26 6.4 6.2 6 3 5.3 5.2 2.8 3.9 5.9 5.5 3.4 3.4 3.7 3.7 3.5 3.5 3.5 3.1 3.1 3.5 3.5 3.4 3.6 3.6
蔼动
SO2
01/27 2.8 3.5 4.2 4.6 4.5 4.2 5.4 5.7 5.9 7.3 10 16 12 4.5 4.1 4.5 4.5 4.6 4.4 3.7 3.3 3.5 3.7 6.1
蔼动
SO2
01/28 5.3 3.7 3.9 3.6 3.4 4 5 6.3 8 5.5 5.3 5 4.3 5.2 5.4 4.4 3.8 3.7 3.5 3.9 3.4 3.9 4.8 4.8
蔼动
SO2
01/29 4.1 2.3 2 2.5 2.6 2.1 2 2.5 2.9 4.1 4.5 5 NA 1.9# 3.2# 2.9# 3 2.5 2 2.2 2.9 3.8 5.2 5.9
蔼动
SO2
01/30 3.4 2.5 2.5 2.2 2.1 1.9 2.1 2.8 3.1 3.8 2.8 3.6 3.8 0.3# 2.7# 2.3 2.8 3.2 2.6 2.8 2.6 2.8 2.5 3.1
蔼动
SO2
01/31 2.7 2.2 2.2 2.1 2 1.8 2 2.9 2.6 3.1 3.1 3.5 4 4.6 4.8 4.6 2.8 5.8 3.5 2.6 3.5 3.7 4.2 4.6
蔼动
SO2
菏代~るG2019/02A 代浮Gp翠A 代兜GSO2]ppb^
蔼动
SO2
ら戳 00 01 02 03 04 05 06 07 08 09 10 11 12 13 14 15 16 17 18 19 20 21 22 23
蔼动
SO2
02/01 5 4.1 4 4 3.4 3.3 3.7 3.2 3.7 3.7 4.2 4 3.3 3.7 3.8 3.7 3.3 3.4 3.5 4 4 3.1 3.4 5.2
蔼动
SO2
02/02 5.2 3 3.1 3.9 8.3 7.2 7.2 6.3 5.7 7.4 6.5 5.2 5.6 6.2 4.6 3.9 3.7 3.2 2.9 2.4 2.9 3.3 4.9 4.5
蔼动
SO2
02/03 3.7 1.4 1.4 2.2 1.6 2.2 1.8 2.4 2.3 6.6 10 8.3 9.3 5.9 2 1.7 1.8 1.4 1.4 1.4 1.4 1.5 2.5 1.3
蔼动
SO2
02/04 1.4 3.4 3.2 2.3 2.2 2.1 2.9 4.1 2.7 2.8 3.7 6.9 4.3 5.1 5.3 4.6 6.5 7.8 3.3 2.2 2.6 2.8 2.8 2.5
蔼动
SO2
02/05 2.8 5.7 5.4 4.9 2.7 2 1.9 2 1.9 2.8 3.3 3.5 2.4 2.8 3.6 3.3 3.6 2.9 2 2.5 3.4 2.3 2.2 2
蔼动
SO2
02/06 2.9 2.3 2.2 1.6 3.1 1.8 1.5 1.7 2 2.3 2.9 5.9 3 2.5 2.1# 2.6 2.4 2.1 2.1 1.9 1.5 1.6 2 2
蔼动
SO2
02/07 1.3 2.7 2.3 3.1 3.7 3.7 5 3.2 3.1 2.9 2.8 3.3 2.6 2.4 3.3 3.4 2.9 3.1 3.4 2.6 2.4 3.1 2.8 3.6
蔼动
SO2
02/08 3.6 3.7 2.8 4.5 3.2 4.7 2.7 4.1 4.7 4.1 4.1 4.5 5 5 4.6 4.5 3.8 3.5 3.1 3.1 2.7 3.9 5.2 3.4
蔼动
SO2
02/09 5.4 4.4 5.2 2.9 2 1.9 1.7 2 2.2 2.3 2.4 4.1 3.8 2.9 3.7 2.9 2.7 2.3 2.8 2.3 2.8 2.8 3 3.4
蔼动
SO2
02/10 2.6 3.8 3.6 2.6 2.3 3.8 3.6 2.9 3.4 5.2 4.6 3.5 3.8 3.9 3.8 3.7 3.2 3.5 3.4 3 3.3 3.1 2.8 3.4
蔼动
SO2
02/11 3.8 6.2 4.7 5 3.8 3.2 3.3 3.3 3.7 4.2 5.5 6.6 4.7 4 3.6 3.3 3.9 3.3 2.9 3 3.4 4.1 4.2 4
蔼动
SO2
02/12 4.6 4.7 4.5 6 2.5 2.7 3.4 3.2 3.8 3.6 2.7 4.4 3.6 3.8 3.6 3.2 3.6 2.8 2.7 3.2 6.2 4.8 4.3 4.7
蔼动
SO2
02/13 7.2 6.2 5.4 4.2 3.6 3.7 4.8 7.4 7 3.8 3.3# 5.1 3.9 3.8# 4.7# 3.4 4.3 3.4 3.2 3.6 2.9 2.8 3.1 3.1
蔼动
SO2
02/14 3.4 2.6 3.7 5.8 3.8 4.9 6.8 3.8 5.2 5 2.9 2.8 3.4 3.4 3.8 3.2 2.9 1.8 1.9 2 2.4 2.4 2.5 2.5
蔼动
SO2
02/15 1.7 2.1 2.7 3.3 3.6 4.4 4.5 5.4 3.4 3.5 5.1 3.8 2.9 2.6 2.5 2.5 404# 2 2.1 1.8 1.7 2.3 3.6 2.9
蔼动
SO2
02/16 1.6 8.4 2.8 2.6 3.9 2.1 4.1 5.1 3.7 3.6 4.5 4.8 4.8 3.8 2.8 2.3 2.1 2.1 1.8 2.3 3.1 4.6 4.3 2.9
蔼动
SO2
02/17 3.7 2.9 3.4 3.4 3.5 2.8 3.6 4.5 4.4 3.6 3.2 3.4 3.5 3.1 3 3.1 3.3 2.7 2.3 2.5 2.5 2.3 2.5 2.5
蔼动
SO2
02/18 3.1 3.6 3.8 4.2 3.1 2.9 2.5 3.9 5.2 4.6 7.1 5.4 4.6 4.3 3.6 3 7.6 9.9 11 13 13 12 9.8 2.9
蔼动
SO2
02/19 2.4 2.3 2.4 2.4 2.4 2.7 3.5 6.3 4.7 7.2 7.6 5.8 2.9 2.6 2.9 3 2.4 1.9 1.8 2 2.5 2.6 3 2.7
蔼动
SO2
02/20 2.9 2.5 2.4 3.2 2.7 1.9 1.9 2.6 3# NA -0.5# 2.1# 2.1 1.4 3.3# 1.9 1.6 1.4 1.2 1.2 0.9 1.8 1.4 2.6
蔼动
SO2
02/21 3.2 3 3.8 2.9 2.6 2.4 2.2 6.8 5.8 2.9 1.7 2.5 2.5 2.2 2.1 1.5 1.4 1.9 1.1 2.2 2.2 1.6 1.1 0.7
蔼动
SO2
02/22 3.9 3.6 2.7 2.6 5.1 3.6 4.2 3.9 3 3.2 2.7 2.4 2.6 3 2.5 2.3 1.7 1.6 1.4 1.1 1.5 1.2 1 0.8
蔼动
SO2
02/23 2 4.1 2.9 2.5 2.4 2.9 4.9 3.4 2.4 9.5 11# 2.9 2.2 2.7 2.3 2.3 2.5 2.3 1.8 2 2.3 2.6 2.8 5.8
蔼动
SO2
02/24 8.9 6.6 7.7 8 5.2 4 3.1 3.3 5.1 4 6.4 3 2.2 4.3 4.4 2.3 1.1 0.7 0.8 1.9 -0.1 0.4 1.1 0.3
蔼动
SO2
02/25 2.1 1.1 1.1 0.9 0.8 1.7 1.8 1.3 1.3 1.5 1.4 1.8 1.4 1.1 1.7 1.7 1.5 1.6 0.9 0.8 0.6 0.1 0 0.4
蔼动
SO2
02/26 2.1 2.8 3.4 4.9 2.3 3.3 2.5 3.1 5 3.7 2.9 3.1 2.7 2.4 1.5 1.2 1.6 1.4 2.3 1 0.9 0.6 0.8 1.1
蔼动
SO2
02/27 2.9 2.8 4.4 3.4 4.4 5.4 4.5 4.9 2.9 2.5 2.8 2.7 4.3 3.4 2.1 2 1.7 1.7 2.2 1.5 1.6 2 1.6 3.8
蔼动
SO2
02/28 3.7 5.3 3.6 5.5 3 4 3.1 3.2 3.3 3.2 3.6 3.9 3.1 3.7 3.8 3.2 2.6 2.3 2.2 2.1 2.2 1.8 1.6 1.6
蔼动
SO2
菏代~るG2019/03A 代浮Gp翠A 代兜GSO2]ppb^
蔼动
SO2
ら戳 00 01 02 03 04 05 06 07 08 09 10 11 12 13 14 15 16 17 18 19 20 21 22 23
蔼动
SO2
03/01 1.8 3.6 3.6 4.7 2.6 3.7 2.4 2.5 5.1 9.1 6.4 5.4 3.3 2.3 1.1 1.2 1.2 0.4 0.5 0.4 2.3 2.1 0.4 0.4
蔼动
SO2
03/02 3.1 2.4 1.5 1.5 2.2 1.6 2.8 1.9 1.8 5.4 14 7.3 6.3 4 3.7 3.2 1.5 1.1 1.3 0.5 0.4 0.4 1.2 2.5
蔼动
SO2
03/03 4.2 3.6 3.2 3.3 6.3 8.6 13 5.1 3.1 3.5 4.8 2.1 1.7 1.8 1.6 1.2 1.6 1.3 1.3 1.5 1.1 1.8 5.1 2.2
蔼动
SO2
03/04 2.5 3.6 3 3.2 3.2 3.1 3.2 5 5.9 14 9 4.2 3.1 3.2 3.5 3.1 2.8 2.5 2.8 2.4 1.9 2.4 2.5 2.8
蔼动
SO2
03/05 2.6 2.9 5.2 2.9 2.5 2.2 2.1 2.7 6.3 12 22 14 20 22 16 15 21 22 17 22 21 12 18 16
蔼动
SO2
03/06 2.9 2 2.6 1.6 3.2 3.1 2.4 1.6 1.7 1.3 1.8 3.3 1.5 1.6 1.8 2.7 2 1.7 1.6 0.7 0.8 2.2 1.4 1.2
蔼动
SO2
03/07 1.3 3.1 2.5 3.1 5.3 3.1 2.9 3.4 2.6 3.5 2.9 2.2 2.1 2 1.8 1.7 2 2.4 2.2 1.7 2.1 1.9 1.8 1.6
蔼动
SO2
03/08 1.7 2.2 2.4 2.9 2.8 2.7 2.6 2 3.5 2.9 2.3# 2.6 1.3 1.5 1.4 1.8 2.7 2.6 3.2 3.5 2.3 2.3 2 3.3
蔼动
SO2
03/09 2 2.5 2.8 1.8 1.7 1.7 2.2 3.6 9.6 7.2 8.6 18 23 19 5.3 4.2 5.4 1.8 1.6 1.3 1.5 1.9 1.7 2.2
蔼动
SO2
03/10 2.4 3.5 2.9 3.5 2.4 2.3 2 2.7 3.4 3.3 4.1 3.1 2.6 2.7 2.6 2.6 2.7 2.6 2.3 2.1 2 2 2.2 2.1
蔼动
SO2
03/11 2.2 1.3 1.4 1.3 2 2.5 0.9 1.2 1 2.5 6.2 6.4 2.6 2.4 2 2.3 2.2 3.2 4.8 3.3 4.1 3.8 2.8 3.2
蔼动
SO2
03/12 3.7 3.8 3.1 3.9 3.2 2.9 3.1 6.3 6.1 7.1 3.3 3.6 3.3 3.4 3 3 2.9 3.7 4.6 2.4 3.2 4.2 4.2 3.5
蔼动
SO2
03/13 3.7 2.9 3.7 4.4 4 2.4 2.3 3.9 4.9 4.4 3.7 4.1 4.2 4.8 4.3 3.6 3.7 3.4 2.9 3.4 4.9 4.2 4.1 5.5
蔼动
SO2
03/14 5.4 4 3.5 2.7 2.6 4.4 4.2 9.8 13 6 3.9 5.2 4.2 3.9 4.2 4.5 4.1 4.2 3.6 3.5 5.1 4.8 4.7 4.3
蔼动
SO2
03/15 3.6 1.4 1.8 1.6 2.4 1.4 2.2 3.1 1.4 2.4 1.8 1.9 2 2.1# 1.9# 2.9# 2.9 3 2.4 2.2 2.4 2.5 2.9 5.1
蔼动
SO2
03/16 3.7 3.6 2.9 2 2 1.6 1.6 3.9 4.2 3 2.1 2 2.8 3.2 3 3.2 2.2 2 1.7 1.9 1.9 1.5 2.2 2.8
蔼动
SO2
03/17 2.6 4.6 3.1 3.3 4 3.8 3.7 3.3 3.4 3.8 6.2 8.8 4.7 3.8 3.7 3.6 3.5 3.7 3.9 3.8 3 4.8 5 6.8
蔼动
SO2
03/18 5 4.1 4.2 5.7 3.8 3.3 4.1 5.3 4.2 3.4 5.2 6.8 4.6 4.1 4.5 4.5 3.9 2.8 3.4 3.6 4.3 6.2 4.3 4.4
蔼动
SO2
03/19 3.9 4.5 3.4 2.9 2.8 2.4 3.1 5 4 3.6 3.3 6.6 6.1 7.3 5.4 6 5.2 4.3 3.6 3.4 2.9 2.8 2.7 2.7
蔼动
SO2
03/20 2.4 3.8 4.2 3.9 2.9 2.7 3.8 5.1 4.7 4 3.7 3.9 4.1 4.3 4.1 3.1 2.7 2.7 4.8 3.5 5.5 16 24 6.3
蔼动
SO2
03/21 3.4 7.8 4.2 2.3 1.9 1.7 3.9 3 2.4 5.3 7.1 5.7 5.5 3.6# 3.2 2.5 3 3 2.9 2.9 2.3 3.1 2.7 2.6
蔼动
SO2
03/22 3.5 2.9 2.7 2.7 3 5.5 5.2 4.2 3.6 4.4 3# 2.8 2.9 2.5 3.3 3.4 3.1 3 2.4 3.5 3.6 3.6 3.6 3.6
蔼动
SO2
03/23 3.3 6.2 6.6 6.9 6.7 4 4.6 4.9 3.7 4.5 5.6 3.6 2.9 2.9 2.7 2.8 3 3.6 4.3 4.3 3.6 3.3 3.2 2.9
蔼动
SO2
03/24 2.2 1.4 1.9 1.4 1.5 2.4 2.3 3.7 4.9 2.4 2.4 2.5 2.4 2.3 2.4 2 1.6 1.8 1.7 1.8 1.6 3.1 3.3 3.2
蔼动
SO2
03/25 1.7 3 3.1 3.2 3 2.7 3.7 5 4.6 4.2 5.8 4.6 4.4 4.4 3.9 4.3 4.4 4.4 3.9 4.5 4 4.6 6 5.7
蔼动
SO2
03/26 5 4.8 4.5 4.2 3.4 4.4 4.9 5.4 3.5 3.3 3.5 4.2 3.4 3.7 4.5 4.3 3.6 3.6 3.6 3.5 3.1 4.5 3.9 4.2
蔼动
SO2
03/27 4.2 4.2 4.9 6.4 6.8 6.6 5.4 4.9 4.1 4 6.4 8.7 8.2 5.8 4.3 3.9 4 2.8 3.1 9.8 11 16 17 7
蔼动
SO2
03/28 2.8 1.5 2 2.6 4 3.1 2.9 2.4 2.7 6.8 3.3 1.8 1.6 2.3 2.9 3 2.6 2.8 2.5 2 3.2 3.1 2.5 2.4
蔼动
SO2
03/29 2.1 2.1 2.3 2.3 2.3 2.5 2.4 2.6 3.1 3 2.6 2.1 1.9 2.3 2.7 2.7 2.8 2.4 2.3 2.8 2.4 2.8 2.7 2.3
蔼动
SO2
03/30 2 2.6 2.4 2.4 1.9 2.8 3.8 2.9 2.8 3.9 3.6 5.1 4.7 3.2 3.6 2.7 2.6 2.5 2.4 2.4 3.2 3.5 3.3 2.7
蔼动
SO2
03/31 2.3 4.7 4.8 5.3 4.5 6.3 4.2 4.1 4.1 7.4 7.6 8.4 5.6 5.4 5 4.7 3.6 3.3 3.7 3.5 3.5 3.6 4.3 4.3
蔼动
SO2
菏代~るG2019/04A 代浮Gp翠A 代兜GSO2]ppb^
蔼动
SO2
ら戳 00 01 02 03 04 05 06 07 08 09 10 11 12 13 14 15 16 17 18 19 20 21 22 23
蔼动
SO2
04/01 4.7 5.3 5.3 4.2 4.4 4.2 3.9 3.4 4.4 3.6 3.9 3.8 3.5 2.8 3.7 3.7 4.1 4.4 3.9 2.6 3.3 4.9 4.4 4.3
蔼动
SO2
04/02 3.7 2.8 2.9 4 4.8 5.5 3.5 4.6 4.7 4.6 2.8 2.3 2.2 2.4 2.9 3.8 3.4 2.9 2.7 2.5 2.5 2.7 3.2 3.3
蔼动
SO2
04/03 2.8 3.9 4.3 4.1 5.2 4.8 5.7 6.7 3.6 2.9 2.7 2.8 2.7 3.1 3.7# 3.4 2.1# 1.8 1.8 2.3 3.2 3 3.2 2
蔼动
SO2
04/04 2.3 3.3 3.6 2.3 3.4 3.3 2.4 3.2 4 3.5 2.7 2 2.2 3 3.4 2.7 2.8 2.7 2.2 1.6 1.7 2 2.9 3.4
蔼动
SO2
04/05 1.1 3.8 3 3.8 2.7 3.2 2.6 3.5 3.3 3.1# 3.3 4.5 3.4 3.7 2.9 2.7 2.8 3.1 2.8 2.6 2.7 2.8 3 3.1
蔼动
SO2
04/06 3.3 3 2.9 3.3 3.4 4 6.1 5.1 4 4 3.5 4.2 3.7 3 3.1 3.1 3.5 4.1 3.4 4.6 6.3 4.8 4.8 4.2
蔼动
SO2
04/07 4.2 4 4.3 4.3 3.1 3.2 2.9 3.5 3.3 3.1 2.9 3.1 2.6 2.5 2.9 2.6 2.6 3.3 3.7 2.6 3.1 2.5 4 3.7
蔼动
SO2
04/08 2.5 2.7 3.3 4.2 2.7 2.5 2.6 2.9 3.8 5 3.8 3.8 3.6 4.8 3.3 2.9 3.4 4.3 3.4 3.6 2.7 2.4 2.6 2.6
蔼动
SO2
04/09 2.6 3.7 3 4.8 4.8 4.7 2.9 3.4 11 11 2.1 2.5 2.4 2.6 2.7 2.6 2.3 2.4 2.2 2.5 2.4 2.5 3.3 3.2
蔼动
SO2
04/10 3.5 3.7 3 2.5 2.6 2.3 2.5 3.1 2.5 2.5 2 2 1.9 2.1 2.5 2.9 2.6 2.7 2.5 2.2 4.2 3.3 2.9 2.1
蔼动
SO2
04/11 1.6 3.5 3.5 3.2 3.7 4 4.3 5.2 6.8 4.1 3 2.7 2.5 3 3.6 3.7 3.5 3.2 2.9 3.1 2.8 3.4 4.7 3.4
蔼动
SO2
04/12 2.4 2.5 3 2.5 3.6 3.7 3.2 6 6.2 4.3 3.7 3.5 3.6 3.4 3 2.7 2.5 2.1 2.8 3.4 2.7 2.9 3.3 4.5
蔼动
SO2
04/13 5.1 3.7 4.1 5.4 6.1 6 4.3 3.8 4.6 4.3 4.6 4.1 4.3 4.2 4.1 3.9 3.5 2.4 3.8 4 3.9 3.1 3.7 4.8
蔼动
SO2
04/14 4.7 3.6 3.6 4.1 4.5 3.6 4.3 4.1 3.7 4 5.8 5.7 4.8 3.5 3.2 2.9 2.9 3.4 1.9 2.4 2.4 3.2 3.9 4.7
蔼动
SO2
04/15 3.7 3.6 2.9 3.3 5 3.3 3.9 3.8 8.4 4.5 3.6 3.9 3.4 3.4 3.1 2.9 3.9 3.9 3.6 5.2 3.1 3.5 3.6 3.8
蔼动
SO2
04/16 3.9 4.3 3.6 3.6 4.1 4.5 3.8 5.4 4 3 3 2.1 2.4 4.8 2.7 3.4 2.6 2.9 2.6 2.3 3 3.4 3.4 4.1
蔼动
SO2
04/17 1.9 1.3 1.2 1.2 1.7 1.9 2.9 3 2.9 2.6 2.5 3.7 3.1 2.9 2.6 2.7 2.5 2.2 2.2 1.7 1.6 1.8 2 1.6
蔼动
SO2
04/18 2.7 3.5 3 3.2 3 3.5 3.2 3.7 3.7 5 4.6 5.3 5 5 6.1 5.8 4.7 4.3 3 3.2 4.1 3.9 5.7 6.3
蔼动
SO2
04/19 15 6.2 11 7.4 16 4.6 1.6 1.7 2.4 3.8 8.3 19 3.6 4.4 2.3# 2.2 2.4 4.7 2.7 2.4 2.7 3.2 2.4 2.7
蔼动
SO2
04/20 4 4.9 4.1 6 5.4 2.1 3.4 3.7 3.4 2.8 2.1 3.1 2.5 2.7 2.4 2.7 4.5 3.2 5.6 4 4.5 6 8 9
蔼动
SO2
04/21 8.1 11 4.6 3.1 2.3 2.5 4.4 3.6 2.6 2.2 2.3 3.2 6.9 8.8 5.2 7.7 4.6 2.8 2.3 2.5 2.5 2.7 2.7 2.5
蔼动
SO2
04/22 2.7 2.2 2.2 2.4 2.7 2.2 2.4 3.4 3.4 3.5 3.2 3.3 3.8 3 3 3.1 3.4 3 2.8 2.9 2.5 2.9 2.9 2.7
蔼动
SO2
04/23 2.6 3.1 10 9 3.1 1.6 2.6 2 1.1 2 2.1 2.3 2.5 1.5 1.6 1.9 1.4 1.2 1.5 1.3 0.7 1.1 2 3
蔼动
SO2
04/24 1.9 1.4 1.2 1.5 1.3 1.4 2.2 1.7 1.7 1.3 1.2# 0.3# 1.3# 1.5# 1.4 1.2# 1 0.8 0.7 0.6 0.5 0.6 0.9 1.2
蔼动
SO2
04/25 1.5 1.7 1.7 2.6 5.9 4.9 3.7 2.2 1.9 1.8 1.9 2.4 2.3# 2.7# 2.2 2.2 1.2 1.2 1 0.9 2.3 2.4 2.4 6.5
蔼动
SO2
04/26 3.8 5.9 5.8 17 3.5 2.9 3.9 5.2 10 8.7 4.2 3.1 4.2 2.2 2 2 1.9 1.7 2.2 1.8 1.7 2.2 2.9 2.5
蔼动
SO2
04/27 3.8 1.9 1.4 1.2 1.2 0.8 1.1 1.8 1.6 3.2 3.7 6.5 2.6 4.2 3.5 2.6 2 1.6 1.2 1.9 1.5 2.1 2.6 2.7
蔼动
SO2
04/28 3 6.6 5.5 4.8 4.8 3.6 4 4.6 4.4 3.6 4.2 4.5 4.5 4 3.9 3.8 3.7 3.5 3.6 3.9 3.5 4.4 4.2 3.7
蔼动
SO2
04/29 2.7 4.8 3.7 3.3 1.9 2 2.1 2.4 5.6 6.5 5# 4.3 3 3.3 3.5 4.3 3.7 2.9 2.7 2.3 2.8 2.2 2.5 2.3
蔼动
SO2
04/30 2.4 3.4 2.2 1.7 1.4 1.5 1.3 1.4 2.1 2.4 2.1 1.6 1.6 1.9 1.9 1.8 1.6 1.8 1.5 1.7 1.6 1.3 2 2.2
蔼动
SO2
菏代~るG2019/05A 代浮Gp翠A 代兜GSO2]ppb^
蔼动
SO2
ら戳 00 01 02 03 04 05 06 07 08 09 10 11 12 13 14 15 16 17 18 19 20 21 22 23
蔼动
SO2
05/01 2 1.9 1.5 1.1 1.1 1.1 1 1.2 1.6 1.6 1.6 1.5 1.4 1.4 2.6 5 6.9 3.3 2.2 4.4 2.3 2.9 2.8 1.6
蔼动
SO2
05/02 3.7 3.3 2.8 2.7 3.4 3.8 3.1 3.5 2.4 3 2.8 2.6 2.8 3 3.5 3.6 4 3.1 3.3 2.7 2.1 2.4 2.2 2.4
蔼动
SO2
05/03 1.4 3.2 3.3 3.5 3.4 3.9 4.6 5.1 5.2 5.7 4.4 4 4.3 4.1 4.1 4 5.3 6 5.5 3.5 3.1 4.5 3.5 3.5
蔼动
SO2
05/04 4.5 2.2 2 2.2 2 2.4 3.3 2.6 3 5.8 3.8 3.6 2.5 2.9 2.3 2.1 1.9 2.2 2 2 2.1 2 5.2 4.2
蔼动
SO2
05/05 2.5 1.7 1.7 1.7 1.9 1.7 2 2.3 2.9 2.8 4.2 5.1 4.7 3 3.5 6.1 4.2 3.5 3.2 2.7 2.3 3 3.2 2.7
蔼动
SO2
05/06 2.7 2.1 2.6 3.1 2.4 1.9 2.1 3.5 3.3 2.8 2.4 1.7 1.7 1.9 1.6 1.8 1.6 1.8 1.7 1.6 1.7 2 1.8 2.1
蔼动
SO2
05/07 1.8 1.4 1.7 1.6 1.5 1.2 1.2 1.8 1.9 2.2 3 3.7# 2.6 2.6 2.5 2.6 3.7 2.9 3 3.1 2.7 2.5 2.6 2.1
蔼动
SO2
05/08 1.6 1.7 1.4 1.5 2.1 2.8 4.4 4.4 4.5 3.1 3.1 4.5 3.2 2.5 3.2 2.8 2.8 2.5 2.7 2.4 2.9 2.9 3.1 2.6
蔼动
SO2
05/09 3.2 3.6 3.1 4.8 3.8 4.9 3.8 3.9 4.1 4.1 8.1 5.9 3.8 4.2 0.8A 0.8x 0.8x 0.8x 2.2 3.5 3 3.9 4.7 5.2
蔼动
SO2
05/10 5.3 4.3 3.6 1.8 2.6 1.8 2 2.4 2.9 2.5 5.5 6.5 2 1.5 1.3 1.3 3.1 2.4 1.7 1.5 2 3.4 3.5 3.4
蔼动
SO2
05/11 5.5 4.8 6.2 5 3.2 2.6 2.6 3.1 3.3 3.9 4.2 4 4.3 4 3.7 2.7 2.8 3.3 2.7 2.1 2.7 3.5 5.5 5.4
蔼动
SO2
05/12 3.6 3.3 2.8 2.4 2.2 2.2 2.8 4.1 4.2 3.8 3.4 3.6 4 3.8 3.2 3.2 3.7 3.3 2.8 2.2 2.4 2.9 4.1 4.6
蔼动
SO2
05/13 4.8 2.9 2.1 1.8 1.8 1.6 1.7 1.8 2.8 3.3 3.2 2.7# 1.9 1.7 12# 1.6# 1.4 1.5 1.2 3.3 3.5 4.1 3.6 3.7
蔼动
SO2
05/14 3.4 3.1 2.9 10 4.5 2.5 2.3 2.9 2.3 2.7 2.6 2.6 1.7 2.3 2.2 2.6 1.7 1.7 1.7 1.2 1.8 3 2.6 2.3
蔼动
SO2
05/15 2.9 4.6 4.7 3.1 2.8 3.2 3.7 5.3 5.2 3.3 2.2 2.1 1.9 3.1 2.2 4.2 2.3 1.9 1.8 1.8 1.7 2 1.6 1.1
蔼动
SO2
05/16 1.6 2.8 2.1 1.8 1.7 1.7 2.4 2.4 1.9 2.3 1.7 1.4 1.3 1.6 1.3 1.3 1.2 1.1 1.2 1.1 1 0.8 0.6 0.7
蔼动
SO2
05/17 2 1.6 1.8 1.1 1.2 1.9 2 2 1.7 1.6 1.4# 1.7 1.6 1.1 1 1 0.9 0.8 0.5 0.4 0.3 1.3 0.8 1
蔼动
SO2
05/18 1.7 3.2 3.3 2.8 3 3.5 2.8 2.8 2.4 2 2.5 2.4 1.8 2.1 2.1 2 1.9 1.8 1.8 1.5 1.3 4 1.5 1.4
蔼动
SO2
05/19 2.9 1.6 1.6 1.8 1.8 1.3 1.5 1.6 1.6 1.6 1.7 1.7 1.8 1.7 1.6 1.8 1.6 1.6 1.5 2 2.5 1.8 1.6 1.7
蔼动
SO2
05/20 1.8 2.3 1.5 1.5 1 2 1.4 1.7 1.5 1.4 1.3 1.4 1.3 1.9 2 2.2 1.5 0.7 0.5 1.2 2.7 3.3 2.8 2.9
蔼动
SO2
05/21 4.1 3.5 2.1 2 1.8 1.9 3.1 3.6 5.9 3.5 1.9 2.1 1.9 2.5 2.8 3 3.4 2.5 2.7 2.2 2.2 2.5 3.3 4.2
蔼动
SO2
05/22 11 3 2.3 2.8 4.8 3.4 1.9 3.8 3.2 2.7 4 3.1 4.1 3.6 4.2 4.4 4.1 3.5 2.4 1.8 8.5 17 13 8.7
蔼动
SO2
05/23 7.1 6 3.9 2.6 2.6 2.6 2.6 3 4.5 8.9 11 4.9 6.8 5.9 5.1 5.4 5.2 4.9 2 2.7 2.2 2.3 2.9 2.5
蔼动
SO2
05/24 3.7 3.9 4 4.2 4.2 4.6 3.5 3.1 4.6 3.6 4.5 5.7 3.7 3 2.9 3.6 3.5 2.4 1.9 1.8 1.7 2.3 2 2.3
蔼动
SO2
05/25 2.3 2.2 2 2 2 1.8 1.8 2.9 3.2 6.9 6 6.3 4.6 4.2 4 3.8 3.5 3.3 3.1 3.7 3.3 3.3 3.1 2.6
蔼动
SO2
05/26 2.8 3.2 2.7 2 1.9 1.7 2.1 2.3 3.2 4.1 6.4 5.4 4.7 6.4 3.3 2.5 2.2 2.3 2.1 6.3 31 20 13 14
蔼动
SO2
05/27 23 3.4 13 20 24 21 14 24 9 18 7.1 11 6.3 5.2 3.7 3.4 3.5 7.5 4.7 7.5 4.3 3.3 3 2.7
蔼动
SO2
05/28 2.5 2.8 2.8 3.8 4.1 2.2 2.7 3.3 3.1 3# 2.9 2.9 2.4 2.5 1.8 2.6 3.8 3.3 8.4 8.7 5.8 3.9 5.5 4.3
蔼动
SO2
05/29 3.3 1 0.8 1.6 1.5 1.1 2.4 1.1 1.4 1.2 1.3 1.4 0.7 1.2 1.5 1.7 1.6 1.3 1.7 5.7 4.9 4.6 1.8 1.3
蔼动
SO2
05/30 1.6 6.2 4.2 2.7 2.6 2.8 3.2 4.3 3.9 4.7 5 5 3.8 3.3 3.3 3.1 2.8 2.8 3.3 2.9 3.6 3.6 2.9 3.7