蔼动
CO
01/01 0.6 0.51 0.53 0.46 0.41 0.43 0.49 0.62 0.64 0.74 0.75 0.77 0.7 0.59 0.62 0.42 0.37 0.42 0.65 0.74 0.62 0.65 0.68 0.61
蔼动
CO
01/02 0.59 0.55 0.49 0.49 0.48 0.54 0.59 0.97 1.28 1.03 1.05 1.06 0.86 0.56 0.54 0.84 0.89 0.95 0.9 1.05 0.95 0.79 0.65 0.6
蔼动
CO
01/03 0.56 0.57 0.57 0.6 0.6 0.61 0.65 0.94 0.95 0.82 0.82 0.7 0.63 0.49 0.46 0.54 0.55 0.61 0.54 0.67 1.05 1.26 1.39 1.27
蔼动
CO
01/04 0.9 0.68 0.71 0.72 0.67 0.73 0.96 1.39 1.45 1.26 0.8 0.59 0.45 0.42 0.43 0.42 0.54 0.68 0.89 0.9 0.75 0.73 0.82 0.8
蔼动
CO
01/05 0.63 0.51 0.49 0.45 0.56 0.68 0.77 0.93 0.75 0.58 0.59 0.29 0.25 0.32 0.3 0.25 0.26 0.32 0.31 0.67 1.12 0.96 0.78 0.7
蔼动
CO
01/06 0.7 0.6 0.63 0.56 0.57 0.65 0.78 0.96 0.93 0.84 0.9 0.8 0.64 0.68 0.62 0.57 0.56 0.71 0.78 0.85 0.97 0.94 0.92 0.88
蔼动
CO
01/07 0.85 0.8 0.73 0.7 0.67 0.69 0.91 1.41 1.29 1 0.9 0.8 0.62 0.51 0.45 0.38 0.48 0.62 0.61 1.01 1.22 0.96 0.79 0.59
蔼动
CO
01/08 0.56 0.56 0.54 0.53 0.53 0.53 0.6 0.88 0.79 0.69 0.72 0.68 0.53 0.45 0.42 0.41 0.4 0.45 0.48 0.62 0.85 1.08 1.12 0.86
蔼动
CO
01/09 0.72 0.61 0.57 0.57 0.55 0.58 0.66 0.87 0.96 0.9 0.73 0.79 0.75 0.67 0.57 0.52 0.47 0.62 0.79 0.89 1.01 0.98 0.99 1.05
蔼动
CO
01/10 0.91 0.84 0.81 0.68 0.67 0.65 0.81 1.1 1.25 1.47 1.55 0.71 0.65 0.48 0.49 0.56 0.61 0.84 1.07 1.23 0.96 0.99 1.2 1.17
蔼动
CO
01/11 0.88 0.65 0.57 0.57 0.59 0.66 0.75 1.19 1.07 0.68 0.52# 0.67# 0.6 0.63 0.49 0.47 0.41 0.65 0.78 0.93 0.64 0.74 0.69 0.65
蔼动
CO
01/12 0.57 0.56 0.47 0.48 0.43 0.5 0.74 1 0.79 0.63 0.52 0.64 0.68 0.47 0.47 0.42 0.48 0.59 0.7 0.49 0.59 0.68 0.87 0.87
蔼动
CO
01/13 0.73 0.61 0.59 0.69 0.73 0.7 0.75 0.89 1.02 0.89 0.87 0.81 0.7 0.65 0.66 0.69 0.71 0.82 0.97 0.96 0.98 1.02 1.08 1.01
蔼动
CO
01/14 0.88 0.8 0.77 0.7 0.64 0.63 0.75 1.19 1.14 1.01 1.09 1.56 0.69 0.56 0.51 0.48 0.47 0.5 0.49 0.57 0.81 0.87 0.94 0.84
蔼动
CO
01/15 0.73 0.69 0.64 0.58 0.57 0.64 0.72 1.02 1.28 1.13 1.21 0.95 0.78 0.61 0.57 0.54 0.59 0.64 0.75 0.72 0.75 0.79 0.75 0.76
蔼动
CO
01/16 0.65 0.49 0.47 0.47 0.47 0.46 0.53 0.78 0.65 0.65 0.7 0.67 0.66 0.69 0.69 0.65 0.67 0.75 0.81 0.69 0.61 0.53 0.5 0.59
蔼动
CO
01/17 0.59 0.57 0.58 0.54 0.47 0.45 0.55 0.8 0.87 0.69 0.67 0.61 0.54 0.52 0.5 0.48 0.58 0.73 0.73 0.77 0.83 0.75 0.67 0.58
蔼动
CO
01/18 0.55 0.49 0.48 0.47 0.48 0.51 0.62 0.9 0.9 1 0.56 0.4 0.38 0.37 0.38 0.36 0.35 0.4 0.39 0.48 0.56 0.76 0.75 0.64
蔼动
CO
01/19 0.54 0.52 0.48 0.45 0.44 0.51 0.64 0.89 1.07 1.1 0.89 0.59 0.51 0.5 0.52 0.53 0.53 0.56 0.65 0.55 0.49 0.49 0.49 0.5
蔼动
CO
01/20 0.51 0.36 0.38 0.38 0.38 0.43 0.51 0.55 0.56 0.56 0.67 0.6 0.6 0.52 0.39 0.53 0.6 0.6 0.66 0.94 0.82 0.99 1.05 1.02
蔼动
CO
01/21 0.94 0.91 0.84 0.75 0.67 0.61 0.7 0.91 1.02 0.86 0.8 0.63 0.61 0.72 0.61 0.7 0.74 0.72 0.67 0.62 0.52 0.5 0.49 0.46
蔼动
CO
01/22 0.41 0.37 0.34 0.32 0.35 0.38 0.41 0.6 0.55 0.62 0.54 0.49 0.46 0.44 0.48 0.48 0.53 0.6 0.64 0.63 0.65 0.63 0.6 0.58
蔼动
CO
01/23 0.58 0.55 0.52 0.54 0.52 0.57 0.67 1.05 1.23 1.05 0.93 0.74 0.68 0.49 0.49 0.5 0.54 0.61 0.77 0.84 0.67 0.69 0.72 0.69
蔼动
CO
01/24 0.63 0.62 0.64 0.6 0.6 0.65 0.8 1.22 1.25 0.84 0.76 0.7 0.59 0.49 0.38# 0.42# 0.48 0.57 0.64 1.08 1.33 1.14 1.11 0.94
蔼动
CO
01/25 0.9 0.73 0.66 0.55 0.54 0.53 0.63 0.94 0.94 0.9 0.67 0.61 0.61 0.5 0.42 0.4 0.48 0.64 0.78 0.69 0.65 0.75 0.91 0.9
蔼动
CO
01/26 0.8 0.75 0.7 0.67 0.62 0.63 0.67 0.85 0.93 0.85 0.87 0.77 0.64 0.49 0.42 0.43 0.5 0.59 0.66 0.66 0.66 0.69 0.69 0.63
蔼动
CO
01/27 0.52 0.36 0.34 0.31 0.32 0.34 0.39 0.52 0.62 0.64 1.04 1.28 0.76 0.38 0.34 0.32 0.31 0.32 0.38 0.53 0.75 0.98 0.87 0.71
蔼动
CO
01/28 0.66 0.61 0.57 0.52 0.49 0.55 0.75 1.24 1.36 0.72 0.68 0.52 0.42 0.42 0.41 0.34 0.31 0.37 0.38 0.55 0.99 0.95 0.88 0.83
蔼动
CO
01/29 0.68 0.56 0.43 0.37 0.34 0.35 0.45 0.64 0.6 0.71 0.63 0.53 NA 0.43# 0.38 0.34# 0.32 0.41 0.51 0.87 1.17 0.99 0.89 0.8
蔼动
CO
01/30 0.76 0.49 0.41 0.4 0.38 0.41 0.46 0.68 0.72 0.76 0.52 0.5 0.49 0.02# 0.33# 0.3 0.31 0.38 0.36 0.35 0.37 0.35 0.31 0.71
蔼动
CO
01/31 0.6 0.56 0.49 0.44 0.4 0.37 0.39 0.68 0.74 0.76 0.5 0.41 0.45 0.43 0.34 0.31 0.34 0.44 0.52 0.64 0.63 0.51 0.48 0.5
蔼动
CO
菏代~るG2019/02A 代浮Gp翠A 代兜GCO]ppm^
蔼动
CO
ら戳 00 01 02 03 04 05 06 07 08 09 10 11 12 13 14 15 16 17 18 19 20 21 22 23
蔼动
CO
02/01 0.44 0.41 0.4 0.42 0.48 0.59 0.65 0.84 0.96 0.91 0.79 0.7 0.59 0.41 0.43 0.44 0.46 0.48 0.45 0.47 0.63 0.84 1.09 0.75
蔼动
CO
02/02 0.77 0.93 0.87 0.75 0.7 0.75 0.88 1.08 0.9 0.93 0.74 0.62 0.63 0.62 0.51 0.45 0.42 0.42 0.51 0.71 0.74 0.86 0.91 1.07
蔼动
CO
02/03 0.8 0.61 0.62 0.68 0.5 0.53 0.67 0.65 0.6 0.6 0.56 0.29 0.29 0.21 0.17 0.16 0.18 0.21 0.21 0.2 0.21 0.23 0.21 0.2
蔼动
CO
02/04 0.32 0.35 0.33 0.29 0.24 0.25 0.26 0.33 0.32 0.35 0.31 0.42 0.26 0.35 0.48 0.44 0.43 0.39 0.32 0.59 0.53 0.71 0.93 0.9
蔼动
CO
02/05 0.94 0.92 0.9 0.88 0.97 0.98 0.94 0.89 0.76 0.77 0.66 0.6 0.51 0.52 0.55 0.55 0.56 0.59 0.52 0.62 0.75 0.55 0.49 0.5
蔼动
CO
02/06 0.43 0.39 0.38 0.4 0.44 0.47 0.45 0.5 0.47 0.45 0.5 0.52 0.32 0.29 0.31# 0.31 0.32 0.33 0.32 0.36 0.43 0.5 0.52 0.53
蔼动
CO
02/07 0.54 0.55 0.45 0.36 0.3 0.29 0.31 0.34 0.44 0.4 0.4 0.31 0.24 0.24 0.24 0.22 0.23 0.26 0.28 0.32 0.45 0.44 0.46 0.54
蔼动
CO
02/08 0.52 0.46 0.4 0.38 0.38 0.44 0.49 0.6 0.54 0.46 0.54 0.54 0.48 0.4 0.37 0.34 0.28 0.3 0.39 0.44 0.4 0.4 0.41 0.4
蔼动
CO
02/09 0.44 0.41 0.4 0.38 0.38 0.4 0.44 0.45 0.41 0.41 0.42 0.49 0.39 0.33 0.32 0.27 0.27 0.32 0.38 0.41 0.49 0.52 0.54 0.49
蔼动
CO
02/10 0.46 0.42 0.37 0.35 0.35 0.36 0.4 0.48 0.54 0.6 0.48 0.42 0.4 0.33 0.32 0.28 0.26 0.31 0.36 0.45 0.57 0.54 0.58 0.52
蔼动
CO
02/11 0.53 0.55 0.52 0.42 0.41 0.44 0.51 0.73 0.81 0.85 0.73 0.57 0.43 0.34 0.3 0.33 0.37 0.49 0.57 0.65 0.59 0.62 0.75 0.7
蔼动
CO
02/12 0.57 0.49 0.4 0.41 0.39 0.39 0.47 0.67 1.02 1.03 0.67 0.59 0.44 0.37 0.34 0.33 0.34 0.34 0.59 0.73 0.66 0.65 0.54 0.57
蔼动
CO
02/13 0.58 0.56 0.57 0.5 0.46 0.55 0.61 0.96 1.01 0.69 0.57# 0.52 0.41 0.37# 0.33# 0.3 0.29 0.36 0.3 0.29 0.24 0.23 0.22 0.27
蔼动
CO
02/14 0.4 0.47 0.45 0.47 0.47 0.51 0.65 0.8 0.76 0.79 0.51 0.44 0.44 0.34 0.31 0.29 0.31 0.39 0.57 0.69 0.74 0.77 0.68 0.56
蔼动
CO
02/15 0.5 0.51 0.54 0.58 0.58 0.6 0.69 0.98 1.07 0.78 0.82 0.42 0.29 0.33 0.31 0.31 0.33 0.33 0.33 0.5 0.7 0.63 0.67 0.58
蔼动
CO
02/16 0.53 0.44 0.29 0.28 0.32 0.33 0.48 0.6 0.49 0.45 0.49 0.48 0.4 0.26 0.2 0.18 0.21 0.34 0.51 0.47 0.49 0.59 0.75 0.7
蔼动
CO
02/17 0.55 0.53 0.57 0.53 0.54 0.51 0.53 0.63 0.6 0.55 0.5 0.47 0.41 0.33 0.29 0.32 0.35 0.4 0.39 0.42 0.45 0.45 0.43 0.4
蔼动
CO
02/18 0.33 0.36 0.34 0.34 0.37 0.43 0.52 0.84 0.99 0.76 0.83 0.51 0.43 0.36 0.33 0.22 0.28 0.37 0.6 0.64 0.19 0.63 0.26 0.15
蔼动
CO
02/19 0.15 0.14 0.14 0.17 0.21 0.25 0.48 0.97 0.87 0.48 0.5 0.37 0.23 0.18 0.18 0.18 0.2 0.27 0.21 0.2 0.18 0.19 0.17 0.18
蔼动
CO
02/20 0.15 0.23 0.23 0.29 0.26 0.31 0.38 0.57 0.58# NA 0.29 0.19 0.18 0.16 0.18 0.16 0.17 0.19 0.18 0.17 0.15 0.15 0.14 0.14
蔼动
CO
02/21 0.14 0.19 0.28 0.25 0.23 0.24 0.34 0.58 0.32 0.14 0.12 0.13 0.12 0.11 0.11 0.12 0.15 0.18 0.15 0.16 0.13 0.13 0.12 0.13
蔼动
CO
02/22 0.37 0.31 0.27 0.23 0.35 0.44 0.51 0.78 0.73 0.56 0.45 0.43 0.35 0.33 0.25 0.25 0.32 0.44 0.47 0.49 0.45 0.56 0.57 0.57
蔼动
CO
02/23 0.52 0.53 0.49 0.53 0.47 0.48 0.61 0.74 0.67 0.94 0.87# 0.47 0.42 0.4 0.38 0.41 0.45 0.49 0.6 0.79 0.75 0.78 0.94 1.01
蔼动
CO
02/24 0.91 0.73 0.66 0.66 0.65 0.65 0.67 0.69 0.71 1.01 1.13 0.92 0.63 0.68 0.73 0.6 0.55 0.54 0.56 0.46 0.38 0.46 0.47 0.44
蔼动
CO
02/25 0.42 0.47 0.46 0.44 0.43 0.46 0.58 0.84 0.98 0.77 0.62 0.51 0.52 0.43 0.47 0.51 0.47 0.61 0.73 0.65 0.78 0.67 0.68 0.57
蔼动
CO
02/26 0.54 0.4 0.41 0.44 0.45 0.5 0.62 1.19 1.15 0.96 0.65 0.58 0.47 0.32 0.28 0.27 0.31 0.36 0.38 0.32 0.31 0.36 0.52 0.43
蔼动
CO
02/27 0.38 0.33 0.36 0.34 0.37 0.43 0.54 0.79 0.65 0.68 0.65 0.67 0.59 0.46 0.35 0.36 0.39 0.44 0.4 0.38 0.38 0.44 0.71 0.66
蔼动
CO
02/28 0.43 0.41 0.39 0.42 0.43 0.43 0.44 0.49 0.53 0.45 0.45 0.44 0.36 0.32 0.25 0.24 0.29 0.41 0.54 0.58 0.52 0.52 0.52 0.52
蔼动
CO
菏代~るG2019/03A 代浮Gp翠A 代兜GCO]ppm^
蔼动
CO
ら戳 00 01 02 03 04 05 06 07 08 09 10 11 12 13 14 15 16 17 18 19 20 21 22 23
蔼动
CO
03/01 0.46 0.48 0.45 0.41 0.42 0.46 0.62 0.77 0.79 1.1 0.66 0.54 0.4 0.31 0.27 0.27 0.32 0.4 0.49 0.46 0.44 0.6 0.64 0.53
蔼动
CO
03/02 0.46 0.43 0.43 0.45 0.45 0.49 0.61 0.61 0.6 0.81 1 0.58 0.53 0.4 0.37 0.35 0.25 0.24 0.23 0.21 0.21 0.21 0.27 0.45
蔼动
CO
03/03 0.44 0.47 0.37 0.33 0.3 0.37 0.73 0.4 0.35 0.29 0.27 0.2 0.2 0.19 0.37 0.42 0.41 0.42 0.42 0.39 0.41 0.56 0.49 0.28
蔼动
CO
03/04 0.23 0.34 0.35 0.38 0.43 0.47 0.53 0.78 0.87 1.18 0.75 0.34 0.3 0.26 0.27 0.29 0.32 0.37 0.37 0.33 0.33 0.33 0.35 0.74
蔼动
CO
03/05 0.84 0.57 0.6 0.48 0.49 0.5 0.59 0.89 0.77 0.74 0.94 0.73 0.88 1.01 0.94 0.78 1.48 1.43 1.23 1.55 1.26 0.75 0.9 1.47
蔼动
CO
03/06 0.62 0.61 0.51 0.5 0.49 0.48 0.61 0.83 1 0.82 0.47 0.38 0.32 0.28 0.27 0.34 0.33 0.49 0.69 0.54 0.47 0.46 0.45 0.44
蔼动
CO
03/07 0.45 0.46 0.45 0.41 0.39 0.44 0.58 0.94 1.09 1.07 0.82 0.65 0.68 0.51 0.47 0.46 0.56 0.83 0.72 0.54 0.62 0.73 0.78 0.56
蔼动
CO
03/08 0.52 0.49 0.45 0.47 0.59 0.58 0.65 0.97 0.99 0.79 0.77# 0.72 0.64 0.41 0.29 0.32 0.4 0.43 0.48 0.5 0.87 0.84 0.73 0.6
蔼动
CO
03/09 0.56 0.63 0.6 0.5 0.47 0.5 0.61 0.8 1 1.34 0.91 0.96 0.66 0.51 0.24 0.22 0.24 0.21 0.31 0.49 0.56 0.42 0.4 0.53
蔼动
CO
03/10 0.74 0.93 0.76 0.41 0.27 0.26 0.31 0.57 0.85 0.88 0.76 0.41 0.27 0.28 0.29 0.34 0.39 0.48 0.48 0.44 0.48 0.43 0.43 0.43
蔼动
CO
03/11 0.44 0.39 0.43 0.39 0.38 0.43 0.46 0.71 0.68 0.53 0.56 0.59 0.49 0.41 0.39 0.45 0.61 0.72 0.9 0.97 1.09 1.16 1.08 0.83
蔼动
CO
03/12 0.81 0.7 0.69 0.68 0.72 0.77 0.97 1.34 1.25 0.79 0.39 0.41 0.41 0.43 0.42 0.36 0.38 0.42 0.39 0.38 0.37 0.4 0.65 0.53
蔼动
CO
03/13 0.53 0.5 0.41 0.38 0.39 0.39 0.55 0.92 0.77 0.57 0.44 0.5 0.44 0.39 0.34 0.35 0.34 0.43 0.46 0.58 0.55 0.67 0.83 0.84
蔼动
CO
03/14 0.82 0.59 0.45 0.42 0.4 0.42 0.46 0.8 0.62 0.39 0.35 0.42 0.36 0.35 0.34 0.33 0.36 0.44 0.45 0.52 0.52 0.54 0.57 0.53
蔼动
CO
03/15 0.52 0.4 0.37 0.37 0.33 0.3 0.4 0.7 0.67 0.78 0.62 0.56 0.43 0.47# 0.52# 0.56# 0.62 0.78 0.93 0.8 0.91 0.95 0.93 0.85
蔼动
CO
03/16 0.71 0.46 0.43 0.33 0.33 0.55 0.64 0.69 0.63 0.41 0.33 0.29 0.26 0.23 0.21 0.22 0.22 0.26 0.29 0.29 0.28 0.4 0.53 0.41
蔼动
CO
03/17 0.38 0.38 0.49 0.54 0.43 0.46 0.52 0.51 0.42 0.35 0.42 0.48 0.36 0.29 0.29 0.29 0.31 0.38 0.41 0.5 0.44 0.46 0.5 0.54
蔼动
CO
03/18 0.5 0.47 0.45 0.43 0.45 0.5 0.73 0.9 0.72 0.59 0.56 0.51 0.36 0.32 0.32 0.31 0.32 0.46 0.54 0.65 0.61 0.63 0.61 0.65
蔼动
CO
03/19 0.48 0.42 0.4 0.39 0.44 0.49 0.61 0.97 0.85 0.65 0.57 0.61 0.6 0.59 0.49 0.47 0.48 0.46 0.41 0.4 0.4 0.51 0.67 0.82
蔼动
CO
03/20 0.99 0.84 0.74 0.62 0.56 0.62 0.71 0.88 0.49 0.43 0.36 0.35 0.28 0.18 0.17 0.17 0.2 0.25 0.26 0.24 0.18 0.18 0.22 0.16
蔼动
CO
03/21 0.19 0.24 0.21 0.31 0.29 0.3 0.4 0.66 0.49 0.4 0.23 0.26 0.28 0.2# 0.17 0.17 0.2 0.23 0.24 0.21 0.23 0.24 0.33 0.34
蔼动
CO
03/22 0.34 0.37 0.34 0.33 0.4 0.4 0.6 0.9 0.54 0.43 0.22# 0.2 0.2 0.18 0.19 0.22 0.25 0.42 0.41 0.48 0.57 0.51 0.63 0.56
蔼动
CO
03/23 0.55 0.52 0.54 0.54 0.52 0.62 0.58 0.66 0.75 0.77 0.85 0.78 0.6 0.58 0.62 0.6 0.62 0.74 0.7 0.6 0.55 0.62 0.5 0.47
蔼动
CO
03/24 0.41 0.36 0.32 0.33 0.37 0.36 0.41 0.55 0.5 0.34 0.29 0.28 0.28 0.37 0.46 0.4 0.39 0.43 0.52 0.61 0.68 0.75 0.76 0.5
蔼动
CO
03/25 0.47 0.39 0.36 0.33 0.31 0.38 0.58 0.84 0.79 0.71 0.73 0.52 0.49 0.45 0.37 0.43 0.53 0.6 0.71 0.81 0.87 0.7 0.71 0.58
蔼动
CO
03/26 0.56 0.52 0.51 0.58 0.52 0.53 0.62 0.79 0.8 0.61 0.46 0.38 0.27 0.25 0.27 0.28 0.36# 0.35 0.36 0.44 0.51 0.42 0.47 0.59
蔼动
CO
03/27 0.69 0.52 0.52 0.52 0.51 0.55 0.67 0.87 0.61 0.51 0.66 0.68 0.67 0.52 0.39 0.29 0.28 0.33 0.29 0.31 0.27 0.37 0.44 0.4
蔼动
CO
03/28 0.34 0.32 0.39 0.4 0.37 0.37 0.47 0.64 0.56 0.64 0.35 0.28 0.26 0.24 0.26 0.24 0.24 0.28 0.23 0.23 0.3 0.23 0.2 0.19
蔼动
CO
03/29 0.17 0.17 0.18 0.22 0.37 0.41 0.47 0.58 0.43 0.29 0.23 0.21 0.2 0.2 0.21 0.22 0.24 0.26 0.24 0.25 0.24 0.25 0.31 0.31
蔼动
CO
03/30 0.32 0.25 0.25 0.26 0.27 0.35 0.38 0.5 0.48 0.52 0.47 0.45 0.44 0.32 0.29 0.27 0.28 0.31 0.31 0.32 0.3 0.32 0.43 0.61
蔼动
CO
03/31 0.54 0.43 0.41 0.38 0.34 0.4 0.42 0.43 0.44 0.55 0.46 0.45 0.37 0.33 0.3 0.3 0.32 0.35 0.37 0.51 0.56 0.59 0.59 0.61
蔼动
CO
菏代~るG2019/04A 代浮Gp翠A 代兜GCO]ppm^
蔼动
CO
ら戳 00 01 02 03 04 05 06 07 08 09 10 11 12 13 14 15 16 17 18 19 20 21 22 23
蔼动
CO
04/01 0.52 0.49 0.49 0.45 0.47 0.47 0.58 0.73 0.73 0.62 0.57 0.59 0.45 0.37 0.47 0.56 0.62 0.7 0.79 0.69 0.71 0.78 0.8 0.83
蔼动
CO
04/02 0.71 0.56 0.53 0.45 0.46 0.46 0.67 0.82 0.83 0.68 0.35 0.33 0.31 0.3 0.31 0.31 0.3 0.32 0.3 0.29 0.29 0.3 0.37 0.56
蔼动
CO
04/03 0.48 0.49 0.43 0.42 0.46 0.5 0.61 0.91 0.9 0.61 0.53 0.51 0.48 0.39 0.37# 0.38 0.43# 0.52 0.48 0.49 0.52 0.56 0.59 0.51
蔼动
CO
04/04 0.47 0.43 0.42 0.38 0.44 0.52 0.63 0.74 0.75 0.41 0.36 0.31 0.32 0.33 0.34 0.29 0.29 0.31 0.33 0.41 0.47 0.5 0.51 0.5
蔼动
CO
04/05 0.4 0.39 0.33 0.35 0.4 0.41 0.49 0.66 0.59 0.53 0.51 0.4 0.38 0.33 0.32 0.33 0.35 0.38 0.47 0.48 0.48 0.5 0.54 0.47
蔼动
CO
04/06 0.38 0.35 0.33 0.35 0.42 0.46 0.51 0.53 0.41 0.4 0.34 0.35 0.33 0.32 0.32 0.29 0.32 0.43 0.57 0.44 0.38 0.36 0.44 0.42
蔼动
CO
04/07 0.49 0.4 0.37 0.38 0.54 0.62 0.63 0.63 0.56 0.38 0.35 0.35 0.35 0.33 0.36 0.36 0.38 0.42 0.47 0.48 0.45 0.47 0.39 0.37
蔼动
CO
04/08 0.36 0.35 0.45 0.56 0.53 0.51 0.59 0.74 0.65 0.66 0.45 0.44 0.43 0.39 0.34 0.31 0.35 0.36 0.33 0.32 0.31 0.31 0.3 0.31
蔼动
CO
04/09 0.31 0.42 0.5 0.53 0.5 0.59 0.61 0.79 0.67 0.29 0.24 0.24 0.22 0.21 0.22 0.22 0.24 0.29 0.26 0.25 0.22 0.21 0.19 0.19
蔼动
CO
04/10 0.19 0.2 0.19 0.19 0.21 0.36 0.49 0.62 0.29 0.26 0.22 0.25 0.23 0.23 0.25 0.24 0.23 0.28 0.24 0.22 0.23 0.21 0.21 0.25
蔼动
CO
04/11 0.28 0.31 0.35 0.31 0.34 0.43 0.56 0.69 0.55 0.23 0.22 0.22 0.21 0.21 0.23 0.23 0.23 0.27 0.32 0.37 0.41 0.36 0.46 0.45
蔼动
CO
04/12 0.47 0.46 0.4 0.34 0.34 0.36 0.43 0.58 0.49 0.4 0.38 0.34 0.31 0.27 0.25 0.26 0.32 0.4 0.55 0.54 0.61 0.61 0.66 0.58
蔼动
CO
04/13 0.52 0.44 0.44 0.45 0.47 0.53 0.56 0.67 0.69 0.59 0.57 0.43 0.41 0.4 0.4 0.37 0.33 0.42 0.51 0.53 0.58 0.62 0.68 0.63
蔼动
CO
04/14 0.53 0.33 0.39 0.43 0.52 0.45 0.56 0.55 0.46 0.58 0.6 0.52 0.41 0.27 0.24 0.22 0.29 0.34 0.31 0.38 0.35 0.36 0.42 0.42
蔼动
CO
04/15 0.51 0.5 0.44 0.42 0.42 0.42 0.52 0.84 0.72 0.39 0.37 0.45 0.38 0.32 0.31 0.33 0.38 0.4 0.38 0.38 0.38 0.38 0.37 0.35
蔼动
CO
04/16 0.35 0.33 0.34 0.32 0.5 0.61 0.62 0.81 0.77 0.69 0.47 0.46 0.59 0.7 0.66 0.63 0.61 0.77 0.86 0.73 0.88 0.83 0.57 0.56
蔼动
CO
04/17 0.55 0.42 0.41 0.42 0.4 0.42 0.52 0.66 0.63 0.59 0.64 0.53 0.43 0.33 0.31 0.32 0.33 0.4 0.44 0.35 0.33 0.33 0.31 0.3
蔼动
CO
04/18 0.29 0.29 0.34 0.38 0.42 0.47 0.5 0.5 0.48 0.5 0.44 0.42 0.42 0.41 0.38 0.36 0.35 0.39 0.35 0.35 0.35 0.36 0.48 0.75
蔼动
CO
04/19 0.35 0.58 0.54 0.4 0.4 0.39 0.37 0.58 0.6 0.52 0.6 0.65 0.3 0.27 0.26# 0.26 0.34 0.51 0.63 1.13 1.26 0.59 0.48 0.56
蔼动
CO
04/20 0.32 0.34 0.29 0.31 0.28 0.33 0.57 0.78 0.76 0.46 0.33 0.29 0.19 0.19 0.18 0.22 0.26 0.3 0.3 0.31 0.27 0.26 0.27 0.33
蔼动
CO
04/21 0.31 0.26 0.32 0.37 0.38 0.39 0.49 0.5 0.46 0.32 0.34 0.42 0.55 0.4 0.25 0.25 0.26 0.33 0.35 0.48 0.46 0.47 0.49 0.48
蔼动
CO
04/22 0.4 0.37 0.4 0.4 0.34 0.32 0.44 0.71 0.3 0.22 0.2 0.2 0.14 0.13 0.13 0.13 0.16 0.21 0.16 0.18 0.16 0.15 0.18 0.25
蔼动
CO
04/23 0.2 0.23 0.35 0.2 0.19 0.2 0.49 0.51 0.29 0.23 0.2 0.18 0.15 0.14 0.13 0.15 0.16 0.2 0.2 0.24 0.25 0.29 0.35 0.34
蔼动
CO
04/24 0.28 0.25 0.26 0.32 0.32 0.34 0.39 0.19 0.18 0.28 0.16# 0.19# 0.14# 0.16 0.15 0.15# 0.18 0.18 0.19 0.17 0.15 0.15 0.15 0.14
蔼动
CO
04/25 0.13 0.09 0.11 0.21 0.3 0.34 0.43 0.48 0.41 0.2 0.13 0.13 0.12# 0.15# 0.12 0.15 0.19 0.27 0.32 0.4 0.45 0.58 0.37 0.21
蔼动
CO
04/26 0.15 0.4 0.5 0.41 0.19 0.31 0.42 0.64 0.45 0.55 0.28 0.27 0.28 0.16 0.15 0.15 0.16 0.18 0.18 0.2 0.26 0.34 0.3 0.31
蔼动
CO
04/27 0.3 0.22 0.18 0.16 0.27 0.33 0.37 0.46 0.47 0.84 0.89 0.61 0.32 0.35 0.33 0.38 0.37 0.39 0.43 0.55 0.63 0.56 0.61 0.61
蔼动
CO
04/28 0.62 0.5 0.5 0.43 0.42 0.48 0.5 0.53 0.38 0.26 0.31 0.33 0.31 0.26 0.22 0.21 0.2 0.2 0.19 0.2 0.18 0.17 0.15 0.13
蔼动
CO
04/29 0.14 0.13 0.13 0.23 0.28 0.29 0.38 0.49 0.35 0.31 0.19# 0.16 0.16 0.14 0.14 0.16 0.19 0.21 0.16 0.16 0.15 0.14 0.14 0.14
蔼动
CO
04/30 0.15 0.19 0.12 0.11 0.12 0.14 0.2 0.26 0.22 0.18 0.19 0.17 0.16 0.15 0.14 0.15 0.17 0.19 0.17 0.18 0.16 0.26 0.31 0.33
蔼动
CO
菏代~るG2019/05A 代浮Gp翠A 代兜GCO]ppm^
蔼动
CO
ら戳 00 01 02 03 04 05 06 07 08 09 10 11 12 13 14 15 16 17 18 19 20 21 22 23
蔼动
CO
05/01 0.33 0.19 0.24 0.19 0.16 0.2 0.24 0.35 0.43 0.31 0.22 0.39 0.36 0.4 0.48 0.44 0.39 0.43 0.49 0.45 0.56 0.58 0.4 0.32
蔼动
CO
05/02 0.31 0.58 0.58 0.57 0.58 0.5 0.6 0.73 0.36 0.32 0.29 0.27 0.28 0.29 0.32 0.42 0.66 0.68 0.65 0.7 0.56 0.53 0.5 0.44
蔼动
CO
05/03 0.45 0.39 0.41 0.45 0.52 0.49 0.56 0.73 0.85 0.55 0.42 0.4 0.44 0.57 0.54 0.58 0.59 0.72 0.65 0.55 0.58 0.62 0.66 0.7
蔼动
CO
05/04 0.58 0.32 0.39 0.39 0.36 0.42 0.52 0.55 0.57 0.53 0.54 0.32 0.38 0.3 0.34 0.38 0.44 0.51 0.48 0.51 0.6 0.7 0.87 0.95
蔼动
CO
05/05 0.59 0.44 0.45 0.47 0.49 0.44 0.45 0.52 0.39 1.14 0.42 0.5 0.41 0.34 0.33 0.5 0.4 0.37 0.49 0.71 0.66 0.47 0.46 0.41
蔼动
CO
05/06 0.4 0.4 0.38 0.34 0.31 0.33 0.5 0.94 0.83 0.77 0.56 0.48 0.43 0.38 0.41 0.42 0.58 0.68 0.88 0.6 0.52 0.52 0.48 0.51
蔼动
CO
05/07 0.57 0.51 0.45 0.42 0.4 0.42 0.49 0.82 1.15 1.21 0.92 0.57# 0.57 0.55 0.63 0.68 0.43 0.45 0.8 0.79 0.73 0.8 0.81 0.52
蔼动
CO
05/08 0.41 0.35 0.33 0.31 0.39 0.46 0.6 1.06 1.16 1.39 1.07 0.62 0.43 0.32 0.35 0.35 0.35 0.4 0.48 0.78 0.72 0.73 0.66 0.62
蔼动
CO
05/09 0.67 0.59 0.51 0.6 0.59 0.58 0.61 0.71 0.64 0.6 0.53 0.33 0.28 0.26 0.18A 0.23 0.21 0.4 0.39 0.37 0.55 0.65 0.62 0.64
蔼动
CO
05/10 0.62 0.54 0.48 0.43 0.41 0.45 0.54 0.91 0.85 0.72 0.77 0.68 0.37 0.29 0.3 0.31 0.38 0.45 0.65 0.66 0.61 0.65 0.37 0.47
蔼动
CO
05/11 0.71 0.63 0.58 0.53 0.55 0.57 0.56 0.68 0.51 0.54 0.6 0.51 0.43 0.37 0.4 0.27 0.31 0.27 0.31 0.45 0.48 0.38 0.28 0.27
蔼动
CO
05/12 0.27 0.46 0.45 0.43 0.43 0.45 0.51 0.58 0.56 0.45 0.38 0.35 0.3 0.28 0.28 0.27 0.27 0.27 0.36 0.39 0.43 0.55 0.59 0.6
蔼动
CO
05/13 0.51 0.48 0.42 0.42 0.38 0.38 0.48 0.5 0.57 0.42 0.31 0.28# 0.21 0.22 1.25# 0.22# 0.25 0.29 0.42 0.37 0.29 0.33 0.32 0.29
蔼动
CO
05/14 0.25 0.31 0.36 0.47 0.41 0.37 0.41 0.58 0.43 0.28 0.22 0.22 0.2 0.19 0.18 0.18 0.19 0.2 0.2 0.2 0.21 0.23 0.18 0.17
蔼动
CO
05/15 0.16 0.22 0.2 0.24 0.17 0.24 0.37 0.43 0.32 0.3 0.25 0.24 0.29 0.24 0.21 0.17 0.2 0.23 0.21 0.15 0.14 0.14 0.13 0.1
蔼动
CO
05/16 0.1 0.38 0.27 0.26 0.22 0.16 0.31 0.47 0.27 0.16 0.14 0.15 0.14 0.13 0.12 0.13 0.14 0.17 0.17 0.18 0.18 0.25 0.26 0.21
蔼动
CO
05/17 0.26 0.22 0.2 0.19 0.18 0.22 0.33 0.43 0.26 0.16 0.13# 0.13 0.13 0.12 0.13 0.13 0.13 0.17 0.2 0.27 0.24 0.2 0.16 0.13
蔼动
CO
05/18 0.12 0.1 0.1 0.1 0.1 0.11 0.17 0.14 0.13 0.15 0.13 0.13 0.14 0.12 0.12 0.12 0.14 0.16 0.16 0.15 0.14 0.13 0.12 0.11
蔼动
CO
05/19 0.1 0.14 0.18 0.18 0.18 0.2 0.18 0.14 0.14 0.13 0.14 0.12 0.12 0.11 0.11 0.11 0.13 0.14 0.15 0.17 0.15 0.12 0.11 0.11
蔼动
CO
05/20 0.11 0.23 0.18 0.17 0.15 0.19 0.3 0.53 0.48 0.4 0.19 0.14 0.14 0.13 0.15 0.14 0.2 0.31 0.31 0.44 0.41 0.53 0.62 0.38
蔼动
CO
05/21 0.39 0.3 0.27 0.26 0.27 0.32 0.47 0.64 0.56 0.33 0.27 0.27 0.25 0.26 0.34 0.33 0.44 0.61 0.31 0.24 0.23 0.22 0.22 0.28
蔼动
CO
05/22 0.31 0.21 0.21 0.22 0.25 0.25 0.28 0.3 0.29 0.3 0.37 0.29 0.32 0.26 0.3 0.3 0.29 0.29 0.36 0.46 0.53 0.76 0.6 0.42
蔼动
CO
05/23 0.36 0.7 0.62 0.45 0.45 0.52 0.56 0.67 0.66 0.86 0.94 0.63 0.64 0.52 0.48 0.45 0.44 0.4 0.25 0.35 0.29 0.3 0.34 0.32
蔼动
CO
05/24 0.48 0.51 0.53 0.56 0.59 0.58 0.61 0.68 0.6 0.38 0.49 0.44 0.31 0.25 0.26 0.31 0.33 0.47 0.42 0.43 0.39 0.42 0.47 0.44
蔼动
CO
05/25 0.39 0.36 0.37 0.37 0.37 0.35 0.38 0.45 0.46 0.51 0.48 0.46 0.35 0.32 0.27 0.23 0.27 0.41 0.39 0.46 0.41 0.4 0.4 0.31
蔼动
CO
05/26 0.29 0.26 0.39 0.35 0.37 0.44 0.41 0.47 0.41 0.4 0.45 0.46 0.32 0.36 0.24 0.19 0.19 0.2 0.19 0.25 0.39 0.4 0.42 0.42
蔼动
CO
05/27 0.2 0.15 0.19 0.32 0.49 0.62 0.19 0.4 0.4 0.28 0.24 0.5 0.47 0.54 0.36 0.35 0.4 0.4 0.27 0.27 0.21 0.17 0.17 0.13
蔼动
CO
05/28 0.14 0.1 0.2 0.34 0.33 0.37 0.41 0.41 0.27 0.23# 0.2 0.13 0.13 0.11 0.12 0.26 0.27 0.43 0.57 0.79 0.73 0.67 0.45 0.32
蔼动
CO
05/29 0.31 0.32 0.33 0.32 0.32 0.33 0.34 0.29 0.24 0.2 0.19 0.18 0.18 0.28 0.31 0.24 0.22 0.23 0.47 0.46 0.36 0.36 0.22 0.18
蔼动
CO
05/30 0.17 0.33 0.36 0.36 0.37 0.37 0.41 0.54 0.48 0.33 0.38 0.39 0.28 0.23 0.23 0.2 0.2 0.23 0.21 0.19 0.22 0.28 0.49 0.45