雲林
SO2 (ppb)
05/05 2.5 1.3 1.7 1.6 1.1 1.1 1.9 3.1 2.4 2.1 1.9 1.6 1.6 1.7 1.9 2.4 3.1 3.6 3.2 1.8 1.7 2.8 1.5 1.9
雲林
CO (ppm)
05/05 0.33 0.26 0.27 0.22 0.23 0.23 0.24 0.29 0.41 0.36 0.27 0.28 0.29 0.32 0.3 0.42 0.35 0.35 0.4 0.31 0.35 0.36 0.34 0.31
雲林
O3 (ppb)
05/05 41 25 29 23 19 16 15 21 30 47 48 51 59 64 70 73 68 65 59 54 51 44 44 41
雲林
PM10 (μg/m3)
05/05 64 50 49 33 35 31 32 34 38 43 32 28 42 45 34 48 52 54 53 44 52 46 48 47
雲林
NOx (ppb)
05/05 15 11 8.8 7.1 8.8 8.3 9.1 13 15 11 7.5 7 6.8 6.9 5.7 9.4 8.9 11 12 10 9.2 15 11 9.7
雲林
NO (ppb)
05/05 4.2 1.4 0.7 1 0.8 1.1 1.8 2.9 2.7 1.6 1.3 1 1 0.8 0.7 1.2 0.9 1.2 0.8 1 0.7 0.9 1 0.8
雲林
NO2 (ppb)
05/05 11 9.2 8.1 6.2 8 7.2 7.3 10 12 9.2 6.2 6 5.8 6.1 5 8.3 8 10 12 9 8.4 14 10 8.9
雲林
THC (ppm)
05/05 24.4 23.8 23.7 23.5 23.5 23.1 23.4 24.6 26 27.2 28 28 27.4 27.5 28.4 28.2 27.2 26.3 25.2 24.5 24.1 23.6 23.4 23.4
雲林
NMHC (ppm)
05/05 81 84 85 83 81 82 80 74 71 67 62 63 67 69 62 64 70 77 82 85 86 87 88 88
宜蘭
CO
05/05 0.19 0.15 0.14 0.14 0.19 0.2 0.2 0.19 0.19 0.2 0.19 0.19* 0.25 0.26 0.23 0.26 0.27 0.3 0.29 0.31 0.3 0.2 0.19 0.18
宜蘭
CO
05/06 0.18 0.16 0.16 0.16 0.15 0.16 0.2 0.32 0.23 0.23 0.21 0.24 0.21 0.21 0.19 0.22 0.24 0.29 0.27 0.29 0.25 0.21 0.17 0.16
