sλ
SO2
01/01 1.3 1.9 1.7 1.5 1.5 1.5 1.4 1.5 1.5 1.5 1.4 1.5 1.3 1.3 1.4 1.4 1.5 1.5 1.6 1.4 1.4 1.5 1.6 1.5
sλ
SO2
01/02 2 1.4 1.5 1.6 1.6 1.5 1.5 1.7 1.9 1.9 2 1.8 2 2.1 2 2 2.1 2.2 2.2 2.2 2.2 2.3 2.4 2.5
sλ
SO2
01/03 1.5 1.6 1.4 1.5 1.6 1.4 1.8 1.7 1.9 2.3 2.2 2.2 1.9 1.6 1.8 1.9 1.9 2.4 2.2 2.2 2.4 2.3 2.4 2
sλ
SO2
01/04 2 1.1 1.2 1.4 1.4 1.6 1.8 2.2 3.3 6.2 8.9 7.5 3.6 1.5 1 1.1 1.3 1.5 1.1 1.6 1.8 1.9 1.8 1.3
sλ
SO2
01/05 1 2.3 2.5 2.2 2.2 2.2 3 3.4 4.1 3.9 3.2 3.3 3.4 3.6 3.7 3 3.2 2.6 2.4 2.2 2.3 1.8 2.1 1.8
sλ
SO2
01/06 1.9 1.1 1.1 1.1 0.7 1 1 1 1.1 0.8 0.7 0.9 1 1 1.1 1.1 0.9 1 1 1.1 1.1 1.1 1.1 0.9
sλ
SO2
01/07 0.9 1.6 1.8 1.9 1.8 2.1 2.5 3.4 3.8 3.1 3.8 3.2 3 3.2 3.4 2.5 2.2 1.9 2.5 2.6 2.4 2.8 2.6 2.4
sλ
SO2
01/08 3.1 1.2 1.1 1.1 1.3 2 1.7 1.9 1.1 1.1 1.4 1.6 1.2 1.2 1.9 1.7 1.6 1.2 1.4 1.3 2.1 1.9 1.7 1.7
sλ
SO2
01/09 1.9 1.2 1.2 1.1 1.3 1.5 1.5 1.4 1.6 1.7# 1.4 1.3 1.4 1.5 1.2 1.4 1.7 2.1 1.8 2.3 2.4 2.3 2 2.3
sλ
SO2
01/10 1.6 1.7 1.8 1.6 1.7 1.8 2.1 3.3 3.8 2.5 2.5 1.7# 1.6 1.6 1.6 1.3 2.1 2.5 2.6 2.8 2 1.9 2.5 3
sλ
SO2
01/11 3.2 2.3 2.2 2.1 1.6 1.7 2.2 1.6 2.8 2.9 3.1 2.8 2 2.3 2.7 2.6 2.6 2.2 2.7 3 2.2 2.6 2.9 3.2
sλ
SO2
01/12 2.4 1.5 2 1.9 1.4 1.5 1.9 1.1 1 1.4 1.6 1.2 1.7 1.6 1.1 1.1 1.4 1.6 1.3 1.1 1.2 1.5 2 1.5
sλ
SO2
01/13 1.6 3 2.6 2.5 2.4 2.2 2.4 2.6 2.8 2.7 2.3 2.1 1.8 2.1 2.1 1.9 1.7 2 2.6 1.8 1.7 1.9 2 2.2
sλ
SO2
01/14 1.6 1.7 1.7 2 1.7 2 2.1 1.9 2.7 2.2 2.4 2.4 2.2 2.2 2.2 2.1 2.5 2.6 3.4 2.6 2.7 2.7 2.8 3.1
sλ
SO2
01/15 2.6 1.5 5.8 2.6 3 3.2 2.7 2.8 3.6 2.8 3.9 3 1.7 1.7 1.6 1.4 1.7 1.4 1.5 1 1.1 0.9 1.1 1.4
sλ
SO2
01/16 2 2.1 2 1.7 1.8 1.5 1.6 1.8 1.8 1.8 1.9 2 2.2 2.3 2.1 2.3 1.8 1.8 1.7 1.6 1.9 1.7 1.7 1.6
sλ
SO2
01/17 1.9 1.6 1.6 1.5 1.7 1.4 2.4 2.3 2.3 2.4 2.1 1.9 1.9 2 1.9 1.8 1.8 1.9 1.8 1.7 1.8 1.8 1.6 1.9
sλ
SO2
01/18 1.6 2.2 2.3 2.2 1.9 1.7 1.8 2.6 2.3 1.8 1.9 1.6 1.5 1.5 1.6 2.1 2.2 2.5 2.4 2.1 1.6 1.7 2.6 3.1
sλ
SO2
01/19 2.4 1.9 1.6 1.2 1 1.5 1.4 1.4 1.9 3.7 1.7 1.1 1.1 0.7 1 1.1 1.5 3 3 4.8 3.5 2.7 2.5 2.2
sλ
SO2
01/20 3 3.8 3.9 3.5 3.6 3.2 3.1 3.4 3.3 3.6 3.3 2.4 1.8 1.4 1.8 1.5 1.6 1.6 1.5 1.3 1.2 1.4 1.2 1.1
sλ
SO2
01/21 1.4 1.3 1.6 1.5 1.5 1.8 1.6 1.5 1.6 1.7 1.5 1.8 2.1 2 2.2 2 2.3 2.9 2.6 2.8 2.5 2.2 2.3 1.9
sλ
SO2
01/22 1.9 1.9 1.7 2.2 1.9 1.7 2.5 2.9 3.2 2.9 3.8 3.5 2.9 3.3 3.6 4.1 4.4 4.7 4.8 5.2 5 4.6 4.6 3.8
sλ
SO2
01/23 3.1 4.7 3.8 3.7 3.8 3.9 3.8 3.8 4 3.8 3.1 2.7 2.7 2.4 2.6# 2.5 2.8 3.1 3.4 3.7 3.4 3.5 3 3.1
sλ
SO2
01/24 3.1 3.4 2.4 2.8 2.1 1.7 1.5 1.6 2 2.3 2.6 2.3 1.9 1.7 1.6 2# 2.1 2.2 2.1 2 2.2 1.9 1.9 1.7
sλ
SO2
01/25 2.3 1.6 2 1.8 1.2 1.5 1.3 1.9 2.6 3.6 4.3 2.8 2.2 1.7 1.8 1.9 1.7 2.4 2.6 2.5 2.2 2.1 1.9 2.6
sλ
SO2
01/26 1.5 1.9 1.9 2.1 2.2 2 1.7 1.5 1.6 1.6 1.7 1.4 1.7 1.9 1.7 1.7 1.4 1.6 1.6 1.8 1.7 1.8 1.8 1.7
sλ
SO2
01/27 2.2 1.8 2.2 1.5 1.6 2 1.9 2 2.1 1.9 1.9 1.7 1.5 1.3 1.5 1.9 1.8 2.3 2.1 3.5 1.8 2.1 2.1 2.4
sλ
SO2
01/28 1.6 1.9 1.8 2.2 1.5 1.4 1.6 2 2.6 4.9 3.6 3.5 2.2 1.9 1.9 2.2 2.5 2.5 2.7 3.3 4.1 3.3 4.5 4.6
sλ
SO2
01/29 3.6 5.4 2.9 2 2.1 3 1.8 1.6 3.9 3 1.6 1.5 1.7 1.8 1.9 2.8 2.7 2.5 2.3 3 2.8 2.7 2.4 2.9
sλ
SO2
01/30 3 2.9 2.3 2.2 4.4 4.3 2.2 3.5 4.3 3.1 2.4 3.4 2.1 0.4 1.8 1.9 1.1 1 1.4 2.3 2.7 2.9 2 1.4
sλ
SO2
01/31 1.4 1.3 1.1 0.9 1.4 2.4 3 4.2 5.9 5.2 4.1 3.1 3 2.3 2.4 1.3 1.1 1.6 1.6 1 0.8 0.6 0.5 0.5
sλ
SO2
菏代~るG2019/02A 代浮GsλA 代兜GSO2]ppb^
sλ
SO2
ら戳 00 01 02 03 04 05 06 07 08 09 10 11 12 13 14 15 16 17 18 19 20 21 22 23
sλ
SO2
02/01 0.9 0.9 0.8 1.1 0.9 0.8 0.8 0.9 1.2 1.5 1.6 1.4 1.5 1.5 1.5 1.7 2 1.9 1.8 1.7 1.9 1.9 2 2.2
sλ
SO2
02/02 1.2 1.7 2 1.6 1.1 1 1 1.2 2.4 4.5 2.5 2.2 1.5 1.1 1.6 0.8 0.8 1.1 1.1 1.6 2.3 1.9 1.4 1.2
sλ
SO2
02/03 1.6 1.9 1.9 1.6 1.9 1.9 1.8 1.8 2.6 2.1 1.6 2.7 2.5 2.5 2.2 1.9 1.5 1.1 1.5 1.6 1.2 1.2 1.1 1.3
sλ
SO2
02/04 3.3 2.8 2.3 1.7 1.1 1 0.8 0.8 0.9 0.9 1.3 1.4 1.3 1.1 1.1 1.1 1.2 1.3 1.3 1.7 1.9 1.5 1.4 1.3
sλ
SO2
02/05 1.2 1.3 1.2 1.2 1.1 1.1 1 1.2 1.5 1.6 1.6 1.6 1.2 1.4 1.3 1.3 1.1 1.1 1.7 1.2 1.3 1.7 3.1 2.5
sλ
SO2
02/06 1.6 1.6 1.6 1.7 3.8 1.8 1.5 1.5 1.6 3.7 2.8 2.1 2.4 2.4 1.8 1.4 1.2 1.1 1.2 1.3 1.6 1.6 2.1 1.6
sλ
SO2
02/07 1.9 1.3 1.1 1.2 1.4 1.3 1.6 3 2.9 2.8 1.5 1.3 2.1 1.7 1.5 1.8 1.4 1.4 1.3 1.1 1.1 1.1 1 1
sλ
SO2
02/08 0.7 1.1 1.1 1.2 1.2 1 1.3 1 1.1 1.1 1.1 1 1.1# 1.2 1.2 1.3 1.3 1.3 1.5 1.6 1.7 1.4 1.2 1.8
sλ
SO2
02/09 1.7 1.6 1.4 1.6 1.4 1.9 1.7 1.5 2 1.6 1.4 1.6 1.5 1.4 1.4 1.5 1.6 1.7 1.4 1.5 1.6 1.4 1.3 1.4
sλ
SO2
02/10 2 1.2 1.1 0.9 0.9 0.9 0.5 0.5 0.5 1.1 1 0.8 0.8 0.8 0.8 0.7 0.8 0.9 0.7 0.8 0.9 0.7 0.6 0.8
sλ
SO2
02/11 0.9 1.1 1 1.2 1.2 1 1 1 1 1 1.2 1.5 1.5 1.3 1.5 1.2 1.3 1.6 1.4 1.6 1.6 1.8 2.2 1.9
sλ
SO2
02/12 1.4 1.5 1.4 1 0.8 1 1.5 2 2.3 2.3 1.9 1.5 1.1 1.2 0.9 1 0.7 0.8 0.8 0.6 1 1.3 1.8 1.3
sλ
SO2
02/13 1.6 1.7 2.1 1.2 0.9 1.4 1.4 1.1 1.2 1.3 1.1 0.9 1 1.2 1.3 1.6 1.9 1.7 1.7 2 2 3.3 2.6 2.4
sλ
SO2
02/14 2.4 2.1 1.8 2 2.6 1.4 1 1.9 2 1.6 1.7 1.5 1.2 1.1 1.1 1.2 1.2 1.2 1.3 1.2 1.4 1.4 1.8 2.4
sλ
SO2
02/15 3 3.8 3 2.6 2.1 1.8 1.7 2.4 4 4 2.9 2.4 2.2 2.2 2 1.8 1.7 1.6 2 3.3 3.5 5.5 5.4 4.7
sλ
SO2
02/16 3 2.6 3 3.5 2.9 2.4 1.8 1.9 1.7 2 1.7 2 1.9 1.7 1.4 1.3 1.5 1.3 1.5 1.8 1.7 1.7 1.6 1.7
sλ
SO2
02/17 2.2 1.5 1.1 0.9 1.1 1.4 1.3 1.2 0.9 1 1 1.3 1.5 1.5 1.2 1.7 1.8 1.2 1.2 1.3 1.3 1.3 1.2 1.2
sλ
SO2
02/18 1.1 1.8 2 1.8 1.6 2 1.6 2.2 2.7 3.1 3.7 1.3# 1.1 1.2 1.1 1.3 1.3 1.3 1.7 1.8 1.9 2.7 2.6 2.1
sλ
SO2
02/19 1.6 1 0.7 0.6 0.8 0.7 0.9 1.9 3.6 3.3 2.4 2.3 2.4 2.4 2.3 1.5 1.5 2.4 4 4.9 6.9 5.8 6.6 5.1
sλ
SO2
02/20 2.7 3.5 3.4 2.3 3.4 5.3 4.9 5.3 9.1 7.7 4.9 2.8 1.6 0.9 0.8 0.6 0.7 0.5 0.4 1.6 1.4 1.1 1.4 1
sλ
SO2
02/21 2.3 3 3.8 3.2 3 2.2 2.6 3.5 3.7 3.9 3.2 4.6 4.3 3.6 3.3 2.9 2 2.2 1.8 1.9 1.8 1.9 2.7 3.1
sλ
SO2
02/22 2.3 1.5 1.3 1.4 1.6 1.3 1.2 1.2 1.2 1.3 1.4 1.8 2 1.3 1.6 1.6 1.4 1.6 1.5 1.9 1.9 1.9 2 2
sλ
SO2
02/23 1.7 1.6 1.9 1.2 1.4 1.5 1.5 1.9 2.5 2.4 2.4 2.1 1.6 1.6 2 1.7 2 2.1 2.1 2.1 2.2 1.7 1.7 2
sλ
SO2
02/24 1.2 1.7 1.6 1.6 1.6 1.5 1.4 1.4 1.1 1.3 1.3 1.4 1.4 1.8 1.7 1.5 1.3 1.7 1.4 1.2 1.3 1.7 1.6 1.5
sλ
SO2
02/25 3.2 1.5 2 4.2 2.3 1.7 1.5 2.1 2.4 2.5 2.7 2.7 1.2 0.9 1.3 1.4 1.5 2.2 1.4 2 1.5 1.5 2.2 1.8
sλ
SO2
02/26 1.8 1.7 1.8 1.5 1.6 2.4 2.6 2.5 2.8 2.9 3 2.8 2.9 3 2.2 2.2 2.7 2.5 3.5 3.4 3.6 4.3 4.5 2.7
sλ
SO2
02/27 2.1 3.1 2.8 2.4 2.5 2.7 2.3 2.5 2.8 2.6 2.6 2.2 1.8 1.2 1.3 1.7 2.5 1.1 1.3 1.5 2.3 3 3.3 5.3
sλ
SO2
02/28 3.1 3.3 3 1.8 1.6 1.6 2 2.2 1.7 2 1.2 1.1 0.8 1.1 1.3 1.3 1.8 1.9 1.9 2.2 1.7 1.9 1.7 2.4
sλ
SO2
菏代~るG2019/03A 代浮GsλA 代兜GSO2]ppb^
sλ
SO2
ら戳 00 01 02 03 04 05 06 07 08 09 10 11 12 13 14 15 16 17 18 19 20 21 22 23
sλ
SO2
03/01 3.4 2.4 2.8 2.2 2.8 1.9 2.3 2.1 2.4 2 2 1.9 1.9 1.6 1.3 1.1 1.3 1.5 1.3 1.6 2 2.1 2.1 1.6
sλ
SO2
03/02 1.5 1.6 1.5 1.9 2.5 1.8 2.1 1.5 0.9 1.2 1.3 1.2 0.8 0.8 0.8 0.8 0.9 1.1 1.2 1.4 2.4 2.3 2.4 3.7
sλ
SO2
03/03 3.2 3.3 2.4 1.8 2.1 3.3 3.1 3.6 2.9 2.9 1.1 1 1.1 1 0.8 0.7 0.7 0.9 1.7 1.5 1.4 1.5 1.6 2
sλ
SO2
03/04 3.6 2.2 1.9 2.1 2.4 1.8 2.5 2.6 2.2 2.5 2 1.9 2.2 2.4 2.3 2.3 2.2 2.1 2.2 1.9 1.6 1.4 1.7 1.7
sλ
SO2
03/05 1.6 1.1 1.1 1.3 1.5 1.2 0.9 0.9 1.3 1.4 1.2# 2.4 3.9 2.8 2.7 1.8 1.5 1.1 1 1 1.2 1.3 1.1 1.5
sλ
SO2
03/06 1.4 0.9 0.9 0.9 1 0.9 1 1.8 1.4 1.4# 1.7x 2.3# 2.3 2.5 2.5 2.6 1.6 2 2 1.8 1.7 1.6 1.7 2.1
sλ
SO2
03/07 1.8 2.7 1.8 1.5 1.6 1.8 1.4 1.9 1.9 2 2.1 2 1.7 1.6 2 1.9 2.1 1.8 1.9 1.9 1.8 1.7 1.7 1.6
sλ
SO2
03/08 1.2 2 2 2.2 2.4 2.1 1.9 2 2.1 2.4 2.8 2.6 2.7 2.2 2.4 2.4 2.7 2.3 3.2 2.5 3.1 3.1 3 2.7
sλ
SO2
03/09 2.7 1.7 1.5 1.5 1.5 1.3 1.2 1.6 1.5 2.1 1.6 1.8 1.6 1.6 1.6 1.6 1.6 1.7 1.5 1.4 2 1.9 2.8 2.9
sλ
SO2
03/10 2.1 1.6 1.3 1.2 1.1 1.1 1.1 1.2 1.9 1.9 1.6 1.3 1.4 1.3 1.8 1.4 1.6 1.8 2.9 2 2.1 1.6 1.3 1.4
sλ
SO2
03/11 2.7 2.7 2.3 2.7 3.1 2.2 2.2 2.5 2.9 3.3 3.7 4 3.5 3 3 3 3.1 2.8 3.2 3.3 3.7 2.9 2.9 2.7
sλ
SO2
03/12 2.9 2.4 1.7 1.4 1.9 2.4 1.6 1.5 1.4 1.2 1.8 2.4 2.8 2.2 1.6 1.3 1.4 2.2 3.2 3.3 2.2 1.6 1.7 1.5
sλ
SO2
03/13 1.8 1.9 1.5 1.5 1.5 1.5 2.1 2 2.7 2.6 2.3 3.3 2.7 1.8 1.3 1.3 0.8 0.6 0.7 1 0.9 1.1 1.7 1.5
sλ
SO2
03/14 1.2 1.8 1.8 1.6 1.4 1.6 2 3.1 3.8 3 2.6 2.3 2.1# 1.7# 1.4# 1.5 1.5 1.4 1.7 1.7 1.4 1.1 1.2 1.9
sλ
SO2
03/15 0.8 1.8 1.6 1.5 1.7 1.6 2 2.7 2.2 2.4 2.3 2 1.7 1.9 1.9 2.2 2.5 3.6 3.6 3.5 3.8 2.6 2.8 2.9
sλ
SO2
03/16 2.7 1.5 1.5 1.5 1.9 1.6 1.5 1.6 1.9 1.5 1.5 1.5 1.2 1.7 1.7 1.6 1.5 1.3 1.1 0.9 0.8 1 1.6 2.1
sλ
SO2
03/17 1.1 2.2 2.2 2.1 3.8 3.8 2.2 2.4 2.8 2.5 2.6 2.2 2.6 3.8 3.9 4.1 3.3 2 2 2.5 2.6 2.1 2.4 2.1
sλ
SO2
03/18 2.3 2.6 1.8 1.5 1.6 1.4 2.3 1.5 1.6 1.4 1.5 1.3 1.1 1.3 1.2 1 1.4 1 1.3 1.7 2 2.8 3.4 2.6
sλ
SO2
03/19 1.6 1.9 1.7 2.2 1.9 3.7 2.9 3.2 3.3 3.7 3.7 3.2 3.1 2.6# 2.4 2.5 2.4 2.4 2 1.7 1.5 1.3 1.4 1.2
sλ
SO2
03/20 2 2.9 2.6 2.3 2.5 2.4 2.4 2.8 3.5 3.7 2.9 2.6 4.3 4.6 3.6 3.9 3.2 3.6 4.1 3.4 2.7 2.2 1.8 1.6
sλ
SO2
03/21 1.6 3.6 3.1 2.1 1.8 1.9 3.2 3.6 2.3 2.1 2.5 3.3 2.7 2.4 2.5 2.3 2.6 1.3 1.1 1.7 2.2 3.1 3.1 3.3
sλ
SO2
03/22 1.6 2.8 2.1 1.8 2.1 2 1.7 2.2 2.5 2.6 3.6 3.2 2.3 1.7 1.7 2.2 1.7 1.6 2.2 1.8 1.7 2.4 1.8 1.4
sλ
SO2
03/23 1.7 1.3 1.3 1.3 1.2 1.2 1.1 1.3 1.5 1.6 1.5 1.2 1.3 1.5 1.5 1.5 1.5 1.5 1.7 1.8 1.6 1.4 1.5 1.5
sλ
SO2
03/24 1.4 1.2 1 0.9 1.4 1.1 1.4 1.3 1.6 1.2 1.2 1.6 1.4 1.4 1.3 2 1.9 1.8 1.7 1.7 1.7 1.9 1.9 2.1
sλ
SO2
03/25 1.3 1.3 1.3 1.4 1.2 1.4 1.5 1.9 1.4 1.7 1.6 1.7 1.3 1.1 1.1 1.8 1.6 2 1.8 1.2 1.7 2.2 2 1.9
sλ
SO2
03/26 2 1.7 2.5 2 1.6 2.6 2.5 2 2.1# 2.2 2.4 2.1# 1.9 2.1 2.2 2.5 2.6 2.5 2.4 2.3 1.9 1.5 1.4 1.5
sλ
SO2
03/27 1.4 1.5 1.9 1.9 1.7 1.8 1.9 2.7 3.1 2.5 1.8 1.7 2.1 2.6 2.9 3.1 2.1 1.9 2.2 2.1 1.9 1.9 1.9 2.6
sλ
SO2
03/28 2.5 3 3.3 2.7 2.5 3.8 3.9 2.5 2.6 2.9 1.6 2.2 2.9 2.2 2.7 1.3 1.1 1.5 1.1 1.4 2.7 1.5 2.3 2.1
sλ
SO2
03/29 3.1 3.3 1.7 1.6 3.2 2.1 2 2.6 1.9 1.7 1.6 1.9 1.5 1.9 1.5 1.5 1.8 2.3 2.5 2.4 3.1 3 1.3 1.3
sλ
SO2
03/30 1.4 1.4 1.4 1.7 2.2 2.9 3 2.6 2.2 2.2 2.1 2.2 2 1.7 1.5 1.9 2.3 2.3 1.9 1.6 2.5 2.7 1.7 1.8
sλ
SO2
03/31 1.9 2 1.7 1.8 2.1 1.8 1.5 1.7 2.1 1.5 1.5 1.7 1.6 1.7 1.7 1.8 1.9 1.8 1.7 1.6 1.8 1.9 1.6 1.9
sλ
SO2
菏代~るG2019/04A 代浮GsλA 代兜GSO2]ppb^
sλ
SO2
ら戳 00 01 02 03 04 05 06 07 08 09 10 11 12 13 14 15 16 17 18 19 20 21 22 23
sλ
SO2
04/01 1.8 0.9 0.8 0.9 0.9 0.7 0.7 1.1 1.2 1.2 1.2 1.3 1.2 1.1 1.2 1.3 1.4 1.1 1.2 1.1 1.2 1 0.9 0.8
sλ
SO2
04/02 0.8 1.6 1.5 1.5 1.6 1.2 1.2 1.5 1.6 1.6 1.8 2.1 4.9 3.9 4.3 2.8 2.7 1.8 1.8 2.1 1.8 2.1 1.7 1.2
sλ
SO2
04/03 1.6 1.9 1.7 1.5 1.7 1.7 1.6 1.5 1.6 1.9 1.8# 1.4# 1.4 1.7 1.9 1.9 1.8 1.7 2 2.3 3.2 2.7 3 2.6
sλ
SO2
04/04 2.4 3.8 3 2.8 2.3 1.9 1.5 1.5 1.7 2.2 2.2 2.3 1.8 1.6 1.6 1.4 1 1.1 1 1.1 1 1.3 1.1 1.2
sλ
SO2
04/05 1.2 1 0.9 0.9 0.9 1 1 1 1.2 1.2 1.6 1.5 1.2 1.1 1.1 1 1.5 1.4 2.6 2 1.5 1.4 1.4 1.4
sλ
SO2
04/06 1.4 1.8 1.7 1.9 1.6 1.5 1.8 2 3.3 3.8 3.6 3.6 3 2.6 2.8 2.8 2.3 2.8 2.6 2.6 2.3 2.2 2.6 3.3
sλ
SO2
04/07 2.7 1.9 2.1 1.8 2.1 1.7 2.1 2.7 3 2.2 3.2 3 3.4 3.6 3.6 2.3 3.5 2.5 1.1 2.6 2.8 1.4 2 2.4
sλ
SO2
04/08 1.8 2.1 1.6 1.7 1.5 1.5 1.7 2.1 2.7 3.5 4 4.3 3.6 2.5 2.4 3.5 3.1 1.9 2.9 2.5 2.8 2.6 3.2 3
sλ
SO2
04/09 1.9 2.1 2.1 1.8 1.9 1.8 1.5 1.8 2.8 2.9 5.3 4.9 2.6 3.1 3.1 2.8 4.7 1.1 1.7 1.2 1 1.5 1.6 1.2
sλ
SO2
04/10 1.5 1.6 1.7 2 5.2 2.9 1.9 1.8 3.3 3 3.2 3.5 3.4 3.2 2.1 2.1 1.8 2.3 3.3 3.4 2.7 2 2.7 2.6
sλ
SO2
04/11 2.4 1.5 2 1.6 2.2 1.4 1.2 1.5 1.6 2.9 2.4 3.3 2 1.4 1.1 0.9 0.9 1.1 1.4 1.2 1.2 1.2 2 1.9
sλ
SO2
04/12 1.8 1.9 1.9 2.6 2.1 1.9 2 2.1 2.1 2.4 2.3 2.1 2.1 2.3 2 1.9 2.2 2.3 2.7 2.7 2.3 2.5 2 1.9
sλ
SO2
04/13 1.4 1.3 2.5 2 1 1.2 1.4 1.5 2 1.1 2.3 3.7 2.4 1.3 1.6 1.2 1.1 1.2 1.1 1.3 1.6 2 2.2 2.2
sλ
SO2
04/14 2.6 2.2 2.3 1.9 2.9 2.3 1.9 2.3 2.5 2.7 2.2 2.3 2 1.7 1.6 1.1 1.3 1.5 1.5 1.1 1.4 1.2 1.6 1.9
sλ
SO2
04/15 2.3 2.1 2 1.8 2 2.2 2.2 2.2 1.9 1.8 2 1.7 1.9 1.9 2# 1.6 2.2 1.9 2.4 2.7 2.3 3.1 2 1.6
sλ
SO2
04/16 1.8 2.1 2.5 2.4 1.6 1.6 1.7 2.4 2.6 2.2 2.2 2.2 2.2 1.8 1.8 1.7 1.7 2.1 2.1 2.9 2.2 3.3 3.5 5
sλ
SO2
04/17 5 3.3 2.5 2.1 2.2 2.6 2.4 2.5 3.9 3.8 3.2 2.7 2.3 2.7 2.7 2.4 2.2 2.4 3.4 4.8 4.1 2.7 2.1 2
sλ
SO2
04/18 3.3 1.9 1.8 1.8 2.6 3 3.7 4 4.3 3.2 3.4 2.5 2.6 2.9 2.8 2.6 2.1 3.6 3 2.6 2.6 2.3 2.3 2.4
sλ
SO2
04/19 1.7 1.8 1.7 1.6 1.4 1.4 1.1 1.6 2.5 2.3 2.4 2.4 2.1 2.1 2.1 2.2 1.8 1.8 1.7 1.9 2.7 2.8 2.3 2.6
sλ
SO2
04/20 2 1.7 2.4 1.6 1.5 1.3 1.5 1.8 2.8 2 1.5 2 2.1 2.2 1.8 1.7 1.6 1.8 2.5 2.7 2.2 1.9 1.8 2
sλ
SO2
04/21 1.6 2.1 1.8 1.8 1.7 2.4 1.9 2.2 2.7 2.8 3.2 2.7 2.3 2.1 3.6 2.9 1.7 1.6 2.9 2.7 2.2 2 2.8 2.6
sλ
SO2
04/22 2.5 1.4 1.4 1.5 1.6 1.7 2 2.2 2.5 3.2 4 3.6 3.5 4.2 3.2 2 1.7 1.7 1.9 1.6 1.5 3 2.7 1.9
sλ
SO2
04/23 1.5 1.7 2.1 1.9 1.7 2.1 2.4 3.3 3.8# NA 2.9# 2.4 2.8 3 2 2.1 1.9 1.8 1.7 2.9 2.7 2.9 2.6 2.7
sλ
SO2
04/24 1.8 1.2 1 1.4 1.6 1.6 1.9 3 2.1 2 1.8 1.6 1.7 1.2 1.2 1 1.4 2 1.8 2 2.3 2 1.8 2.3
sλ
SO2
04/25 1.4 2.2 2.4 1.2 1.8 1.6 1.5 1.4 1.3 1.1 1.3 1.8 2.2 1.5 2.2 2.6 2.3 4.4 2 3.7 1.7 2.1 2.4 1.5
sλ
SO2
04/26 1.7 3.1 3.1 2.9 4.2 4.6 2.5 3 3.6 3.6 3.5 3.1 3.1 2.9 2.7 2.6 2.8 2.9 2.9 3.2 3.1 3.7 2.5 1.9
sλ
SO2
04/27 1.9 2.1 2.1 2.4 2.1 2 2.2 1.7 1.6 1.5 1.8 1.8 2 1.7 1.6 1.6 1.7 2 2 2.3 2.3 2.4 2.4 3.1
sλ
SO2
04/28 2.5 2.4 1.7 1.5 1.9 1.9 1.8 2.1 2.1 1.2 1.2 1.4 1.5 1.3 1.3 1.2 1.4 1.5 1.4 2.1 2.3 2.9 7.5 6.5
sλ
SO2
04/29 5.4 2.1 2.1 3.2 3 2.7 3.1 5.6 5.2 6 5.2# 4.1 3.1 2.8 3.5 4.5 4 2.8 3.9 2.7 3.1 3.3 2.7 2.4
sλ
SO2
04/30 3.7 2.1 1.7 2 1.7 2 2.4 2.4 2.3 1.6 3.2 3.3 2.6 2.5 1.7 2.2 1.5 1.1 1.1 2.7 4.1 1.8 3 2.1
sλ
SO2
菏代~るG2019/05A 代浮GsλA 代兜GSO2]ppb^
sλ
SO2
ら戳 00 01 02 03 04 05 06 07 08 09 10 11 12 13 14 15 16 17 18 19 20 21 22 23
sλ
SO2
05/01 1.5 1.2 1.1 1.1 0.9 0.9 1.2 1.2 1.3 1.3 1.3 1.3 1.3 1.4 1.3 1.4 2.4 1.9 1.7 2.3 1.2 1.6 1.9 1.7
sλ
SO2
05/02 1.5 2.3 2.2 2.1 2.1 1.7 1.7 2 2.1 1.8 1.8 1.8 1.4 1.4 1.9 2 2.1 2.1 2.5 1.9 2.1 2 1.6 1.4
sλ
SO2
05/03 2.3 1.7 2.1 2.1 1.5 1.2 1.5 1.7 1.9 1.9 1.8 1.8 1.9 1.6 1.8 1.9 1.9 1.7 1.7 2 2.5 2.2 1.6 2
sλ
SO2
05/04 1.5 1.4 1.5 1.4 1.4 1.4 1.3 1.5 1.6 1.7 1.5 1.5 1.3 1.3 1.3 1.3 1.2 1.5 1.6 1.5 1.5 1.4 1.4 1.6
sλ
SO2
05/05 1.2 1.4 1.5 1.8 1.8 1.6 1.5 1.4 1.6 1.7 2.3 2.1 2.2 1.9 1.7 1.7 1.6 1.7 1.7 1.8 2.5 1.4 1.4 1.7
sλ
SO2
05/06 1.5 1.2 1.2 1.1 1.2 1.1 1.2 1.2 2.2 2 2 1.6 1.7 1.5 1.8 1.9 1.8 2.1 2 2 1.8 1.7 1.7 1.7
sλ
SO2
05/07 1.4 1.1 1.1 1 0.8 1 0.8 0.9 1.1 1.3 1.2 1.2 1.2 1.2 1.1 1.3 1.3 1.4 1.4 1.5 1.7 1.8 1.1 1.7
sλ
SO2
05/08 1.5 1.5 1.5 1.8 1.4 1.6 2 2.4 2.1 1.7 1.9 1.9# 2.5 1.9 2.1 1.7 2.1 2.4 2.1 1.8 2.2 2 2 3
sλ
SO2
05/09 1.4 1.7 1.7 2.3 2.9 2.4 2.8 2.4 2.2 1.8 1.5 1.6 1.8 1.3 1.5 1.4 1.6 1.4 1.7 1.6 1.7 2.1 2.1 1.5
sλ
SO2
05/10 2 1.7 1.8 1.4 1.1 1.9 2 2.1 1.4 2.3 2.4 2.4 2.3 1.9 1.5 1.4 1.2 2.4 2.3 2.8 2.7 2.4 2.7 1.9
sλ
SO2
05/11 1.9 2.5 2.7 1.8 1.8 2.7 3.1 3.7 3.7 3.8 2.8 2.4 2.4 2.8 2.6 2.6 2.5 3.1 2.7 2.7 2.2 2 2.2 2.4
sλ
SO2
05/12 1.8 1.5 1.5 1.5 2.1 2.4 1.9 1.9 2.1 2.7 3.2 3.1 3.3 2.8 2.5 2.6 2.5 2.8 3.3 2 2.1 1.9 1.6 1.6
sλ
SO2
05/13 1.9 1.8 1.6 2.2 2.3 2.9 2.4 2.9 2.3 4.3 3.3 2.7 3.7 3.7 3.8 3.5 3.5 3.2 3.4 3.1 3.3 3.8 4.3 4.5
sλ
SO2
05/14 3.4 3.6 2.3 2.4 2.6 2.9 3.2 4.1 3.3 3.7 2.6 1.4 1.5# 1.5 0.9 1 1.2 1.6 1.5 3.1 2 2.4 2.1 2.5
sλ
SO2
05/15 3.1 5.3 5.3 4.1 3.6 2.9 3.1 2.8 3.5 3.5 2.7 2.9 2.5 1.5 1.8 1.7 2.4 1.9 2.8 2.5 2.4 2.7 2.5 2.8
sλ
SO2
05/16 2.4 3.6 4.1 2.1 2.1 1.6 1.7 1.9 1.6 1.7 1.7 1.8 1.7 2.1 1.9 1.8 1.7 2 4.5 4.6 4.7 3.7 3.1 4.9
sλ
SO2
05/17 1.4 1.4 1.8 1.7 1.3 1.2 1.1 1.1 1.3 1.2 1.4 2.2 2.2 1.8 1.9 1.8 1.8 2 2 1.8 2.1 1.8 1.8 1.7
sλ
SO2
05/18 3 1.6 2.2 2 1.5 1.6 2.7 2.3 1.7 2.3 2 1.7 2.5 3.8 2.2 1.9 1.9 2.1 1.9 1.8 1.9 2.4 2 2
sλ
SO2
05/19 1.1 1.7 1.7 1.5 1.6 1.7 1.5 1.8 1.8 1.8 1.9 1.9 2.1 2 2.1 2.2 1.8 1.9 2 2.1 2.4 2.6 2 1.9
sλ
SO2
05/20 2.5 1.7 2.1 1.4 2 2.1 1.9 1.7 1.7 2.3 1.6 1.6 2.2 2.4 2.3 2.7 2.5 2 2 2 2.2 2.1 1.9 1.5
sλ
SO2
05/21 1.7 2.6 2.5 2.4 2.7 2.6 2.7 2.6 2.2 2 1.9 2.1 2.3 2.4 2 2.6 3 3.1 3.1 2.4 2.3 2.6 2.5 2.4
sλ
SO2
05/22 1.4 2.1 2.8 2 2.6 2.3 1.7 4.8 2 1.8 2.4 3.2 2.8 3.6 4.6 3.2 2.2 2.1 2.6 3.9 2.9 2.7 2.6 2.2
sλ
SO2
05/23 2.4 2.9 3.1 2.6 2.4 3.4 2 1.9 2.2 1.7 1.4 1.3 1.4 1.8 2.4 3.4 3.6 2.4 3.1 4.1 3.8 2.2 1.6 1.6
sλ
SO2
05/24 1.6 1.3 1.3 1.4 1.5 1.7 2 2.1 2.8 3.3 4.2 3.2 2.5 2.2 2.7 3.5 4.5 3.4 3.5 3.2 3.1 2.3 3.2 2.4
sλ
SO2
05/25 2.3 4 4 5.4 5.7 3.5 2.3 2.5 2.3 2.5 3.9 3.7 2.5 2.8 2.8 2.2 1.9 1.9 2.6 3 2.9 2.9 3 2.6
sλ
SO2
05/26 2.5 1.6 1.6 1.7 1.5 1.5 1.7 2.1 2.3 3.3 2.3 1.6 1.7 1.6 1.7 1.2 1.5 2.3 2 2.1 2.5 2.5 2.1 1.6
sλ
SO2
05/27 1.3 1.7 1.4 2.2 2.9 1.9 1.8 1.8 1.7 2.4 3.4 2.5 2.2 1.9 2.3 2.4 3.9 3.7 2.5 2.2 1.8 5.7 3.1 2
sλ
SO2
05/28 2.6 1.7 1.8 1.5 1.6 1.9 2 2.5 3.4 1.6 1.7 1.7# 1.3x 1.8 2.3 1.7 1.4 1.7 2.1 2 1.3 1.3 1.7 1.5
sλ
SO2
05/29 1.2 2.7 3.1 2.4 2.6 2.4 2.1 1.9 2.3 2.1 2.3 2.5 1.8 1.6 1.9 2.1 2 2 2 2.9 2.7 3.3 3.2 3.3
sλ
SO2
05/30 2.4 3.1 3.8 2.4 1.6 1.7 1.9 2.4 2.4 3.2 1.6 2.8 3.1 2.3 1.7 1.7 1.5 1.6 1.8 1.9 3.4 3.5 2.2 2.1