蔼动
NO2
01/01 29 29 27 20 21 25 25 25 21 25 32 33 28 19 22 26 16 16 23 31 29 29 30 31
蔼动
NO2
01/02 32 31 29 28 27 22 21 27 36 41 49 63 53 40 32 42 50 50 43 46 43 38 32 31
蔼动
NO2
01/03 28 27 26 26 25 25 24 26 28 31 37 35 27 18 20 26# 25 45 44 49 44 44 42 41
蔼动
NO2
01/04 36 30 29 28 26 26 26 34 44 43 29 19 18 18 30 30 26 28 37 37 35 44 45 38
蔼动
NO2
01/05 29 25 22 16 24 31 33 40 31 18 31 30 22 30 27 23 24 29 25 32 45 37 35 35
蔼动
NO2
01/06 32 31 29 22 25 24 23 25 22 23 25 21 16 18 15 16 28 22 19 22 26 27 29 32
蔼动
NO2
01/07 33 24 18 22 24 23 24 29 34 38 45 49 31 26 30 21 22 28 66 51 48 38 30 26
蔼动
NO2
01/08 29 30 25 23 25 25 27 27 24 26 37 47 31 26 35 35 30 38 55 45 35 42 43 34
蔼动
NO2
01/09 29 22 22 23 23 21 24 25 27 38 36 56 43 33 26 37 39 33 36 34 38 33 32 36
蔼动
NO2
01/10 32 39 36 32 23 28 30 37 41 46 65 40 23 20 31 30 26 33 42 55 53 56 56 52
蔼动
NO2
01/11 46 35 30 25 29 33 31 38 42 25 16# 45# 29# 39 30 27 22 27 32 38 29 42 39 33
蔼动
NO2
01/12 28 33 20 199* 14 18 36 44 30 26 23 51 31 33 37 25 21 25 27 20 26 29 33 33
蔼动
NO2
01/13 32 29 26 27 26 24 24 23 24 21 23 25 30 26 23 29 27 20 25 31 28 33 32 31
蔼动
NO2
01/14 31 28 26 21 18 20 23 27 30 33 42 55 26 21 18 16 20 26 22 32 41 51* 54 50
蔼动
NO2
01/15 47 45 41 31 33 31 30 33 43 52 61 60 28 28 22 21 26 25 31 36 44 39 29 30
蔼动
NO2
01/16 23 23 25 17 14 19 19 29 25 31 27 28 29 27 29 27 32 35 38 30 27 23 23 29
蔼动
NO2
01/17 22 20 25 19 13 15 23 27 26 24 25 24 20 20 18 21 26 37 34 33 36 34 29 25
蔼动
NO2
01/18 22 19 24 23 23 25 26 28 29 35 25 28 19 29 29 22 21 25 19 18 19 37 43 39
蔼动
NO2
01/19 26 20 19 17 16 28 37 37 43 50 43 22 16 24 32 28 23 24 29 24 18 15 15 15
蔼动
NO2
01/20 15 8.2 8.6 10 9.4 13 23 25 26 20 23 20 22 19 13 15 21 25 25 36 29 31 29 27
蔼动
NO2
01/21 26 32 26 17 16 14 18 27 33 32 39 27 27 30 26 31 34 35 32 31 26 27 30 31
蔼动
NO2
01/22 26 0* -7.8* 0.4* 0.4* 0.4* 0.4* 0.4* 0.4# 23 21 21 19 19 20 21 24 28 28 29 30 30 27 22
蔼动
NO2
01/23 27 31 21 20 20 31 31 35 37 35 37 35 39 23 22 21 25 29 34 35 30 39 39 32
蔼动
NO2
01/24 36 38 19 22 32 41 42 47 53 44 41 37 32 24 17# 23# 30 29 41 54 70 55 52 61
蔼动
NO2
01/25 54 39 36 36 39 39 38 44 36 46# 30 27 37 32 26 17 18 25 35 38 34 43 58 60
蔼动
NO2
01/26 50 44 37 23 33 31 -3698.8* 32 40 40 34 32 29 22 19 18 22 27 27 27 27 28 29 26
蔼动
NO2
01/27 23 18 18 20 21 22 31 33 31 34 41 52 28 17 16 15 14 16 19 21 33 45 46 46
蔼动
NO2
01/28 41 34 34 31 28 30 32 43 46 33 43 39 21 37 30 27 22 28 28 35 139095* 54 56 53
蔼动
NO2
01/29 36 22 15 13 12 13 25 33 28 31 35 29 NA 35# 17# 19# 21 23 22 46 61 59 57 55
蔼动
NO2
01/30 45 22 15 15 14 18 25 38 34 33 24 39 30 -6.5# 2# 18# 23 32 25 36 40 32 21 45
蔼动
NO2
01/31 27 19 14 12 11 12 19 37 39 37 33 21 17 18 25 24 19 24 26 29 33 30 26 34
蔼动
NO2
菏代~るG2019/02A 代浮Gp翠A 代兜GNO2]ppb^
蔼动
NO2
ら戳 00 01 02 03 04 05 06 07 08 09 10 11 12 13 14 15 16 17 18 19 20 21 22 23
蔼动
NO2
02/01 26 20 20 20 19 23 26 30 32 30 31 30 25 27 27 26 27 27 22 24 29 38 49 51
蔼动
NO2
02/02 41 38 38 36 37 37 37 43 36 27* 23* 18# 32# 32 23 18 20 19 20 26 34 44 45 53
蔼动
NO2
02/03 33 16 17 19 12 13 29 21 20 18 19 15 14 13 8.6 6.2 8.4 9.1 11 15 21 25 27 13
蔼动
NO2
02/04 13 16 14 12 9.9 10 15 18 10 10 14 24 11 12 13 12 13 12 9.9 17 18 24 37 19
蔼动
NO2
02/05 18 26 25 24 14 15 15 16 14 19 13 13 8.5 9.7 12 26 19 18 11 18 28 17 15 15
蔼动
NO2
02/06 12 12 11 11 22 20 14 20 14 13 15 25 10 7.1 6.5# 6.8 7.8 8.6 9.4 12 13 17 20 26
蔼动
NO2
02/07 19 14 12 9.6 10 11 18 19 16 11 9.5 8.5 4.9 5.6 12 11 15 14 14 8.7 15 16 17 19
蔼动
NO2
02/08 20 17 11 17 9.9 22 22 24 18 14 21 22 16 15 11 9.4 9.5 10 14 16 15 21 25 16
蔼动
NO2
02/09 21 19 19 13 11 16 17 20 13 9.5 9.3 19 18 10 9 7.4 8.1 12 16 16 21 21 24 25
蔼动
NO2
02/10 18 19 17 12 12 19 18 18 18 24 18 11 13 17 17 15 13 22 22 19 24 22 21 21
蔼动
NO2
02/11 24 29 20 19 13 15 20 21 23 26 32 41 26 17 17 14 27 25 24 26 26 25 32 32
蔼动
NO2
02/12 33 31 28 29 17 19 29 29 40 41 27 43 19 21 21 22 27 19 23 32 38 37 33 35
蔼动
NO2
02/13 36 27 24 17 17 20 26 35 39 24 22# 34 23 21# 448# 147# 25# 32 33 27 22 32 24 21
蔼动
NO2
02/14 19 22 25 28 23 29 29 25 32 38 19 15 29 24 25 24 27 23 24 28 29 32 29 24
蔼动
NO2
02/15 19 17 21 23 26 27 25 28 34 37 45 31 18 16 14 21 400# 23 26 24 25 30 30 25
蔼动
NO2
02/16 19 22 13 14 15 20 30 30 20 17 15 24 19 16 9.7 9.3 13 13 19 19 25 33 37 25
蔼动
NO2
02/17 21 19 20 19 17 16 24 26 25 18 16 23 17 12 13 16 14 13 13 13 15 15 16 16
蔼动
NO2
02/18 11 12 11 14 12 13 23 32 36 30 45 32 21 21 21 19 12 10 11 13 9.9 10 7.9 5.8
蔼动
NO2
02/19 8.4 14 17 19 12 15 23 30 31 31 27 18 13 10 9.2 10 11 15 10 15 12 15 15 22
蔼动
NO2
02/20 24 22 12 12 15 18 19 22 25# NA 16* 22 19 15 17 14 14 17 20 18 12 18 20 24
蔼动
NO2
02/21 16 19 18 16 15 16 18 23 28 15 12 16 11 12 14 13 16 17 10 14 7.3 14 16 10
蔼动
NO2
02/22 18 15 15 2135* 22 22 24 26 26 25 21 18 20 15 10 11 12 19 20 20 23 22 23 22
蔼动
NO2
02/23 19 28 20 21 18 16 30 25 19 35 44# 18 11 15 16 18 20 22 21 27 30 29 44 52
蔼动
NO2
02/24 46 35 35 36 27 27 27 27 28 34 37 25 19 15 18 14 16 17 19 20 10 18 21 17
蔼动
NO2
02/25 18 17 15 13 11 21 25 22 24 24 -14265* 17 17 14 25 35 31 31 27 23 27 21 21 21
蔼动
NO2
02/26 19 19 17 21 18 25 29 41 41 45 36 45 30 16 10* 11# 19 26 42 24 19 14 20 23
蔼动
NO2
02/27 23 10 18 17 22 33 32 34 25 29 24 28 33 17 16 15 19 28 35 27 22 28 26 37
蔼动
NO2
02/28 19 21 15 18 15 18 18 22 24 19 20 25 13 11 13 11 12 13 18 23 23 22 21 22
蔼动
NO2
菏代~るG2019/03A 代浮Gp翠A 代兜GNO2]ppb^
蔼动
NO2
ら戳 00 01 02 03 04 05 06 07 08 09 10 11 12 13 14 15 16 17 18 19 20 21 22 23
蔼动
NO2
03/01 18 28 25 25 20 26 23 25 32 45 29 20 12 9.1 6.8 10 12 12 16 19 24 31 27 23
蔼动
NO2
03/02 24 20 16 17 19 23 29 23 19 22 46 34 22 20 20 26 14 10 11 7.6 8.6 9.3 10 16
蔼动
NO2
03/03 22 25 19 17 20 21 29 21 16 17 15 15 15 13 10 11 9.9 12 15 17 19 26 35 15
蔼动
NO2
03/04 6.9 16 12 11 12 15 22 27 28 54 39 20 12 11 11 14 18 21 22 19 15 23 20 35
蔼动
NO2
03/05 34 16 21 13 17 19 32 37 33 36 37 22 23 27 24 23 30 30 24 28 25 15 14 27
蔼动
NO2
03/06 24 29 30 19 24 24 27 28 32 29 28 24 15 13 13 15 16 20 26 20 19 25 22 18
蔼动
NO2
03/07 18 27 17 20 28 21 25 29 31 35 31 29 28 22 23 31 38 42 39 30 35 36 34 27
蔼动
NO2
03/08 23 24 19 20 23 25 28 30 32 35 36# 35 32 21 12 15 39 49 53 58 46 39 32 29
蔼动
NO2
03/09 22 29 27 20 16 19 25 27 40 54 42 31 20 20 19 12 17 15 15 20 22 21 21 28
蔼动
NO2
03/10 35 36 27 27 8.2 8.4 13 35 40 36 30 18 9.3 7 7.3 9.6 14 24 21 17 21 18 20 20
蔼动
NO2
03/11 21 14 14 15 18 24 21 31 26 28 30 41 22 18 17 24 36 43 49 45 48 44 40 34
蔼动
NO2
03/12 35 30 29 29 27 25 26 35 43 46 20 23 18 20 14 18 24 26 27 25 24 23 19 18
蔼动
NO2
03/13 22 21 13 12 13 11 25 44 36 25 14 31 21 18 14 14 15 21 19 23 30 28 38 40
蔼动
NO2
03/14 45 25 18 15 15 21 22 32 41 34 13 16 12 14 17 18 16 27 21 21 28 27 25 18
蔼动
NO2
03/15 19 13 14 12 14 11 26 37 28 33 26 23 24 21# 22# 29# 31 47 41 35 38 42 43 52
蔼动
NO2
03/16 47 37 37 12 15 30 28 26 31 22 14 12 19 16 10 10 7.5 11 9.9 12 12 12 17 14
蔼动
NO2
03/17 14 21 20 24 24 23 27 22 17 17 30 23 14 9.2 9.2 11 14 20 29 20 13 25 28 33
蔼动
NO2
03/18 23 18 17 26 18 21 35 36 25 20 30 24 12 13 23 23 19 19 19 24 34 38 25 29
蔼动
NO2
03/19 21 24 16 15 20 23 39 45 40 29 26 45 34 38 22 27 29 25 25 24 19 16 21 27
蔼动
NO2
03/20 35 40 38 30 23 32 30 40 30 22 17 16 12 12 8.8 12 10 14 10 8.6 11 16 14 13
蔼动
NO2
03/21 6.5 12 14 16 15 18 25 27 20 26 23 20 14 7# 9 9.2 12 14 16 20 17 16 15 13
蔼动
NO2
03/22 16 16 16 16 20 24 27 32 22 23 21# 20 17 11 11 12 19 23 21 26 27 23 25 23
蔼动
NO2
03/23 25 28 28 29 26 23 25 22 23 29 35 27 25 25 28 27 31 34 35 33 25 26 21 19
蔼动
NO2
03/24 15 13 15 13 16 19 19 23 26 25 20 15 9.7* 8.5* 9.1* 9.4* 8.4* 9.3* 12* 26* 35 38 37 30
蔼动
NO2
03/25 22 16 15 17 13 21 31 36 36# 26# 30 23 17 16 14 23 23 29 30 37 38 36 40 35
蔼动
NO2
03/26 32 25 26 28 20 24 26 26 24 18 17 21 11 13 21 22 17 19 14 18 17 22 -210.7* 20
蔼动
NO2
03/27 27 20 22 26 24 29 31 33 21 25 43 29 29 18 20 14 16 16 13 15 13 11 9.3 17
蔼动
NO2
03/28 12 12 14 17 20 18 22 27 32 30 25 25 17 14 18 17 14 16 13 14 19 23 16 13
蔼动
NO2
03/29 14 11 13 14 19 19 20 21 22 20 13 11 9.1 11 12 14 16 13 13 18 15 12 10 9.3
蔼动
NO2
03/30 12 11 10 11 8.6 19 24 26 24 24 37 38 29 14 16 13 16 16 15 17 15 13 12 18
蔼动
NO2
03/31 19 16 15 15 12 18 16 17 14 36 30 27 14 10 8.7 7.5 8 7.9 11 21* 16 19 19 20
蔼动
NO2
菏代~るG2019/04A 代浮Gp翠A 代兜GNO2]ppb^
蔼动
NO2
ら戳 00 01 02 03 04 05 06 07 08 09 10 11 12 13 14 15 16 17 18 19 20 21 22 23
蔼动
NO2
04/01 20 19 18 13 15 16 22 27 31 27 30 26 23 -248.1* 27 25 34 36 36 27 34 43 39 40
蔼动
NO2
04/02 35 28 26 27 28 28 29 31 34 45 22 23 14 15 16 21 18 18 17 20 18 16 16 18
蔼动
NO2
04/03 16 20 18 16 23 27 35 34 27 24 20 18 16 14 13# 16 15# 21 15 21 26 28 30 19
蔼动
NO2
04/04 17 27 25 17 29 29 27 27 29 24 14 10 9.5 14 16 17 23 22 17 11 14 21 26 23
蔼动
NO2
04/05 13 19 13 15 9.9 15 12 20 17 15 12 16 8.9 7.8 7.1 7.3 9.6 12 12 13 13 14 15 14
蔼动
NO2
04/06 12 8.4 8.3 8.5 11 12 11 17 13 19 14 17 12 8.9 7 7.5 12 16 18 32 28 16 17 11
蔼动
NO2
04/07 14 15 19 15 16 20 21 22 17 18 11 12 11 8.8 7.3 5.8 7.2 11 13 11 12 11 18 14
蔼动
NO2
04/08 14 14 12 15 14 15 24 29 23 32 28 25 13 20 14 14 18 18 16 13 16 18 19 22
蔼动
NO2
04/09 22 16 15 19 19 28 27 32 26 15 12 12 10 10 9.5 11 10 9.9 9.6 13 10 7.8 12 15
蔼动
NO2
04/10 19 22 20 18 15 15 15 18 17 14 9.7 11 9.6 14 15 14 11 16 16 18 24 22 16 9.1
蔼动
NO2
04/11 8.8 13 16 13 15 17 18 19 22 17 17 12 9.7 13 15 15 15 14 12 14 18 18 27 18
蔼动
NO2
04/12 18 19 18 13 15 17 20 29 25 22 20 17 12 10 9.7 9.8 13 12 17 26 21 20 24 31
蔼动
NO2
04/13 24 12 14 21 34 26 17 21 20 15 20 19 13 17 16 15 16 13 21 26 24 25 33 33
蔼动
NO2
04/14 24 18 19 16 21 16 23 18 12 26 33 26 17 11 8.9 10 6.4 10 9.7 13 16 20 28 36
蔼动
NO2
04/15 18 15 13 14 20 19 22 28 36 23 20 24 14 13 16 20 24 28 20 25 17 16 12 12
蔼动
NO2
04/16 12 16 19 12 19 30 27 32 36 36 18 22 24 40 30 36 34 36 32 29 41 36 24 20
蔼动
NO2
04/17 20 13 13 13 10 13 21 24 23 20 23 34 20 17 23 23 23 30 37 32 21 29 24 22
蔼动
NO2
04/18 19 13 10 11 15 20 19 15 13 36 30 26 21 23 29 28 24 25 16 22 42 37 45 32
蔼动
NO2
04/19 7.5 18 9.7 10 7.5 13 14 22 24 26 24 23 17 25 27# 19 34 18 32 48 45 25 18 23
蔼动
NO2
04/20 9.8 17 12 11 10 15 28 37 39 24 18 19 11 14 9.2 16 26 28 43 36 19 17 20 11
蔼动
NO2
04/21 13 13 11 11 11 16 27 22 14 11 11 11 31 27 17 20 23 19 23 23 20 19 23 20
蔼动
NO2
04/22 15 12 15 15 15 14 19 26 17 14 12 9.5 7.3 5.7 8.2 7 10 14 13 15 12 10 8.4 12
蔼动
NO2
04/23 8.9 7 20 22 14 16 18 16 11 19 18 14 9.8 7.3 8.9 12 11 12 14 15 11 13 16 18
蔼动
NO2
04/24 13 13 15 18 18 18 21 11 9.8 12 9.4# NA 6.5# 6# 6.6 6.9# 9.8 8.7 9.5 8.8 7.9 9.4 8.7 7.6
蔼动
NO2
04/25 5.5 8 7.3 13 16 15 16 21 15 15 11 9.2 6.6# 445# 386# 8.7 8.1 9.5 12 14 21 22 18 25
蔼动
NO2
04/26 21 17 21 22 21 19 17 21 18 27 24 17 11 9.6 7.8 6.9 7.3 6.4 8.5 9.7 7.8 12 13 12
蔼动
NO2
04/27 24 13 12 13 12 14 16 18 18 23 19 34 21 22 21 11 10 11 11 15 18 19 20 21
蔼动
NO2
04/28 22 22 21 13 11 13 17 19 16 8.1 8.6 9.8 9.9 7.6 6.6 6.7 7.7 7.4 12 18 17 24 23 18
蔼动
NO2
04/29 21 16 13 8.6 11 8.9 16 14 12 20 12# 15 9.9 12 12 15 17 12 8.6 10 9.9 5.3 6.8 7.5
蔼动
NO2
04/30 5 6.3 12 5.9 5.1 8.5 7.3 9.7 17 13 13 7.2 4 8.2 7.1 8.3 12 9.5 8.9 10 8.6 10 14 17
蔼动
NO2
菏代~るG2019/05A 代浮Gp翠A 代兜GNO2]ppb^
蔼动
NO2
ら戳 00 01 02 03 04 05 06 07 08 09 10 11 12 13 14 15 16 17 18 19 20 21 22 23
蔼动
NO2
05/01 15 14 7.3 5 3.7 7 12 14 16 30 24 20 17 15 21 43 24 30 15 14 17 19 15 6.8
蔼动
NO2
05/02 7.6 20 18 17 20 19 26 32 25 22 21 17 14 15 11 15 24 35 29 32 19 22 18 14
蔼动
NO2
05/03 11 7.3 7.8 12 18 17 25 29 33 36 20 15 16 20 20 23 25 27 25 18 21 27 27 26
蔼动
NO2
05/04 23 12 9.7 8.1 7.3 12 24 19 30 50 36 24 15 11 10 10 13 19 16 17 21 25 34 40
蔼动
NO2
05/05 20 9.8 11 14 15 12 16 24 11 9.5 22 24 17 21 21 19 13 10 16 21 23 20 23 16
蔼动
NO2
05/06 12 9.5 8.6 8.6 11 11 27 39 38 37 33 28 20 20 21 21# 32 37 38 30 27 27 20 19
蔼动
NO2
05/07 22 18 15 15 11 11 15 23 30 36 40 31# 23 29 26 38 44 34 36 41 42 44 41 21
蔼动
NO2
05/08 14 12 10 10 19 26 29 38 45 39 43 26 30 25 26 19 17 22 23 25 25 26 26 24
蔼动
NO2
05/09 21 17 16 36 26 29 24 22 22 28 29 17 20 18 18A 13 13 19 19 17 18 24 27 28
蔼动
NO2
05/10 26 24 20 15 19 22 28 35 36 31 37 42 13 12 13 9.5 14 15 23 27 25 25 37 39
蔼动
NO2
05/11 36 28 34 26 22 20 19 23 15 14 31 29 24 25 21 14 20 20 19 15 18 29 29 42
蔼动
NO2
05/12 22 12 12 11 11 12 15 20 19 18 12 16 10 11 7.4 6.9 9 7.9 10 8.3 9.4 17 20 24
蔼动
NO2
05/13 14 11 10 13 12 12 21 16 17 25 16 17# 11 13 7.8# 278# 15# 11# 14 24 36 34 19 32
蔼动
NO2
05/14 17 18 18 22 19 18 18 23 14 19 15 15 8 11 8.1 9.9 9.4 10 9.4 11 10 20 21 20
蔼动
NO2
05/15 16 17 21 10 27 21 14 21 22 20 21 13 16 19 18 21 26 22 23 21 17 19 20 11
蔼动
NO2
05/16 9.8 17 14 12 11 9.4 14 17 13 9.5 6.8 9.4 8.6 8 6 6.9 7 8.8 10 11 10 9.2 8.7 6.7
蔼动
NO2
05/17 12 10 9 7.9 7.4 12 13 14 12 9.7 7.7# 6.9 4.4 5.5 6.2 5.7 5.8 7.1 6.3 8.9 8.2 16 9.9 5.3
蔼动
NO2
05/18 12 14 9.2 7.3 10735* 8.9 9.1 7.9 5.6 5.4* 3.9* 5.4* 4.3 5.4 4.3 3.5 5.6 11 9.5 8.5 7.1 17 12 12
蔼动
NO2
05/19 10 8.6# 8.3# 11 12 13 15 10 8.8# 6.6 7.7 4.3 3.9 4.4 4.4 4.5 5.6 7.5 9.7 11 23 18 17 24
蔼动
NO2
05/20 22 14 9.6 8.5 8.3 14 17 2641* 20 22 13# 9.3# 6.6# 7.2 12 12 12 12 13 17 25 34 33 24
蔼动
NO2
05/21 23 12 6.8 7.7 8.7 13 21 30 32 37 35 34 25 41 25 27 25 33 40 22 12 13 14 15
蔼动
NO2
05/22 12 10 8.7 14 18 31 14 19 21 20 18 12 13 11 11 15 19 15 15 19 23 34 44 29
蔼动
NO2
05/23 24 23 18 11 9.9 13 17 23 20 22 31 33 35 35 19 20 20 29 17 17 19 21 14 11
蔼动
NO2
05/24 20 11 11 12 15 18 18 28 36 23 19 19 13 10 9.6 12 13 17 15 15 13 15 18 16
蔼动
NO2
05/25 9.6 8.6 8.6 8.9 9.2 9.6 14 17 16 41 24 14 11 8.3 18 9.6 8.6 9.5 8.8 15 14 14 17 12
蔼动
NO2
05/26 13 12 11 7.4 7 8.9 14 18 14 16 17 28 13 28 14 10 8.3 12 12 11 12 20 21 9.8
蔼动
NO2
05/27 6.8 5.1 7.3 12 16 15 10 22 30 31 35 33 25 25 18 16 21 38 32 34 31 19 18 15
蔼动
NO2
05/28 15 12 14 16 13 13 13 13 18 20# 17 8.5 9.8 8.2 3.6# 5.8 15 21 37 34 31 27 21 17
蔼动
NO2
05/29 14 12 12 11 12 12 14 13 16 10 9.8 9.9 7.6 10 9.7 8.1 12 14 16 15 16 19 20 12
蔼动
NO2
05/30 24 24 20 12 10 11 16 21 23 32 26 24 18 12 12 13 11 13 16 15 18 31 21 19
