台南
PM10
01/01 42 32 30 30 30 30 32 33 32 35 40 40 42 58 51 84 95 99 125 104 55 50 39 36
台南
PM10
01/02 32 36 30 28 30 27 33 40 38 42 51 50 49 1000# 60# 67 66 61 58 52 48 44 43 41
台南
PM10
01/03 34 31 34 34 36 42 42 59 53 48 49 49 63 64 62 55 67 63 63 53 51 45 38 32
台南
PM10
01/04 34 35 45 44 52 57 57 73 86 101 89 83 59 50 47 57 55 52 53 71 94 87 100 104
台南
PM10
01/05 92 104 109 105 115 114 111 120 116 102 101 86 81 84 73 71 66 66 63 57 73 81 74 65
台南
PM10
01/06 60 59 57 63 62 53 35 33 29 35 41 49 65 90 100 108 76 85 82 54 46 55 55 51
台南
PM10
01/07 49 47 48 44 48 41 45 56 56 57 67 74 65 68 67 1000# 70 67 72 62 61 88 80 101
台南
PM10
01/08 93 84 77 76 70 53 52 58 56 60 1000# 60 60 72 81 114 85 85 70 110 84 62 50 50
台南
PM10
01/09 40 41 43 41 48 44 38 49 47 57 65 74 70 74 95 99 96 90 90 80 67 68 64 65
台南
PM10
01/10 57 50 60 77 70 69 76 92 108 120 129 132 90 87 98 92 96 93 99 95 95 106 119 119
台南
PM10
01/11 120 133 143 124 121 113 129 133 147 165 163 137 88 73 77 66 48 48 56 69 83 98 101 100
台南
PM10
01/12 88 74 63 61 57 83 98 106 111 112 100 84 81 74 61 68 59 71 76 78 70 77 73 70
台南
PM10
01/13 64 58 55 46 42 46 50 45 49 53 63 67 66 88 111 109 124 129 101 100 94 70 63 55
台南
PM10
01/14 44 41 31 40 41 31 44 44 53 68 71 1000# 75# 66 82 87 98 119 104 100 74 73 76 69
台南
PM10
01/15 61 68 63 76 92 105 109 120 116 113 116 111 111 106 113 105 90 97 107 140 116 98 111 89
台南
PM10
01/16 82 78 76 74 65 58 51 49 45 44 38 41 42 50 67 65 66 59 56 45 43 44 44 46
台南
PM10
01/17 33 40 29 24 23 25 31 28 31 47 49 54 59 64 65 65 65 82 75 74 66 70 73 75
台南
PM10
01/18 66 63 68 61 70 72 69 84 90 97 100 71 NA 67 68 67 79 74 72 89 94 95 100 102
台南
PM10
01/19 109 114 106 103 89 94 111 119 133 114 101 103 100 83 71 60 57 75 94 96 77 116 99 89
台南
PM10
01/20 84 75 57 42 51 84 108 134 132 142 162 126 118 99 97 92 108 133 149 143 131 139 136 132
台南
PM10
01/21 95 78 62 65 58 51 51 56 50 50 51 1000# 49 50 61 80 95 88 90 72 62 50 49 52
台南
PM10
01/22 49 59 61 53 55 66 68 59 61 57 61 96 113 107 103 139 131 116 109 93 86 84 82 78
台南
PM10
01/23 75 66 70 66 66 61 68 61 69 73 73 76 75 81 86 89 95 102 127 117 98 95 95 100
台南
PM10
01/24 93 91 90 92 101 103 105 107 139 130 132 106 73 88 98 96 89 95 106 131 94 94 94 87
台南
PM10
01/25 84 81 98 105 101 101 109 120 131 128 139 100 85 81 74 83 99 110 127 115 119 134 137 128
台南
PM10
01/26 107 95 94 86 149 99 92 105 97 70 70 86 96 234 269 231 209 217 204 159 99 72 55 50
台南
PM10
01/27 43 40 42 38 34 32 55 54 51 47 48 65 66 71 84 111 108 98 110 95 75 68 76 67
台南
PM10
01/28 71 61 62 62 66 68 66 72 84 102 99 90 62 69 64 69 67 64 62 79 80 84 88 97
台南
PM10
01/29 101 106 105 96 92 104 100 90 95 103 94 83 67 69 70 71 67 87 88 86 88 93 91 95
台南
PM10
01/30 96 106 103 118 121 103 83 86 121 137 121 108 68 63 85 88 71 67 72 93 97 110 118 102
台南
PM10
01/31 75 78 83 75 70 72 71 60 58 59 77 78 67 54 1000# 65# 57 48 47 56 52 48 49 60
台南
PM10
監測年月：2019/02， 測站：臺南， 測項：PM10（μg/m3）
台南
PM10
日期 00 01 02 03 04 05 06 07 08 09 10 11 12 13 14 15 16 17 18 19 20 21 22 23
台南
PM10
02/01 64 65 75 66 52 57 47 43 44 51 73 87 131 99 104 105 101 108 110 101 93 87 68 64
台南
PM10
02/02 69 69 73 63 65 65 80 73 72 85 102 103 76 70 78 76 72 81 91 96 109 123 129 131
台南
PM10
02/03 132 122 126 104 85 77 74 69 63 57 68 74 122 66 45 20 31 41 45 42 49 50 51 52
台南
PM10
02/04 42 42 39 40 38 39 47 53 62 60 48 88 67 55 63 64 79 77 90 69 73 67 57 68
台南
PM10
02/05 75 74 66 58 64 68 63 63 68 64 63 59 49 51 50 54 63 72 82 87 90 88 89 97
台南
PM10
02/06 87 93 100 108 100 94 93 107 102 92 83 80 67 53 53 56 49 51 56 57 50 60 66 66
台南
PM10
02/07 58 60 54 52 53 52 46 59 62 57 51 35 19 14 26 32 45 46 55 59 60 64 67 73
台南
PM10
02/08 70 67 68 77 72 70 65 73 78 76 63 62 47 61 74 66 53 45 56 53 45 40 40 37
台南
PM10
02/09 28 36 42 50 45 49 55 61 59 72 75 59 44 48 1000# 50 51 73 60 61 42 48 34 32
台南
PM10
02/10 23 24 27 25 22 26 29 31 36 44 54 54 43 35 39 59 57 53 45 57 49 47 51 37
台南
PM10
02/11 39 41 44 34 32 33 37 49 34 40 37 53 72 84 103 113 99 85 84 86 58 50 44 43
台南
PM10
02/12 39 42 38 31 23 27 34 53 40 50 46 45 52 50 54 45 43 40 41 44 44 36 45 71
台南
PM10
02/13 54 63 70 67 55 59 72 86 77 70 64 53 43 55 59 53 57 76 77 70 64 64 54 46
台南
PM10
02/14 50 46 45 45 43 39 35 55 49 55 73 54 42 58 51 55 55 47 63 53 47 47 62 65
台南
PM10
02/15 62 61 64 61 57 47 58 58 49 57 72 1000# 59# 55 41 32 35 41 53 51 56 62 71 60
台南
PM10
02/16 57 49 47 61 78 91 90 84 83 74 64 60 40 59 57 54 66 80 63 62 66 64 63 50
台南
PM10
02/17 43 38 40 38 32 26 35 37 47 55 53 52 49 59 71 74 61 46 50 51 49 46 42 40
台南
PM10
02/18 32 33 29 30 32 44 48 57 56 66 74 61 54 59 64 46 42 39 56 41 36 29 34 39
台南
PM10
02/19 30 31 29 29 21 28 34 44 58 63 42 61 39 34 37 32 26 27 28 33 32 30 32 61
台南
PM10
02/20 46 54 52 52 49 43 42 48 91 91 85 83 50 28 27 23 24 25 27 76 84 118 127 102
台南
PM10
02/21 101 127 132 130 123 119 138 146 133 115 117 79 38 38 38 31 36 38 44 48 59 75 58 84
台南
PM10
02/22 80 83 79 64 57 77 74 77 76 79 75 71 55 46 40 1000# 47# 35 34 45 46 49 36 41
台南
PM10
02/23 39 30 36 43 40 39 38 64 67 76 61 51 53 59 63 61 82 86 83 85 70 56 54 43
台南
PM10
02/24 47 48 45 48 34 41 41 47 40 61 63 59 51 42 31 32 31 21 20 29 30 22 31 31
台南
PM10
02/25 26 22 28 28 32 32 34 32 36 40 49 47 56 63 64 1000# 51 59 76 81 63 64 64 63
台南
PM10
02/26 52 66 68 56 57 70 81 74 83 84 86 86 76 66 61 1000# 59# 57 67 58 69 74 76 84
台南
PM10
02/27 74 59 61 63 59 73 86 109 112 111 118 115 99 93 74 66 58 59 61 52 50 50 66 81
台南
PM10
02/28 67 54 60 63 55 64 74 104 109 87 75 75 81 75 75 73 69 59 44 52 56 47 51 55
台南
PM10
監測年月：2019/03， 測站：臺南， 測項：PM10（μg/m3）
台南
PM10
日期 00 01 02 03 04 05 06 07 08 09 10 11 12 13 14 15 16 17 18 19 20 21 22 23
台南
PM10
03/01 51 56 61 56 53 52 53 51 57 59 72 70 57 56 53 51 48 47 68 72 71 74 71 77
台南
PM10
03/02 75 81 90 84 98 94 83 77 102 101 97 74 40 45 43 44 47 45 51 56 55 78 82 82
台南
PM10
03/03 68 51 40 34 34 34 35 38 37 33 24 17 33 29 28 29 26 22 29 31 30 47 23 22
台南
PM10
03/04 32 38 35 29 29 33 46 51 49 49 48 46 37 42 48 44 42 44 48 57 63 68 82 82
台南
PM10
03/05 74 75 91 98 96 102 99 116 115 88 85 88 63 55 60 72 83 69 90 85 109 81 38 41
台南
PM10
03/06 50 66 27 24 15 19 31 42 44 48 41 1000# 33# 22 37 44 53 42 31 27 35 32 34 45
台南
PM10
03/07 45 45 45 31 27 17 26 32 34 30 33 30 35 27 30 31 41 32 31 39 42 55 56 41
台南
PM10
03/08 40 35 47 42 37 26 29 23 34 29 32 32 37 29 20 31 35 40 53 60 47 50 57 72
台南
PM10
03/09 65 66 67 68 67 69 70 86 87 89 93 77 69 59 54 44 34 31 34 37 52 42 27 28
台南
PM10
03/10 27 27 28 19 12 11 13 17 24 33 28 14 14 17 32 31 34 33 37 34 45 40 48 55
台南
PM10
03/11 43 43 40 41 37 41 43 39 47 NA 61 45 1000# 37# 55 63 70 77 78 88 100 99 95 97
台南
PM10
03/12 94 73 75 62 71 70 79 95 112 92 49 38 29 32 39 36 40 44 52 55 59 60 60 84
台南
PM10
03/13 107 97 81 50 48 49 61 54 57 68 81 73 59 45 50 73 74 74 85 89 95 95 111 109
台南
PM10
03/14 113 113 104 98 86 78 86 99 91 90 88 75 76 81 69 69 74 76 79 86 88 95 89 96
台南
PM10
03/15 81 67 56 55 62 45 48 45 51 34 39 47 41 81 77 65 57 59 56 57 45 53 53 54
台南
PM10
03/16 54 53 58 61 73 73 72 77 78 62 41 41 31 32 34 47 47 40 51 57 57 57 64 58
台南
PM10
03/17 65 63 65 71 82 86 92 91 92 97 93 82 64 77 64 79 81 67 58 47 50 61 71 74
台南
PM10
03/18 69 69 71 78 75 81 74 89 99 95 90 76 71 59 50 47 50 53 54 67 92 99 100 91
台南
PM10
03/19 71 98 98 103 101 96 112 111 110 100 95 101 81 77 1000# 70 65 59 71 73 88 83 104 94
台南
PM10
03/20 82 82 64 68 77 80 102 102 115 68 52 53 51 47 45 40 40 33 32 29 37 50 40 45
台南
PM10
03/21 47 37 37 35 29 35 37 43 54 33 39 45 29 27 24 26 30 26 26 28 25 20 19 32
台南
PM10
03/22 33 35 34 42 51 50 57 52 59 51 47 43 26 49 60 50 59 52 69 67 72 61 53 50
台南
PM10
03/23 51 65 69 57 55 57 48 44 37 39 33 26 32 35 37 48 62 60 50 51 46 39 34 41
台南
PM10
03/24 29 31 36 32 38 42 46 46 54 59 62 53 59 50 52 46 47 42 43 32 44 43 54 50
台南
PM10
03/25 42 37 34 34 31 32 37 46 49 63 53 1000# 48# 56 62 53 49 69 73 69 77 74 73 71
台南
PM10
03/26 51 50 50 53 38 35 48 43 42 48 46 50 40 40 36 34 40 38 48 55 66 58 56 59
台南
PM10
03/27 53 61 60 73 71 69 74 80 82 65 60 62 64 61 56 51 50 62 55 56 63 51 47 83
台南
PM10
03/28 84 90 73 70 57 59 73 82 57 53 48 29 31 37 35 32 31 21 27 25 20 31 25 25
台南
PM10
03/29 17 16 20 24 32 32 36 42 33 33 20 26 25 26 31 31 34 31 36 35 36 34 37 42
台南
PM10
03/30 99x 4x 18 22 32 20 18 21 30 33 38 43 38 29 28 25 31 41 49 51 55 54 50 55
台南
PM10
03/31 54 61 44 53 66 53 75 74 69 55 54 45 35 37 63 59 78 115 104 91 76 68 62 55
台南
PM10
監測年月：2019/04， 測站：臺南， 測項：PM10（μg/m3）
台南
PM10
日期 00 01 02 03 04 05 06 07 08 09 10 11 12 13 14 15 16 17 18 19 20 21 22 23
台南
PM10
04/01 45 47 49 46 42 41 52 51 42 48 51 1000# 37# 31 40 43 38 37 37 38 48 46 44 41
台南
PM10
04/02 43 50 62 61 52 52 53 58 53 44 43 41 35 43 42 46 50 55 71 69 68 75 82 99
台南
PM10
04/03 99 99 86 85 95 99 95 101 80 71 76 63 52 46 52 57 61 66 60 63 60 54 48 51
台南
PM10
04/04 46 48 50 50 47 54 64 60 63 54 63 72 63 60 53 46 48 52 49 57 70 59 64 75
台南
PM10
04/05 91 82 86 81 82 70 71 70 79 76 76 62 46 43 49 45 61 47 48 49 44 48 41 44
台南
PM10
04/06 41 41 48 43 43 45 53 63 64 58 43 35 40 28 25 30 26 33 44 43 38 31 38 42
台南
PM10
04/07 42 51 48 51 54 52 60 62 48 43 37 41 42 48 48 50 46 49 48 56 61 62 90 56
台南
PM10
04/08 61 63 59 76 73 65 67 63 62 55 49 48 53 49 37 1000# 58# 33 32 28 33 39 38 41
台南
PM10
04/09 41 59 62 60 60 54 59 63 54 46 49 42 32 36 28 26 29 22 27 24 23 27 25 21
台南
PM10
04/10 21 21 20 26 23 19 33 40 46 31 30 26 21 29 28 21 16 22 24 25 27 23 22 21
台南
PM10
04/11 17 19 27 32 31 27 34 52 44 35 34 35 34 26 32 32 29 35 45 59 58 64 67 55
台南
PM10
04/12 45 39 18 21 23 30 32 47 36 44 48 34 42 48 56 74 68 59 69 68 61 65 55 56
台南
PM10
04/13 72 71 66 70 82 72 65 63 67 56 56 55 43 37 44 45 74 75 68 73 72 65 53 48
台南
PM10
04/14 56 60 54 53 49 52 68 66 62 54 47 51 48 31 32 24 27 38 43 43 40 43 39 31
台南
PM10
04/15 41 43 37 35 37 46 54 63 58 62 67 69 68 59 70 81 84 75 86 79 80 69 78 92
台南
PM10
04/16 90 81 72 66 63 47 49 48 45 53 55 55# 1000# 43 40* 45 53 49 46 47 46 52 53 58
台南
PM10
04/17 59 70 62 51 57 51 51 59 53 50 50 42 51 54 48 45 29 38 38 48 49 58 53 44
台南
PM10
04/18 45 53 58 75 75 75 78 66 44 43 45 42 41 41 1000# 38 33 31 29 35 39 45 41 57
台南
PM10
04/19 64 50 49 52 15* 12 14 17 14 17 11 16 32 25 32 27 21 15 23 26 19 21 19 24
台南
PM10
04/20 12 16 17 18 20 26 32 37 35 30 23 21 22 19 16 12 12 22 24 25 27 32 23 33
台南
PM10
04/21 31 37 39 40 37 29 30 21 20 17 18 21 18 25 22 24 12 24 31 27 25 26 24 21
台南
PM10
04/22 19 23 25 23 29 23 32 34 25 27 26 28 21 22 23 25 29 29 23 23 17 22 23 21
台南
PM10
04/23 21 18 33 34 25 28 31 28 27 28 23 18 18 18 1000# 20 20 22 15 15 15 14 18 25
台南
PM10
04/24 22 22 27 28 24 18 24 31 22 12 12 19 12 12 14 16 13 18 13 13 17 15 16 15
台南
PM10
04/25 19 20 32 31 27 35 32 34 27 17 18 19 14 18 24 23 22 21 23 18 26 22 24 27
台南
PM10
04/26 17 16 30 29 25 38 28 29 32 40 40 41 53 29 24 23 27 27 33 43 42 56 56 52
台南
PM10
04/27 58 60 63 64 75 70 70 73 52 59 65 74 77 79 73 68 68 59 64 56 52 47 55 52
台南
PM10
04/28 49 63 72 57 57 63 61 72 72 67 46 24 67 50 40 46 38 27 47 57 59 68 48 68
台南
PM10
04/29 68 52 47 40 48 41 46 42 28 32 36 39 50 34 29 17 15 11 15 19 18 23 22 27
台南
PM10
04/30 29 31 31 21 27 29 29 27 27 22 28 21 24 21 1000# 1000# 27# 26 25 21 20 28 28 32
台南
PM10
監測年月：2019/05， 測站：臺南， 測項：PM10（μg/m3）
台南
PM10
日期 00 01 02 03 04 05 06 07 08 09 10 11 12 13 14 15 16 17 18 19 20 21 22 23
台南
PM10
05/01 27 32 15 20 20 20 20 22 23 27 34 35 42 34 35 37 23 28 18 23 21 20 23 26
台南
PM10
05/02 30 34 26 32 31 42 47 49 36 34 32 40 44 46 66 62 46 39 32 32 28 28 32 42
台南
PM10
05/03 35 27 34 43 55 35 32 41 39 49 32 30 36 41 49 41 31 32 34 39 49 34 37 58
台南
PM10
05/04 72 75 55 37 35 28 28 27 31 20 26 30 38 32 36 17 20 35 35 36 41 36 35 52
台南
PM10
05/05 62 53 55 48 51 39 39 53 50 51 53 43 44 36 36 28 36 39 42 47 44 49 70 63
台南
PM10
05/06 49 51 58 40 41 42 43 38 40 34 33 27 1000# 23# 31 26 30 23 31 31 35 29 25 18
台南
PM10
05/07 17 15 18 28 26 23 23 17 18 29 30 30 29 34 48 40 38 39 46 44 39 50 49 43
台南
PM10
05/08 46 51 48 45 52 55 60 58 56 61 48 44 38 44 1000# 62 41 43 49 40 39 57 68 81
台南
PM10
05/09 79 82 81 77 81 82 64 74 68 75 57 60 68 27 25 31 38 36 35 32 58 58 42 46
台南
PM10
05/10 39 27 34 15 10 20 13 17 29 43 31 34 22 23 21 20 25 20 29 35 42 63 57 54
台南
PM10
05/11 56 66 76 74 69 93 86 93 93 85 85 67 56 45 47 50 52 42 36 39 39 48 59 63
台南
PM10
05/12 64 67 55 64 64 64 61 65 61 62 63 63 55 35* 53 44 48 42 50 48 49 58 60 65
台南
PM10
05/13 63 60 61 46 63 61 63 62 55 62 53 36 33 33 1000# 24 29 27 33 28 25 20 31 31
台南
PM10
05/14 24 32 37 33 34 32 34 29 22 24 22 21 13 10 9 13 9 16 15 11 12 17 17 13
台南
PM10
05/15 14 19 21 9 16 8 32 27 29 40 35 33 29 25 12 14 11 6 3 3 3 7 5 1
台南
PM10
05/16 0* 0* 5 9 13 18 15 22 22 23 29 27 19 20 26 14 18 20 15 18 21 24 21 21
台南
PM10
05/17 9 27 18 20 23 20 24 30 26 28 27 30 21 18 15 16 18 18 19 14 15 24 22 23
台南
PM10
05/18 21 11 14 17 15 13 14 15 20 28 23 30 19 22 6 8 17 19 17 5 8 23 23 33
台南
PM10
05/19 19 14 11 19 20 17 21 15 14 16 24 22 23 33 15 10 14 18 21 12 16 18 22 15
台南
PM10
05/20 22 28 26 21 18 27 23 32 29 24 26 28 30 21 22 1000# 9# 7 4 6 12 22 21 42
台南
PM10
05/21 60 65 76 77 77 81 77 79 62 84 63 51 54 56 61 65 71 71 78 79 74 78 75 61
台南
PM10
05/22 56 47 44 40 44 51 53 62 58 70 68 62 63 67 69 52 59 52 53 56 65 69 68 53
台南
PM10
05/23 59 84 74 42 42 60 72 58 61 76 62 53 55 59 53 47 34 33 48 60 64 52 48 49
台南
PM10
05/24 55 72 94 98 89 104 90 55 58 51 43 40 28 28 38 33 35 38 39 15 14 21 32 31
台南
PM10
05/25 26 37 46 33 31 37 37 34 25 31 41 39 35 37 40 26 30 32 34 35 41 31 37 31
台南
PM10
05/26 29 31 32 34 34 32 31 27 27 38 41 45 45 49 51 45 42 34 27 30 29 42 50 57
台南
PM10
05/27 55 26 44 22 52 49 29 21 30 26 16 12 12 13 16 12 12 16 23 26 20 21 20 22
台南
PM10
05/28 26 38 32 23 33 35 33 30 29 32 25 1000# 16# 14# 13 14 13 22 17 17 20 37 29 42
台南
PM10
05/29 50 69 79 72 63 69 68 77 66 73 68 57 54 43 43 40 46 49 58 62 69 68 66 74
台南
PM10
05/30 74 73 63 60 62 59 65 75 80 75 82 74 56 39 32 27 31 32 29 38 57 36 23 21
台南
SO2
01/01 2.6 2.3 2.1 2.1 2.6 2.6 2.2 2 2 2.3 2.5 2 2.5 2.9 2.8 2.5 2.2 2.1 2.1 2.3 2.7 2.7 2.9 3.3
台南
SO2
01/02 3.5 3 2.4 2.3 2.5 2.5 2.7 2.6 3.1 3.1 2.9 2.9 3.5 3.4 3.4 3.2 3.1 3 2.8 2.5 2.4 2.5 2.5 2.5
台南
SO2
01/03 2.6 2.7 3.6 3.5 2.7 2.3 1.9 1.9 1.8 1.9 2.1 2.1 2.3 2.4 2.5 2.9 3.3 3.2 2.9 2.8 3.2 2.7 2.3 2.2
台南
SO2
01/04 2 2.1 2.4 2.6 3 3.5 4 5.3 6.8 6.7 4.8 3 2.4 2.1 2 2.1 1.7 1.6 1.7 2.1 2.4 2.7 2.7 3
台南
SO2
01/05 2.8 3.3 2.9 3 3.8 3.7 3.6 4.4 5.7 4.9 3.9 4 3.8 3.4 3.7 3.7 3.7 3.3 3.6 3.6 3.1 2.8 2.7 3.3
台南
SO2
01/06 3.7 3.7 3.1 3.1 2 1.5 1.5 1.8 1.9 2.8 3.3 3.2 2.6 2.9 2.6 2.6 2.3 2.2 2.3 2.1 2.5 3.2 3.4 3.3
台南
SO2
01/07 3.5 3.8 3.5 3.3 3.5 3.1 3.5 5.1 4.7 4.1 4.1 4.5 4.9 3.4 3.1 3# 2.9 2.9 2.6 2.1 2.2 1.8 1.6 1.6
台南
SO2
01/08 1.7 1.4 1.5 1.4 1.4 1.4 1.5 1.5 1.6 1.8 1.9 2.1# 2 2.6 2.9 3 2.9 2.6 2.3 2.7 3.3 3.4 3.6 3.8
台南
SO2
01/09 3.2 3.9 3.8 3.5 3 2.6 2.4 2.7 3.2 3.5 3.3 3.4 3.5 3.3 3 3.2 2.9 2.4 2.4 2.2 2.6 3.2 3.4 3.5
台南
SO2
01/10 3.4 3.4 2.4 2 2.4 3.4 3.2 3 3.7 4 4 4.9 3 3 3.6 3.6 3.7 3.6 3.3 2.6 2.6 3 2.6 2.1
台南
SO2
01/11 2 2.2 2.5 2.1 2 2.2 2.4 3 3.6 4.4 4 3.7 3.9 3.9 3.4 3.5 2.8 2.6 2.7 3.1 3.3 4.5 4.3 4.3
台南
SO2
01/12 3.9 3.1 2.6 2.2 2.6 3.6 4.8 5.4 5.3 4.7 3.8 2.9 3.1 3.4 3.2 3.6 3.1 3.2 2.9 2.8 2.8 3.1 3.2 3.5
台南
SO2
01/13 3.7 3 2.8 2.3 2.5 3.6 3 2.1 2.3 2.3 2.6 2.5 2.9 2.8 2.6 2.5 1.9 1.9 1.9 2.1 2.6 2.7 2.9 2.3
台南
SO2
01/14 2.2 2.5 2.3 2.2 2.2 2.4 2.4 2.5 3.4 4.1 3.7 3.5 3.8 4.4 3.2 3 2.8 2.3 2.2 2.3 2.6 3.4 3.6 3.3
台南
SO2
01/15 3.1 3.3 2.7 2.6 2.1 1.6 1.8 1.9 2.3 3.6 3.5 3.8 3.4 3.6 3.6 3.6 3 2.3 1.8 1.8 2.2 2.2 2 1.9
台南
SO2
01/16 1.7 1.3 1.3 1.3 1.6 1.7 1.5 1.3 1.3 1.4 1.3 1.3 1.4 1.4 1.3 1.4 1.3 1.5 1.5 1.5 1.4 1.3 1.3 1.9
台南
SO2
01/17 1.6 1.9 1.7 1.5 1.5 1.5 1.6 1.9 1.8 1.9 1.9 1.9 1.8 2.1 2.2 2.1 2.2 2.7 2.8 2.9 2.7 2.6 2.3 2.2
台南
SO2
01/18 2.3 2.1 2 2 2 2 1.8 1.7 2.7 2.9 2.4 2.2 2.6 3.3 3.8 3.2 2.8 2.3 2 2.1 2.7 2.4 2 2.3
台南
SO2
01/19 2.8 3.1 2.8 2.6 2.4 2.6 2.9 3.2 3.8 3.4 3.3 3 4.1 4.8 4.3 2.7 2.6 3.2 3.6 3.7 3.2 3.4 2.8 2.1
台南
SO2
01/20 2.9 2 2 4 3 2.2 2.5 3.1 4.1 4.6 4.8 4.6 5.4 5 5.7 3.7 3.7 3.8 3.4 3.1 3.4 3.8 3.7 3.2
台南
SO2
01/21 3.2 2.3 1.9 2.5 2.6 1.9 1.6 1.7 1.7 1.9 2.1 2.4# 2.4 110# 2.3 2.9 2.3 1.7 1.5 1.9 2.2 1.9 1.6 1.7
台南
SO2
01/22 1.9 2.1 2.2 1.9 1.3 1.7 1.8 2.1 2.5 2 1.9 3 3.2 3.3 3.4 3.2 3.2 3.5 3.5 3.3 4.1 4.5 3.4 2.9
台南
SO2
01/23 2.9 3.8 4 3.5 3.2 2.8 2.8 3 3.9 3.4 2.7 2.7 4 4.1 3.3 3 2.8 2.5 2.3 2.3 2.2 2.1 2.3 2.8
台南
SO2
01/24 2.8 3.5 3.3 3.6 4.9 5.3 5.5 5.6 5.7 4.9 4.7 3.4 2.7 3.2 3.9 4.2 3.8 2.8 2.5 2.4 2.4 2.6 2.7 2.9
台南
SO2
01/25 2.8 2.4 3.1 3.5 3.7 3.7 4.1 3.9 4.7 5.6 4.8 3.2 2.8 3.4 3.3 3.9 3.8 3.2 2.2 2.6 2.9 3.1 2.9 2.7
台南
SO2
01/26 2.7 2.7 2.9 2.8 2.9 2.7 2.6 2.9 3 2.8 2.8 2.8 3 3.2 2.6 2.6 2.5 2.6 2.7 3.3 3.5 3.1 2.3 2.2
台南
SO2
01/27 2.7 2.1 2.3 2.1 2 2.2 2.3 2.4 2.4 2.3 2.3 2.6 2.5 2.6 3.4 2.9 2.6 2.5 2.3 2.5 2.6 3 3.2 3.6
台南
SO2
01/28 3.3 3.1 3.6 4.5 4.2 4.1 4.2 4.7 6.1 6.3 4.1 3.5 2.9 2.8 2.8 3 3.2 3 2.8 3.3 2.8 3.1 4.1 3.8
台南
SO2
01/29 3.9 3.2# 3.1 3.2 3.8 5 4.9 4.4 6.1 5.5 4.4 3.2 2.5 3 3.4 3.5 3.6 3.2 2.5 2.1 1.9 2.1 2.4 2.6
台南
SO2
01/30 3.1 2.5 2.7 3.2 2.8 1.7 1.4 1.4 1.7 2.5 2.8 2.5 2.1 2 3 3.5 3 3.4 3.3 3.5 4.1 4.3 4.4 3.5
台南
SO2
01/31 2.7 3.7 3.9 4.2 3.8 3.7 3.4 3.2 3.8 3.7 4.1 4.5 4.6 3.8 3.3 3.4 5.2 3 3.7 3.5 3.3 3.9 3.9 4
台南
SO2
監測年月：2019/02， 測站：臺南， 測項：SO2（ppb）
台南
SO2
日期 00 01 02 03 04 05 06 07 08 09 10 11 12 13 14 15 16 17 18 19 20 21 22 23
台南
SO2
02/01 3.4 3.3 3.4 2.9 2.7 2.7 2.4 2.2 2.3 2.4 2.8 2.9 3.7 3 3 2.8 2.8 2.7 2.6 2.6 2.8 4.2 4.3 4.2
台南
SO2
02/02 4.2 4.4 4.5 4.4 4 3.7 3.8 3.8 3.8 4.5 3.8 3.9 3.7 3.3 3.1 2.4 2.5 2.5 2.4 2.6 3.4 2.7 2.7 3
台南
SO2
02/03 2.8 2.6 2.2 2 1.8 1.9 2 2 2.4 2.7 1.9 3.8 2.9 2 2.3 1.9 2.5 2 1.8 1.6 1.5 1.9 2.1 2
台南
SO2
02/04 1.6 2.4 2.2 2.4 2.3 2.2 2.4 2.6 3.1 3.1 2.7 3.5 3.5 3.4 3.2 2.7 3.1 2.7 2.2 2.2 2.2 2.4 2.3 2.6
台南
SO2
02/05 3.9 3.4 3.6 3.9 4.5 4.4 3.5 2.8 2.9 2.7 2.3 2.2 2.3 2.2 2.2 2.3 2.2 2 1.8 1.8 1.9 2.5 2.1 2
台南
SO2
02/06 1.7 1.9 1.8 1.8 1.6 1.7 1.7 1.9 2.4 3.6 4.1 3.9 3.5 2.8 2.8 2.7 2.1 1.9 2 2 2 2 2.1 2.2
台南
SO2
02/07 2.3 1.5 1.4 1.3 1.3 1.2 1.2 1.7 1.9 2 2.6 2.1 1.3 1.1 1.5 1.8 2.6 1.9 1.8 2.1 1.8 1.9 2.3 2.2
台南
SO2
02/08 2.2 2.5 2.3 1.8 2.8 2.7 1.7 1.6 2.1 2.1 2.2 2.6 3.2 3.8 3.2 2.8 2.8 3 2.2 1.8 1.7 2.1 2.9 2.5
台南
SO2
02/09 2 1.5 1.8 1.5 1.4 1.3 1.5 2.9 3.9 3.3 2.8 2 2.2 2.5 2.9 2.3# 2 1.8 1.4 1.4 2.2 3.7 3.2 3.4
台南
SO2
02/10 4.2 4.7 6 4.4 4.9 3.3 2.4 2 2.2 2.7 2.9 2.6 2.4 3 3.1 2.8 2.6 2.3 2.2 1.6 2 2.6 3.4 2.8
台南
SO2
02/11 2.9 3.3 2.8 3.3 3.5 2.3 2.2 2.3 2.1 1.9 1.9 2.4 3.1 2.8 2.1 1.8 1.8 1.6 1.8 2.2 3.2 3.5 3.2 3
台南
SO2
02/12 3.5 4.7 4.8 4 2.9 2.8 2.5 2.7 2.6 2.7 2.3 2.8 2.9 2.3 2 2.1 2.1 1.9 1.9 2.1 2 1.7 2.1 3.2
台南
SO2
02/13 3.8 3.8 3.9 2.8 2.3 2.5 2.3 3 3.6 3.3 3.6 3.6 2.9 2.8 2.4 2.2 2 2 1.6 1.6 2.2 2.5 2.6 2.4
台南
SO2
02/14 2.9 3.5 3.1 2.5 2.5 2 1.9 2.7 2.6 2.5 2.2 2.1 2.1 2.7 2.2 2.1 2.2 2.2 1.9 1.4 1.3 1.5 2.1 2.9
台南
SO2
02/15 3.2 3.9 3.8 4.2 3.3 2.3 2.5 2.9 3.4 3.8 3.9 3.6 3.1 2.8 2.9 2.2 2.1 2.8 3.2 2.4 2.8 2.9 4.5 3
台南
SO2
02/16 2.8 2.2 2.1 2.5 2.5 2.9 3.3 3.3 3.7 3.3 3 3 2.7 2.2 1.9 1.5 1.9 1.6 1.7 1.9 2.7 2.8 2.5 2.9
台南
SO2
02/17 1.9 2.7 3.5 4.6 4.9 3.8 2.4 2.3 2.6 2.6 2.7 2.5 2.4 2.2 2 2.5 2.5 2.2 2 1.9 1.5 1.4 1.5 1.9
台南
SO2
02/18 2.4 2.5 3 2.3 2 2.3 2.3 2.1 2.6 2.9 3.2 3.6 3.6 3.3 4.1 4.4 2.9 2.3 2.3 2.5 2.7 2.9 4.5 3.1
台南
SO2
02/19 1.6 1.4 1.2 1 1.2 1.4 2.3 2.3 5 3.4 2 3 3.1 2.9 2.4 2.1 2.9 3 2.9 2.5 2.3 3.4 3.8 4.8
台南
SO2
02/20 3.2 4.9 4.4 3.6 2.9 2.6 2.2 3.3 5.4 4.4 4.7 5.4 4.1 2.3 2.2 2.3 2.2 2 1.9 2.3 2.4 3.7 4.2 2.6
台南
SO2
02/21 2.9 3.5 3.5 3.3 2.5 2.2 2.2 2.3 2.3 2.4 2.7 3.3 2.6 2.4 2.3 2.2 2.2 3.4 3.3 2.7 2.7 2.1 1.6 1.9
台南
SO2
02/22 2.2 2.1 2 2.1 1.5 1.3 1.5 2.6 2.8 2.3 2.4 2.2 2.1 1.9# 1.4 1.3 1.4 1.3 1.3 1.3 1.3 1.8 2.6 3.5
台南
SO2
02/23 4.3 3.3 1.9 1.5 1.9 2.3 2 2.7 3 2.9 2 2.5 2.8 2.5 2 1.9 2.4 3.3 3.1 4.2 3.3 2.6 3.3 2.4
台南
SO2
02/24 2.1 2.6 2.6 2.4 2.8 2.9 3.3 4.1 3.2 3.8 3.1 2.5 2.3 2.4 2 2.3 2.3 2 1.8 1.7 2 2 1.6 1.9
台南
SO2
02/25 2.3 1.5 1.5 1.7 2.6 3.1 3.9 3.6 2.7 2.6 1.7 1.5 1.6 1.8 2.3 2.3# 2.5 2.6 2.6 1.8 1.6 1.9 2.8 3.1
台南
SO2
02/26 3.3 3.2 2.6 2.8 2.8 2.5 2.5 2.2 2.8 2.8 2.8 2.2 2.8 2.5 2.2 2 1.8 1.8 1.9 1.6 1.4 1.5 1.4 1.1
台南
SO2
02/27 1.2 1.8 1.9 3 3.3 2.9 1.8 1.5 1.8 1.9 2 2.1 2.4 2.8 2.1 2 1.8 2.3 2 2.1 1.7 1.9 3.5 4.8
台南
SO2
02/28 3.9 3.3 2.8 4.3 3.4 3.7 3.5 3 3.7 2.8 2.2 2.5 2.9 2.5 2.7 2.5 2.6 2.4 2.4 2.6 2.5 2.7 2.5 2.1
台南
SO2
監測年月：2019/03， 測站：臺南， 測項：SO2（ppb）
台南
SO2
日期 00 01 02 03 04 05 06 07 08 09 10 11 12 13 14 15 16 17 18 19 20 21 22 23
台南
SO2
03/01 3.1 3 3.5 3.3 3.6 3.4 2.9 2.6 3.1 3 3.9 2.7 2.1 1.8 1.1 1 1.2 1 1.1 1 0.9 1 0.8 1.1
台南
SO2
03/02 1.1 1.6 1.5 1.4 1.4 1.3 1.6 1.7 2.9 5 3.6 2.5 2.7 3.3 2.7 2.8 3 2.7 3.3 4.4 3.2 2.7 3 4.4
台南
SO2
03/03 2.8 2.1 1.7 1.5 1.5 1.3 1.3 1.3 1.4 2.2 3.2 1.6 1.9 1.3 1.3 1.3 1.4 1.6 1.7 1.4 1.4 2 1.6 1.7
台南
SO2
03/04 2.1 2 3.3 2.3 1.7 3 2.4 2.8 3.1 3 2.6 2.3 2.1 2.3 2 1.8 1.7 1.9 2.1 2.5 2.3 2.7 3.6 3.5
台南
SO2
03/05 3.6 4.1 4.5 4.1 4.7 4.1 4.3 5.8 4.8 3.9 3.7 6.4 7.1 5.5 4.4 4.8 4.5 3.3 3.7 2.9 2.2 1.7 1.7 2
台南
SO2
03/06 2.1 2.1 2 2.2 1.7 2.3 2.5 3 3.8 3.5 2.4# 2 2.1# 1.7 2.7 2.3 2.4 2 1.5 1.6 2.4 2.4 2 2.2
台南
SO2
03/07 2 1.7 1.6 1.6 2.1 1.5 1.6 1.5 1.7 1.6 1.7 1.6 1.6 1.5 1.4 1.4 1.4 1.3 1.4 1.3 1.3 1.3 1.1 1.1
台南
SO2
03/08 1.3 1.4 1.2 1.2 1.1 1.3 1.5 1.5 1.9 1.6 1.6 1.8 2 2.4 2.3 2.2 2 2 2.3 2.3 2.1 2.9 3.4 3.5
台南
SO2
03/09 2.3 1.9 1.6 1.8 1.6 1.5 1.6 2.3 2.6 3.3 3.8 5.3 2.1 1.6 1.6 1.4 1.1 1.1 1.5 1.6 1.3 1.3 1.4 1.7
台南
SO2
03/10 2 1.8 1.6 0.9 0.9 1.1 0.9 0.8 1.1 1.6 1.4 0.9 1.2 1.4 1.3 1 1.2 1.3 1.1 1.1 1.1 1.4 1.3 1.8
台南
SO2
03/11 2 2.4 2.2 2 1.6 1.7 1.7 2.8 3.5 NA 4 2.6 2.4 2.4 2.3 2.8 3.8 3.9 3.9 3.9 4.8 4.5 4.3 4
台南
SO2
03/12 3.8 3.4 4.6 3.9 3.6 3.8 3.9 5.8 6.8 3 2.5 1.9 1.6 2 2.2 2 2 2.1 2.1 1.9 2.1 2 2 2.2
台南
SO2
03/13 3.3 3.2 2.8 2 2.1 2 2.5 2.1 2.1 3 4.3 2.9 2.2 2.5 2.7 3.3 3.1 2.7 2.7 2.4 2.6 3.3 4.6 5.2
台南
SO2
03/14 5.5 4.5 3.8 3 2.9 2.7 3.2 3.9 2.3 2.6 3.2 2.9 2.9 2.5 2.5 2.5 2.7 2.8 3.1 3.1 2.6 3.2 3.3 3.9
台南
SO2
03/15 4.2 2.1 1.6 4.3 4.7 2.5 1.7 1.8 1.9 1.8 1.9 1.8 2.5 2.3 2.7 3.5 2.5 2.1 1.9 2 2.2 2.5 2.3 1.9
台南
SO2
03/16 1.7 2.2 2.3 2.4 4.2 2.8 3 4.1 3.6 2.9 2.4 2.9 2.9 2.5 2.7 2.5 2 2.1 2.8 2.5 2.6 2.6 2.5 2.7
台南
SO2
03/17 3.1 3.3 3.2 3.7 3.8 3.4 3.4 4 5 4.6 4.4 3.4 3.2 3 2.8 3.5 3.8 3.1 2.5 2.6 2.5 2.5 3.2 3.2
台南
SO2
03/18 3.1 3.9 3.7 3.6 4 4.4 2.8 2.6 3.6 4.5 3.9 3.6 4 3.7 3.3 2.8 2.7 2.9 2.6 3 4.3 4.2 3.3 3.3
台南
SO2
03/19 3 4.4 5.6 5 4.2 6.4 4.9 4.7 4.8 4.1 3.9 3.8 4.3 0.3# 3.7# 3.3# 3.1 2 2.2 2.6 2.6 2.7 3.5 3.1
台南
SO2
03/20 3.2 3.5 2.9 2.7 3.8 3.4 5.1 5 5.3 3.5 2.9 2.7 2.6 2.6 3.3# 2.7# 2.8 2.1# 1.8 1.8 3.2 5.7 4.8 6.6
台南
SO2
03/21 4.8 2.7 4 3.4 2.6 2.7 3.4 3.8 3.7 2.8 2.4 2.3 2.7 2.9 1.9 1.9 2.3 2.4 1.9 3 2.2 1.8 1.7 2.5
台南
SO2
03/22 3.2 3.1 3 3.9 4.1 8.7 7.4 4.3 4.2 4.4 3 2.7 2.7 2.7 2.6 2.5 2.6 2.8 3 2.4 2.7 2.4 2.2 2.3
台南
SO2
03/23 3.4 5 4.5 3.2 4.7 4.4 3.2 2.4 1.8 1.9 1.6 1.7 2 2.1 3 2.6 2.7 3.1 2.3 1.9 1.8 2.4 2.3 2
台南
SO2
03/24 1.8 1.8 1.7 1.6 1.9 2.5 2.1 2 2.1 2.6 3.2 3 3 2.8 2.6 2.2 2.2 1.9 1.8 1.8 2 2.1 2.2 2.5
台南
SO2
03/25 2.1 2.2 2 2 1.9 1.7 2.3 2.5 2.8 3 2.7 2.5 2.7 2.7 2.5 2.8 2.8 2.7 2.5 2.4 2.6 2.9 3.2 3.7
台南
SO2
03/26 5 3.5 3.7 3.8 2.2 2.1 3.6 2.5 3.2 4.6 4.3 4.4 2.9 2.6 2.2 2.1 2 2 2.2 2.6 2.8 2.3 2.1 2.2
台南
SO2
03/27 2.4 2.6 3 4.2 4.2 3.3 3.8 6.1 6.9 4.8 3.4 3 3 3.2 2.9 3.5 4.4 3.3 3 3 3.1 2.8 2.3 3.5
台南
SO2
03/28 4.1 5.3 3.9 2.7 2.3 2.2 4 5.3 4.4 5.2 6.7 2.1 2.1 2.4 2.6 2.3 2.3 2.6 1.6 1.5 1.8 1.6 1.7 1.6
台南
SO2
03/29 1.7 1.9 2.1 2.9 3.2 3.7 5 3.7 2.4 2.2 1.9 1.9 1.7 1.5 1.7 2 1.8 1.9 3.4 2.3 2 2.1 1.8 1.5
台南
SO2
03/30 1.2 1.6 1.5 1.7 2.3 1.6 1.7 1.9 2.9 2.9 2.4 2.5 3.8 2.8 2.4 2 2.1 2.1 2 2.1 2.6 2.6 2.4 2.3
台南
SO2
03/31 2.4 2.4 2.4 2.8 3.4 3.1 3.8 4.5 6.6 6.6 4.8 3.5 3.9 3.2 3.3 2.1 2.4 2 1.8 1.8 1.9 1.7 1.6 1.5
台南
SO2
監測年月：2019/04， 測站：臺南， 測項：SO2（ppb）
台南
SO2
日期 00 01 02 03 04 05 06 07 08 09 10 11 12 13 14 15 16 17 18 19 20 21 22 23
台南
SO2
04/01 1.7 3.4 3.9 3.6 2.6 2.6 4.9 5.9 5.3 3.2 2.6# 2.2# 2.7 2.3 2.6 3.9 4.4 3.2 2.2 2.3 2.6 2.8 2.6 5.2
台南
SO2
04/02 6.3 3.8 3.9 2.9 2.6 2.5 4.2 4.6 4.6 3 2.2 2.3 2 2.1 2 2.1 2.2 2.1 3 2.6 2.3 2.7 3.8 4.5
台南
SO2
04/03 4.6 3.6 3.9 3.8 2 1.8 1.8 1.8 2.2 1.7 2 2.6 2.6 2.5 2.4 2.6 2.4 2.3 1.9 2.6 1.8 2 2.2 2.1
台南
SO2
04/04 2.1 1.9 2.1 2.2 2.3 2.8 3.1 2.8 2.9 2.8 3.3 2.4 1.9 1.7 1.6 1.6 1.7 1.8 1.5 1.9 1.6 1.4 1.5 1.6
台南
SO2
04/05 1.9 2.1 2.1 2.3 2.1 2 2.2 1.9 1.8 2 2.3 2.3 2.5 2.2 2.2 2.6 2.6 2.8 2.9 2.5 2.4 2.5 2.8 3.4
台南
SO2
04/06 3.3 4.3 3.6 3.8 3.2 3 3.3 4.2 4.6 3.3 2.4 2.6 2.9 2.6 1.9 2 2 2.2 2.3 2.1 2.1 1.8 2.1 2.5
台南
SO2
04/07 2.1 2.4 2.3 2.4 2.4 2.6 3 3.4 2.7 2.1 1.8 2 2 2 2 2 1.9 1.9 1.9 2.2 2 1.8 2.3 2.4
台南
SO2
04/08 3 2.8 2.3 2.3 2.7 2.4 2.4 2.3 2.7 2.7 2.9 2.8 2.9 3.1 3.3 2.6 2.7 2.3 2.6 2 2.1 2.7 2.6 3.1
台南
SO2
04/09 3.8 5.1 3 3.1 3.4 2.9 2.6 3.7 5.3 4.6 3.7 2.9 2.9 2.4 2.3 2.2 2 2.1 2 1.9 1.8 1.9 2 1.9
台南
SO2
04/10 1.9 1.7 2.1 2.4 2.6 2.6 3.1 2.8 3.2 2.3 2.6 2.3 1.7 1.7 1.8 1.5 1.6 2.1 1.8 2.1 1.6 1.6 1.8 1.8
台南
SO2
04/11 1.8 1.7 2.2 2.6 2 1.9 1.7 2.8 3.8 3 1.9 2.2 2.5 1.9 1.8 2 1.9 1.8 1.7 1.8 1.9 2.5 2.3 2.8
台南
SO2
04/12 2.2 1.7 1.8 4 4.8 4 2.9 3.5 2.4 2.7 2.7 2.2 2.3 2.1 2 2.4 3.8 1.9 1.6 1.9 2.3 2.9 3.2 3.3
台南
SO2
04/13 4.1 3.9 3.2 3.1 3.2 3.1 4.1 3.5 3.7 4.2 3.8 3.2 3 2.6 2.5 2.4 2.5 2.4 2.9 3.4 2.8 2.7 2.6 2.3
台南
SO2
04/14 2.6 2.2 1.9 2.1 1.5 1.3 1.6 1.6 2.2 2 2 2.6 2.6 2 1.5 1.3 1.3 2.3 2.6 1.6 1.7 2.4 2.3 2.7
台南
SO2
04/15 4 3.1 2.2 2 2.3 2.6 2.9 2.8 2.7 3.1 2.8 2.3 2.6 3.2 4.8 5.3 5 4.3 3.9 4.1 3.8 3 3 3.5
台南
SO2
04/16 3.9 3.7 3.2 4.3 4.5 2.7 2.7 2.5 2.3 2.5 3.1# 2.4# 2.5 2.4# 2# 2.2 2.3 2.5 2.3 2.4 2.6 2.9 2.3 2.4
台南
SO2
04/17 2.2 2 3.9 2.3 2.2 2.2 2.3 2.9 3 3.1 2.9 2.6 2.4 2.4 2.2 2.3 2.1 2.2 2.1 2.5 2.9 3 2.9 2.5
台南
SO2
04/18 2.4 2.8 2.8 3.1 3 3.4 4.2 4.2 3.7 3.8 3.8 3.2 3.1 3.8# 2.3 2.3 2.6 2.5 2.2 2.5 3.3 3.9 2.9 5
台南
SO2
04/19 3.5 3.5 3.3 3.6 1.4 1.4 1.7 1.9 1.8 1.8 2.2 2.1 4.1 2.5 1.9 1.6 1.9 2.1 2.3 2 1.8 1.9 1.8 2.2
台南
SO2
04/20 2.1 1.9 2.6 2.5 2.2 2.4 2.9 3.5 3.3 3.3 3.2 2.6 2.4 2.2 1.9 1.7 1.8 2.1 3.8 3.1 3 3.9 3.2 3.3
台南
SO2
04/21 5.4 4.4 5.3 3.9 2.6 3.3 3.4 2.1 2.3 2.1# 2.2 2.3 2.5 2.9 2.6 1.7 1.4 1.4 1.5 2.2 1.6 1.7 1.6 1.7
台南
SO2
04/22 1.5 1.9 2.1 2.1 2 2.1 2.2 2.8 2.9 3.5 2.9 2.6 2.2 2.5 1.9 1.7 1.9 1.8 1.8 1.7 2 2.6 2.2 2
台南
SO2
04/23 2.2 1.8 1.9 2.8 3.1 2.4 2.1 2.7 2.1 2.1 1.9 1.5 1.7 2.1 1.6 1.6# 2.1 1.6 1.7 1.8 1.9 1.8 1.9 2.4
台南
SO2
04/24 2 1.2 1 3.2 2.9 1.9 3.2 3.3 1.9 1.2 1.2 1.3 1 1.4 1.2 1.1 1.1 1.6 1 1 1 1 1.8 1.9
台南
SO2
04/25 1.8 2.5 3.5 2.1 4.4 3.6 2.9 3.5 2.4 1.8 1.6 1.5 1.7# 1.3 1.3 1.1 1.1 1.2 1.2 1.1 1.3 1.4 1.4 1.4
台南
SO2
04/26 1.1 1.7 2.3 2.1 2.8 4.7 2 2.3 2.2 2.8 4.8 5.6 10 3.3 2.5 2.2 1.9 1.8 2.1 2.8 2.8 3.3 2.9 3.4
台南
SO2
04/27 3.6 3.4 3.4 3.4 3.9 4 4.6 7.5 5.1 3.4 4.4 4 3.9 3.8 3.3 3.4 2.9 2.8 3.2 2.4 2.1 2.3 3 3.4
台南
SO2
04/28 3.4 3.9 4.4 3 2.3 2.5 4 3.5 3.1 2.9 2.6 2.3 2.7 2.7 2.4 2.5 2.2 1.9 1.9 1.9 2.3 3.6 3.1 3.2
台南
SO2
04/29 4.3 5.2 3.5 1.7 2 1.6 1.6 1.9 2.2 2.6 2.9 3.4 3.4 3 2.4 1.6 1.6 1.8 1.6 1.8 1.6 1.7 1.8 2.8
台南
SO2
04/30 2.9 3 3.3 3.1 2.4 2.6 3.5 2.1 2.2 1.6 1.7 1.5 1.8# 1.6 1.3# 1.5# 1.1# 1.2 1 0.9 1.1 1.2 2.3 3
台南
SO2
監測年月：2019/05， 測站：臺南， 測項：SO2（ppb）
台南
SO2
日期 00 01 02 03 04 05 06 07 08 09 10 11 12 13 14 15 16 17 18 19 20 21 22 23
台南
SO2
05/01 2.6 2.4 1.8 1.8 1.9 1.8 1.8 2 2.2 2.8 2.2 2 2 2 2.6 3.7 3.1 2.2 2.1 2.1 2.2 3.1 3.6 3.7
台南
SO2
05/02 3.9 4.6 4 4 3.4 3.7 3.2 3.4 3.4 5.1 4.2 3.9 4 3.6 4.5 2.4 1.8 1.6 1.5 1.4 1.5 1.6 1.9 1.6
台南
SO2
05/03 1.3 2.2 3.2 3.1 2.7 2.9 2.7 2.6 2.4 3.2 2.3 2.5 2.7 2.7 2.7 2.2 2 2 1.9 2.1 2.5 2.3 2.2 2.5
台南
SO2
05/04 2.4 2.3 2.4 1.7 1.6 1.8 1.6 2 2.3 1.5 1.6 1.5 1.6 1.4 1.4 1.3 1.4 1.6 1.8 2.2 2.5 1.9 2 2.4
台南
SO2
05/05 1.8 2.5 2.4 2.3 2.4 2.2 2.4 3 3.5 2.9 2.9 2.5 2.3 2.3 2.3 2.2 2.1 2.3 2.2 2.1 2.3 2.6 3.4 3.2
台南
SO2
05/06 4.2 2.3 2 1.6 1.5 1.7 1.9 1.6 1.7 1.3 1.3 1.4 1.2 1.2 1.3 1.3 1.2 1.3 1.3 1.4 1.2 1.1 1.1 1.1
台南
SO2
05/07 0.9 1.4 1.5 1.7 1.5 1.6 2.1 1.9 1.7 1.6 1.7 1.6 1.8 2.3 3 3.1 2.1 2.1 2.8 2.2 2 2.1 2 2
台南
SO2
05/08 2.4 2.3 2.2 2.8 4.6 3.4 3.6 3.5 3.2 3.7 3.8 3.3 3.1 2.8 3.1# 4.3 3.6 2.7 3 2.6 2.5 3.7 3.3 3.2
台南
SO2
05/09 3.1 2.9 3 3 3.2 3.1 3.4 3.4 3.4 3.2 3.8 5.6 5.2 3 2.4 2.6 2.9 2.7 2.7 2.6 2.9 2.8 2.4 2.6
台南
SO2
05/10 2.2 1.6 1.5 1.4 1.3 1.3 1.7 2.1 2.8 2.4 1.7 1.8 2.6 2.7 2.6 2.2 2.4 2.4 2.7 2.7 2.5 2.6 2.3 3.2
台南
SO2
05/11 3.5 4.3 3.9 4 3.5 2.8 3.8 3.6 3.9 3.5 3.3 3.5 3.7 3 2.9 2.8 3 2.8 2.2 2.8 2.4 3 3.2 3.4
台南
SO2
05/12 3.7 3.2 3.2 3.1 3.2 2.6 2.9 3.6 3.3 3 3.2 4.1 3 2.6 3.4 4 5.3 3 2.6 2.3 2.2 2.5 3.1 2.9
台南
SO2
05/13 2.9 2.8 4.1 3.1 2.3 2.3 2.9 3.8 3.6 2.8 2.8 2.3 2.4 2.1 2.3 2.4# 1.9 1.8 1.7 1.8 1.7 1.7 1.8 2.4
台南
SO2
05/14 2.4 2.4 4.1 5.2 4.8 3.7 3.6 3.4 2.7 2.8 2.5 2.5 2.6 2.3 1.9 2.1 2.6 2.2 2 1.8 1.8 1.8 1.9 1.8
台南
SO2
05/15 2.5 3 2.6 2 1.8 1.7 4.1 4.5 4.1 3.4 2.9 2.6 2.7 2.6 2.4 2.1 1.5 1.4 1.7 2.3 2 1.6 2.2 2.5
台南
SO2
05/16 2.4 1.9 2.2 2.8 3.1 3.1 2.5 2.5 2 2.1 2.1 1.6 1.6 1.9 2.1 1.7 1.9 1.7 2.1 1.7 1.7 1.6 1.4 1.5
台南
SO2
05/17 1.3 2.5 2.6 2.3 2.3 2.7 2.5 4 2.5 2.4 2.1 2.3 2.1 2.2 2 2.3 2.4 2.3 2.2 2 2 1.9 1.9 2
台南
SO2
05/18 2.4 2.1 1.8 1.5 1.8 1.4 1.4 1.5 1.5 1.8 1.5 1.6 1.7 1.8 1.6 1.9 1.7 1.7 1.6 1.2 1.4 1.6 1.5 2
台南
SO2
05/19 2 2 1.8 1.9 2 2.1 2.1 2.4 2.3 1.9 1.9 1.6 2 2.8 1.8 1.6 1.8 1.9 1.7 1.7 2 1.9 1.8 1.6
台南
SO2
05/20 1.7 3 2.4 2.1 1.8 1.5 2.1 2.4 2 1.9 2.1 1.7 1.9 1.6 1.8 1.8 1.6# 1.6 1.6 1.6 1.9 2.2 1.9 2.3
台南
SO2
05/21 2.4 1.9 1.8 1.7 1.8 1.9 2.1 2.5 2.8 2.4 2.4 2.9 3.9 4.2 4.9 4.6 4.7 4.6 4.8 5 5.5 4 4.1 3.9
台南
SO2
05/22 3.9 3.4 3.5 3 3.1 4.1 5.1 4.9 3.7 3.5 3.1 2.9 3.1 3.2 3.3 3 3.7 2.9 3.1 3.4 4.8 4.9 3.6 2.3
台南
SO2
05/23 3 4.5 5.4 3 2.5 3.1 2.8 2.8 3.4 5.2 3.4 2.9 2.7 2.1 2.2 2.3 2 1.8 2.1 3.3 3.9 3.1 2.5 3.2
台南
SO2
05/24 4 5.5 11 13 8.5 9 6.4 2.7 3.7 2.4 2 2.2 1.7 1.6 2.6 2.5 2.2 1.6 1.8 1.7 1.5 1.5 2.2 2
台南
SO2
05/25 1.9 2 2.5 2.3 2.1 2.2 2.8 2.8 1.9 1.7 1.9 2.2 2.1 2.7 2.1 2.2 2.8 2 2 2 2 1.9 2.4 2.6
台南
SO2
05/26 2.4 4 3.1 2.2 2 1.9 1.7 1.6 2 2.7 4.1 3.6 3.6 4.3 4.6 4.4 3.7 2.3 1.4 1.3 1.4 1.3 2.5 3.4
台南
SO2
05/27 3.4 2.5 2.9 3.1 4 4.2 3.6 3 4.4 4.5 3.1 2.4 2 2.2 2.4 2.4 2.4 3 3.5 3.3 3 2.5 2.3 2.6
台南
SO2
05/28 2.4 5 4.5 3.3 2.7 2.9 3.5 4.9 4 2.9 2.4# 2.3# 2.3 2.3 2.2 2.3 2.5 2.3 2.5 2.4 2.2 2.7 3.2 4.3
台南
SO2
05/29 4.5 3.4 3.5 3.2 2.3 2.7 3 3.4 3.6 2.8 2.6 3.4 3.7 2.9 2.8 2.8 2.6 2.8 3.4 3.4 3.9 4 4.9 5.4
台南
SO2
05/30 5.6 5.3 5.1 5.8 5.5 4.9 4.4 5.1 5.4 4.7 4.1 4.1 3.7 3.2 2.6 2.6 2.3 2.3 2.2 2.1 2.5 2.3 2.1 2
台南
CO
01/01 0.4 0.35 0.32 0.29 0.32 0.32 0.32 0.32 0.37 0.39 0.42 0.36 0.39 0.42 0.4 0.45 0.42 0.47 0.46 0.43 0.42 0.39 0.35 0.36
台南
CO
01/02 0.36 0.39 0.35 0.32 0.32 0.3 0.34 0.51 0.61 0.49 0.49 0.51 0.55 0.53 0.57 0.52 0.53 0.73 0.78 0.53 0.43 0.44 0.4 0.34
台南
CO
01/03 0.33 0.33 0.4 0.47 0.42 0.39 0.42 0.57 0.48 0.46 0.48 0.45 0.46 0.47 0.48 0.48 0.64 0.69 0.68 0.58 0.56 0.54 0.48 0.42
台南
CO
01/04 0.42 0.41 0.43 0.46 0.54 0.62 0.76 1.03 1.37 1.4 0.82 0.58 0.46 0.4 0.38 0.42 0.43 0.51 0.62 0.6 0.56 0.62 0.71 0.71
台南
CO
01/05 0.67 0.65 0.52 0.55 0.74 0.74 0.83 1.02 0.96 0.84 0.81 0.63 0.58 0.55 0.51 0.54 0.59 0.63 0.65 0.68 0.65 0.61 0.51 0.49
台南
CO
01/06 0.54 0.55 0.52 0.61 0.62 0.6 0.61 0.62 0.65 0.72 0.73 0.69 0.55 0.57 0.57 0.62 0.66 0.75 0.77 0.69 0.67 0.71 0.71 0.68
台南
CO
01/07 0.61 0.52 0.58 0.57 0.54 0.52 0.57 0.78 0.75 0.75 0.7 0.58 0.55 0.38 0.39 0.41# 0.5 0.7 0.7 0.52 0.43 0.47 0.4 0.39
台南
CO
01/08 0.42 0.42 0.43 0.4 0.38 0.35 0.4 0.54 0.52 0.45 0.45 0.44# 0.41 0.42 0.39 0.42 0.5 0.57 0.49 0.51 0.49 0.55 0.48 0.44
台南
CO
01/09 0.49 0.43 0.37 0.42 0.46 0.41 0.43 0.62 0.66 0.55 0.55 0.57 0.56 0.48 0.46 0.47 0.55 0.72 0.68 0.59 0.59 0.62 0.6 0.59
台南
CO
01/10 0.5 0.44 0.43 0.46 0.51 0.64 0.67 0.82 0.88 0.82 0.78 0.73 0.59 0.51 0.5 0.54 0.61 0.7 0.73 0.57 0.53 0.59 0.53 0.44
台南
CO
01/11 0.52 0.6 0.59 0.47 0.45 0.51 0.61 0.91 1.17 1.04 0.8 0.62 0.53 0.5 0.49 0.45 0.44 0.58 0.54 0.56 0.61 0.88 1.02 0.99
台南
CO
01/12 0.96 0.59 0.47 0.44 0.5 0.62 0.8 0.94 0.94 0.9 0.78 0.56 0.51 0.46 0.38 0.4 0.42 0.54 0.59 0.56 0.49 0.61 0.62 0.65
台南
CO
01/13 0.71 0.75 0.69 0.62 0.6 0.71 0.7 0.65 0.72 0.74 0.76 0.69 0.68 0.66 0.66 0.66 0.65 0.64 0.67 0.66 0.67 0.69 0.67 0.64
台南
CO
01/14 0.58 0.51 0.48 0.49 0.49 0.48 0.51 0.65 0.67 0.7 0.7 0.64 0.58 0.52 0.52 0.54 0.58 0.61 0.6 0.59 0.54 0.59 0.57 0.49
台南
CO
01/15 0.42 0.45 0.41 0.45 0.48 0.51 0.58 0.77 0.84 0.77 0.72 0.66 0.66 0.61 0.58 0.55 0.56 0.6 0.53 0.52 0.53 0.55 0.49 0.44
台南
CO
01/16 0.4 0.35 0.36 0.35 0.33 0.35 0.45 0.61 0.68 0.66 0.65 0.67 0.61 0.59 0.54 0.53 0.55 0.68 0.69 0.62 0.58 0.6 0.57 0.5
台南
CO
01/17 0.38 0.4 0.36 0.36 0.35 0.34 0.4 0.57 0.54 0.5 0.43 0.41 0.4 0.41 0.41 0.43 0.51 0.58 0.58 0.55 0.51 0.52 0.5 0.48
台南
CO
01/18 0.47 0.44 0.41 0.4 0.41 0.43 0.47 0.63 0.89 0.93 0.75 0.5 0.45 0.44 0.48 0.48 0.51 0.51 0.49 0.55 0.55 0.53 0.49 0.46
台南
CO
01/19 0.53 0.51 0.46 0.43 0.4 0.42 0.48 0.61 0.79 0.66 0.6 0.59 0.61 0.54 0.44 0.45 0.47 0.64 0.78 0.85 0.76 0.95 0.69 0.52
台南
CO
01/20 0.51 0.44 0.39 0.39 0.45 0.58 0.68 0.66 0.8 0.91 0.84 0.7 0.66 0.58 0.52 0.41 0.53 0.72 0.81 0.83 0.84 0.84 0.87 0.84
台南
CO
01/21 0.74 0.58 0.53 0.58 0.58 0.52 0.49 0.52 0.52 0.5 0.55 0.53# 0.55 0.5 0.5 0.48 0.38 0.37 0.39 0.35 0.37 0.37 0.3 0.29
台南
CO
01/22 0.31 0.26 0.28 0.29 0.25 0.31 0.33 0.43 0.49 0.42 0.39 0.45 0.45 0.43 0.45 0.45 0.51 0.6 0.61 0.55 0.55 0.63 0.56 0.5
台南
CO
01/23 0.48 0.53 0.53 0.46 0.42 0.4 0.44 0.59 0.68 0.62 0.51 0.5 0.54 0.48 0.45 0.46 0.53 0.64 0.61 0.58 0.54 0.51 0.5 0.5
台南
CO
01/24 0.48 0.48 0.49 0.51 0.59 0.68 0.73 0.9 1.14 0.87 0.82 0.61 0.48 0.49 0.5 0.49 0.52 0.67 0.7 0.62 0.55 0.61 0.54 0.48
台南
CO
01/25 0.45 0.37 0.42 0.45 0.47 0.53 0.61 0.78 0.95 0.75 0.7 0.59 0.52 0.51 0.44 0.47 0.59 0.74 0.65 0.6 0.66 0.75 0.73 0.64
台南
CO
01/26 0.58 0.52 0.51 0.44 0.43 0.39 0.45 0.56 0.56 0.47 0.43 0.39 0.38 0.39 0.41 0.42 0.47 0.51 0.49 0.44 0.44 0.4 0.33 0.29
台南
CO
01/27 0.27 0.22 0.2 0.18 0.19 0.19 0.21 0.26 0.31 0.31 0.34 0.39 0.37 0.33 0.34 0.32 0.37 0.4 0.45 0.44 0.39 0.48 0.49 0.48
台南
CO
01/28 0.46 0.4 0.42 0.42 0.44 0.45 0.55 0.73 0.87 0.7 0.54 0.48 0.38 0.4 0.35 0.39 0.44 0.58 0.67 0.64 0.55 0.56 0.55 0.55
台南
CO
01/29 0.56 0.51# 0.52 0.48 0.51 0.67 0.75 0.78 0.9 0.7 0.66 0.49 0.45 0.39 0.33 0.35 0.39 0.55 0.62 0.52 0.41 0.46 0.49 0.43
台南
CO
01/30 0.44 0.53 0.5 0.52 0.49 0.47 0.48 0.64 0.76 0.72 0.71 0.62 0.46 0.41 0.48 0.52 0.56 0.77 1 1.31 1.15 1.51 1.5 0.81
台南
CO
01/31 0.59 0.57 0.55 0.47 0.45 0.5 0.66 0.81 0.96 0.92 0.65 0.56 0.5 0.47 0.44 0.44 0.41 0.53 0.53 0.52 0.49 0.41 0.41 0.4
台南
CO
監測年月：2019/02， 測站：臺南， 測項：CO（ppm）
台南
CO
日期 00 01 02 03 04 05 06 07 08 09 10 11 12 13 14 15 16 17 18 19 20 21 22 23
台南
CO
02/01 0.4 0.47 0.51 0.57 0.59 0.58 0.56 0.53 0.53 0.52 0.54 0.55 0.57 0.57 0.58 0.6 0.63 0.79 0.83 0.79 0.71 0.77 0.73 0.68
台南
CO
02/02 0.69 0.7 0.72 0.75 0.78 0.88 0.88 0.79 0.84 0.93 0.81 0.72 0.53 0.51 0.5 0.44 0.49 0.57 0.69 0.64 0.79 0.82 0.93 0.82
台南
CO
02/03 0.8 0.75 0.72 0.63 0.52 0.56 0.72 0.72 0.9 0.52 0.26 0.37 0.25 0.2 0.2 0.26 0.33 0.33 0.38 0.41 0.58 0.58 0.57 0.52
台南
CO
02/04 0.38 0.45 0.41 0.39 0.45 0.38 0.46 0.56 0.51 0.47 0.42 0.69 0.64 0.63 0.67 0.75 0.8 0.8 0.78 0.83 0.88 0.86 0.84 0.89
台南
CO
02/05 0.92 0.97 0.92 0.9 0.85 0.8 0.74 0.71 0.74 0.73 0.68 0.6 0.55 0.56 0.55 0.58 0.57 0.48 0.49 0.49 0.45 0.43 0.42 0.43
台南
CO
02/06 0.41 0.4 0.42 0.44 0.47 0.47 0.5 0.55 0.62 0.55 0.61 0.5 0.42 0.37 0.35 0.36 0.4 0.44 0.49 0.47 0.51 0.57 0.74 0.77
台南
CO
02/07 0.71 0.66 0.5 0.39 0.4 0.4 0.41 0.51 0.49 0.45 0.4 0.34 0.24 0.24 0.28 0.3 0.33 0.43 0.5 0.59 0.55 0.54 0.59 0.57
台南
CO
02/08 0.51 0.51 0.5 0.46 0.48 0.52 0.45 0.48 0.51 0.53 0.5 0.49 0.45 0.49 0.42 0.41 0.43 0.47 0.42 0.37 0.37 0.37 0.42 0.38
台南
CO
02/09 0.33 0.31 0.34 0.35 0.38 0.4 0.44 0.54 0.6 0.62 0.58 0.47 0.4 0.41 0.4 0.39# 0.43 0.44 0.4 0.4 0.47 0.48 0.47 0.42
台南
CO
02/10 0.4 0.33 0.34 0.32 0.35 0.32 0.27 0.31 0.38 0.42 0.46 0.41 0.37 0.35 0.37 0.35 0.36 0.41 0.43 0.36 0.38 0.41 0.45 0.4
台南
CO
02/11 0.38 0.41 0.39 0.4 0.35 0.28 0.29 0.42 0.4 0.42 0.37 0.39 0.43 0.38 0.35 0.34 0.4 0.4 0.44 0.43 0.47 0.52 0.49 0.47
台南
CO
02/12 0.5 0.56 0.56 0.42 0.29 0.29 0.39 0.55 0.57 0.52 0.41 0.39 0.37 0.33 0.32 0.36 0.42 0.42 0.44 0.44 0.42 0.39 0.4 0.47
台南
CO
02/13 0.48 0.51 0.52 0.5 0.39 0.4 0.47 0.65 0.7 0.51 0.5 0.47 0.39 0.33 0.32 0.34 0.4 0.47 0.5 0.41 0.47 0.46 0.39 0.35
台南
CO
02/14 0.4 0.52 0.45 0.36 0.35 0.35 0.35 0.55 0.54 0.42 0.41 0.37 0.35 0.36 0.32 0.33 0.4 0.45 0.53 0.41 0.42 0.44 0.44 0.5
台南
CO
02/15 0.54 0.54 0.55 0.57 0.47 0.39 0.47 0.64 0.61 0.58 0.59 0.54 0.45 0.4 0.31 0.26 0.29 0.52 0.59 0.55 0.66 0.94 0.91 0.68
台南
CO
02/16 0.75 0.53 0.42 0.54 0.5 0.52 0.6 0.64 0.59 0.5 0.44 0.4 0.39 0.38 0.37 0.36 0.45 0.44 0.45 0.48 0.55 0.6 0.56 0.47
台南
CO
02/17 0.44 0.42 0.48 0.56 0.54 0.47 0.43 0.48 0.54 0.53 0.5 0.43 0.4 0.37 0.35 0.39 0.39 0.4 0.38 0.37 0.32 0.33 0.31 0.31
台南
CO
02/18 0.31 0.3 0.31 0.28 0.29 0.37 0.43 0.62 0.7 0.58 0.52 0.45 0.43 0.37 0.32 0.28 0.27 0.4 0.38 0.27 0.25 0.27 0.34 0.23
台南
CO
02/19 0.15 0.16 0.18 0.18 0.23 0.29 0.36 0.58 0.59 0.33 0.23 0.42 0.33 0.29 0.28 0.22 0.22 0.32 0.28 0.28 0.31 0.32 0.4 0.42
台南
CO
02/20 0.42 0.47 0.37 0.36 0.32 0.3 0.42 0.68 0.83 0.66 0.45 0.44 0.29 0.2 0.17 0.17 0.2 0.26 0.28 0.63 0.62 0.7 0.56 0.45
台南
CO
02/21 0.5 0.55 0.64 0.61 0.61 0.62 0.71 0.92 0.9 0.73 0.63 0.42 0.2 0.22 0.2 0.2 0.23 0.34 0.41 0.41 0.46 0.41 0.36 0.47
台南
CO
02/22 0.46 0.5 0.46 0.43 0.4 0.41 0.51 0.79 0.77 0.51 0.47 0.44 0.4 0.32# 0.3 0.33 0.39 0.42 0.42 0.42 0.49 0.51 0.53 0.57
台南
CO
02/23 0.52 0.41 0.35 0.36 0.43 0.46 0.51 0.67 0.85 0.74 0.56 0.52 0.52 0.51 0.46 0.51 0.63 0.73 0.75 0.71 0.69 0.71 0.68 0.56
台南
CO
02/24 0.57 0.55 0.53 0.52 0.57 0.53 0.56 0.68 0.62 0.72 0.75 0.64 0.63 0.57 0.5 0.45 0.53 0.48 0.48 0.49 0.51 0.47 0.46 0.46
台南
CO
02/25 0.43 0.41 0.42 0.44 0.53 0.56 0.64 0.73 0.59 0.55 0.51 0.52 0.53 0.5 0.49 0.5# 0.55 0.62 0.59 0.52 0.46 0.47 0.48 0.41
台南
CO
02/26 0.39 0.49 0.49 0.45 0.5 0.47 0.57 0.74 0.79 0.65 0.57 0.49 0.49 0.4 0.35 0.35 0.41 0.53 0.53 0.45 0.38 0.37 0.35 0.31
台南
CO
02/27 0.29 0.28 0.26 0.33 0.37 0.4 0.42 0.57 0.59 0.58 0.61 0.55 0.55 0.52 0.51 0.49 0.51 0.66 0.68 0.55 0.55 0.56 0.62 0.72
台南
CO
02/28 0.62 0.44 0.4 0.4 0.33 0.42 0.53 0.59 0.62 0.52 0.42 0.43 0.37 0.35 0.36 0.39 0.41 0.44 0.46 0.45 0.41 0.39 0.4 0.35
台南
CO
監測年月：2019/03， 測站：臺南， 測項：CO（ppm）
台南
CO
日期 00 01 02 03 04 05 06 07 08 09 10 11 12 13 14 15 16 17 18 19 20 21 22 23
台南
CO
03/01 0.37 0.43 0.47 0.52 0.53 0.45 0.49 0.51 0.54 0.57 0.57 0.46 0.4 0.38 0.36 0.35 0.39 0.41 0.44 0.43 0.43 0.47 0.37 0.37
台南
CO
03/02 0.38 0.35 0.36 0.34 0.4 0.4 0.41 0.45 0.54 0.68 0.63 0.44 0.34 0.35 0.31 0.32 0.33 0.39 0.4 0.44 0.52 0.78 0.82 0.63
台南
CO
03/03 0.62 0.43 0.33 0.3 0.33 0.34 0.39 0.39 0.39 0.28 0.22 0.23 0.32 0.45 0.34 0.44 0.47 0.6 0.61 0.64 0.93 1.31 0.4 0.37
台南
CO
03/04 0.45 0.44 0.39 0.31 0.3 0.35 0.39 0.55 0.52 0.47 0.45 0.4 0.36 0.38 0.4 0.45 0.49 0.59 0.63 0.65 0.63 0.81 0.88 0.85
台南
CO
03/05 0.67 0.63 0.68 0.69 0.69 0.75 0.86 1.16 1.04 0.65 0.53 0.73 0.71 0.62 0.65 0.72 0.71 0.7 0.86 0.61 0.54 0.61 0.5 0.51
台南
CO
03/06 0.54 0.53 0.41 0.41 0.36 0.39 0.45 0.67 0.76 0.59 0.47# 0.39 0.41 0.33 0.34 0.39 0.5 0.54 0.46 0.38 0.44 0.46 0.46 0.42
台南
CO
03/07 0.46 0.42 0.39 0.39 0.37 0.36 0.41 0.6 0.66 0.58 0.54 0.48 0.54 0.5 0.5 0.47 0.55 0.57 0.57 0.53 0.59 0.54 0.59 0.55
台南
CO
03/08 0.53 0.6 0.6 0.5 0.5 0.47 0.54 0.73 1.04 0.76 0.63 0.64 0.63 0.52 0.43 0.5 0.5 0.62 0.87 0.75 0.61 0.53 0.56 0.54
台南
CO
03/09 0.57 0.49 0.47 0.48 0.49 0.58 0.74 1.07 1.19 1.34 0.87 0.79 0.7 0.69 0.69 0.69 0.63 0.86 1.32 1.17 0.71 0.79 0.9 1.27
台南
CO
03/10 1.46 1.24 1.02 0.27 0.23 0.23 0.28 0.51 0.84 1.32 0.74 0.35 0.34 0.31 0.37 0.38 0.43 0.61 0.86 0.76 0.46 0.5 0.62 0.63
台南
CO
03/11 0.55 0.49 0.44 0.5 0.44 0.49 0.57 0.83 1.13 NA 0.98 0.53 0.45 0.47 0.53 0.65 0.76 0.8 0.86 0.75 0.83 0.81 0.76 0.75
台南
CO
03/12 0.69 0.58 0.64 0.6 0.6 0.7 0.91 1.42 1.48 0.85 0.56 0.41 0.34 0.38 0.37 0.35 0.41 0.46 0.53 0.48 0.7 0.82 1.06 1.1
台南
CO
03/13 1.06 1.13 0.8 0.4 0.37 0.43 0.63 0.88 0.97 0.97 0.75 0.56 0.46 0.35 0.38 0.45 0.45 0.55 0.61 0.6 0.63 0.73 0.84 0.88
台南
CO
03/14 0.83 0.6 0.44 0.37 0.35 0.34 0.44 0.66 0.62 0.69 0.46 0.39 0.38 0.35 0.35 0.4 0.43 0.48 0.55 0.46 0.43 0.5 0.43 0.4
台南
CO
03/15 0.4 0.31 0.26 0.34 0.37 0.36 0.32 0.5 0.47 0.36 0.39 0.45 0.43 0.37 0.37 0.44 0.48 0.57 0.53 0.49 0.51 0.57 0.55 0.66
台南
CO
03/16 0.77 0.48 0.52 0.6 0.58 0.54 0.5 0.61 0.63 0.46 0.3 0.29 0.29 0.26 0.25 0.32 0.32 0.39 0.47 0.49 0.48 0.56 0.73 0.66
台南
CO
03/17 0.51 0.46 0.44 0.4 0.41 0.48 0.6 0.59 0.55 0.54 0.46 0.38 0.36 0.35 0.36 0.42 0.46 0.43 0.42 0.38 0.37 0.39 0.41 0.44
台南
CO
03/18 0.44 0.41 0.45 0.52 0.44 0.48 0.4 0.61 0.89 0.66 0.53 0.47 0.46 0.38 0.37 0.36 0.44 0.51 0.57 0.56 0.57 0.68 0.7 0.57
台南
CO
03/19 0.46 0.59 0.56 0.54 0.52 0.57 0.76 0.82 0.84 0.68 0.65 0.59 0.57# 0.46# 0.46# 0.47# 0.5 0.59 0.75 0.73 0.7 0.67 0.68 0.59
台南
CO
03/20 0.49 0.39 0.31 0.29 0.37 0.51 0.74 0.8 0.59 0.38 0.35 0.31 0.31 0.27 0.27# 0.21 0.21 0.3# 0.27 0.33 0.61 0.76 0.67 0.56
台南
CO
03/21 0.52 0.36 0.35 0.32 0.27 0.31 0.49 0.63 0.52 0.3 0.22 0.22 0.2 0.19 0.19 0.2 0.22 0.29 0.31 0.29 0.26 0.32 0.35 0.49
台南
CO
03/22 0.42 0.56 0.57 0.53 0.49 0.51 0.61 0.65 0.65 0.42 0.3 0.26 0.25 0.27 0.29 0.3 0.37 0.44 0.48 0.46 0.51 0.43 0.36 0.35
台南
CO
03/23 0.37 0.54 0.53 0.4 0.5 0.47 0.44 0.42 0.41 0.42 0.38 0.48 0.5 0.46 0.47 0.41 0.42 0.5 0.42 0.37 0.35 0.36 0.35 0.3
台南
CO
03/24 0.24 0.24 0.22 0.22 0.26 0.3 0.29 0.38 0.53 0.65 0.63 0.49 0.55 0.62 0.68 0.65 0.71 0.7 0.62 0.54 0.63 0.73 0.85 0.7
台南
CO
03/25 0.54 0.47 0.53 0.57 0.45 0.41 0.57 0.91 1.23 1 0.52 0.46 0.43 0.44 0.45 0.44 0.52 0.72 0.69 0.67 0.71 0.76 0.8 0.62
台南
CO
03/26 0.59 0.51 0.5 0.45 0.33 0.32 0.43 0.52 0.57 0.57 0.55 0.49 0.36 0.35 0.34 0.34 0.43 0.48 0.53 0.61 0.56 0.5 0.43 0.38
台南
CO
03/27 0.34 0.32 0.37 0.42 0.41 0.4 0.46 0.79 0.9 0.69 0.54 0.5 0.49 0.44 0.41 0.37 0.42 0.5 0.48 0.5 0.56 0.48 0.44 0.65
台南
CO
03/28 0.58 0.56 0.52 0.45 0.45 0.51 0.64 0.81 0.72 0.55 0.38 0.25 0.31 0.3 0.28 0.29 0.29 0.29 0.31 0.27 0.31 0.42 0.33 0.22
台南
CO
03/29 0.2 0.17 0.2 0.23 0.27 0.3 0.44 0.48 0.32 0.24 0.22 0.22 0.22 0.2 0.21 0.22 0.24 0.3 0.26 0.26 0.26 0.31 0.3 0.23
台南
CO
03/30 0.22 0.24 0.24 0.25 0.27 0.26 0.31 0.37 0.45 0.51 0.45 0.43 0.44 0.36 0.33 0.34 0.38 0.41 0.42 0.4 0.39 0.43 0.43 0.5
台南
CO
03/31 0.55 0.5 0.33 0.33 0.35 0.38 0.51 0.53 0.61 0.53 0.51 0.39 0.4 0.38 0.36 0.4 0.42 0.44 0.46 0.42 0.37 0.36 0.34 0.3
台南
CO
監測年月：2019/04， 測站：臺南， 測項：CO（ppm）
台南
CO
日期 00 01 02 03 04 05 06 07 08 09 10 11 12 13 14 15 16 17 18 19 20 21 22 23
台南
CO
04/01 0.29 0.32 0.34 0.32 0.29 0.3 0.45 0.59 0.51 0.41 0.37# 0.42# 0.43 0.38 0.41 0.45 0.52 0.5 0.46 0.4 0.43 0.47 0.43 0.39
台南
CO
04/02 0.37 0.44 0.53 0.43 0.38 0.38 0.48 0.73 0.62 0.38 0.34 0.34 0.31 0.32 0.33 0.33 0.38 0.42 0.52 0.44 0.4 0.45 0.52 0.55
台南
CO
04/03 0.62 0.45 0.47 0.44 0.39 0.37 0.41 0.56 0.47 0.45 0.48 0.43 0.39 0.33 0.31 0.35 0.39 0.43 0.41 0.4 0.4 0.39 0.35 0.29
台南
CO
04/04 0.28 0.3 0.31 0.33 0.36 0.42 0.47 0.51 0.55 0.48 0.5 0.48 0.38 0.34 0.35 0.37 0.38 0.41 0.39 0.36 0.36 0.38 0.36 0.38
台南
CO
04/05 0.5 0.49 0.48 0.42 0.41 0.38 0.39 0.4 0.39 0.37 0.4 0.35 0.34 0.32 0.38 0.37 0.45 0.47 0.44 0.48 0.44 0.43 0.42 0.4
台南
CO
04/06 0.39 0.42 0.42 0.41 0.43 0.43 0.52 0.55 0.54 0.47 0.37 0.34 0.34 0.33 0.33 0.35 0.39 0.42 0.62 0.64 0.64 0.54 0.56 0.56
台南
CO
04/07 0.71 0.74 0.64 0.63 0.68 0.68 0.66 0.54 0.43 0.36 0.33 0.35 0.36 0.39 0.39 0.43 0.44 0.46 0.51 0.59 0.53 0.51 0.47 0.38
台南
CO
04/08 0.4 0.43 0.43 0.47 0.48 0.44 0.55 0.69 0.7 0.66 0.41 0.37 0.39 0.35 0.29 0.3 0.35 0.41 0.38 0.38 0.4 0.48 0.41 0.38
台南
CO
04/09 0.34 0.37 0.38 0.38 0.39 0.46 0.5 0.67 0.68 0.47 0.36 0.28 0.26 0.23 0.21 0.22 0.25 0.32 0.32 0.31 0.31 0.3 0.26 0.25
台南
CO
04/10 0.23 0.2 0.2 0.19 0.19 0.22 0.47 0.42 0.34 0.25 0.25 0.25 0.25 0.23 0.24 0.24 0.25 0.29 0.32 0.3 0.29 0.34 0.29 0.21
台南
CO
04/11 0.2 0.19 0.28 0.25 0.25 0.24 0.31 0.57 0.46 0.32 0.26 0.24 0.23 0.21 0.21 0.22 0.25 0.38 0.38 0.37 0.39 0.51 0.45 0.42
台南
CO
04/12 0.38 0.33 0.27 0.34 0.38 0.42 0.43 0.57 0.57 0.54 0.41 0.31 0.32 0.32 0.35 0.39 0.43 0.46 0.5 0.44 0.42 0.45 0.42 0.39
台南
CO
04/13 0.44 0.5 0.47 0.5 0.49 0.52 0.46 0.48 0.52 0.52 0.49 0.44 0.42 0.35 0.34 0.33 0.36 0.46 0.5 0.6 0.62 0.58 0.52 0.5
台南
CO
04/14 0.51 0.51 0.43 0.4 0.35 0.29 0.37 0.43 0.47 0.48 0.4 0.41 0.34 0.31 0.29 0.27 0.32 0.35 0.37 0.34 0.33 0.41 0.38 0.39
台南
CO
04/15 0.43 0.4 0.34 0.3 0.29 0.37 0.48 0.59 0.62 0.6 0.56 0.49 0.45 0.41 0.49 0.56 0.6 0.69 0.7 0.66 0.6 0.57 0.68 0.62
台南
CO
04/16 0.59 0.53 0.49 0.46 0.48 0.44 0.43 0.57 0.68 0.73 0.78# 0.55# 0.51 0.48# 0.43# 0.47 0.61 0.69 0.7 0.66 0.9 0.71 0.51 0.46
台南
CO
04/17 0.44 0.45 0.44 0.28 0.3 0.32 0.33 0.6 0.53 0.5 0.48 0.43 0.41 0.36 0.37 0.39 0.43 0.5 0.52 0.57 0.58 0.67 0.63 0.57
台南
CO
04/18 0.62 0.67 0.56 0.5 0.48 0.49 0.55 0.69 0.57 0.53 0.48 0.4 0.4 0.42# 0.36 0.36 0.4 0.43 0.38 0.48 0.42 0.5 0.49 0.53
台南
CO
04/19 0.58 0.42 0.41 0.38 0.24 0.27 0.35 0.56 0.49 0.38 0.34 0.32 0.46 0.35 0.29 0.24 0.33 0.52 0.93 0.64 0.51 0.53 0.48 0.44
台南
CO
04/20 0.34 0.27 0.26 0.33 0.42 0.39 0.42 0.53 0.66 0.53 0.47 0.36 0.36 0.28 0.2 0.19 0.25 0.34 0.43 0.43 0.43 0.44 0.39 0.36
台南
CO
04/21 0.43 0.42 0.39 0.38 0.32 0.36 0.38 0.4 0.44 0.45 0.43 0.35 0.28 0.31 0.33 0.27 0.27 0.35 0.54 0.62 0.5 0.64 0.68 0.75
台南
CO
04/22 0.56 0.56 0.55 0.54 0.4 0.38 0.5 0.67 0.32 0.23 0.24 0.22 0.17 0.15 0.16 0.17 0.22 0.26 0.25 0.25 0.22 0.22 0.29 0.22
台南
CO
04/23 0.18 0.15 0.18 0.2 0.17 0.2 0.29 0.39 0.3 0.26 0.2 0.17 0.17 0.16 0.15# 0.16# 0.21 0.26 0.25 0.26 0.3 0.32 0.39 0.31
台南
CO
04/24 0.29 0.23 0.22 0.22 0.23 0.34 0.47 0.32 0.23 0.18 0.16 0.18 0.17 0.15 0.15 0.16 0.2 0.22 0.25 0.21 0.25 0.23 0.2 0.16
台南
CO
04/25 0.18 0.19 0.19 0.17 0.21 0.3 0.33 0.39 0.25 0.17 0.17 0.15 0.16# 0.16 0.16 0.18 0.22 0.29 0.36 0.36 0.53 0.51 0.49 0.36
台南
CO
04/26 0.17 0.17 0.26 0.24 0.22 0.27 0.27 0.39 0.34 0.28 0.39 0.41 0.67 0.26 0.19 0.2 0.25 0.35 0.43 0.43 0.45 0.48 0.48 0.45
台南
CO
04/27 0.5 0.49 0.45 0.48 0.51 0.53 0.54 0.65 0.53 0.43 0.39 0.55 0.53 0.5 0.48 0.45 0.46 0.48 0.52 0.47 0.43 0.43 0.43 0.38
台南
CO
04/28 0.38 0.46 0.44 0.4 0.41 0.42 0.54 0.52 0.54 0.48 0.35 0.25 0.4 0.33 0.29 0.3 0.32 0.29 0.38 0.42 0.49 0.44 0.46 0.58
台南
CO
04/29 0.44 0.35 0.36 0.32 0.32 0.3 0.4 0.49 0.45 0.29 0.26 0.31 0.36 0.27 0.22 0.15 0.17 0.21 0.21 0.23 0.25 0.26 0.2 0.2
台南
CO
04/30 0.21 0.16 0.16 0.17 0.18 0.22 0.27 0.29 0.24 0.18 0.17 0.16 0.14# 0.15 0.16 0.17 0.2 0.24 0.28 0.24 0.23 0.29 0.33 0.25
台南
CO
監測年月：2019/05， 測站：臺南， 測項：CO（ppm）
台南
CO
日期 00 01 02 03 04 05 06 07 08 09 10 11 12 13 14 15 16 17 18 19 20 21 22 23
台南
CO
05/01 0.24 0.24 0.2 0.2 0.19 0.18 0.25 0.47 0.38 0.37 0.26 0.31 0.38 0.3 0.35 0.47 0.5 0.55 0.54 0.54 0.6 0.66 0.68 0.7
台南
CO
05/02 0.65 0.56 0.55 0.62 0.63 0.64 0.73 0.81 0.7 0.47 0.42 0.35 0.37 0.46 0.57 0.48 0.48 0.56 0.58 0.48 0.48 0.59 0.63 0.55
台南
CO
05/03 0.42 0.37 0.36 0.39 0.47 0.5 0.56 0.76 0.81 0.71 0.56 0.52 0.56 0.64 0.6 0.61 0.6 0.71 0.96 0.8 0.71 0.66 0.71 0.68
台南
CO
05/04 0.67 0.37 0.34 0.3 0.3 0.36 0.36 0.47 0.45 0.35 0.35 0.29 0.28 0.27 0.28 0.39 0.39 0.47 0.51 0.79 0.85 0.72 0.65 0.63
台南
CO
05/05 0.45 0.64 0.57 0.63 0.67 0.53 0.55 0.52 0.44 0.44 0.41 0.38 0.38 0.38 0.33 0.32 0.36 0.43 0.47 0.47 0.48 0.51 0.56 0.48
台南
CO
05/06 0.35 0.36 0.37 0.3 0.31 0.34 0.44 0.61 0.76 0.61 0.51 0.53 0.48 0.46 0.5 0.51 0.54 0.69 0.74 0.7 0.54 0.48 0.44 0.36
台南
CO
05/07 0.31 0.28 0.3 0.31 0.33 0.31 0.39 0.59 0.51 0.43 0.46 0.43 0.39 0.38 0.46 0.52 0.51 0.53 0.52 0.54 0.48 0.44 0.38 0.38
台南
CO
05/08 0.41 0.42 0.36 0.29 0.3 0.43 0.5 0.73 0.65 0.54 0.52 0.5 0.56 0.51 0.52# 0.5 0.44 0.54 0.56 0.49 0.44 0.52 0.52 0.5
台南
CO
05/09 0.46 0.5 0.45 0.45 0.47 0.48 0.59 0.88 0.83 0.73 0.67 0.59 0.57 0.31 0.29 0.4 0.49 0.54 0.67 0.68 0.62 0.62 0.46 0.49
台南
CO
05/10 0.46 0.41 0.32 0.27 0.27 0.29 0.37 0.62 0.88 0.62 0.45 0.5 0.41 0.36 0.35 0.37 0.44 0.51 0.69 0.72 0.51 0.46 0.4 0.42
台南
CO
05/11 0.44 0.54 0.49 0.53 0.51 0.46 0.65 0.73 0.73 0.68 0.66 0.6 0.46 0.37 0.33 0.37 0.35 0.36 0.37 0.42 0.45 0.53 0.53 0.41
台南
CO
05/12 0.46 0.4 0.46 0.52 0.35 0.33 0.36 0.42 0.41 0.42 0.46 0.41 0.34 0.29 0.31 0.32 0.38 0.34 0.36 0.35 0.41 0.48 0.53 0.54
台南
CO
05/13 0.5 0.41 0.37 0.35 0.35 0.35 0.43 0.58 0.63 0.51 0.32 0.28 0.28 0.24 0.24 0.25# 0.32 0.37 0.45 0.51 0.54 0.46 0.57 0.65
台南
CO
05/14 0.52 0.44 0.44 0.41 0.42 0.38 0.41 0.42 0.34 0.29 0.24 0.24 0.22 0.18 0.17 0.19 0.25 0.29 0.3 0.28 0.24 0.29 0.28 0.32
台南
CO
05/15 0.36 0.26 0.3 0.23 0.24 0.28 0.46 0.47 0.49 0.43 0.32 0.28 0.29 0.23 0.2 0.19 0.19 0.24 0.28 0.27 0.28 0.26 0.16 0.13
台南
CO
05/16 0.15 0.12 0.18 0.19 0.25 0.27 0.28 0.35 0.22 0.19 0.18 0.17 0.18 0.15 0.16 0.17 0.21 0.22 0.21 0.17 0.17 0.17 0.15 0.17
台南
CO
05/17 0.13 0.26 0.22 0.17 0.18 0.18 0.21 0.34 0.19 0.16 0.14 0.13 0.13 0.12 0.13 0.13 0.15 0.21 0.19 0.19 0.18 0.19 0.14 0.15
台南
CO
05/18 0.11 0.12 0.09 0.08 0.09 0.1 0.15 0.17 0.15 0.16 0.14 0.14 0.14 0.13 0.12 0.13 0.18 0.23 0.19 0.18 0.2 0.22 0.2 0.26
台南
CO
05/19 0.23 0.18 0.18 0.17 0.18 0.22 0.25 0.26 0.23 0.21 0.16 0.15 0.15 0.14 0.13 0.13 0.15 0.16 0.2 0.26 0.21 0.22 0.2 0.17
台南
CO
05/20 0.14 0.23 0.21 0.2 0.2 0.22 0.29 0.4 0.26 0.18 0.17 0.18 0.18 0.17 0.19 0.26 0.38 0.43 0.42 0.36 0.41 0.42 0.37 0.42
台南
CO
05/21 0.51 0.46 0.51 0.46 0.47 0.48 0.55 0.69 0.64 0.67 0.43 0.46 0.48 0.47 0.43 0.47 0.5 0.52 0.56 0.52 0.46 0.45 0.51 0.42
台南
CO
05/22 0.45 0.32 0.3 0.3 0.32 0.33 0.38 0.44 0.39 0.38 0.35 0.35 0.34 0.35 0.41 0.33 0.4 0.41 0.37 0.4 0.48 0.49 0.43 0.38
台南
CO
05/23 0.38 0.46 0.45 0.31 0.3 0.45 0.52 0.63 0.69 0.73 0.5 0.48 0.45 0.43 0.46 0.46 0.39 0.51 0.55 0.57 0.53 0.48 0.46 0.43
台南
CO
05/24 0.44 0.53 0.65 0.74 0.68 0.76 0.74 0.65 0.73 0.48 0.39 0.38 0.33 0.3 0.32 0.32 0.37 0.47 0.43 0.5 0.58 0.7 0.7 0.58
台南
CO
05/25 0.42 0.41 0.37 0.36 0.36 0.44 0.49 0.56 0.37 0.37 0.38 0.37 0.32 0.26 0.27 0.29 0.31 0.37 0.37 0.36 0.4 0.66 0.47 0.39
台南
CO
05/26 0.43 0.34 0.35 0.35 0.35 0.36 0.41 0.42 0.42 0.48 0.59 0.53 0.54 0.51 0.5 0.46 0.37 0.32 0.29 0.26 0.26 0.24 0.4 0.47
台南
CO
05/27 0.49 0.19 0.21 0.2 0.43 0.41 0.31 0.32 0.42 0.41 0.38 0.3 0.46 0.54 0.34 0.26 0.23 0.29 0.45 0.37 0.37 0.34 0.48 0.37
台南
CO
05/28 0.39 0.29 0.28 0.29 0.32 0.36 0.44 0.4 0.31 0.4 0.32# 0.27# 0.22 0.17 0.2 0.21 0.3 0.34 0.47 0.39 0.32 0.37 0.31 0.35
台南
CO
05/29 0.39 0.39 0.48 0.46 0.38 0.41 0.44 0.66 0.75 0.57 0.49 0.48 0.4 0.29 0.26 0.28 0.32 0.39 0.42 0.45 0.42 0.42 0.4 0.41
台南
CO
05/30 0.46 0.54 0.52 0.51 0.54 0.5 0.57 0.68 0.86 0.69 0.56 0.47 0.38 0.28 0.25 0.25 0.27 0.38 0.39 0.37 0.45 0.43 0.43 0.3
台南
O3
01/01 14 13 15 16 13 12 13 17 18 19 21 31 39 43 47 43 40 36 30 27 23 23 22 19
台南
O3
01/02 20 19 18 14 12 16 13 10 9.2 14 18 20 27 32 32 31 27 18 15 20 22 17 16 18
台南
O3
01/03 20 19 12 11 10 7.2 6.4 8 12 19 24 27 28 29 35 39 30 27 23 23 18 17 20 21
台南
O3
01/04 19 16 12 8.1 2.2 0.8 0.9 2.8 6.9 16 37 48 54 57 54 48 45 39 35 31 25 20 12 8.5
台南
O3
01/05 5.3 2.4 0.8 0.4 0.6 0.7 0.8 2.7 7.9 23 42 57 68 75 72 61 43 32 25 16 14 16 15 9.7
台南
O3
01/06 7.1 6.6 6.4 2 1.6 3.3 3.3 5.8 7 8.1 13 23 44 46 52 56 51 46 40 36 30 21 18 16
台南
O3
01/07 15 15 12 9.9 8.3 7.9 10 6.5 10 13 23 41 52 57 59 57# 45# 40 34 35 33 26 28 23
台南
O3
01/08 21 21 19 19 19 21 18 16 15 17 24# 33 43 46 50 50 41 37 36 28 21 17 16 17
台南
O3
01/09 15 17 19 18 16 16 13 11 14 22 33 43 57 62 65 66 58 47 43 40 31 23 20 18
台南
O3
01/10 23 25 27 23 19 9.5 8.5 6.2 11 18 33 57 53 58 62 56 44 33 23 19 12 4.4 2.5 6.3
台南
O3
01/11 7.1 3.3 1.6 6.1 3 3.4 1.4 3.2 11 21 45 69 74 77 77 56 38 34 25 15 9.4 1.9 0.9 0.8
台南
O3
01/12 0.9 5.8 12 14 11 1 0.8 2.2 8 18 30 45 49 65 61 59 48 38 33 30 20 5.2 2.5 1
台南
O3
01/13 0.5 0.7 1.3 6.7 8 3.6 6.5 11 12 18 29 43 52 57 59 57 52 43 31 24 17 13 12 12
台南
O3
01/14 12 13 16 14 13 15 15 14 15 19 32 51 61 60 71 63 58 49 44 37 32 23 20 21
台南
O3
01/15 26 25 26 23 18 15 12 9.5 11 20 37 55 60 67 70 57 44 39 38 27 23 21 21 23
台南
O3
01/16 26 25 24 27 29 30 27 27 24 26 28 31 36 36 36 36 32 25 22 19 17 21 19 22
台南
O3
01/17 25 22 24 22 24 25 20 17 21 24 30 34 37 41 50 51 46 33 26 24 23 22 23 24
台南
O3
01/18 24 23 24 25 23 21 18 11 13 28 38 52 60 66 68 70 70 55 51 46 38 38 44 40
台南
O3
01/19 32 27 29 34 36 30 21 15 17 28 37 45 50 55 50 45 43 36 28 20 26 11 27 39
台南
O3
01/20 29 40 41 21 22 13 4.9 7.2 12 20 26 37 44 57 57 58 51 43 34 27 21 17 16 18
台南
O3
01/21 21 25 32 35 32 38 37 33 32 30 25 25# 28# 31 37 37 38 34 28 25 22 21 24 24
台南
O3
01/22 25 30 30 27 32 32 36 33 29 30 35 37 42 46 51 53 45 39 34 31 26 17 22 25
台南
O3
01/23 28 31 28 23 27 26 22 21 19 25 39 50 56 69 76 74 68 62 58 55 50 51 48 39
台南
O3
01/24 35 31 28 23 12 5.3 2.5 5.3 9.7 21 38 54 70 77 79 78 74 63 54 50 45 40 39 37
台南
O3
01/25 38 41 27 22 19 10 4.2 5.9 10 26 48 62 69 73 81 80 77 70 68 61 53 41 33 31
台南
O3
01/26 27 28 26 25 26 33 30 26 30 36 39 46 51 54 58 58 56 49 43 35 29 27 29 30
台南
O3
01/27 31 31 32 31 30 28 25 25 24 27 30 33 41 52 56 56 51 46 39 35 31 20 16 13
台南
O3
01/28 10 10 9.6 5.6 4.1 1.2 1.2 4 9 17 42 60 66 71 68 68 63 53 39 26 25 18 12 6.6
台南
O3
01/29 2.1 1.6 1.2 0.7 0.9# 1# 1 2.6 8.1 19 39 63 74 71 73 73 67 54 43 39 42 34 27 23
台南
O3
01/30 20 13 7.2 6.2 8.5 8.8 9.4 8.5 10 18 32 47 60 64 71 69 61 49 37 23 18 2.9 1.5 19
台南
O3
01/31 37 31 29 36 38 34 27 21 25 40 56 63 70 77 79 72 62 61 51 45 41 44 41 38
台南
O3
監測年月：2019/02， 測站：臺南， 測項：O3（ppb）
台南
O3
日期 00 01 02 03 04 05 06 07 08 09 10 11 12 13 14 15 16 17 18 19 20 21 22 23
台南
O3
02/01 34 27 26 28 30 28 27 29 30 32 34 36 39 45 53 59 59 43 32 28 28 15 12 11
台南
O3
02/02 7.4 5.4 3.4 2.9 4.1 3.4 1.3 5.5 13 24 45 66 81 82 77 70 71 67 58 55 35 28 19 23
台南
O3
02/03 17 17 15 20 26 28 22 28 31 44 50 58 45 37 39 32 33 33 26 21 14 11 8.2 11
台南
O3
02/04 14 11 12 12 7.1 8 6.9 10 19 31 40 42 56 59 56 52 52 48 45 40 35 31 29 23
台南
O3
02/05 20 16 16 16 16 17 20 25 25 28 34 39 47 54 56 58 58 53 47 43 41 35 34 34
台南
O3
02/06 34 32 26 21 16 17 16 16 20 33 41 52 61 60 60 60 52 48 44 44 41 35 24 19
台南
O3
02/07 23 22 25 29 26 21 14 21 33 42 49 50 49 48 53 56 60 52 47 41 39 35 28 28
台南
O3
02/08 32 28 20 23 23 21 25 22 23 30 38 47 53 57 60 56 50 45 42 39 33 31 25 26
台南
O3
02/09 26 26 26 25 21 19 10 9.5 17 29 40 52 56 58 55# 54 47 42 36 31 24 20 21 19
台南
O3
02/10 16 16 14 19 16 15 17 17 18 23 31 43 53 51 51 56 53 45 38 38 34 27 21 20
台南
O3
02/11 17 12 11 12 16 25 25 23 24 24 32 40 45 53 59 55 52 46 37 30 20 13 14 11
台南
O3
02/12 7.9 2.7 3.3 6.5 17 16 8.5 8.7 14 21 36 48 58 56 53 50 47 41 35 32 30 34 29 22
台南
O3
02/13 16 13 15 12 16 16 15 12 17 28 35 40 52 60 59 53 46 41 37 41 35 29 23 19
台南
O3
02/14 10 7.6 10 9.9 8.5 13 15 11 20 31 42 52 57 61 57 53 49 42 35 40 43 42 32 19
台南
O3
02/15 13 9 8.4 9.6 13 20 11 13 22 30 42 60 65 72 60 52 49 42 39 37 27 12 13 21
台南
O3
02/16 16 23 29 15 5.3 8.6 7.8 11 20 33 43 53 63 65 61 59 55 47 39 34 29 24 23 21
台南
O3
02/17 21 22 20 14 16 22 21 18 20 31 38 52 60 60 59 63 58 48 41 37 38 35 33 30
台南
O3
02/18 28 27 25 25 23 14 11 11 14 28 39 57 66 70 74 57 51 46 34 18 18 18 14 22
台南
O3
02/19 33 29 30 27 22 12 11 8.8 11 24 37 49 52 46 37 35 29 29 27 23 23 18 15 13
台南
O3
02/20 13 8 13 6.5 5.6 8.3 5.9 3.8 8.5 24 42 62 52 39 35 34 30 27 25 32 31 27 31 24
台南
O3
02/21 17 14 4.9 1.2 1.6 2.7 1.5 3.3 6.1 13 27 47 50 50 48 47 45 41 39 39 29 23 24 14
台南
O3
02/22 8.8 5.6 6.5 14 21 18 14 10 15 30 42 47 53 57# 52# 47 42 39 39 35 31 27 21 14
台南
O3
02/23 15 18 31 37 35 33 26 16 16 24 44 54 65 75 69 65 58 49 42 24 22 18 16 18
台南
O3
02/24 13 13 13 16 16 14 10 10 16 13 15 16 20 30 32 32 31 35 30 25 23 25 21 22
台南
O3
02/25 24 30 32 35 30 30 25 26 37 41 44 47 55 61 68# 72 66 56 52 54 49 42 35 31
台南
O3
02/26 27 17 16 18 15 13 5.5 7.4 13 25 42 63 68 76 74 71 64 61 65 61 51 47 44 42
台南
O3
02/27 42 40 40 34 30 26 29 23 26 31 45 67 77 81 76 72 67 62 58 56 51 42 28 17
台南
O3
02/28 20 30 31 25 34 23 12 14 23 35 45 57 64 65 67 65 59 51 44 38 40 37 34 32
台南
O3
監測年月：2019/03， 測站：臺南， 測項：O3（ppb）
台南
O3
日期 00 01 02 03 04 05 06 07 08 09 10 11 12 13 14 15 16 17 18 19 20 21 22 23
台南
O3
03/01 25 19 13 9.1 8 15 16 19 23 31 43 60 67 67 60 56 52 48 42 40 38 35 38 33
台南
O3
03/02 33 36 34 35 30 30 30 30 27 27 48 61 58 59 59 63 61 61 60 53 48 34 25 28
台南
O3
03/03 26 23 24 24 21 23 20 24 26 33 38 38 41 41 44 43 37 29 24 21 11 4.6 30 25
台南
O3
03/04 14 16 24 31 27 28 25 20 24 28 38 50 66 72 69 65 63 64 63 63 58 45 37 35
台南
O3
03/05 42 39 24 24 28 19 11 11 23 31 52 69 89 85 80 74 46 32 39 54 49 40 41 40
台南
O3
03/06 31 29 37 35 38 29 27 23 26 35 46 55# 55 54 70 67 59 54 50 46 36 35 33 25
台南
O3
03/07 21 21 20 24 31 33 27 24 21 25 30 34 28 26 26 27 20 22 22 25 22 26 34 37
台南
O3
03/08 35 31 32 34 33 39 30 19 7.4 15 24 25 28 39 46 49 48 39 27 29 28 23 15 14
台南
O3
03/09 12 9.7 7.5 4.3 7.1 2.9 1.5 2 2.1 8.6 23 41 39 32 28 26 23 15 3.1 7.8 14 6 2.2 0.7
台南
O3
03/10 0.6 0.5 7.3 39 40 43 38 30 18 17 42 47 51 57 49 40 35 31 18 20 23 22 15 9.6
台南
O3
03/11 11 14 17 12 17 12 8.1 7.6 3.2 NA 10 36 49 45 38 28 20 17 16 26 19 16 14 9.8
台南
O3
03/12 11 11 9.8 13 11 1.6 1.9 4.1 13 34 53 66 67 72 76 84 80 75 70 69 59 52 44 26
台南
O3
03/13 8.9 2.8 19 43 48 40 33 48 45 48 54 74 82 74 76 86 84 74 68 63 59 50 39 32
台南
O3
03/14 28 27 43 51 52 49 39 33 34 51 68 72 78 80 78 77 75 71 62 59 57 49 48 44
台南
O3
03/15 42 45 46 40 36 43 36 26 28 41 46 44 53 64 61 54 53 47 44 40 36 30 25 16
台南
O3
03/16 13 19 15 7.5 2.6 12 17 16 26 44 62 68 70 71 71 69 65 62 64 63 64 60 52 54
台南
O3
03/17 57 56 51 54 47 36 24 35 49 54 64 70 76 81 79 80 76 64 57 54 53 52 48 42
台南
O3
03/18 37 34 32 25 28 23 27 20 19 34 44 53 69 70 63 57 54 61 55 48 39 35 34 36
台南
O3
03/19 38 20 25 22 21 10 3.6 13 20 40 54 68 79 82# 90# 91# 80 57 51 46 45 46 38 35
台南
O3
03/20 39 42 41 37 26 11 8.1 15 39 59 64# 61# 64 62 57 32 21# 17 18 11 1.5 0.5 0.5 0.6
台南
O3
03/21 1.3 3.2 1.3 1.9 4.3 4.5 3.1 7.8 16 26 27 36 32 33 29 32 34 28 18 22 22 18 15 6.3
台南
O3
03/22 6.7 4 2.5 0.9 0.5 0.9 3 8.1 12 26 33 39 38 48 51 49 48 46 46 42 39 38 36 31
台南
O3
03/23 24 16 13 17 16 14 18 19 18 17 23 22 23 24 30 37 39 31 27 26 27 28 27 30
台南
O3
03/24 33 30 31 32 26 22 20 17 15 12 12 16 15 10 7 7.8 7.9 13 20 22 17 8.4 2.4 7
台南
O3
03/25 10 8.5 2.2 1.2 1 7.7 11 6.3 18 37 45 55 63 59 53 51 43 28 23 20 12 5.8 2.8 14
台南
O3
03/26 21 22 24 24 34 32 22 26 31 36 43 54 66 69 69 65 63 64 65 59 52 53 51 48
台南
O3
03/27 48 48 41 34 30 32 25 18 25 47 69 85 84 85 82 83 81 86 84 78 69 63 49 35
台南
O3
03/28 35 32 27 29 27 26 18 18 26 35 36 35 49 61 58 66 42 29 27 28 24 20 22 25
台南
O3
03/29 23 23 15 8.8 5.1 6.2 5.5 15 27 35 35 34 34 33 36 36 36 33 31 33 33 30 31 40
台南
O3
03/30 46 43 40 33 24 33 31 29 31 40 51 58 55 61 62 67 68 69 63 58 55 57 55 52
台南
O3
03/31 46 42 53 49 41 28 20 21 29 46 61 65 70 70 80 75 74 69 66 60 53 49 47 47
台南
O3
監測年月：2019/04， 測站：臺南， 測項：O3（ppb）
台南
O3
日期 00 01 02 03 04 05 06 07 08 09 10 11 12 13 14 15 16 17 18 19 20 21 22 23
台南
O3
04/01 44 38 36 38 35 32 26 25 30 34 39 43# 43 47 48 43 35 37 35 35 28 21 25 23
台南
O3
04/02 24 17 8.5 14 18 18 14 14 28 51 63 66 67 69 69 69 64 62 58 54 49 42 34 26
台南
O3
04/03 20 23 24 27 25 26 25 23 33 37 43 58 60 60 58 56 50 44 42 38 41 40 43 42
台南
O3
04/04 39 36 31 24 23 14 16 21 29 39 56 64 66 69 68 68 67 69 65 56 45 45 42 36
台南
O3
04/05 30 28 22 20 20 22 27 31 37 43 51 54 63 66 70 73 68 65 61 53 53 47 42 39
台南
O3
04/06 37 32 36 33 33 36 31 34 42 60 68 70 73 71 63 66 64 64 53 51 49 54 56 50
台南
O3
04/07 31 22 28 23 16 9.6 16 41 56 66 69 68 67 73 72 73 74 72 71 67 69 68 71 76
台南
O3
04/08 67 62 59 48 39 53 41 39 58 69 67 69 73 69 61 53 52 51 45 44 43 38 37 34
台南
O3
04/09 38 29 23 24 20 22 27 31 35 35 48 41 26 26 26 26 26 20 21 20 15 13 14 14
台南
O3
04/10 15 16 14 13 13 13 4.8 11 16 28 32 31 28 28 26 22 21 24 20 19 19 17 18 18
台南
O3
04/11 16 20 11 5.2 6.6 9.7 9.1 9 16 29 39 41 49 42 39 39 34 30 35 34 32 23 24 21
台南
O3
04/12 21 26 34 35 31 23 20 18 25 37 53 56 61 68 69 80 76 65 57 56 53 48 44 39
台南
O3
04/13 31 30 31 28 23 19 23 30 36 48 62 71 74 74 73 68 62 56 49 42 33 31 32 32
台南
O3
04/14 26 23 22 22 26 30 24 26 32 41 50 59 69 60 50 46 41 55 53 47 43 37 38 35
台南
O3
04/15 31 30 31 30 28 28 29 32 30 27 29 35 54 65 72 71 66 61 54 45 36 39 34 22
台南
O3
04/16 18 17 25 24 19 29 28 23 19 13 15# 399# -0.2# 50 47 40 34 29 29 26 16 16 23 20
台南
O3
04/17 21 22 33 42 40 41 40 29 35 46 62 74 77 80 80 83 75 73 70 63 59 51 45 53
台南
O3
04/18 39 31 31 27 34 33 38 49 63 74 81 83 87 100 73# 71 72 65 65 59 61 56 56 44
台南
O3
04/19 34 39 37 37 51 48 44 34 38 41 53 57 74 56 52 61 53 42 30 38 44 44 43 32
台南
O3
04/20 40 36 23 18 14 15 14 18 28 41 53 65 73 61 37 38 35 36 43 51 46 37 38 42
台南
O3
04/21 18 24 29 35 36 22 22 16 16 17 21 29 34 41 48 45 44 46 45 39 36 26 24 14
台南
O3
04/22 16 12 7.5 4.7 9.4 9.7 7.6 14 26 30 34 38 27 27 26 24 24 25 23 23 24 21 18 18
台南
O3
04/23 14 12 12 8.3 12 9.1 6.3 13 22 24 26 25 25 29 0# 22# 22 21 22 21 19 18 15 11
台南
O3
04/24 10 11 10 4.5 5.4 4.6 6.1 18 24 27 25 26 22 24 23 19 18 17 16 16 13 14 14 15
台南
O3
04/25 14 9.1 4.1 7.3 2.8 4.4 10 12 20 28 28 30 31# 26 27 24 23 22 21 20 12 13 12 16
台南
O3
04/26 17 19 7.9 9.5 10 3.3 13 17 25 37 49 53 76 47 42 29 24 25 32 46 41 42 37 37
台南
O3
04/27 30 26 30 23 19 27 23 22 36 45 52 79 77 83 79 81 77 72 66 61 54 48 42 42
台南
O3
04/28 39 30 27 28 25 25 22 23 31 47 55 50 65 64 57 60 55 47 50 51 43 40 35 23
台南
O3
04/29 27 20 21 26 25 24 23 28 34 36 47 58 78 66 51 32 26 21 21 21 22 15 19 12
台南
O3
04/30 9.3 11 9.3 11 11 7.9 12 25 31 35 37 38 39# 30 29 32 36 31 27 26 22 20 15 13
台南
O3
監測年月：2019/05， 測站：臺南， 測項：O3（ppb）
台南
O3
日期 00 01 02 03 04 05 06 07 08 09 10 11 12 13 14 15 16 17 18 19 20 21 22 23
台南
O3
05/01 13 13 16 15 15 17 16 14 17 24 46 49 49 59 60 57 56 52 45 39 32 27 25 23
台南
O3
05/02 22 21 23 17 11 7.8 11 16 25 29 40 45 53 62 66 63 51 47 45 47 45 33 24 26
台南
O3
05/03 37 41 39 29 19 21 17 16 16 22 33 46 40 34 32 26 37 37 27 21 18 31 34 37
台南
O3
05/04 30 45 42 46 47 42 44 42 40 56 60 64 63 60 60 64 61 56 51 28 21 29 36 38
台南
O3
05/05 49 21 29 17 17 20 21 50 63 64 77 70 66 65 69 66 64 63 60 50 46 47 39 37
台南
O3
05/06 45 37 33 46 50 39 31 30 22 23 34 38 40 46 44 42 39 33 26 22 23 21 22 19
台南
O3
05/07 21 24 22 17 14 17 12 9.6 15 19 26 32 41 40 34 39 43 45 40 34 29 28 28 25
台南
O3
05/08 23 22 23 29 26 10 11 13 13 21 35 46 59 57 61# 62 59 57 54 50 41 35 32 27
台南
O3
05/09 25 20 17 14 10 8.1 5.2 8.7 21 35 55 80 94 67 59 61 62 57 49 43 31 22 20 22
台南
O3
05/10 25 24 28 35 34 33 28 28 26 33 46 54 57 60 59 55 56 56 49 45 69 63 58 50
台南
O3
05/11 43 36 31 24 19 26 25 27 44 63 73 76 79 73 70 76 78 68 57 49 44 39 35 38
台南
O3
05/12 29 28 24 15 27 17 18 23 40 57 71 72 77 67 77 73 75 67 61 55 50 44 37 31
台南
O3
05/13 28 32 31 27 19 24 27 33 50 62 58 48 49 44 47# 47 44 39 36 29 24 26 22 11
台南
O3
05/14 9.7 12 6.2 4.5 5.3 12 20 33 41 47 44 44 42 35 32 34 36 27 24 22 22 20 19 15
台南
O3
05/15 6.5 11 6 12 13 9.2 8.9 18 30 55 54 50 49 52 46 41 26 26 22 21 17 16 20 18
台南
O3
05/16 14 18 12 10 4.7 5.7 12 19 22 26 26 23 23 22 21 21 19 17 15 19 18 17 17 16
台南
O3
05/17 17 4.5 4.9 9.3 8.2 7.4 11 11 23 24 21 21 21 21 19 20 22 20 18 16 15 14 16 14
台南
O3
05/18 14 11 15 16 17 18 17 18 18 20 22 18 17 20 19 20 17 14 15 20 15 11 12 10
台南
O3
05/19 8.4 10 13 12 11 8.5 13 18 22 24 27 24 26 25 24 21 21 22 21 17 18 17 18 17
台南
O3
05/20 17 9.5 8.7 7.8 8.8 9.8 11 15 24 26 29 28 27 25 23 42 47 46 45 42 36 29 34 30
台南
O3
05/21 21 23 16 14 12 9.9 10 19 28 28 45 60 73 74 85 87 92 91 90 83 81 84 69 40
台南
O3
05/22 33 37 41 40 40 39 43 49 70 79 85 90 97 96 107 91 91 78 79 70 60 55 60 71
台南
O3
05/23 57 37 37 61 60 29 25 48 46 48 68 74 75 82 81 78 69 64 69 69 56 56 54 55
台南
O3
05/24 56 45 35 28 23 19 22 39 53 69 76 74 64 65 73 62 59 56 55 50 46 42 39 37
台南
O3
05/25 30 34 37 34 29 12 26 37 51 56 58 60 59 62 58 54 51 46 43 41 36 26 28 29
台南
O3
05/26 15 19 20 19 19 24 27 31 36 44 59 74 89 94 106 101 85 65 44 35 31 30 32 50
台南
O3
05/27 42 33 28 27 36 37 27 28 28 27 24 31 29 25 33 37 30 28 25 23 16 19 14 15
台南
O3
05/28 12 3.7 3.8 4 7.6 10 12 16 24 26 28 27# 27 26 25 25 28 26 19 15 16 20 33 28
台南
O3
05/29 21 15 9.8 9.9 11 11 9.9 9.9 17 24 45 70 74 67 66 66 65 66 63 52 50 43 38 29
台南
O3
05/30 22 18 20 18 9.8 13 15 27 41 63 93 101 83 73 66 58 51 48 42 40 37 33 28 30
台南
NO2
01/01 15 16 14 12 16 16 15 14 13 14 15 11 8.9 11 11 11 11 13 14 13 14 14 13 14
台南
NO2
01/02 14 11 12 14 15 13 16 19 23 19 19 20 18 16 19 20 21 28 27 20 15 17 16 13
台南
NO2
01/03 10 11 17 17 16 17 18 18 15 14 12 13 15 15 15 17 23 23 21 17 18 17 13 11
台南
NO2
01/04 11 13 16 19 25 27 26 23 29 38 25 16 11 9.3 9.7 12 11 13 17 20 23 25 29 31
台南
NO2
01/05 30 30 29 26 25 25 26 23 27 27 25 17 12 11 12 15 22 24 25 27 27 23 19 20
台南
NO2
01/06 22 21 20 22 23 20 17 16 15 17 16 15 12 12 11 12 12 14 15 14 14 18 19 18
台南
NO2
01/07 18 15 17 17 18 19 15 22 21 22 23 18 14 11 11 11# 14 21# 19 13 11 15 12 12
台南
NO2
01/08 13 13 13 12 11 9.9 10 15 17 16 15 14# 11 12 12 13 15 17 14 16 18 19 17 16
台南
NO2
01/09 17 15 13 12 12 12 14 20 20 19 18 19 15 12 12 12 15 18 17 14 17 21 21 20
台南
NO2
01/10 14 11 9 11 13 19 21 25 25 26 25 19 12 12 15 18 21 27 29 22 24 28 28 21
台南
NO2
01/11 20 25 27 19 24 22 25 25 29 38 30 17 12 10 12 16 15 17 20 27 30 37 37 35
台南
NO2
01/12 35 26 19 15 19 24 24 23 26# 29 26 15 15 12 11 12 13 17 19 17 17 24 24 25
台南
NO2
01/13 27 24 22 16 14 20 18 13 14 14 14 11 9.6 9.4 8.7 10 9.6 9.6 13 14 17 19 18 18
台南
NO2
01/14 16 15 13 13 16 15 16 19 19 21 21 15 12 8.6# 10 12 14 14 15 15 16 21 21 18
台南
NO2
01/15 12 12 11 11 14 15 17 21 23 24 24 20 15 15 17 18 18 18 15 18 20 21 18 16
台南
NO2
01/16 13 12 11 9.3 8.9 8.5 12 15 20 20 19 17 14 16 15 16 18 24 25 22 21 16 15 13
台南
NO2
01/17 11 12 10 10 8.7 8.3 12 18 17 17 15 13 12 13 13 15 18 19 20 20 18 17 16 14
台南
NO2
01/18 14 14 13 12 13 14 14 18 24 26 23 14 11 13 15 14 17 16 15 19 22 19 16 16
台南
NO2
01/19 19 20 16 12 8.9 11 15 20 24 21 18 16 16 16 14 14 15 23 30 37 30 36 25 14
台南
NO2
01/20 18 11 9.4 22 18 20 27 22 26 28 23 18 18 16 17 11 14 19 19 19 22 22 22 19
台南
NO2
01/21 17 14 9.7 9.9 12 8.9 9 12 14 17 22 20# 17 18 18 18 14 13 15 16 16 17 14 12
台南
NO2
01/22 12 8 7.4 8.7 6.5 7.6 8.3 12 15 13 10 12 12 10 10 11 16 21 22 20 20 27 21 17
台南
NO2
01/23 15 14 17 20 15 14 19 24 27 23 16 15 14 13 14 15 18 19 19 17 16 14 14 17
台南
NO2
01/24 16 15 17 19 31 37 38 36 37 35 35 23 13 13 15 16 18 21 23 20 21 21 20 18
台南
NO2
01/25 19 11 21 22 24 25 32 30 32 31 31 22 14 15 13 17 20 25 20 21 21 26 28 23
台南
NO2
01/26 23 17 17 16 15 12 17 23 23 21 20 15 14 12 11 11 12 15 16 18 20 18 15 12
台南
NO2
01/27 12 11 10 10 10 11 13 14 15 14 13 16 12 9.3 10 9.8 12 14 16 17 16 24 24 24
台南
NO2
01/28 26 24 24 26 25 29 30 27 30 33 22 17 11 11 11 13 15 18 24 31 28 32 34 35
台南
NO2
01/29 39 34# 33 30 31 32 33 28 32 33 29 18 12 13 13 13 15 20 23 22 16 18 21 22
台南
NO2
01/30 22 27 29 29 25 23 21 23 26 28 27 23 13 10 14 16 17 25 35 46 46 59 58 40
台南
NO2
01/31 27 27 27 20 18 19 24 31 32 31 21 17 15 12 12 13 16 14 19 22 24 18 18 16
台南
NO2
監測年月：2019/02， 測站：臺南， 測項：NO2（ppb）
台南
NO2
日期 00 01 02 03 04 05 06 07 08 09 10 11 12 13 14 15 16 17 18 19 20 21 22 23
台南
NO2
02/01 14 15 16 15 12 12 13 13 14 13 14 15 15 15 16 17 19 24 25 23 22 28 27 26
台南
NO2
02/02 28 31 32 31 29 31 32 26 26 29 25 20 12 11 12 11 11 15 19 20 30 33 37 29
台南
NO2
02/03 31 27 25 21 15 13 19 18 22 15 7.3 9 10 8.9 7 9.3 11 9.6 14 18 23 26 27 23
台南
NO2
02/04 16 19 17 15 18 15 18 22 16 13 7.9 10 8.1 7.9 8.5 10 11 11 8.6 8.9 9.7 9.6 8.3 11
台南
NO2
02/05 12 15 15 14 15 16 15 13 13 14 12 10 8.9 9.8 10 11 12 9 11 14 12 14 14 13
台南
NO2
02/06 12 11 11 13 13 12 13 14 16 13 12 8.7 7.8 6.8 6.2 6.7 6.8 8.5 11 11 12 16 23 26
台南
NO2
02/07 22 20 14 9.4 9.4 10 15 17 11 9.3 7.8 5.9 4.1 3.9 6.4 6.7 7.4 10 12 16 16 17 20 21
台南
NO2
02/08 15 16 16 10 11 11 8.8 9.2 11 10 9.1 8.9 7.2 8.9 9.1 8.5 11 13 12 10 12 12 15 14
台南
NO2
02/09 12 13 12 12 13 14 18 23 20 19 16 11 9.3 9.8 11 9.7# 11 10 9.2 11 14 16 14 14
台南
NO2
02/10 16 17 19 13 14 14 13 13 12 11 12 10 7.6 6.7 7.1 8.1 9 10 12 9 10 14 16 13
台南
NO2
02/11 13 17 16 15 13 8.4 9.4 13 12 12 11 9.9 10 8.9 7.3 7.1 8.6 9 13 15 20 23 20 21
台南
NO2
02/12 22 30 27 25 15 16 20 21 20 19 13 10 8.8 7.8 7 8.4 11 11 13 15 14 12 14 18
台南
NO2
02/13 21 22 20 17 12 14 16 20 20 17 16 14 10 8.9 8 8.5 10 13 13 11 15 17 16 15
台南
NO2
02/14 22 25 19 18 18 14 15 20 18 15 14 11 7.5 9.2 8.8 8.4 10 13 16 11 12 13 14 17
台南
NO2
02/15 19 21 20 19 17 13 20 25 19 18 17 14 10 8.6 7.5 6.1 6.4 15 19 17 26 40 37 26
台南
NO2
02/16 28 20 15 24 26 22 23 21 18 15 12 9 8 8.4 8.8 8.1 11 12 14 16 20 22 18 17
台南
NO2
02/17 14 12 13 17 18 15 12 15 15 14 12 8.4 8.2 7 6.8 8.7 9.2 11 11 12 9.9 9.7 9.8 10
台南
NO2
02/18 11 10 11 9.9 10 16 19 21 22 19 18 13 12 10 10 9.6 8.8 13 14 14 14 15 18 14
台南
NO2
02/19 7.3 6.3 6.6 6.3 8 17 20 22 26 19 10 17 10 8.4 12 12 12 14 13 11 11 14 16 22
台南
NO2
02/20 19 25 19 23 21 18 18 23 29 25 18 15 8.8 5.5 4.5 4.6 6.2 6.8 7.8 18 22 24 21 19
台南
NO2
02/21 18 20 26 26 23 22 25 24 22 20 18 13 5.5 5.1 5 4.6 5.8 10 14 13 17 16 12 18
台南
NO2
02/22 21 23 19 15 10 11 15 21 20 12 12 11 8 6.8# 5.9 6.6# 12# 12 11 12 14 15 18 22
台南
NO2
02/23 21 15 8.6 6.3 8.6 11 14 23 24 22 11 10 11 10 9 10 15 21 23 25 24 23 22 17
台南
NO2
02/24 21 20 19 14 14 15 18 20 17 23 22 20 20 16 14 15 18 16 16 16 19 17 14 13
台南
NO2
02/25 13 8.7 8.1 7.4 10 12 16 18 15 14 12 12 11 11 11 9.3# 13 15 14 11 11 12 14 14
台南
NO2
02/26 14 20 17 14 16 17 22 19 22 21 19 12 10 8.7 7.9 8.1 11 13 14 11 9.5 9.7 9.3 9.1
台南
NO2
02/27 8.4 8.1 9.7 11 11 12 11 16 16 16 16 12 11 9.5 9.5 10 9.9 15 16 13 13 17 24 32
台南
NO2
02/28 30 21 20 22 12 17 23 20 18 15 11 8.4 8.2 8.2 9.7 11 12 13 14 17 16 15 14 11
台南
NO2
監測年月：2019/03， 測站：臺南， 測項：NO2（ppb）
台南
NO2
日期 00 01 02 03 04 05 06 07 08 09 10 11 12 13 14 15 16 17 18 19 20 21 22 23
台南
NO2
03/01 12 15 18 20 20 14 15 15 15 15 13 9.8 7.8 7 6.9 6.6 8.3 9.7 14 14 14 14 11 11
台南
NO2
03/02 11 10 10 8.1 10 9.2 9 11 17 22 17 9.2 7.1 8.4 6.7 7.1 8.2 8.9 11 16 16 26 30 24
台南
NO2
03/03 22 16 11 8.2 8.4 7.5 10 10 11 9.8 8.5 4.6 7.1 10 8.3 9.4 13 18 20 20 29 36 13 12
台南
NO2
03/04 17 15 12 8 9.1 11 13 19 16 16 14 11 7.2 7.4 7.7 8.4 9.2 11 14 15 16 23 29 27
台南
NO2
03/05 18 17 27 16 15 20 25 33 29 23 16 23 17 13 17 24 32 29 28 17 15 13 12 12
台南
NO2
03/06 14 11 8.7 8.3 7.1 11 13 20 23 20 13# 9.6 8.7# 6.7 7.8 9.8 12 13 10 9.9 15 16 16 16
台南
NO2
03/07 17 17 14 11 10 9.6 12 17 22 19 17 17 22 21 22 24 29 25 25 23 24 20 14 13
台南
NO2
03/08 13 14 12 10 11 10 14 23 35 26 22 26 26 19 14 17 15 20 31 28 22 21 25 25
台南
NO2
03/09 22 21 21 25 18 20 22 25 25 32 31 25 21 24 27 28 25 31 41 35 26 27 31 31
台南
NO2
03/10 28 28 23 4.4 4.1 4 7.4 13 25 36 20 7.5 6 5.4 8.2 11 14 20 28 25 15 16 23 26
台南
NO2
03/11 18 17 13 17 14 16 18 22 29 NA 27 13 11 13 17 22 28 33 35 28 32 33 31 33
台南
NO2
03/12 29 25 30 22 22 31 30 35 37 25 14 8.3 5.7 9.4 9.5 7.2 8.9 11 15 14 21 27 31 37
台南
NO2
03/13 47 49 36 12 8.4 11 19 24 28 32 31 18 10 7.1 8.5 10 10 13 15 17 19 24 30 30
台南
NO2
03/14 30 26 17 14 10 9.7 15 23 18 20 13 9.1 8.9 8.8 8.3 10 12 12 17 17 14 16 13 12
台南
NO2
03/15 13 8.6 7.6 11 14 10 11 20 19 13 14 16 13 11 13 19 21 24 23 22 24 27 27 32
台南
NO2
03/16 35 24 25 30 35 24 22 29 27 18 9.4 8.6 7.9 7.5 7.9 10 10 13 17 18 18 21 26 22
台南
NO2
03/17 18 14 14 11 12 16 23 23 16 13 11 7.3 6.6 6.2 6.7 8.7 10 11 12 12 10 11 12 14
台南
NO2
03/18 12 14 14 17 14 16 11 16 24 20 17 13 9 6.7 6.2 7 10 11 13 19 24 24 23 18
台南
NO2
03/19 13 27 22 21 21 23 31 26 26 20 17 14# 12# 17# 14# 12# 13 12 16 18 19 19 23 20
台南
NO2
03/20 14 10 8.4 9.6 18 26 33 29 21 10 6.5 7 7.1 6.4 448# 12# 9 11# 9 14 24 26 24 23
台南
NO2
03/21 21 16 20 17 14 15 18 18 15 9.3 5.7 5 4.5 4 3.6 3.1 4.4 7.2 7.9 8.8 7.1 8.6 10 19
台南
NO2
03/22 18 22 22 25 23 24 23 18 21 16 10 5.9 5.5 5.5 6.2 6.6 8.4 11 13 13 16 12 9.8 9.4
台南
NO2
03/23 13 19 22 15 14 17 15 14 16 18 14 19 20 19 16 15 16 20 19 18 16 13 14 12
台南
NO2
03/24 9.2 10 8.9 7.2 9.9 11 12 15 18 25 24 19 20 24 26 24 26 24 21 20 23 28 32 28
台南
NO2
03/25 19 18 21 21 18 16 19 25 30 27 17 14# 10# 12 13 13 17 22 20 21 24 29 32 19
台南
NO2
03/26 14 15 13 14 11 10 17 17 16 15 15 12 7.9 7.8 8.1 9 11 11 13 17 18 16 13 12
台南
NO2
03/27 9.8 8 11 12 12 11 14 26 27 22 14 12 10 9.3 8.6 8 10 10 8.9 11 14 12 13 21
台南
NO2
03/28 21 23 21 18 16 17 25 26 20 17 17 7.2 6.9 8 7.8 8.1 8.1 9.3 8.4 8.4 10 14 12 9.9
台南
NO2
03/29 9.5 7.4 11 17 19 21 24 18 10 6.8 5.7 6.1 4.9 4.2 4.3 5 5.4 6.7 10 8.5 8.6 9.6 9.4 7.6
台南
NO2
03/30 7.3 8.9 9 11 14 12 14 13 16 14 12 9 13 8.4 7.5 7.7 8.3 9.4 10 12 13 13 13 13
台南
NO2
03/31 14 15 9.5 8.3 9.9 12 15 14 13 12 10 7.9 6.1 6.1 7.9 7.1 8.6 9 9.8 10 10 10 9.5 7.7
台南
NO2
監測年月：2019/04， 測站：臺南， 測項：NO2（ppb）
台南
NO2
日期 00 01 02 03 04 05 06 07 08 09 10 11 12 13 14 15 16 17 18 19 20 21 22 23
台南
NO2
04/01 7.5 11 9.8 8.7 8.9 8.9 14 20 18 16 13# 12# 13# 10 12 16 21 19 18 16 18 20 17 15
台南
NO2
04/02 14 20 25 18 15 14 18 23 20 11 7.9 8.5 6.4 6.7 7.5 8.9 10 11 16 15 14 16 18 20
台南
NO2
04/03 23 17 16 13 12 11 13 17 14 13 13 10 8.8 7.9 7.9 9.8 11 13 14 14 13 13 11 10
台南
NO2
04/04 11 11 11 16 14 19 18 17 16 13 11 10 9 7.5 7.9 8.8 9.4 11 11 12 15 13 12 12
台南
NO2
04/05 13 13 15 13 12 12 8.8 8.1 8 9.3 9.4 8.3 7.4 6.9 7.3 8.1 10 11 12 14 13 13 12 12
台南
NO2
04/06 11 14 11 11 12 12 14 16 17 13 8.2 7.4 7.5 7.5 7 7.8 8.5 9.6 16 19 19 15 14 15
台南
NO2
04/07 21 25 20 19 22 26 25 16 11 8.3 5.8 6.2 6.2 6.4 6.7 7.3 8.1 9 11 15 14 12 12 8.8
台南
NO2
04/08 9.4 11 10 12 14 10 14 19 16 15 12 9.4 8.4 7.5 6.4 6.3 8 7.8 8.9 8.3 8.8 12 12 11
台南
NO2
04/09 10 16 18 16 17 17 15 20 19 16 13 10 7.8 5 5.6 5.8 6.4 7 8.4 8.6 9.1 9.9 9.7 9
台南
NO2
04/10 8.3 6.3 8 9.4 8.7 8.2 17 15 13 7.3 6.1 5.3 4.2 3.9 4.2 4.4 4.9 6.4 8.4 8.3 7.8 8.5 7.3 5.9
台南
NO2
04/11 6.6 7 13 16 15 12 12 15 16 9.5 7.7 6.3 5.8 5.3 4.7 4.7 5.7 8.3 9.2 13 13 19 16 17
台南
NO2
04/12 16 10 8.1 8.8 11 13 14 17 15 15 9.8 5.4 5.3 6.3 7.4 9.1 11 12 13 12 11 12 12 12
台南
NO2
04/13 16 14 13 15 14 14 16 15 15 14 11 9.3 8.3 6.7 6.9 7.7 10 14 16 21 22 22 20 18
台南
NO2
04/14 17 20 13 11 8.8 8 9.5 9.9 11 11 8.1 7.9 7.6 6.5 5.3 4.7 5.5 8.2 11 9.7 9.4 13 11 10
台南
NO2
04/15 12 11 9.4 7.4 8.5 12 13 18 21 22 22 18 13 8.7 10 13 15 16 17 18 19 17 20 25
台南
NO2
04/16 25 21 14 12 17 13 13 20 25 31 31# 21# 17 16# 464# 23# 23 29 27 29 33 30 17 18
台南
NO2
04/17 16 15 11 8.4 9.2 9.7 10 20 17 13 13 9.9 9.5 8.8 8.9 9.4 10 11 12 14 16 19 19 16
台南
NO2
04/18 18 22 20 20 16 16 18 21 15 12 11 8.2 7.3 8# 5.7# 6.2# 8.2 9.1 7.4 13 11 12 11 18
台南
NO2
04/19 19 16 15 12 5.6 5.6 9.3 16 14 11 9.3 8.2 11 8.3 6.9 8.1 14 18 27 20 15 16 18 17
台南
NO2
04/20 11 11 12 15 19 19 23 24 24 21 16 9.8 9.3 6.8 4.7 4.4 6.8 8.5 19 15 14 16 15 12
台南
NO2
04/21 23 18 17 12 9.2 14 15 14 15 11 10 7.8 6.4 6.8 8.2 7.1 6.2 7.1 13 21 15 19 20 23
台南
NO2
04/22 20 19 21 22 15 15 18 19 8.9 7.1 7.1 5.2 3.7 3.9 4.1 4.8 5.7 5.9 6.1 7 6.4 6.9 8.2 7.5
台南
NO2
04/23 8.8 6.7 7.2 13 11 10 13 12 8 8.4 5.9 4.2 3.7 4.7 4 4.7 5 6.3 6.6 7.1 8.2 8.9 12 13
台南
NO2
04/24 14 12 10 16 16 16 17 12 8 5.4 4.2 4.4 4.1 3.8 3.7 4 4.6 5.9 5.5 5.2 7.7 6.5 6.7 6.2
台南
NO2
04/25 6.5 10 14 10 15 15 12 15 8.1 4.5 4.3 3.2 2.9# 2.6 3 3.4 3.9 4.9 6.9 7.8 14 14 14 10
台南
NO2
04/26 10 7.7 16 15 15 21 12 14 11 10 16 15 9.8 5.5 4.8 5.7 6.2 7.3 8.9 10 13 16 16 17
台南
NO2
04/27 18 17 14 16 16 14 20 22 17 13 13 13 9 8.5 9.2 8.7 9 9.2 12 10 8.6 9.5 10 8.2
台南
NO2
04/28 8.4 13 13 8.9 9.1 8.7 14 12 10 8.8 6 4 7.8 6.8 6.1 5.8 5.9 5.8 7.7 8.7 12 13 14 20
台南
NO2
04/29 16 21 17 10 11 8.3 8.9 12 10 8.6 7.2 6.7 7.8 6.2 4.7 3.8 3.5 5.1 5.9 5.9 5.5 6.9 6.8 10
台南
NO2
04/30 14 12 13 14 15 18 15 8.6 6.4 5.5 4.6 4.2 3.8# 4.1# 4.4# 5.4# 3# 3.5 5.1 4.1 4.5 6.3 10 13
台南
NO2
監測年月：2019/05， 測站：臺南， 測項：NO2（ppb）
台南
NO2
日期 00 01 02 03 04 05 06 07 08 09 10 11 12 13 14 15 16 17 18 19 20 21 22 23
台南
NO2
05/01 13 10 7.1 6.5 6 5.1 8.3 12 11 12 4.7 5.8 8.2 5.4 6.2 8.4 8.9 11 11 11 13 15 16 16
台南
NO2
05/02 15 13 13 15 18 20 19 21 18 15 11 10 9.1 8.3 14 12 12 15 15 12 12 17 19 14
台南
NO2
05/03 9.1 7.2 7.3 8.7 12 11 14 15 17 18 13 13 15 17 19 23 20 22 30 29 28 19 18 18
台南
NO2
05/04 21 9.2 10 9.8 8 11 10 14 15 8.5 8.7 6.4 6 5.8 6 7.5 9.3 11 14 28 33 25 19 21
台南
NO2
05/05 15 21 17 18 20 17 15 12 9.6 9.5 8.2 6.7 7.8 7.7 7 5.9 7.5 9.8 13 14 16 18 20 18
台南
NO2
05/06 13 13 12 7.1 6.9 8.1 11 15 22 20 16 17 13 12 14 15 16 20 23 25 18 17 14 15
台南
NO2
05/07 13 8.8 9 12 16 11 15 19 15 15 16 12 11 13 19 19 17 16 17 20 18 16 15 17
台南
NO2
05/08 17 17 15 10 10 22 25 25 25 22 19 17 16 15 14# 14# 13 13 15 13 12 15 15 17
台南
NO2
05/09 17 14 15 15 17 17 20 23 23 20 19 14 12 5.1 4.3 7.2 10 11 14 16 17 20 17 15
台南
NO2
05/10 12 12 11 7.9 7.3 7.7 11 19 23 18 11 9.9 9.6 8.2 8.7 8.4 9.8 11 18 17 12 12 11 12
台南
NO2
05/11 12 14 14 16 17 11 14 20 17 15 12 11 11 7.9 7.5 8.9 9.5 8.8 8.4 14 14 16 17 12
台南
NO2
05/12 15 14 15 16 8.8 9.9 10 10 8.3 7.3 8.2 9 6.5 5.2 5.6 7 8.5 6.1 6.2 6.9 9.3 11 16 17
台南
NO2
05/13 16 13 14 14 14 12 13 15 15 12 7.8 5.5 5 3.8 4.7 5.5# 7.4 8.7 9.7 13 15 13 19 24
台南
NO2
05/14 26 25 27 28 27 21 15 11 8.4 7.5 5.7 5.4 5 4.1 3.5 4.2 6.2 7.3 6.7 6.5 6.1 7.5 8.6 9.6
台南
NO2
05/15 19 13 18 12 9.8 12 19 16 14 14 9.7 8 9.4 7.7 5.1 4.6 4.3 5 6.5 6.8 9.5 9.5 7.5 7.3
台南
NO2
05/16 9.8 6.2 9.6 11 16 17 12 11 6.9 6.6 5.4 4.8 4.3 3.6 4.2 4.4 5 5.3 7.1 5 4.7 4.7 4.4 5.2
台南
NO2
05/17 4.3 13 13 8.2 8.2 8.5 8.1 12 4.3 3.9 3.1 2.7 2.3 2.6 2.5 2.3 2.5 3.6 3.4 3.8 4.5 4.7 3.4 3.9
台南
NO2
05/18 4.3 7 4.3 3.3 3.6 3.2 3.7 4.1 3.2 4 3.4 2.9 2.9 2.8 2.4 2.3 3.3 5.4 4.3 4.3 5.6 7.4 6.8 7.8
台南
NO2
05/19 10 9.8 8.7 8 9.6 11 10 8.8 8.9 7.2 5.1 4.5 4.8 4.2 4.1 3.7 3.8 3.9 4.9 7.2 6.5 7.9 6.8 5.7
台南
NO2
05/20 5.4 11 11 9 7.8 7.2 9.2 11 7.6 6.3 4.5 3.9 3.8 3.4 4.7 7.8 15 16 15 11 13 15 11 11
台南
NO2
05/21 14 14 14 13 13 14 18 19 19 20 9.4 8 7.3 7.9 8.5 11 12 12 13 12 11 11 13 14
台南
NO2
05/22 16 14 13 11 9.8 12 17 17 10 8.7 7.8 7.1 7.4 6.8 7.8 7.1 9.4 9 9.2 11 17 16 14 8.6
台南
NO2
05/23 11 18 17 8.4 6.9 16 18 16 21 26 15 13 13 10 11 9.8 8 10 12 14 15 13 12 12
台南
NO2
05/24 11 14 16 18 19 26 26 15 17 10 7.4 7.1 5.4 4.8 5.7 7.6 7.8 9.2 8.1 13 16 18 20 17
台南
NO2
05/25 15 13 11 12 13 18 15 15 7.8 7.4 7.4 7.2 6.1 5.4 6.1 6.8 8.2 8.1 9.4 9 12 20 16 13
台南
NO2
05/26 20 18 17 15 14 12 12 10 9.8 9.6 10 9.3 9.2 8.8 8.8 8.6 7.8 8 7.1 7.6 7 6.6 12 12
台南
NO2
05/27 12 6.6 7.6 8.5 10 9.1 9.6 8.9 15 17 14 12 14 21 14 9.9 8 11 19 19 22 16 15 13
台南
NO2
05/28 16 22 19 17 15 13 16 15 12 15 10# 8.1# 6# 5.4 6 8 10 11 14 14 11 13 8.7 11
台南
NO2
05/29 15 14 17 18 15 16 17 19 19 18 15 11 7.9 6 6 7.1 7.8 10 12 16 14 15 14 17
台南
NO2
05/30 20 20 16 17 25 21 18 21 29 23 15 13 7.8 5.9 6 5.5 5.5 7.8 8.1 7.8 8.8 12 11 8.4
