©yÄõ
PM10
01/01 10 9 8 7 7 9 7 9 10 9 10 12 15 10 9 10 12 8 10 13 9 8 6 9
©yÄõ
PM10
01/02 7 11 7 8 7 5 8 7 9 6 7 6 6 12 10 11 15 13 8 8 7 6 9 8
©yÄõ
PM10
01/03 5 7 8 6 4 10 8 5 5 15 8 13 12 13 11 9 11 9 11 10 6 8 11 9
©yÄõ
PM10
01/04 6 4 9 9 10 11 9 10 15 11 13 26 25 28 35 26 39 40 38 34 37 30 32 28
©yÄõ
PM10
01/05 20 23 23 20 20 17 26 25 25 24 41 48 29 24 29 31 34 34 35 29 36 24 29 32
©yÄõ
PM10
01/06 34 30 24 31 40 18 10 12 12 10 11 7 13 13 11 20 23 26 21 20 16 17 11 12
©yÄõ
PM10
01/07 11 15 10 9 10 9 9 10 9 11 8 9 12 16 20 20 21 29 34 37 24 23 19 19
©yÄõ
PM10
01/08 17 15 12 13 18 12 18 21 26 9 18 17 13 15 11 16 15 13 12 14 17 8 13 11
©yÄõ
PM10
01/09 9 11 13 12 13 13 14 12 12 10 11 8 7 7 14 1000# 1000# 26 16 7 4 5 5 3
©yÄõ
PM10
01/10 3 4 4 4 6 5 9 8 7 9 1000* 1000* 1000* 1000* 1000* 1000* 10A 12 29 28 33 16 22 19
©yÄõ
PM10
01/11 10 10 11 10 9 6 11 22 20 12 10 11 12 8 21 13 14 22 15 32 27 22 22 21
©yÄõ
PM10
01/12 13 15 17 19 16 17 13 22 23 31 22 25 25 20 13 11 10 11 11 15 19 23 10 8
©yÄõ
PM10
01/13 11 9 10 7 9 12 8 11 10 8 11 14 20 22 17 14 12 13 17 12 14 17 11 13
©yÄõ
PM10
01/14 12 15 16 16 14 16 16 22 12 15 14 18 26 23 31 26 31 28 34 37 27 31 23 34
©yÄõ
PM10
01/15 21 21 21 20 14 18 24 22 22 22# 1000# 17 18 25 27 26 25 21 24 14 11 12 11 12
©yÄõ
PM10
01/16 9 16 12 9 14 14 11 9 12 12 11 13 16 13 12 13 9 8 7 5 4 4 6 4
©yÄõ
PM10
01/17 0* 0* 1 3 4 5 4 10 11 11 12 14 17 18 34 20 25 22 21 31 23 30 33 42
©yÄõ
PM10
01/18 35 40 43 47 46 41 43 44 43 43 46 49 37 39 40 44 45 35 42 44 45 38 29 28
©yÄõ
PM10
01/19 25 26 24 21 23 25 20 24 19 25 24 37 30 32 29 35 34 31 32 31 29 25 21 17
©yÄõ
PM10
01/20 17 15 16 15 16 20 21 22 21 21 16 29 42 38 44 43 45 43 37 36 32 31 27 19
©yÄõ
PM10
01/21 16 14 12 13 13 11 11 10 8 8 10 12 16 8 21 20 19 22 17 13 15 13 8 11
©yÄõ
PM10
01/22 10 10 7 11 11 8 9 14 14# 14# 1000# 18 24 30 39 42 45 55 56 54 48 44 38 39
©yÄõ
PM10
01/23 35 34 37 37 41 42 44 46 54 54 57 57 71 68 70 70 67 70 78 64 80 82 66 69
©yÄõ
PM10
01/24 59 51 49 48 49 45 59 58 62 56 62 57 59 59 64 66 65 67 85 64 68 72 68 56
©yÄõ
PM10
01/25 44 40 36 26 23 24 24 25 32 31 41 46 41 42 43 44 53 49 49 42 40 39 44 36
©yÄõ
PM10
01/26 33 37 38 39 30 26 29 25 31 35 40 41 43 52 56 52 42 44 46 35 30 41 31 29
©yÄõ
PM10
01/27 29 23 25 21 21 23 22 21 23 25 25 24 22 18 22 23 29 28 23 19 23 17 14 16
©yÄõ
PM10
01/28 13 9 11 8 11 10 7 10 15 16 24 24 22 24 21 22 24 28 32 39 29 24 17 15
©yÄõ
PM10
01/29 9 15 13 18 11 9 10 15 15 13 14 15 17 21 23 29 33 31 30 40 28 19 19 21
©yÄõ
PM10
01/30 24 14 20 20 16 14 17 21 27 32 31 29 29# 1000# 29 27 30 34 56 42 28 34 28 24
©yÄõ
PM10
01/31 21 21 20 17 17 20 21 22 25 22 22 29 20 25 24 28 44 80 52 40 30 25 22 22
©yÄõ
PM10
ºÊ´ú¦~¤ë¡G2019/02¡A ´ú¯¸¡G©yÄõ¡A ´ú¶µ¡GPM10¡]£gg/m3¡^
©yÄõ
PM10
¤é´Á 00 01 02 03 04 05 06 07 08 09 10 11 12 13 14 15 16 17 18 19 20 21 22 23
©yÄõ
PM10
02/01 16 13 12 12 18 14 17 16 19 18 20 19 25 24 26 27 32 31 36 39 36 33 23 20
©yÄõ
PM10
02/02 11 22 15 21 19 16 13 18 14 18 15 32 27 23 37 34 31 28 21 36 21 27 16 20
©yÄõ
PM10
02/03 13 13 15 15 17 12 13 15 18 25 28 35 35 31 31 31 33 41 62 57 65 60 59 46
©yÄõ
PM10
02/04 39 38 31 24 41 13 11 8 8 6 10 1000# 12 12 17 18 17 23 18 21 44 54 46 32
©yÄõ
PM10
02/05 22 40 25 14 21 12 14 12 18 15 2x 15 15 15 20 24 23 27 25 23 32 83 60 26
©yÄõ
PM10
02/06 21 19 19 14 14 17 17 17 18 18 23 53 52 50 46 41 46 48 60 60 109 70 42 42
©yÄõ
PM10
02/07 34 30 29 29 29 23 28 32 32 22 31 36 33 34 35 34 41 48 52 60 60 67 38 39
©yÄõ
PM10
02/08 31 27 25 23 17 19 16 24 20 20 19 21 19 9 14 19 22 23 25 29 20 26 37 22
©yÄõ
PM10
02/09 19 11 15 10 16 17 19 16 22 13 14 21 15 19 19 15 9 12 11 15 15 16 12 13
©yÄõ
PM10
02/10 9 9 12 11 11 10 8 8* 11* 9 8 10 14 17 22 26 25 30 25 26 34 38 32 26
©yÄõ
PM10
02/11 13 16 16 18 16 17 11 12 11 19 21 23 20 21 11 18 16 17 20 24 27 20 21 18
©yÄõ
PM10
02/12 16 13 9 8 6 9 8 10 7 10 9 11 10 16 14 16 11 14 15 19 16 21 14 13
©yÄõ
PM10
02/13 19 22 23 19 17 22 24 28 30 31 27 22 22 17 15 19 20 21 20 14 16 21 18 15
©yÄõ
PM10
02/14 14 12 11 8 10 16 13 17 21 15 14 22 1000# 22 28 18 27 30 25 26 26 26 32 30
©yÄõ
PM10
02/15 29 25 14 16 15 15 15 16 18 10 18 21 22 27 26 27 36 39 41 47 49 49 49 46
©yÄõ
PM10
02/16 45 33 27 20 16 18 22 17 18 17 16 14 15 15 17 19 12 17 21 16 18 19 17 15
©yÄõ
PM10
02/17 11 11 7 9 10 10 11 12 14 12 15 14 15 18 16 14 9 9 6 9 11 8 6 6
©yÄõ
PM10
02/18 6 6 5 8 9 7 6 11 12 8 9 11 13 16 23 15 20 20 26 28 23 24 29 23
©yÄõ
PM10
02/19 22 22 19 18 13 16 24 36 34 23 21 1000# 20# 36 32 29 30 37 32 34 30 34 29 31
©yÄõ
PM10
02/20 43 46 43 36 28 21 21 26 31 29 26 25 22 23 24 34 28 35 25 23 33 33 36 36
©yÄõ
PM10
02/21 32 33 41 39 37 24 14 27 33 31 25 25 29 33 27 17 21 26 32 29 29 25 24 20
©yÄõ
PM10
02/22 21 22 17 12 17 19 32 30 1000# 1000# 21 17 20 23 26 25 47 39 30 22 13 20 22 16
©yÄõ
PM10
02/23 17 16 24 20 24 24 22 28 33 40 42 36 38 37 31 30 30 26 31 19 19 17 13 12
©yÄõ
PM10
02/24 9 8 11 9 7 4 9 6 6 7 5 4 4 5 6 3 2 4 5 7 11 11 9 10
©yÄõ
PM10
02/25 14 11 11 10 11 9 9 10 10 12 13 24 19 28 25 29 33 31 31 23 25 23 23 29
©yÄõ
PM10
02/26 25 25 29 23 16 18 19 21 21 29 34 37 35 44 39 39 46 43 47 47 52 35 32 35
©yÄõ
PM10
02/27 34 33 26 26 24 25 28 40 36 45 54 48 44 41 53 74 71 77 86 95 73 77 73 77
©yÄõ
PM10
02/28 57 46 42 42 42 36 34 38 48 48 37 35 30 25 25 24 26 30 34 33 30 26 32 28
©yÄõ
PM10
ºÊ´ú¦~¤ë¡G2019/03¡A ´ú¯¸¡G©yÄõ¡A ´ú¶µ¡GPM10¡]£gg/m3¡^
©yÄõ
PM10
¤é´Á 00 01 02 03 04 05 06 07 08 09 10 11 12 13 14 15 16 17 18 19 20 21 22 23
©yÄõ
PM10
03/01 27 27 28 21 18 18 15 24 24 14 23 30 24 28 34 34 41 53 53 52 49 53 48 41
©yÄõ
PM10
03/02 37 34 26 24 29 24 27 30 33 42 38 37 40 39 46 47 45 61 64 77 70 57 59 92
©yÄõ
PM10
03/03 90 92 110 88 68 96 49 75 69 57 56 57 43 15 10 9 13 11 21 19 21 19 15 15
©yÄõ
PM10
03/04 17 18 20 15 19 22 22 29 31 27 29 31 39 39 37 36 36 38 41 42 40 50 53 49
©yÄõ
PM10
03/05 36 40 49 47 46 31 31 23 23 28 34 38 43 30 32 35 34 40 32 34 15 9 11 12
©yÄõ
PM10
03/06 15 15 11 15 8 17 16 21 21 21 23 47 28 18 17 17 25 27 18 20 25 23 20 17
©yÄõ
PM10
03/07 17 17 13 19 14 14 16 23 23 19 19 19# 1000# 50 52 55 73 74 66 69 51 48 42 36
©yÄõ
PM10
03/08 33 26 17 14 13 13 9 12 11 12 11 11 11 11 7 7 10 16 15 15 16 12 10 13
©yÄõ
PM10
03/09 14 11 10 10 9 13 11 15 14 11 12 11 9 10 13 14 13 18 21 28 20 18 15 13
©yÄõ
PM10
03/10 11 8 8 15 17 8 15 21 19 13 16 10 8 8 22 23 25 28 21 27 26 26 31 35
©yÄõ
PM10
03/11 31 31 27 43 42 37 58 47 45 49 46 42 41 37 43 46 47 47 40 44 39 31 32 33
©yÄõ
PM10
03/12 32 30 32 30 27 31 33 44 42 46 49 54 52 53 49 53 50 53 59 54 50 51 44 47
©yÄõ
PM10
03/13 40 39 33 38 42 42 43 43 52 57 48 48 50 55 62 49 43 41 38 35 40 36 35 31
©yÄõ
PM10
03/14 29 31 41 32 41 33 39 39 41 54 47 46 47 53 54 58 68 64 60 45 24 25 24 23
©yÄõ
PM10
03/15 26 25 24 15 11 12 12 16 9 16 23 24 32 33 22 28 32 39 39 37 30 20 23 18
©yÄõ
PM10
03/16 16 20 12 19 27 23 23 30 34 44 44 52 49 49 52 52 51 54 58 53 51 41 39 43
©yÄõ
PM10
03/17 34 34 33 34 37 30 33 31 32 42 51 45 37 32 22 24 20 18 19 21 23 18 27 23
©yÄõ
PM10
03/18 22 22 25 23 19 20 19 18 20 39 25 23 25 28 32 30 42 46 45 38 42 35 31 38
©yÄõ
PM10
03/19 35 30 31 36 34 28 35 31 44 42 37 36 33 37 37 40 43 32 30 45 29 29 23 18
©yÄõ
PM10
03/20 21 14 12 14 11 12 18 21 18 19 22 28 22 23 26 30 36 39 34 33 32 33 29 31
©yÄõ
PM10
03/21 29 27 34 28 30 26 35 37 51 54 66 42 43 44 43 41 40 33 36 39 37 41 36 48
©yÄõ
PM10
03/22 43 41 46 45 51 56 48 37 47 51 42 47 46 46# 1000# 22 20 22 14 12 14 14 19 14
©yÄõ
PM10
03/23 12 16 15 17 12 10 15 15 21 23 23 19 16 18 19 20 15 21 19 20 17 20 24 21
©yÄõ
PM10
03/24 17 20 24 25 16 13 12 13 10 15 17 25 27 27 25 24 24 26 22 25 28 21 16 18
©yÄõ
PM10
03/25 14 16 17 14 16 13 13 24 28 33 36 30 24 1000# 25 29 20 27 20 27 25 33 35 23
©yÄõ
PM10
03/26 24 20 20 15 13 18 27 21 19 28 36 33 28 27 31 33 38 49 47 43 47 39 39 39
©yÄõ
PM10
03/27 44 32 27 31 26 26 23 28 28 27 21 32 33 31 29 32 35 32 32 44 38 34 32 30
©yÄõ
PM10
03/28 29 28 27 25 29 25 32 33 34 32 44 38 40 39 38 30 35 37 44 46 44 47 38 38
©yÄõ
PM10
03/29 30 34 38 32 36 37 40 41 47 46 48 62 1000# 51 54 56 60 64 62 59 66 62 57 21
©yÄõ
PM10
03/30 6 14 18 17 17 19 14 13 9 13 20 21 29 33 43 40 38 42 41 40 39 34 38 34
©yÄõ
PM10
03/31 33 36 33 40 37 34 38 40 42 43 47 59 81 52 42 41 44 46 41 23 23 22 27 26
©yÄõ
PM10
ºÊ´ú¦~¤ë¡G2019/04¡A ´ú¯¸¡G©yÄõ¡A ´ú¶µ¡GPM10¡]£gg/m3¡^
©yÄõ
PM10
¤é´Á 00 01 02 03 04 05 06 07 08 09 10 11 12 13 14 15 16 17 18 19 20 21 22 23
©yÄõ
PM10
04/01 27 23 20 16 21 17 20 17 13 12 10 15 14 19 22 28 28 24 23 27 22 21 21 18
©yÄõ
PM10
04/02 14 17 14 25 25 22 26 29 34 32 33 26 25 30 NA 26 23 14 27 36 24 24 23 18
©yÄõ
PM10
04/03 21 23 18 13 15 19 22 14 22 21 20 21 20 18 23 25 21 22 18 29 29 30 31 29
©yÄõ
PM10
04/04 20 22 18 16 19 21 17 20 22 22 25 31 36 29 10 16 21 26 25 23 17 27 32 26
©yÄõ
PM10
04/05 20 18 18 15 16 17 18 24 23 25 33 17 18 21 29 64 50 37 30 19 22 22 21 17
©yÄõ
PM10
04/06 18 22 19 20 11 17 18 16 18 12 15 23 23 23 17 24 23 25 30 33 32 79 26* 26
©yÄõ
PM10
04/07 26 23 27 22 23 25 24 23 28 30 31 35 29 35 34 30 31 29 31 47 47 48 44 48
©yÄõ
PM10
04/08 36 27 28 28 32 28 30 38 32 31 36 38 37 35 37 32 32 28 33 35 29 28 30 25
©yÄõ
PM10
04/09 16 21 21 31 19 24 27 31 28 34 38 1000# 37 43 50 43 47 55 47 45 53 44 41 43
©yÄõ
PM10
04/10 36 48 42 41 38 42 34 41 48 58 42 49 57 63 65 71 46 36 35 22 20 18 12 12
©yÄõ
PM10
04/11 6 3 8 7 4 1 1 1 2 3 7 7 12 9 8 9 10 12 12 8 13 12 14 10
©yÄõ
PM10
04/12 8 10 6 10 7 12 16 15 16 20 17 28 29 29 32 32 35 38 38 35 35 31 29 27
©yÄõ
PM10
04/13 14 15 8 12 13 12 12 17 14 12 19 22 18 18 19 15 18 19 23 24 19 20 24 20
©yÄõ
PM10
04/14 16 22 19 19 12 15 20 15 17 19 23 22 27 24 25 26 22 23 27 15 15 17 13 14
©yÄõ
PM10
04/15 31 35 30 30 30 29 36 47 45 44 44 39 39 46 29 33 30 28 29 33 33 37 39 29
©yÄõ
PM10
04/16 30 28 21 25 24 21 18 15 18 12 1000# 8 15 11 17 17 11 16 19 21 19 26 14 18
©yÄõ
PM10
04/17 16 18 12 16 16 13 11 14 18 14 24 25 32 30 31 42 37 40 43 42 36 38 34 38
©yÄõ
PM10
04/18 40 42 34 28 31 29 25 23 30 28 35 33 35 40 39 35 39 44 44 49 36 44 40 36
©yÄõ
PM10
04/19 32 37 27 28 28 29 23 26 24 29 29 32 33 25 27 23 16 28 23 17 25 23 23 24
©yÄõ
PM10
04/20 19 20 20 18 16 22 26 25 31 30 31 27 27 26 25 29 31 28 29 29 25 23 39 32
©yÄõ
PM10
04/21 29 30 26 25 15 16 20 17 18 18 15 19 16 19 18 19 25 33 34 36 35 32 30 29
©yÄõ
PM10
04/22 21 25 22 28 28 23 24 24 22 18 24 21 19 17 18 22 24 27 29 32 28 26 26 27
©yÄõ
PM10
04/23 22 24 26 21 28 31 23 27 28 25 25 27 25 33 33 41 32 30 28 27 27 32 34 37
©yÄõ
PM10
04/24 29 36 29 29 37 31 37 34 33 40 38 42 41 49 39 40 41 43 51 45 41 45 43 49
©yÄõ
PM10
04/25 45 41 42 39 39 32 32 31 34 41 35 32 34 39 38 44 43 38 45 47 46 49 50 41
©yÄõ
PM10
04/26 40 37 30 29 28 25 28 21 34 25 15 11 13 13 17 13 14 19 18 20 21 21 38 35
©yÄõ
PM10
04/27 33 30 31 31 26 34 33 36 42 30 34 36 47 35 25 19 13 15 18 14 11 7 13 10
©yÄõ
PM10
04/28 8 8 6 10 6 12 15 7 11 14 12 12 18 20 17 16 19 22 32 32 36 27 28 21
©yÄõ
PM10
04/29 22 22 23 21 19 25 21 28 27 27 28 1000# 15 18 18 19 19 17 26 23 25 27 23 23
©yÄõ
PM10
04/30 25 19 23 30 25 29 26 27 23 32 25 26 28 21 26 30 32 21 27 31 24 30 32 27
©yÄõ
PM10
ºÊ´ú¦~¤ë¡G2019/05¡A ´ú¯¸¡G©yÄõ¡A ´ú¶µ¡GPM10¡]£gg/m3¡^
©yÄõ
PM10
¤é´Á 00 01 02 03 04 05 06 07 08 09 10 11 12 13 14 15 16 17 18 19 20 21 22 23
©yÄõ
PM10
05/01 30 33 31 34 36 26 20 6 6 7 3 2 5 7 5 2 2 13 11 22 20 23 14 17
©yÄõ
PM10
05/02 16 21 22 26 26 33 34 46 72 74 63 59 51 42 38 25 36 37 35 27 17 30 28 27
©yÄõ
PM10
05/03 25 27 24 20 22 28 30 34 31 1000# 55 62 44 41 38 46 48 44 44 39 35 35 39 36
©yÄõ
PM10
05/04 35 29 29 33 33 30 24 20 15 22 24 20 23 26 30 23 25 24 29 24 21 22 23 18
©yÄõ
PM10
05/05 17 20 21 17 24 26 26 21 20 26 35 27 33 35 30 32 34 31 31 29 26 24 18 23
©yÄõ
PM10
05/06 20 26 22 28 19 19 20 22 24 15 15 21 1000# 12 18 13 17 13 14 14 21 18 10 12
©yÄõ
PM10
05/07 11 11 6 0* 1 8 6 6 8 11 22 19 23 22 20 20 30 32 25 21 26 25 22 27
©yÄõ
PM10
05/08 18 19 18 17 20 21 17 25 32 36 39 NA NA 0# 1000* 1A 2x NA NA NA NA NA NA NA
©yÄõ
PM10
05/14 NA NA NA NA NA NA NA NA NA NA NA NA NA NA NA NA NA 0* NA NA NA NA NA NA
©yÄõ
PM10
05/15 NA NA NA NA NA NA NA NA NA 1000* 0# NA 25# NA NA NA 28 27 36 33 39 33 35 31
©yÄõ
PM10
05/16 25 28 26 27 27 28 31 24 22 21 18 21 27 26 NA NA 30 33 38 42 35 34 31 23
©yÄõ
PM10
05/17 21 33 27 26 23 28 24 24 20 24 19 18 13 11 11 1000# 9 10 19 18 21 22 24 26
©yÄõ
PM10
05/18 18 28 26 20 28 31 23 19 23 20 17 14 22 21 14 17 18 10 20 19 24 29 38 28
©yÄõ
PM10
05/19 29 31 28 31 29 28 27 31 49 23 21 20 19 18 21 16 23 24 27 35 34 38 35 28
©yÄõ
PM10
05/20 29 28 30 28 28 30 27 32 23 31 16 22 21 24 25 29 30 27 23 27 28 30 27 27
©yÄõ
PM10
05/21 26 32 33 34 35 38 47 53 71 77 79 82 77 72 67 58 56 55 52 51 54 51 45 41
©yÄõ
PM10
05/22 35 38 38 37 38 39 39 46 51 49 49 48 43 46 46 48 50 51 53 53 41 40 44 42
©yÄõ
PM10
05/23 40 40 34 35 40 39 35 36 38 30 23 27 25 25 15 18 19 26 18 27 25 29 27 20
©yÄõ
PM10
05/24 15 16 21 23 24 22 25 21 26 19 25 29 31 29 32 34 39 32 29 37 38 32 33 32
©yÄõ
PM10
05/25 30 33 28 31 27 30 39 35 36 60 36 32 35 40 47 50 46 34 39 44 51 50 45 46
©yÄõ
PM10
05/26 44 44 42 45 42 40 41 33 41 60 80 42 42 48 43 44 46 46 43 44 39 39 41 40
©yÄõ
PM10
05/27 34 37 36 37 36 36 34 34 36 41 39 41 34 32 29 28* 26* 27 33 39 40 37 33 36
©yÄõ
PM10
05/28 32 34 36 36 40 37 30 27 23 24 15 20 17 18 21 20 23 29 28 30 28 31 28 28
©yÄõ
PM10
05/29 25 22 21 22 23 25 25 30 32 38 35 40 1000# 34 36 1000# 33 29 28 26 26 32 27 25
©yÄõ
PM10
05/30 19 25 24 24 25 21 20 24 27 23 24 21 21 27 28 25 29 25 29 27 29 25 26 18
©yÄõ
SO2
01/01 1.7 1.4 1.4 1.4 1.3 1.3 1.3 1.3 1.5 1.5 1.5 1.6 1.6 1.5 1.5 1.5 1.6 1.7 1.5 1.4 1.5 1.5 1.5 1.3
©yÄõ
SO2
01/02 1.6 1.6 1.6 1.5 1.5 1.5 1.5 1.5 1.8 2 1.8 1.9 2 2 2.1 2.1 2.1 2.1 2.3 2.3 2.3 2.4 2.4 2
©yÄõ
SO2
01/03 1.6 1.6 1.6 1.6 1.5 1.4 1.4 1.4 1.8 1.9 2.3 2.3 2.2 2.1 2 2.3 2.2 2.1 2.2 2.2 2.2 2.5 2.4 2
©yÄõ
SO2
01/04 1.8 1.4 1.5 1.4 1.3 1.2 1.2 1.8 2.7 2.4 2.7 2.9 2.6 2.6 2.9 2.8 2.6 2.6 3.1 4.9 4.5 4.5 4.4 4.2
©yÄõ
SO2
01/05 1.9 2 1.8 1.7 1.4 1.1 1 1.3 2.5 1.5 1.8 1.6 1.5 1.2 0.8 0.7 0.2 0.2 0.2 0.3 0.3 0.2 0.1 0.2
©yÄõ
SO2
01/06 2 1.6 1.7 2.6 1.6 1.4 1.5 1.4 1.5 1.4 1.4 1.5 1.3 1.2 1.3 1.3 1.3 1.4 1.4 1.4 1.5 1.5 1.4 1.2
©yÄõ
SO2
01/07 1.6 1.6 1.6 1.5 1.5 1.4 1.6 1.8 1.9 2.8 2.2 2 2.2 2.1 2.1 2.8 2.3 2.5 2.8 3.4 3.8 3.6 3.8 3.6
©yÄõ
SO2
01/08 2.1 1.6 1.8 1.4 1.3 1.1 2 2.1 2.2 2.1 1.9 1.6 1.4 1.2 1.1 1 0.9 0.9 0.8 1 0.9 0.8 0.7 0.5
©yÄõ
SO2
01/09 1.6 1.7 1.6 1.5 1.4 1.4 1.8 1.7 1.8 2.1 2.1 2 1.8 1.8 1.7 1.7# 1.7 1.8 1.9 2.1 2.2 2.1 2 1.9
©yÄõ
SO2
01/10 2 1.6 1.4 1.5 1.5 1.6 1.4 1.5 1.7 1.8 1.8 1.8 1.8 1.8 1.8 2 2.4 2.8 2.8 2.8 3 2.7 3.4 4
©yÄõ
SO2
01/11 2.7 2.3 1.9 1.4 1.3 1.3 1.2 1.1 1.2 1.3 1 1.2 1.3 1.4 1.6 1.3 1.3 1.4 1.6 1.8 2.5 1.6 3 2.4
©yÄõ
SO2
01/12 2.3 2 1.7 1.7 1.4 1.2 1.3 1.7 1.5 1.9 1.7 1.5 1.3 1.1 1.3 1.2 1.1 1.1 1.2 1.2 1.1 1.2 1 1
©yÄõ
SO2
01/13 1.7 1.2 1.3 1.2 1 1.1 1 1.1 1.1 0.9 0.9 0.9 1 1 1 1 1 1.1 1.1 1.1 1.1 1.1 1.1 0.9
©yÄõ
SO2
01/14 1.3 1.2 1.1 1.1 1 1.1 1.1 1.3 1.2 1.1 1.3 1.4 1.3 1.2 1.4 1.4 3.1 5.2 3.7 2.2 2.4 3.2 2.2 2.1
©yÄõ
SO2
01/15 1.4 1.4 1.2 1.5 1 1 0.9 1.1 1.2 1.2 1.6 1.8 1.9 3.1 2 2 1.9 1.4 1.7 1.6 1.3 1.3 1.2 1.1
©yÄõ
SO2
01/16 1.3 1.4 1.4 1.3 1.4 1.3 1.4 1.6 1.7 1.8 1.6 1.8 1.7 1.6 1.6 1.7 1.5 1.6 1.6 1.5 1.4 1.4 1.3 1.3
©yÄõ
SO2
01/17 1.6 1.1 1.1 1 1.1 1 1.1 1.6 4.7 1.8 1.8 1.8 1.6 1.6 1.8 1.5 1.8 1.6 1.6 1.6 1.5 1.6 1.6 1.5
©yÄõ
SO2
01/18 0.9 2.2 2.2 2.2 2.4 2.8 3.3 2.3 2.4 2.2 2.2 2.1 2 2 2 2 2.1 2.2 2.5 3.2 2.9 2.9 4.4 4.4
©yÄõ
SO2
01/19 2.2 1.9 1.8 1.6 1.4 1.4 1.3 1.3 1.3 1.4 1.6 1.7 1.7 1.7 1.6 1.9 1.9 1.9 1.8 1.9 2.6 2.3 1.9 1.7
©yÄõ
SO2
01/20 2.1 1.4 1.9 1.5 1.3 1.8 2 2.7 1.8 2.1 2 2 1.6 1.8 1.7 1.8 1.7 1.5 1.5 1.5 1.5 1.5 1.4 1.4
©yÄõ
SO2
01/21 1.8 1.6 1.5 1.5 1.4 1.4 1.4 1.3 1.4 1.4 1.5 1.4 1.5 1.8 2 2.7 2.1 2.4 2.1 1.8 1.8 1.6 1.6 1.5
©yÄõ
SO2
01/22 1.4 2.4 2.3 1.3 1.5 1.5 2.2 3.2 1.8# 2 3 3 2.7 2.8 3.2 3.4 3.1 3.1 2.7 2.6 3.1 3.5 4.9 4.5
©yÄõ
SO2
01/23 2.5 5.1 5.7 4.7 4.3 2.9 3 4.3 3.7 2.4 2.7 2.5 2.6 2.5 2.4 2.6 2.4 2.7 4.7 5.4 2.5 3.1 4 3
©yÄõ
SO2
01/24 4.7 2 1.9 1.7 1.7 1.9 2.6 2.4 2.2 2.1 2.7 2.6 2.5 2.6 2.5 2.5 7.4 3.3 3.3 7.2 3.6 2.8 2.7 2.3
©yÄõ
SO2
01/25 1.6 1.2 1.2 1.2 1 0.9 0.8 1 1 1.1 1.7 1.5 1.7 1.6 1.5 1.5 1.5 2.1 1.6 1.5 1.4 1.5 1.5 1.5
©yÄõ
SO2
01/26 3 3.2 2 1.7 1.5 1.3 1.4 1.3 1.4 1.3 1.4 1.2 1.2 1.2 1.3 1.3 1.2 1.3 1.3 1.8 2.6 6 5.1 7
©yÄõ
SO2
01/27 2.8 4.5 3.1 2 1.9 2.5 2.9 1.9 2.8 2.1 2.3 2.3 2.2 2.1 2.1 2.1 2.2 2.4 2.4 2.2 2.1 2.2 2.1 2.1
©yÄõ
SO2
01/28 1.6 1.2 1.2 1.2 1.2 1.2 1.2 1.2 1.3 1.5 1.7 1.8 1.7 1.8 1.8 1.9 2 2 2.1 2.6 3 2.2 2.2 2.2
©yÄõ
SO2
01/29 1.9 1.7 1.5 1.8 1.6 1.6 1.6 1.4 1.6 1.7 1.7 1.7 1.8 1.7 1.9 2.4 2.4 2.3 2.5 2.8 2.8 2.6 2.6 2.4
©yÄõ
SO2
01/30 1.7 1.6 1.4 1.4 1.2 1.2 1.1 1.2 1.4 1.8 2.3 2.1 2.7 3.2# 2.7 2.9 2.7 2.3 2.4 2.7 2.7 2.7 2.5 2.4
©yÄõ
SO2
01/31 2.1 0.7 0.6 0.5 0.5 0.3 0.2 0.2 0.4 0.3 0.7 0.8 0.5 1.1 1.3 1.4 1.7 2 0.9 0.3 0.2 0.2 0.1 0
©yÄõ
SO2
ºÊ´ú¦~¤ë¡G2019/02¡A ´ú¯¸¡G©yÄõ¡A ´ú¶µ¡GSO2¡]ppb¡^
©yÄõ
SO2
¤é´Á 00 01 02 03 04 05 06 07 08 09 10 11 12 13 14 15 16 17 18 19 20 21 22 23
©yÄõ
SO2
02/01 0.5 1.1 1 1 1.1 1.1 0.9 0.9 1 1 0.9 1 1.1 1.1 1.2 1.3 1.4 1.3 1.4 1.4 1.3 1.3 1.3 1.5
©yÄõ
SO2
02/02 1.5 1.6 1.5 1.5 1.3 1.4 1.4 1.5 1.6 2.1 2.5 2.6 2.2 1.7 1.6 1.7 1.7 1.8 1.9 2 2.1 2.1 2.2 2.2
©yÄõ
SO2
02/03 1.3 1.5 1.3 1.3 1.2 1.1 1 1.1 1.2 1.3 2 2.3 2.1 1.7 1.6 1.5 1.5 1.7 2.4 2.4 2.1 2.2 2.2 2
©yÄõ
SO2
02/04 1.9 1.6 1.4 1.4 1.5 1.2 1.1 1 0.9 1 1 0.9# 1 0.9 1.2 1.1 1.1 1.1 1.1 1.1 1.7 1.7 1.3 1.3
©yÄõ
SO2
02/05 1.3 2 1.8 1.7 1.7 1.5 1.6 1.8 1.8 1.6 1.5 1.5 1.4 1.4 1.3 1.3 1.4 1.3 1.5 1.4 1.5 5 2.1 1.7
©yÄõ
SO2
02/06 1.7 1.4 1.4 1.2 1.2 1.3 1.3 1.4 1.5 1.4 1.8 2.3 2.8 2.3 2 1.8 1.7 1.8 1.7 2 2.4 2 1.8 1.9
©yÄõ
SO2
02/07 1.4 1.2 1.2 1.1 1.1 1.1 1.1 1.2 1.2 1.1 1.2 1.4 1.3 1.2 1.1 1.4 1.2 1.7 1.9 1.2 1.1 1.2 1 1
©yÄõ
SO2
02/08 1.5 1.7 1.6 1.6 1.4 1.5 1.5 1.5 1.5 1.5 1.6 1.4 1.6 1.5 1.6 1.6 1.7 1.7 1.8 1.6 1.6 1.7 1.7 1.6
©yÄõ
SO2
02/09 1.7 1.4 1.5 1.6 1.6 1.5 1.6 1.7 1.7 1.8 1.8 1.8 1.9 2 1.9 1.7 1.7 2 1.9 1.8 1.7 1.7 1.7 1.7
©yÄõ
SO2
02/10 1.6 1.2 1.3 1.1 1.1 1.1 1 1.1 1.1 1.1 1.2 1.2 1.1 1.2 1.3 1.3 1.2 1.3 1.4 1.4 1.5 1.7 1.5 1.4
©yÄõ
SO2
02/11 1.4 1.4 1.4 1.4 1.3 1.2 1.7 1.7 1.7 1.8 1.6 1.8 1.6 1.6 1.5 1.5 1.7 1.6 1.6 1.6 1.6 1.6 1.6 1.5
©yÄõ
SO2
02/12 1.2 1.4 1.4 1.3 1.3 1.3 1.3 1.5 1.6 1.7 2.1 1.8 1.8 1.8 1.7 1.7 1.7 1.8 1.9 1.8 1.9 2 2 2
©yÄõ
SO2
02/13 1.9 1.7 1.5 1.5 1.6 1.6 1.7 1.9 2.2 2.3 1.9 1.8 1.5 1.3 1.3 1.2 1.3 1.3 1.4 1.3 1.2 1.3 1.2 1.2
©yÄõ
SO2
02/14 1.8 1.6 1.7 1.6 1.7 1.8 1.9 2.4 2.7 2.5 2.8 2.6 2.5 2.2 2.1 2 2.2 2.3 2.3 2.3 2.3 2.4 2.2 2.4
©yÄõ
SO2
02/15 2 1.9 1.7 1.7 1.6 1.6 1.7 1.7 1.7 1.7 1.9 2.3 2.3 2.2 2.2 2 2.2 2.3 2.8 2.7 2.2 2.2 2.3 2.3
©yÄõ
SO2
02/16 2 1.4 1.3 1.3 1.2 1.4 1.2 1.1 1.2 1.3 1.4 1.3 1.3 1.3 1.5 1.3 1.3 1.3 1.4 1.3 1.4 1.3 1.3 1.3
©yÄõ
SO2
02/17 1.6 1.2 1.1 1.1 1.1 1 0.9 1.2 1.1 1.1 1.2 1.1 1.2 1.2 1.1 1.2 1.2 1.1 1.2 1.1 1.2 1.2 1.2 1.3
©yÄõ
SO2
02/18 1.3 1.2 1.2 1.2 1.1 1.2 1.6 1.8 1.9 2.2 2 2.1 2 2.2 2.1 2.2 2.1 2.2 2.3 2.4 2.4 2.5 2.7 2.7
©yÄõ
SO2
02/19 1.3 1.7 1.5 1.4 1.2 1.1 1.4 1.6 2.7 1.9# 1.5# 159# 1.6# 1.5# 1.6 1.8 1.6 1.8 1.8 1.4 1.4 1.4 1.3 1.3
©yÄõ
SO2
02/20 2.2 1.5 1.4 1.3 1.3 1.4 1.5 1.7 2 1.9 1.7 1.6 1.7 1.8 1.8 1.8 1.9 1.9 1.7 1.9 2 2.1 2.2 2.1
©yÄõ
SO2
02/21 1.6 2.1 2 1.8 1.4 1.1 1 1.2 1.1 1.3 1.2 1.4 1.4 1.6 1.4 1.3 1.4 1.4 1.5 1.5 1.6 2.3 2 1.8
©yÄõ
SO2
02/22 1.9 2 1.9 1.9 1.9 1.7 2.5 2.2 2.3# 2.4# 2.4# 2.8 2.3 2 2.1 2.1 1.9 1.7 1.6 1.5 1.4 1.4 1.4 1.3
©yÄõ
SO2
02/23 2.1 1.3 1.3 1.2 1.2 1.2 1.2 1.3 1.6 1.5 1.4 1.5 1.4 1.4 1.4 1.4 1.5 1.4 1.4 1.4 1.4 1.4 1.3 1.4
©yÄõ
SO2
02/24 0.8 1.4 1.4 1.3 1.2 1.3 1.3 1.3 1.4 1.4 1.5 1.4 1.4 1.5 1.5 1.5 1.6 1.7 1.6 1.8 1.9 1.9 1.9 1.8
©yÄõ
SO2
02/25 1.5 1.2 1.2 1.1 1.3 1.2 1.1 1.3 1.5 1.4 1.3 1.4 1.4 1.5 1.4 1.3 1.4 1.5 1.5 1.4 1.5 1.7 1.5 1.5
©yÄõ
SO2
02/26 1.7 1.4 1.4 1.3 1.2 1.2 1.1 1.3 1.5 1.4 1.4 1.5 1.4 1.5 1.5 1.5 1.5 1.6 1.7 1.8 1.6 1.7 1.7 1.7
©yÄõ
SO2
02/27 1.5 1.9 1.8 1.7 1.8 1.7 1.7 2.4 2.7 2.6 3.7 4 3.8 3 2.8 5.6 4.1 3.2 2.8 2.7 2.6 2.8 2.8 3
©yÄõ
SO2
02/28 2.4 1.2 1.2 1.2 1.1 0.9 1.1 1.1 1 0.9 0.7 0.6 0.5 0.3 0.4 0.3 0.3 0.3 0.4 0.4 0.3 0.3 0.3 0.4
©yÄõ
SO2
ºÊ´ú¦~¤ë¡G2019/03¡A ´ú¯¸¡G©yÄõ¡A ´ú¶µ¡GSO2¡]ppb¡^
©yÄõ
SO2
¤é´Á 00 01 02 03 04 05 06 07 08 09 10 11 12 13 14 15 16 17 18 19 20 21 22 23
©yÄõ
SO2
03/01 0.8 1.4 1.3 1.2 1.1 1.2 1.2 1.2 1.4 1.4 1.4 1.5 1.4 1.4 1.5 1.5 1.5 1.6 1.6 1.7 2.4 2.2 2.1 2
©yÄõ
SO2
03/02 1.7 1.5 1.5 1.3 1.5 1.4 1.4 1.7 1.8 2.3 1.9 2.5 2.7 2.1 2.1 1.9 1.8 2.6 2.4 2.4 2.5 2 2 1.9
©yÄõ
SO2
03/03 1.8 1.2 1 1 0.8 0.8 0.7 0.6 0.7 0.6 0.6 0.7 0.6 0.5 0.3 0.4 0.1 0.5 0.8 0.7 0.9 1 0.7 0.7
©yÄõ
SO2
03/04 1.1 1.3 1.2 1.2 1.1 1.3 2.1 2 2 1.9 1.9 1.6 1.5 1.6 1.6 1.6 1.5 1.7 1.7 1.7 1.6 1.5 1.4 1.4
©yÄõ
SO2
03/05 1.3 1.6 1.5 1.5 1.5 1.5 1.4 1.5 1.5 1.8 2.2 2.5 2.5 2.3 2.3 2.3 2.7 2.4 2.2 2.2 2.1 1.9 1.9 1.8
©yÄõ
SO2
03/06 1.7 1.3 1.2 1.2 1.2 1.1 1 1 1.2 1.5 1.9 1.8 1.8 1.5 1.4 1.6 1.3 1.4 1.3 1.2 1.2 1.4 1.3 1.3
©yÄõ
SO2
03/07 1.2 1.6 1.6 1.5 1.4 1.3 1.3 1.5 1.7 1.8 1.6 1.6 1.6 1.8# 1.7# 1.7# 1.6 1.5 2.2 2.3 2.3 2.2 2.2 2.3
©yÄõ
SO2
03/08 2.6 1.4 1.4 1.3 1.3 1.2 1.2 1.5 1.6 1.8 1.8 1.8 1.9 1.8 1.8 1.9 1.9 2 2.3 2.4 2.6 2.6 2.8 2.9
©yÄõ
SO2
03/09 1.9 1.4 1.2 1.2 1.1 1.1 0.9 0.9 1.1 1.4 1.4 1.2 1.3 1.5 1.4 1.6 1.6 1.2 1.2 1.6 1.5 1.6 1.6 1.5
©yÄõ
SO2
03/10 1.5 1.5 1.3 1 0.9 0.7 0.7 0.7 1.1 0.9 0.7 0.8 0.7 0.8 0.9 0.8 1 1 0.9 1 1 0.8 0.8 0.6
©yÄõ
SO2
03/11 1.6 1.5 1.4 1.5 1.3 1.4 2.1 1.5 1.5 1.5 1.5 1.5 1.7 1.7 1.9 1.8 1.7 1.8 1.9 1.8 1.8 1.9 1.8 1.9
©yÄõ
SO2
03/12 1.4 1.2 1.1 1 0.9 1 0.8 1.2 1.3 1.5 1.5 1.6 1.4 1.4 1.3 1.2 1.3 1.3 1.7 1.7 1.6 1.9 1.8 1.6
©yÄõ
SO2
03/13 1 1.2 1.1 1.1 0.9 0.9 1 1.2 1.9 2.2 1.5 1.7 1.6 1.7 1.5 1.7 1.4 1.5 1.4 1.5 1.5 1.4 1.4 1.3
©yÄõ
SO2
03/14 1.3 1.7 1.9 1.6 1.6 1.5 1.4 1.5 1.9 3.1 2.5 2.4 1.9 2.2 2.2 2.1 1.9 1.8 1.8 1.6 1.6 1.4 1.4 1.3
©yÄõ
SO2
03/15 1.3 1.5 1.5 1.6 1.3 1.3 1.8 1.7 1.4 1.7 2.3 1.8 2.2 2 1.8 1.5 1.5 1.8 1.8 1.8 1.7 1.6 1.5 1.3
©yÄõ
SO2
03/16 1.9 2.2 2.3 2.3 2.3 2.3 2.2 2.4 2.5 2.9 3.2 3.3 3.1 3 3.1 3.1 3 3.2 3.1 3.2 3.3 3.3 3.1 3.1
©yÄõ
SO2
03/17 2.4 1.4 1.3 1.3 1.2 1.1 1.1 1.1 1.2 1.4 2.1 2.1 1.9 1.7 1.5 1.4 1.4 1.2 1.2 1.2 1.2 1.1 1.2 1.2
©yÄõ
SO2
03/18 1.3 2 1.8 1.8 1.8 1.9 1.9 2.2 3.1 4.3 3.2 3.2 3.3 2.9 3.3 3 2.8 3.1 3.3 2.9 3 3.1 3 2.9
©yÄõ
SO2
03/19 2.2 2.4 2.3 2.3 2.2 2.2 2.1 2.2 2.3 2.3 2.3 2.2 2.2 2.4 2.3 2.3 2.1 2 2.1 2.1 2.2 2.1 2.2 2
©yÄõ
SO2
03/20 2.4 1.5 1.5 1.4 1.4 1.3 1.5 1.6 1.7 2.1 2.4 2.3 2.2 1.9 1.8 2 2.3 1.7 1.7 1.8 2 2 2 2.1
©yÄõ
SO2
03/21 1.8 1.2 1.2 1.1 1 0.9 1.1 1.2 1.5 2.1 2.3 2.3 2 1.8 1.6 1.3 1.1 1.5 1.3 1.4 1.4 1.4 1.4 1.4
©yÄõ
SO2
03/22 1.4 2 2.3 1.9 1.5 1.4 1.3 1.4 1.3 1.3 1.4 1.7 1.6 1.6# 1.5 1.4 1.5 1.5 1.5 1.5 1.5 1.6 1.5 1.4
©yÄõ
SO2
03/23 1.8 1.2 1 1 0.9 0.8 0.9 0.8 0.9 1.1 1.2 1.1 1.1 1.1 1.1 1.1 1.2 1.1 1.1 1.1 1 1 1 0.9
©yÄõ
SO2
03/24 1 1.3 1.2 1.3 1.2 1.2 1.2 1.3 1.3 1.4 1.4 1.6 1.6 1.7 1.6 1.6 1.8 1.7 1.7 1.8 1.9 1.9 1.8 1.8
©yÄõ
SO2
03/25 1.6 1.7 1.7 1.6 1.7 1.6 1.6 2 2.3 3 3.1 3.7 4.5 3.8 3.1# 3.3 3.2 3.4 2.9 3.2 3 3.3 3.3 3.2
©yÄõ
SO2
03/26 2.3 1.4 1.2 1 0.8 0.7 0.7 0.5 0.6 0.8 0.7 0.7 0.9# 0.8 0.6 0.5 0.6 0.6 0.9 0.9 0.9 0.8 1 0.9
©yÄõ
SO2
03/27 1.4 2 2.1 2 2 1.9 2.3 2.1 2.1 2.2 2.1 2.3 2.5 2.2 2.1 2.1 2.1 2.1 2.1 2.2 2.2 2.4 2.5 2.6
©yÄõ
SO2
03/28 2.2 1.7 1.7 1.6 1.5 1.5 1.3 1.6 1.6 2 4.6 2.2 2.1 2.2 2.1 1.9 1.7 1.8 1.7 1.9 2.2 2.3 2.2 2.2
©yÄõ
SO2
03/29 2.3 1.6 1.4 1.3 1.4 1.3 1.2 1.3 1.7 1.7 2 2.4 2.2 2 2.3 3 2.1 2 1.9 2 2 1.9 1.8 1.3
©yÄõ
SO2
03/30 1.3 2 1.9 1.7 1.9 1.8 1.9 1.9 1.8 2 2.1 2.1 2.1 2 2 2 1.9 2 2 2 2.1 2.1 2 2.1
©yÄõ
SO2
03/31 2.1 1.2 1.2 1.1 1.1 1 1 1 1 1 1 1.1 1.3 1.2 1.3 1.3 1.4 1.6 1.2 1.2 1.2 1.3 1.2 1.3
©yÄõ
SO2
ºÊ´ú¦~¤ë¡G2019/04¡A ´ú¯¸¡G©yÄõ¡A ´ú¶µ¡GSO2¡]ppb¡^
©yÄõ
SO2
¤é´Á 00 01 02 03 04 05 06 07 08 09 10 11 12 13 14 15 16 17 18 19 20 21 22 23
©yÄõ
SO2
04/01 1.2 1.2 1.2 1.2 1.2 1.2 1.4 1.1 1.3 1.2 1.4 1.6 1.6 1.6 1.6 1.6 1.7 1.6 1.6 1.5 1.5 1.5 1.4 1.4
©yÄõ
SO2
04/02 1.3 1.5 1.5 1.6 1.5 1.5 1.7 1.9 2.4 2.5 3.6 2.9 2.6 2.5 2.2# 2.2 2.1 2.1 2.4 2.8 2.8 2.9 3 2.9
©yÄõ
SO2
04/03 1.2 1.7 1.5 1.4 1.3 1.3 1.4 1.6 2.1 1.7 1.4 1.4 1.5 1.4 1.3 1.4 1.2 1.1 1.3 1.4 2 1.7 1.7 1.8
©yÄõ
SO2
04/04 2.5 1.9 1.7 1.8 1.8 1.6 1.8 1.7 1.7 2 2.2 2.6 2.7 2.4 1.8 1.8 1.7 1.9 2 2.1 2 2.1 2.2 2.1
©yÄõ
SO2
04/05 1.7 2.3 2.2 2.1 2.2 2.2 2.3 2.6 2.7 2.7 2.8 2.6 2.3 2.1 1.8 2.2 2.1 2.2 2.1 2.1 2.1 2.2 2.2 2.2
©yÄõ
SO2
04/06 2.7 1.7 1.7 1.6 1.6 1.5 1.5 1.5 1.6 1.6 1.7 2 1.8 1.8 1.8A 1.8A 2A 2A 2.1A 2.1A 2.1x 2.4x 2.9x 2.8x
©yÄõ
SO2
04/07 1.8x 1.7x 1.8x 1.6x 1.4x 1.3x 1.2x 1.3x 1.5x 2.1A 2.7A 2.2A 1.8A 1.6A 1.5A 1.2A 1.3A 1.3x 1.6A 1.9A 1.7A 1.8A 1.7A 1.6A
©yÄõ
SO2
04/08 2.1A 1.5A 1.6A 1.6A 1.5A 1.5A 1.4A 1.5A 1.6A 1.8A 2.1A 2.3A 2# 0.6# NA NA NA NA NA NA NA NA NA NA
©yÄõ
SO2
04/09 NA NA NA NA NA NA NA NA NA NA NA NA 389# 2.2# 2.5 2.3 2.5 2.1 2 2 2.2 2.2 2.2 2.1
©yÄõ
SO2
04/10 2.1 1.5 1.3 1.2 1.1 1 1.1 1.1 1.9 1.4 1.6 2 1.5 1.3 1 0.2 0.4 1.6 1.6 1.5 1.3 1.3 1.1 0.9
©yÄõ
SO2
04/11 1.2 1.8 1.5 1.4 1.2 1.2 1.1 1 1.2 1.2 1.1 1.1 1 1 0.9 0.8 0.7 0.4 0.4 0.8 0.2 0.2 0.1 0.3
©yÄõ
SO2
04/12 1.5 1.7 1.7 1.5 1.4 1.4 1.7 1.7 1.4 1.3 1.3 1.2 1.2 1.1 1 1 0.9 1 0.9 0.8 0.6 0.7 0.7 0.4
©yÄõ
SO2
04/13 1.9 1.6 1.4 1.4 1.2 1.2 1.2 1.2 1.2 1.3 1.6 1.5 1.5 1.2 1.1 1.1 1.8 1.4 1.2 1.2 1.2 1.2 1.1 1.1
©yÄõ
SO2
04/14 1.8 1.1 1 0.9 0.7 0.7 0.8 0.8 0.8 0.9 1.7 1.1 2.8 1.7 1.1 0.9 0.7 0.5 0.7 0.6 0.4 0.5 0.3 0.2
©yÄõ
SO2
04/15 1 1.6 1.5 1.4 1.5 1.5 1.5 1.7 2 1.8 1.7 1.6 1.6 1.7 1.8 2 1.8 1.8 1.9 1.9 2 1.9 1.8 1.9
©yÄõ
SO2
04/16 1.6 2 1.8 1.8 1.8 1.7 1.8 1.8 2.1 2.4 2.4# 2.2# 1.9# 1.9 1.6 1.6 1.5 1.6 1.9 2.5 2.5 2.3 2.2 2.3
©yÄõ
SO2
04/17 1.3 1.5 1.3 1.1 0.9 0.7 0.7 0.9 0.7 0.7 1 1 0.6 0.5 0.5 0.5 0.6 0.6 0.7 0.8 1 0.9 0.7 0.7
©yÄõ
SO2
04/18 1.6 1.5 1.3 1.4 1.2 1.2 1.3 1.4 1.5 1.6 1.7 1.6 1.7 1.7 1.8 1.7 1.7 1.7 1.6 1.7 1.7 1.9 1.9 2
©yÄõ
SO2
04/19 1.3 1.3 1.5 1.2 1.3 1.2 1.3 1 1.1 1.7 1.8 1.8 1.9 1.7 1.5 1.4 1.2 1.4 1.6 1.7 1.8 1.9 1.8 1.7
©yÄõ
SO2
04/20 1.5 1.9 1.8 1.8 1.8 1.7 1.9 2.2 2.9 3.1 2.9 2.5 2.5 2.4 2.5 2.4 2.5 2.4 2.4 2.1 2.1 2.3 2.1 2.4
©yÄõ
SO2
04/21 2.3 2 1.9 1.9 1.7 1.9 1.9 1.8 1.9 2 2.2 2.3 2.4 2.5 2.4 2.2 2.3 2.3 2.3 2.4 2.3 2.4 2.3 2.4
©yÄõ
SO2
04/22 2 1.9 1.8 1.8 1.8 1.8 1.9 3.2 2.4 2.2 2.1 1.9 1.8 2.1 2.1 2.1 2.1 2.3 2.5 2.5 2.5 2.6 2.4 2.5
©yÄõ
SO2
04/23 2 1.8 1.8 1.7 1.8 1.7 1.8 2 2.2 2.3 2.9 2.9 2.3 2.9 2.7 2.6 2.4 2.3 2.1 2.2 2.2 2.1 2.2 2.3
©yÄõ
SO2
04/24 2.1 2.1 2 1.9 1.9 2 2 2.1 3.2 3.6# NA 3.9 3.8 3.2 2.8 2.9 2.9 2.8 2.8 2.8 2.8 2.8 2.8 2.6
©yÄõ
SO2
04/25 2.1 1.9 1.8 1.9 1.7 1.5 1.5 1.5 1.6 2 2.3 2.5 3.2 2.7 2.5 2.5 2.4 2.2 2.2 2.3 2.4 2.5 2.3 2.3
©yÄõ
SO2
04/26 1.9 1 0.8 0.8 1 0.8 0.8 0.8 0.8 0.9 0.9 0.8 0.7 0.7 0.8 0.8 0.9 0.9 1 1.1 1.2 1.2 1.1 1.2
©yÄõ
SO2
04/27 0.9 1.7 1.6 1.5 1.4 1.3 1.4 1.5 1.6 1.5 1.6 1.7 1.7 1.6 1.6 1.7 1.7 1.7 1.8 1.8 1.8 1.8 1.9 1.7
©yÄõ
SO2
04/28 1.8 1.9 1.9 1.9 1.8 1.7 1.9 1.9 2.3 2.5 2.3 2.3 2.3 2.3 2.1 2.1 2.1 2.5 2.4 2.7 2.7 2.8 2.8 2.8
©yÄõ
SO2
04/29 2 1.4 1.5 1.4 1.2 1.1 1.3 1.6 2.2 2.5 2 2# 2.1 1.6 1.4 1.5 1.5 1.5 1.3 1.6 1.5 1.8 1.7 1.7
©yÄõ
SO2
04/30 1.6 1.2 1.2 1.3 1.1 1.2 1 1.2 1.3 1.7 1.8 1.6 2.1 2 2.1 2.1 1.8 1.4 1.4 1.4 1.5 1.5 1.5 1.5
©yÄõ
SO2
ºÊ´ú¦~¤ë¡G2019/05¡A ´ú¯¸¡G©yÄõ¡A ´ú¶µ¡GSO2¡]ppb¡^
©yÄõ
SO2
¤é´Á 00 01 02 03 04 05 06 07 08 09 10 11 12 13 14 15 16 17 18 19 20 21 22 23
©yÄõ
SO2
05/01 1.1 1.7 1.5 1.5 1.5 1.4 1.5 1.6 1.6 1.9 1.9 1.5 1.3 1.2 1.4 1.4 1.3 1.3 1.4 1.4 1.4 1.5 1.5 1.5
©yÄõ
SO2
05/02 1.7 0.9 0.7 0.8 0.6 0.7 0.8 1 1.4 1.2 1.1 1 1.2 0.9 1 0.9 1 0.9 1 1 1 1.1 1.1 1
©yÄõ
SO2
05/03 1.1 0.9 0.9 0.9 0.8 0.7 0.8 0.9 1.3 1.2# 1.5 1.6 1.4 1.2 1.3 1.2 1.2 1.2 1.3 1.2 1.4 1.5 1.4 1.3
©yÄõ
SO2
05/04 0.8 2.1 2 2 2 2 1.9 1.8 1.8 1.9 2.1 2.1 2.1 2 2.3 2.2 2.2 2.2 2.4 2.2 2.1 2.1 2.1 2
©yÄõ
SO2
05/05 2.4 1.3 1.1 1.2 1.7 1.6 1.4 1.3 1.4 1.3 1.4 1.5 1.5 1.5 1.7 1.8 2.1 2 2 2A 2.1A 2A 1.9A 1.8A
©yÄõ
SO2
05/06 0.9A 2A 1.9A 1.9A 1.7A 1.7A 1.8A 1.8A 1.8A 1.9A 2# 1.1# 2.7# 1.8# 1.7x 1.7x 2.1x 1.9x 1.8x 1.8x 2x 2x 2.1x 2x
©yÄõ
SO2
05/07 1x 2x 1.9x 1.8A 1.8A 1.8A 1.8A 1.9A 1.9A 1.9A 2A 2.1A 2.2# 1.8# 1.3x 1.4x 1.6x 1.8x 1.6x 1.5x 1.6x 1.7x 1.8x 1.6x
©yÄõ
SO2
05/08 1.3x 0.9x 1.1x 0.9x 0.8x 0.9x 0.8x 0.9x 1x 1.5x 1.5 NA NA NA NA NA NA NA NA NA NA NA NA NA
©yÄõ
SO2
05/14 NA NA NA NA NA NA NA NA NA NA NA NA NA NA NA NA NA -0.1# 2.5x 2x 2.4x 2.7x 2.9x 2.9x
©yÄõ
SO2
05/15 1.5x 1.2x 1.2x 1.2x 1.3x 1.4x 1.4x 1.3x 1.3x 0.9x 77# NA 1.3# 1.8# NA NA 0.5# 1.9x 3.3x 2.9x 2.8x 2.8x 2.6x 2.4x
©yÄõ
SO2
05/16 2.3x 1.6x 1.6x 1.4x 1.5x 1.5x 2x 1.6x 1.6x 1.6# 1.5 1.6 1.7 1.5 1.6# 2 2.2 2.3 2.2 1.7 1.6 1.4 1.3 1.3
©yÄõ
SO2
05/17 1.8 1.7 1.7 1.6 1.6 1.6 1.6 1.7 1.7 1.7 1.9 1.9 1.9 1.6# 1.2# 1.6 1.8# 1.8 1.8 1.8 1.8 1.9 1.8 1.9
©yÄõ
SO2
05/18 2 1.8 1.8 1.8 1.8 1.8 1.8 1.7 2.1 1.8 1.8 1.8 2.1 1.8 1.7 1.9 1.7 1.8 1.8 1.8 1.7 1.7 1.9 4.4
©yÄõ
SO2
05/19 9.4 4.5 2.4 3 4.1 2.5 2.1 2.5 3.1 2.6 2.6 2.2 2.1 2.2 2 2 2 2.2 2.2 2.2 2.2 2.2 5.6 7.7
©yÄõ
SO2
05/20 2.5 3.6 2.6 2.4 3.3 2.7 3.5 4.3 2.2 2.2 2.1 2.2 1.8 1.8 2.4 1.8 1.8 1.7 1.7 1.8 1.7 1.7 1.7 1.7
©yÄõ
SO2
05/21 3.5 2 1.5 2.4 3.8 4.1 4.8 2.6 2 2 2 1.9 2 2 1.9 1.8 1.6 1.6 1.7 1.6 6.2 3.2 2.9 1.7
©yÄõ
SO2
05/22 2.6 1.6 2 4.5 1.5 2.2 4.9 3.6 4.2 4 2.8 2.3 2.1 1.9 2.3 2.2 1.9 1.6 2.3 3.6 1.7 2.1 2.9 3.1
©yÄõ
SO2
05/23 3.4 5.5 2.4 2.6 3.7 2.4 1.9 2.9 2.7 2.1 1.9 2.1 1.9 1.9 1.8 1.9 2 2 2 1.9 2 2.7 2.2 2.1
©yÄõ
SO2
05/24 2 1.4 1.4 1.4 1.5 1.5 4 2.3 1.8 1.9 2 1.7 1.7 1.8 1.7 1.7 1.8 1.7 1.8 1.7 1.6 1.9 1.7 1.6
©yÄõ
SO2
05/25 1.3 2.3 2.2 4 2.8 2 2.3 2.5 2.9 2.6 2.2 2.5 2.2 2.2 2.3 2.3 2.2 2.2 2.5 2.3 2.3 2.3 2.4 2.4
©yÄõ
SO2
05/26 2.2 5.2 8.5 6.8 6.4 5.4 5.4 2.4 2.4 2.4 2.3 2.2 2.2 1.8 1.9 1.7 1.7 1.7 1.8 1.7 1.7 2.4 2.7 1.8
©yÄõ
SO2
05/27 4.1 2.4 2.4 1.8 3.1 3.5 2.2 3 2.1 2.6 2.7 2.4 2.3 2.8 2.3 2.2 2.1 2.1 2.1 2.4 2.2 2.7 3.8 2.1
©yÄõ
SO2
05/28 1.9 6.3 9.3 3.5 2.6 2.1 3 2.8 2.4 2.4 2.1 2.3 2.3 2 2 2 2.1 1.9 2 2 2 2 2 2
©yÄõ
SO2
05/29 2.2 2 1.7 1.9 1.8 1.8 3.2 3.8 1.8 1.7 1.9 2 1.8 1.8# 1.9 1.8 1.7 1.7 1.7 1.7 1.9 1.8 1.9 7.3
©yÄõ
SO2
05/30 2.5 1.9 2.2 1.5 1.4 1.4 2.2 7.9 1.8 1.8 2 1.7 1.7 1.8 2.2 2 2.1 2.2 2.4 2.3 3.2 5.6 5.2 2.3
©yÄõ
CO
01/01 0.25 0.2 0.19 0.19 0.19 0.19 0.2 0.26 0.32 0.29 0.28 0.28 0.28 0.28 0.29 0.29 0.27 0.29 0.28 0.31 0.25 0.24 0.26 0.24
©yÄõ
CO
01/02 0.2 0.18 0.17 0.17 0.17 0.18 0.2 0.33 0.37 0.33 0.25 0.27 0.32 0.35 0.3 0.36 0.4 0.41 0.37 0.34 0.37 0.3 0.28 0.24
©yÄõ
CO
01/03 0.2 0.2 0.2 0.2 0.2 0.22 0.24 0.36 0.5 0.46 0.43 0.41 0.38 0.39 0.37 0.41 0.52 0.56 0.5 0.4 0.41 0.42 0.38 0.34
©yÄõ
CO
01/04 0.32 0.32 0.33 0.34 0.32 0.31 0.36 0.57 0.67 0.53 0.52 0.39 0.31 0.33 0.44 0.41 0.5 0.68 1.09 1.04 1.13 0.68 0.71 0.54
©yÄõ
CO
01/05 0.51 0.55 0.41 0.38 0.33 0.38 0.33 0.5 0.49 0.48 0.45 0.4 0.38 0.32 0.31 0.4 0.5 0.58 0.57 0.45 0.43 0.43 0.46 0.51
©yÄõ
CO
01/06 0.46 0.45 0.45 0.44 0.44 0.41 0.41 0.4 0.41 0.39 0.37 0.47 0.51 0.46 0.45 0.44 0.45 0.49 0.46 0.41 0.35 0.32 0.31 0.28
©yÄõ
CO
01/07 0.26 0.23 0.23 0.23 0.23 0.25 0.33 0.47 0.45 0.38 0.32 0.34 0.35 0.34 0.38 0.42 0.41 0.66 0.72 1.15 0.56 0.66 0.57 0.44
©yÄõ
CO
01/08 0.4 0.37 0.32 0.29 0.28 0.27 0.43 0.8 0.77 0.36 0.35 0.34 0.35 0.31 0.3 0.33 0.38 0.45 0.49 0.41 0.34 0.3 0.25 0.25
©yÄõ
CO
01/09 0.26 0.28 0.28 0.29 0.3 0.32 0.34 0.43 0.44 0.4 0.37 0.36 0.36 0.4 0.44 0.44# 0.54 0.53 0.57 0.49 0.5 0.49 0.41 0.41
©yÄõ
CO
01/10 0.43 0.39 0.4 0.38 0.39 0.38 0.4 0.57 0.63 0.4 0.49 0.44 0.41 0.36 0.36 0.4 0.45 0.58 0.74 0.76 0.75 0.63 0.88 0.64
©yÄõ
CO
01/11 0.44 0.38 0.31 0.29 0.3 0.31 0.38 0.52 0.47 0.38 0.33 0.31 0.31 0.33 0.31 0.33 0.41 0.58 0.66 0.59 0.51 0.49 0.38 0.38
©yÄõ
CO
01/12 0.35 0.36 0.33 0.34 0.28 0.31 0.35 0.41 0.49 0.55 0.42 0.41 0.41 0.4 0.44 0.44 0.47 0.53 0.62 0.66 0.6 0.58 0.57 0.56
©yÄõ
CO
01/13 0.56 0.49 0.49 0.49 0.49 0.49 0.48 0.51 0.47 0.45 0.44 0.47 0.51 0.45 0.44 0.44 0.45 0.43 0.44 0.42 0.43 0.47 0.39 0.38
©yÄõ
CO
01/14 0.38 0.38 0.37 0.36 0.36 0.36 0.38 0.47 0.45 0.42 0.42 0.39 0.43 0.44 0.47 0.43 0.53 0.59 0.74 0.73 0.48 0.52 0.41 0.41
©yÄõ
CO
01/15 0.41 0.34 0.33 0.33 0.32 0.35 0.39 0.52 0.55 0.37 0.41 0.43 0.42 0.37 0.39 0.36 0.39 0.42 0.5 0.4 0.34 0.33 0.32 0.31
©yÄõ
CO
01/16 0.29 0.28 0.29 0.29 0.35 0.43 0.51 0.54 0.57 0.48 0.41 0.39 0.4 0.41 0.46 0.46 0.47 0.52 0.49 0.46 0.45 0.4 0.36 0.32
©yÄõ
CO
01/17 0.31 0.29 0.28 0.27 0.27 0.28 0.32 0.44 0.47 0.43 0.36 0.42 0.38 0.4 0.36 0.36 0.43 0.45 0.52 0.48 0.37 0.4 0.38 0.35
©yÄõ
CO
01/18 0.33 0.31 0.32 0.33 0.32 0.33 0.38 0.42 0.44 0.34 0.31 0.3 0.29 0.27 0.26 0.27 0.32 0.46 0.5 0.53 0.5 0.46 0.38 0.3
©yÄõ
CO
01/19 0.24 0.25 0.24 0.23 0.21 0.21 0.24 0.32 0.3 0.37 0.34 0.29 0.3 0.27 0.25 0.28 0.29 0.37 0.34 0.44 0.42 0.29 0.26 0.24
©yÄõ
CO
01/20 0.24 0.23 0.24 0.22 0.22 0.26 0.32 0.36 0.39 0.35 0.28 0.32 0.39 0.49 0.58 0.65 0.57 0.59 0.6 0.55 0.53 0.5 0.47 0.45
©yÄõ
CO
01/21 0.47 0.5 0.49 0.46 0.44 0.43 0.43 0.47 0.45 0.4 0.37 0.37 0.35 0.32 0.31 0.31 0.28 0.31 0.3 0.29 0.27 0.23 0.23 0.24
©yÄõ
CO
01/22 0.23 0.24 0.22 0.21 0.22 0.24 0.27 0.34 0.37# 0.37 0.39 0.39 0.41 0.42 0.44 0.43 0.43 0.48 0.5 0.47 0.42 0.41 0.4 0.39
©yÄõ
CO
01/23 0.37 0.35 0.34 0.34 0.34 0.34 0.36 0.49 0.49 0.42 0.4 0.37 0.36 0.37 0.45 0.46 0.48 0.57 0.61 0.5 0.39 0.42 0.44 0.36
©yÄõ
CO
01/24 0.37 0.33 0.32 0.32 0.32 0.36 0.44 0.43 0.47 0.45 0.48 0.45 0.42 0.38 0.38 0.41 0.45 0.62 0.72 0.58 0.39 0.39 0.37 0.32
©yÄõ
CO
01/25 0.31 0.31 0.3 0.29 0.28 0.28 0.31 0.4 0.38 0.36 0.41 0.39 0.36 0.38 0.34 0.37 0.4 0.44 0.42 0.38 0.38 0.4 0.49 0.41
©yÄõ
CO
01/26 0.31 0.28 0.29 0.27 0.23 0.19 0.2 0.22 0.28 0.24 0.26 0.3 0.31 0.31 0.34 0.29 0.25 0.31 0.32 0.27 0.24 0.26 0.25 0.19
©yÄõ
CO
01/27 0.17 0.15 0.15 0.14 0.14 0.15 0.15 0.18 0.2 0.21 0.24 0.23 0.17 0.17 0.16 0.18 0.21 0.23 0.23 0.19 0.2 0.19 0.18 0.16
©yÄõ
CO
01/28 0.15 0.17 0.16 0.16 0.16 0.17 0.19 0.25 0.26 0.23 0.37 0.25 0.25 0.23 0.23 0.26 0.28 0.32 0.38 0.46 0.3 0.24 0.23 0.22
©yÄõ
CO
01/29 0.19 0.17 0.16 0.17 0.16 0.17 0.2 0.28 0.32 0.25 0.25 0.31 0.4 0.27 0.28 0.38 0.49 0.51 0.56 0.74 0.44 0.33 0.32 0.24
©yÄõ
CO
01/30 0.27 0.24 0.24 0.24 0.24 0.24 0.29 0.39 0.47 0.62 0.59 0.38 0.37 0.33# 0.33 0.31 0.38 0.51 0.71 0.73 0.38 0.47 0.37 0.33
©yÄõ
CO
01/31 0.4 0.26 0.25 0.24 0.25 0.25 0.31 0.4 0.39 0.29 0.32 0.37 0.34 0.29 0.29 0.33 0.48 0.49 0.42 0.39 0.45 0.5 0.51 0.46
©yÄõ
CO
ºÊ´ú¦~¤ë¡G2019/02¡A ´ú¯¸¡G©yÄõ¡A ´ú¶µ¡GCO¡]ppm¡^
©yÄõ
CO
¤é´Á 00 01 02 03 04 05 06 07 08 09 10 11 12 13 14 15 16 17 18 19 20 21 22 23
©yÄõ
CO
02/01 0.42 0.37 0.34 0.33 0.33 0.33 0.34 0.37 0.37 0.36 0.39 0.39 0.41 0.44 0.45 0.47 0.5 0.51 0.53 0.48 0.47 0.48 0.44 0.42
©yÄõ
CO
02/02 0.4 0.4 0.38 0.34 0.33 0.34 0.4 0.44 0.42 0.53 0.42 0.43 0.39 0.34 0.31 0.31 0.33 0.42 0.46 0.48 0.4 0.52 0.36 0.46
©yÄõ
CO
02/03 0.36 0.34 0.3 0.32 0.27 0.29 0.35 0.43 0.32 0.38 0.4 0.39 0.35 0.32 0.28 0.25 0.29 0.42 0.55 0.57 0.55 0.58 0.58 0.46
©yÄõ
CO
02/04 0.35 0.35 0.32 0.3 0.41 0.7 0.71 0.64 0.62 0.62 0.62 0.66# 0.71 0.71 0.71 0.72 0.72 0.74 0.7 0.7 0.78 0.75 0.76 0.72
©yÄõ
CO
02/05 0.65 0.69 0.63 0.62 0.65 0.59 0.61 0.64 0.62 0.6 0.51 0.44 0.34 0.3 0.3 0.32 0.35 0.37 0.36 0.31 0.33 0.39 0.4 0.4
©yÄõ
CO
02/06 0.35 0.3 0.31 0.3 0.29 0.3 0.31 0.32 0.34 0.29 0.32 0.34 0.34 0.35 0.36 0.37 0.39 0.44 0.47 0.5 0.59 0.41 0.38 0.38
©yÄõ
CO
02/07 0.33 0.31 0.31 0.29 0.3 0.34 0.33 0.37 0.31 0.28 0.28 0.31 0.3 0.29 0.29 0.31 0.35 0.4 0.42 0.41 0.4 0.39 0.4 0.39
©yÄõ
CO
02/08 0.37 0.38 0.38 0.39 0.39 0.38 0.35 0.35 0.36 0.33 0.35 0.32 0.28 0.25 0.28 0.28 0.29 0.3 0.28 0.24 0.23 0.23 0.26 0.25
©yÄõ
CO
02/09 0.22 0.24 0.23 0.23 0.24 0.26 0.28 0.28 0.32 0.29 0.34 0.31 0.29 0.29 0.29 0.26 0.26 0.28 0.29 0.29 0.26 0.24 0.25 0.24
©yÄõ
CO
02/10 0.21 0.21 0.19 0.19 0.19 0.2 0.2 0.23 0.22 0.22 0.24 0.26 0.27 0.27 0.28 0.29 0.31 0.32 0.36 0.35 0.33 0.35 0.3 0.28
©yÄõ
CO
02/11 0.29 0.23 0.22 0.21 0.2 0.22 0.23 0.39 0.32 0.31 0.28 0.35 0.31 0.32 0.28 0.29 0.33 0.36 0.35 0.31 0.29 0.25 0.23 0.23
©yÄõ
CO
02/12 0.22 0.22 0.21 0.2 0.21 0.22 0.29 0.4 0.33 0.31 0.31 0.3 0.29 0.28 0.27 0.28 0.35 0.43 0.37 0.39 0.42 0.38 0.36 0.34
©yÄõ
CO
02/13 0.34 0.27 0.26 0.27 0.28 0.31 0.31 0.33 0.38 0.36 0.3 0.33 0.35 0.3 0.28 0.28 0.33 0.35 0.27 0.26 0.26 0.24 0.23 0.22
©yÄõ
CO
02/14 0.21 0.2 0.19 0.2 0.21 0.25 0.28 0.58 0.56 0.33 0.27 0.29 0.3 0.29 0.31 0.29 0.31 0.36 0.45 0.38 0.36 0.38 0.4 0.4
©yÄõ
CO
02/15 0.36 0.35 0.28 0.27 0.25 0.24 0.25 0.4 0.3 0.25 0.28 0.29 0.29 0.28 0.28 0.29 0.39 0.42 0.45 0.46 0.45 0.4 0.36 0.32
©yÄõ
CO
02/16 0.3 0.27 0.25 0.25 0.25 0.25 0.26 0.33 0.39 0.39 0.39 0.36 0.39 0.32 0.32 0.29 0.28 0.32 0.35 0.42 0.37 0.34 0.33 0.31
©yÄõ
CO
02/17 0.3 0.35 0.34 0.35 0.35 0.35 0.37 0.4 0.38 0.37 0.39 0.36 0.33 0.33 0.32 0.32 0.35 0.37 0.32 0.31 0.3 0.29 0.28 0.27
©yÄõ
CO
02/18 0.25 0.2 0.2 0.2 0.2 0.22 0.32 0.53 0.55 0.39 0.27 0.33 0.3 0.32 0.3 0.35 0.35 0.42 0.61 0.66 0.5 0.48 0.5 0.36
©yÄõ
CO
02/19 0.33 0.32 0.3 0.24 0.25 0.26 0.39 0.59 0.63 0.45# 0.32# 33.71# 0.34# 0.36# 0.34 0.34 0.36 0.43 0.46 0.4 0.37 0.38 0.28 0.27
©yÄõ
CO
02/20 0.28 0.29 0.29 0.29 0.27 0.31 0.31 0.48 0.48 0.24 0.19 0.22 0.2 0.17 0.19 0.22 0.28 0.36 0.3 0.45 0.35 0.32 0.25 0.2
©yÄõ
CO
02/21 0.2 0.3 0.31 0.31 0.32 0.33 0.35 0.47 0.45 0.4 0.38 0.42 0.38 0.41 0.35 0.32 0.38 0.47 0.49 0.41 0.4 0.33 0.3 0.3
©yÄõ
CO
02/22 0.3 0.3 0.29 0.29 0.3 0.31 0.35 0.42 0.39 0.35 0.36 0.37 0.35 0.37 0.35 0.33 0.37 0.38 0.37 0.36 0.36 0.37 0.41 0.4
©yÄõ
CO
02/23 0.4 0.39 0.43 0.43 0.44 0.43 0.46 0.54 0.5 0.5 0.48 0.48 0.45 0.45 0.43 0.4 0.4 0.44 0.47 0.4 0.38 0.35 0.34 0.33
©yÄõ
CO
02/24 0.32 0.26 0.24 0.22 0.23 0.21 0.22 0.27 0.29 0.29 0.27 0.26 0.27 0.25 0.31 0.34 0.31 0.35 0.46 0.43 0.37 0.38 0.37 0.35
©yÄõ
CO
02/25 0.34 0.38 0.37 0.36 0.37 0.35 0.39 0.5 0.51 0.43 0.45 0.38 0.38 0.38 0.35 0.36 0.4 0.43 0.38 0.38 0.43 0.32 0.29 0.27
©yÄõ
CO
02/26 0.26 0.21 0.21 0.22 0.22 0.23 0.25 0.36 0.41 0.28 0.28 0.27 0.26 0.28 0.26 0.28 0.35 0.4 0.36 0.36 0.35 0.31 0.32 0.36
©yÄõ
CO
02/27 0.31 0.26 0.26 0.27 0.29 0.31 0.38 0.99 0.63 0.42 0.35 0.36 0.39 0.36 0.39 0.43 0.53 0.61 0.79 0.66 0.5 0.72 0.64 0.63
©yÄõ
CO
02/28 0.53 0.38 0.39 0.39 0.4 0.36 0.37 0.4 0.4 0.37 0.3 0.3 0.31 0.32 0.3 0.3 0.34 0.35 0.33 0.36 0.32 0.3 0.3 0.27
©yÄõ
CO
ºÊ´ú¦~¤ë¡G2019/03¡A ´ú¯¸¡G©yÄõ¡A ´ú¶µ¡GCO¡]ppm¡^
©yÄõ
CO
¤é´Á 00 01 02 03 04 05 06 07 08 09 10 11 12 13 14 15 16 17 18 19 20 21 22 23
©yÄõ
CO
03/01 0.26 0.28 0.27 0.27 0.27 0.28 0.3 0.4 0.44 0.34 0.35 0.43 0.35 0.32 0.39 0.39 0.48 0.51 0.51 0.56 0.52 0.49 0.54 0.52
©yÄõ
CO
03/02 0.45 0.37 0.35 0.37 0.38 0.41 0.44 0.59 0.53 0.55 0.43 0.41 0.4 0.37 0.37 0.39 0.42 0.52 0.71 0.63 0.59 0.58 0.53 0.52
©yÄõ
CO
03/03 0.5 0.44 0.45 0.41 0.39 0.45 0.38 0.41 0.45 0.48 0.47 0.45 0.47 0.38 0.31 0.28 0.29 0.37 0.47 0.53 0.55 0.41 0.33 0.33
©yÄõ
CO
03/04 0.29 0.27 0.26 0.25 0.28 0.3 0.45 0.58 0.53 0.5 0.5 0.51 0.56 0.55 0.59 0.57 0.6 0.64 0.67 0.59 0.55 0.55 0.52 0.52
©yÄõ
CO
03/05 0.5 0.47 0.46 0.46 0.46 0.44 0.48 0.55 0.59 0.63 0.53 0.61 0.49 0.47 0.47 0.44 0.52 0.64 0.66 0.52 0.44 0.41 0.44 0.4
©yÄõ
CO
03/06 0.41 0.41 0.35 0.3 0.27 0.23 0.25 0.42 0.38 0.38 0.36 0.42 0.36 0.42 0.38 0.4 0.45 0.53 0.54 0.51 0.53 0.58 0.46 0.42
©yÄõ
CO
03/07 0.4 0.38 0.37 0.37 0.37 0.37 0.37 0.41 0.36 0.32 0.25 0.26 0.33 0.18# 0.41# 0.41# 0.48# 0.52 0.55 0.51 0.48 0.45 0.41 0.39
©yÄõ
CO
03/08 0.39 0.42 0.41 0.42 0.42 0.42 0.48 0.64 0.55 0.51 0.42 0.35 0.38 0.32 0.3 0.35 0.39 0.6 0.53 0.7 0.56 0.5 0.46 0.47
©yÄõ
CO
03/09 0.39 0.3 0.31 0.33 0.32 0.32 0.37 0.5 0.6 0.53 0.43 0.36 0.38 0.38 0.42 0.46 0.43 0.4 0.59 0.73 0.54 0.53 0.43 0.31
©yÄõ
CO
03/10 0.34 0.26 0.2 0.16 0.17 0.17 0.19 0.28 0.27 0.23 0.28 0.3 0.33 0.35 0.37 0.4 0.42 0.43 0.42 0.41 0.38 0.37 0.35 0.33
©yÄõ
CO
03/11 0.32 0.32 0.32 0.34 0.33 0.34 0.38 0.5 0.41 0.37 0.33 0.31 0.37 0.36 0.32 0.36 0.38 0.46 0.46 0.46 0.39 0.35 0.33 0.3
©yÄõ
CO
03/12 0.28 0.27 0.27 0.25 0.25 0.26 0.32 0.44 0.36 0.32 0.32 0.33 0.34 0.3 0.29 0.28 0.33 0.44 0.53 0.53 0.38 0.44 0.37 0.35
©yÄõ
CO
03/13 0.26 0.27 0.26 0.26 0.26 0.27 0.36 0.44 0.63 0.5 0.37 0.37 0.37 0.37 0.42 0.36 0.41 0.48 0.53 0.43 0.38 0.4 0.37 0.32
©yÄõ
CO
03/14 0.32 0.28 0.3 0.26 0.27 0.29 0.31 0.44 0.46 0.45 0.31 0.34 0.33 0.32 0.31 0.35 0.41 0.49 0.41 0.37 0.32 0.32 0.27 0.26
©yÄõ
CO
03/15 0.27 0.17 0.18 0.18 0.19 0.21 0.25 0.32 0.29 0.28 0.24 0.24 0.24 0.2 0.19 0.17 0.29 0.42 0.34 0.33 0.3 0.22 0.2 0.17
©yÄõ
CO
03/16 0.14 0.14 0.14 0.15 0.15 0.16 0.19 0.25 0.3 0.34 0.37 0.3 0.28 0.26 0.26 0.26 0.31 0.41 0.47 0.44 0.42 0.3 0.28 0.28
©yÄõ
CO
03/17 0.24 0.22 0.22 0.24 0.25 0.25 0.28 0.35 0.35 0.45 0.5 0.42 0.33 0.31 0.25 0.26 0.26 0.27 0.28 0.26 0.28 0.25 0.28 0.3
©yÄõ
CO
03/18 0.24 0.23 0.24 0.24 0.24 0.27 0.3 0.5 0.6 0.81 0.4 0.32 0.39 0.37 0.35 0.34 0.42 0.58 0.56 0.56 0.69 0.52 0.39 0.37
©yÄõ
CO
03/19 0.35 0.29 0.29 0.32 0.32 0.34 0.41 0.47 0.43 0.41 0.36 0.36 0.4 0.36 0.32 0.34 0.31 0.34 0.35 0.35 0.35 0.4 0.34 0.31
©yÄõ
CO
03/20 0.3 0.25 0.27 0.27 0.27 0.29 0.37 0.44 0.47 0.44 0.4 0.38 0.38 0.32 0.3 0.31 0.33 0.39 0.41 0.45 0.42 0.47 0.46 0.43
©yÄõ
CO
03/21 0.45 0.38 0.39 0.33 0.34 0.36 0.46 0.49 0.49 0.52 0.47 0.39 0.4 0.34 0.29 0.25 0.26 0.3 0.33 0.31 0.32 0.4 0.31 0.26
©yÄõ
CO
03/22 0.27 0.2 0.22 0.22 0.27 0.29 0.3 0.36 0.33 0.3 0.33 0.35 0.37 0.36# 0.34 0.35 0.4 0.43 0.38 0.37 0.33 0.33 0.26 0.24
©yÄõ
CO
03/23 0.21 0.2 0.19 0.19 0.19 0.19 0.22 0.26 0.27 0.26 0.27 0.24 0.25 0.23 0.21 0.27 0.26 0.26 0.24 0.21 0.24 0.22 0.21 0.19
©yÄõ
CO
03/24 0.18 0.18 0.19 0.18 0.18 0.19 0.23 0.23 0.24 0.3 0.25 0.33 0.27 0.25 0.27 0.27 0.31 0.36 0.29 0.35 0.3 0.3 0.31 0.3
©yÄõ
CO
03/25 0.25 0.27 0.26 0.26 0.27 0.27 0.3 0.6 0.74 0.86 0.55 0.61 0.55 0.49 0.48# 0.5 0.51 0.61 0.45 0.58 0.54 0.85 0.69 0.47
©yÄõ
CO
03/26 0.44 0.32 0.32 0.28 0.29 0.32 0.34 0.43 0.41 0.4 0.38 0.41 0.41# 0.37 0.35 0.36 0.39 0.46 0.48 0.48 0.43 0.41 0.39 0.41
©yÄõ
CO
03/27 0.4 0.28 0.29 0.29 0.3 0.28 0.36 0.47 0.34 0.32 0.32 0.34 0.37 0.31 0.28 0.29 0.31 0.34 0.44 0.45 0.45 0.46 0.43 0.39
©yÄõ
CO
03/28 0.31 0.33 0.32 0.31 0.31 0.3 0.36 0.46 0.46 0.35 0.39 0.37 0.37 0.36 0.33 0.28 0.32 0.36 0.4 0.46 0.59 0.6 0.35 0.36
©yÄõ
CO
03/29 0.33 0.31 0.3 0.29 0.28 0.32 0.33 0.47 0.59 0.34 0.37 0.39 0.37 0.34 0.33 0.33 0.36 0.38 0.4 0.32 0.35 0.32 0.33 0.24
©yÄõ
CO
03/30 0.25 0.29 0.28 0.28 0.28 0.29 0.32 0.34 0.36 0.36 0.33 0.34 0.36 0.33 0.29 0.31 0.36 0.36 0.35 0.35 0.32 0.3 0.3 0.27
©yÄõ
CO
03/31 0.25 0.23 0.21 0.2 0.19 0.19 0.19 0.22 0.24 0.23 0.26 0.36 0.4 0.33 0.29 0.28 0.3 0.35 0.3 0.26 0.25 0.23 0.22 0.2
©yÄõ
CO
ºÊ´ú¦~¤ë¡G2019/04¡A ´ú¯¸¡G©yÄõ¡A ´ú¶µ¡GCO¡]ppm¡^
©yÄõ
CO
¤é´Á 00 01 02 03 04 05 06 07 08 09 10 11 12 13 14 15 16 17 18 19 20 21 22 23
©yÄõ
CO
04/01 0.2 0.21 0.22 0.21 0.21 0.22 0.25 0.3 0.3 0.34 0.3 0.3 0.34 0.33 0.3 0.33 0.43 0.37 0.34 0.31 0.29 0.29 0.28 0.26
©yÄõ
CO
04/02 0.26 0.21 0.22 0.21 0.23 0.24 0.31 0.56 0.65 0.45 0.46 0.39 0.35 0.32 0.27# 0.27 0.28 0.34 0.66 0.65 0.54 0.4 0.36 0.32
©yÄõ
CO
04/03 0.33 0.26 0.23 0.24 0.26 0.31 0.36 0.39 0.45 0.4 0.32 0.32 0.31 0.3 0.31 0.31 0.34 0.42 0.46 0.5 0.37 0.37 0.36 0.36
©yÄõ
CO
04/04 0.33 0.27 0.23 0.19 0.2 0.23 0.34 0.29 0.29 0.31 0.31 0.33 0.37 0.32 0.25 0.27 0.32 0.33 0.37 0.34 0.36 0.36 0.38 0.33
©yÄõ
CO
04/05 0.31 0.26 0.25 0.26 0.29 0.29 0.38 0.62 0.44 0.33 0.38 0.32 0.32 0.3 0.31 0.31 0.33 0.35 0.37 0.3 0.29 0.31 0.31 0.29
©yÄõ
CO
04/06 0.29 0.28 0.29 0.29 0.28 0.29 0.31 0.33 0.34 0.3 0.32 0.36 0.37 0.32 0.33 0.33 0.33 0.36 0.38 0.41 0.41 0.52 0.44 0.37
©yÄõ
CO
04/07 0.37 0.33 0.31 0.3 0.28 0.26 0.29 0.35 0.39 0.32 0.31 0.31 0.3 0.31 0.29 0.31 0.31 0.33 0.34 0.39 0.36 0.38 0.37 0.34
©yÄõ
CO
04/08 0.29 0.28 0.28 0.28 0.27 0.28 0.33 0.39 0.34 0.36 0.35 0.34 0.37 0.32 0.3 0.3 0.34 0.4 0.44 0.42 0.37 0.37 0.32 0.26
©yÄõ
CO
04/09 0.26 0.21 0.22 0.22 0.22 0.24 0.27 0.34 0.31 0.33 0.33 0.32 0.31 0.29# 0.29 0.28 0.29 0.32 0.32 0.32 0.4 0.51 0.36 0.32
©yÄõ
CO
04/10 0.27 0.33 0.32 0.29 0.31 0.33 0.36 0.46 0.57 0.4 0.28 0.32 0.33 0.35 0.32 0.36 0.38 0.41 0.4 0.34 0.32 0.37 0.28 0.27
©yÄõ
CO
04/11 0.25 0.23 0.23 0.22 0.23 0.23 0.26 0.37 0.39 0.41 0.38 0.36 0.34 0.31 0.29 0.35 0.38 0.31 0.29 0.31 0.32 0.31 0.26 0.26
©yÄõ
CO
04/12 0.21 0.23 0.25 0.25 0.27 0.3 0.35 0.4 0.38 0.37 0.4 0.44 0.36 0.35 0.35 0.33 0.33 0.36 0.33 0.34 0.27 0.27 0.24 0.21
©yÄõ
CO
04/13 0.2 0.18 0.17 0.17 0.18 0.22 0.26 0.25 0.27 0.29 0.26 0.28 0.29 0.26 0.29 0.37 0.38 0.43 0.38 0.33 0.33 0.36 0.37 0.31
©yÄõ
CO
04/14 0.29 0.29 0.29 0.28 0.27 0.31 0.36 0.32 0.31 0.35 0.32 0.29 0.31 0.29 0.28 0.31 0.32 0.38 0.36 0.33 0.33 0.26 0.27 0.28
©yÄõ
CO
04/15 0.32 0.21 0.2 0.2 0.19 0.19 0.24 0.39 0.38 0.3 0.26 0.26 0.29 0.27 0.27 0.3 0.3 0.34 0.34 0.32 0.27 0.37 0.3 0.23
©yÄõ
CO
04/16 0.22 0.24 0.23 0.23 0.24 0.24 0.28 0.42 0.49 0.41 0.42# 0.36 0.56 0.52 0.56 0.51 0.46 0.5 0.67 0.88 0.72 0.82 0.52 0.5
©yÄõ
CO
04/17 0.39 0.34 0.29 0.26 0.24 0.29 0.35 0.46 0.4 0.37 0.33 0.35 0.35 0.31 0.31 0.34 0.38 0.4 0.5 0.38 0.33 0.35 0.34 0.3
©yÄõ
CO
04/18 0.27 0.26 0.25 0.24 0.26 0.26 0.31 0.37 0.31 0.32 0.29 0.29 0.28 0.27 0.25 0.27 0.27 0.32 0.31 0.36 0.35 0.33 0.3 0.26
©yÄõ
CO
04/19 0.28 0.27 0.25 0.23 0.26 0.26 0.29 0.24 0.3 0.33 0.33 0.34 0.34 0.26 0.24 0.26 0.31 0.48 0.42 0.46 0.41 0.4 0.3 0.35
©yÄõ
CO
04/20 0.3 0.27 0.25 0.27 0.27 0.32 0.44 0.37 0.4 0.38 0.39 0.36 0.37 0.32 0.31 0.32 0.35 0.34 0.34 0.36 0.31 0.32 0.33 0.32
©yÄõ
CO
04/21 0.3 0.26 0.25 0.25 0.23 0.23 0.24 0.28 0.25 0.24 0.25 0.28 0.26 0.27 0.27 0.29 0.3 0.34 0.34 0.37 0.37 0.33 0.29 0.28
©yÄõ
CO
04/22 0.29 0.27 0.27 0.26 0.26 0.29 0.36 0.37 0.39 0.36 0.3 0.28 0.28 0.25 0.24 0.24 0.3 0.32 0.36 0.29 0.3 0.3 0.31 0.28
©yÄõ
CO
04/23 0.22 0.19 0.18 0.18 0.19 0.2 0.28 0.4 0.35 0.25 0.24 0.24 0.23 0.21 0.23 0.25 0.28 0.3 0.29 0.28 0.26 0.27 0.29 0.3
©yÄõ
CO
04/24 0.23 0.22 0.22 0.22 0.23 0.25 0.31 0.36 0.36 0.28 0.28 0.3 0.31 0.28 0.23 0.24 0.31 0.34 0.34 0.29 0.29 0.3 0.27 0.25
©yÄõ
CO
04/25 0.25 0.22 0.23 0.21 0.21 0.22 0.24 0.31 0.27 0.27 0.22 0.23 0.24 0.23 0.22 0.24 0.29 0.36 0.36 0.3 0.26 0.27 0.27 0.25
©yÄõ
CO
04/26 0.25 0.2 0.2 0.19 0.2 0.21 0.23 0.28 0.28 0.28 0.28 0.31 0.31 0.27 0.29 0.28 0.32 0.4 0.39 0.34 0.31 0.35 0.38 0.34
©yÄõ
CO
04/27 0.33 0.32 0.32 0.32 0.32 0.33 0.36 0.41 0.4 0.36 0.35 0.35 0.36 0.33 0.33 0.32 0.32 0.34 0.34 0.32 0.35 0.31 0.35 0.3
©yÄõ
CO
04/28 0.31 0.31 0.29 0.28 0.28 0.3 0.32 0.33 0.37 0.32 0.28 0.3 0.29 0.26 0.27 0.25 0.25 0.3 0.49 0.53 0.5 0.41 0.35 0.37
©yÄõ
CO
04/29 0.3 0.22 0.21 0.21 0.2 0.22 0.27 0.38 0.34 0.27 0.24 0.24# 0.19 0.16 0.15 0.17 0.2 0.22 0.27 0.27 0.28 0.3 0.23 0.25
©yÄõ
CO
04/30 0.22 0.15 0.17 0.18 0.16 0.19 0.2 0.28 0.23 0.23 0.21 0.22 0.19 0.19 0.17 0.18 0.24 0.27 0.31 0.26 0.25 0.23 0.2 0.21
©yÄõ
CO
ºÊ´ú¦~¤ë¡G2019/05¡A ´ú¯¸¡G©yÄõ¡A ´ú¶µ¡GCO¡]ppm¡^
©yÄõ
CO
¤é´Á 00 01 02 03 04 05 06 07 08 09 10 11 12 13 14 15 16 17 18 19 20 21 22 23
©yÄõ
CO
05/01 0.22 0.23 0.23 0.23 0.24 0.25 0.27 0.33 0.32 0.36 0.35 0.38 0.38 0.36 0.4 0.45 0.39 0.36 0.33 0.35 0.38 0.33 0.3 0.27
©yÄõ
CO
05/02 0.25 0.2 0.2 0.2 0.21 0.23 0.29 0.49 0.47 0.47 0.39 0.35 0.34 0.3 0.29 0.29 0.34 0.38 0.35 0.32 0.31 0.34 0.29 0.25
©yÄõ
CO
05/03 0.24 0.21 0.21 0.2 0.18 0.17 0.23 0.35 0.32 0.37# 0.37 0.33 0.23 0.21 0.2 0.2 0.22 0.28 0.27 0.27 0.26 0.24 0.19 0.19
©yÄõ
CO
05/04 0.18 0.2 0.2 0.2 0.19 0.18 0.18 0.21 0.23 0.26 0.25 0.24 0.22 0.2 0.27 0.22 0.28 0.28 0.25 0.22 0.22 0.2 0.2 0.18
©yÄõ
CO
05/05 0.19 0.15 0.14 0.14 0.19 0.2 0.2 0.19 0.19 0.2 0.19 0.19* 0.25 0.26 0.23 0.26 0.27 0.3 0.29 0.31 0.3 0.2 0.19 0.18
©yÄõ
CO
05/06 0.18 0.16 0.16 0.16 0.15 0.16 0.2 0.32 0.23 0.23 0.21 0.24 0.21 0.21 0.19 0.22 0.24 0.29 0.27 0.29 0.25 0.21 0.17 0.16
©yÄõ
CO
05/07 0.15 0.15 0.16 0.16 0.16 0.19 0.24 0.34 0.26 0.28 0.25 0.21 0.22 0.2 0.24 0.21 0.23 0.24 0.22 0.23 0.27 0.27 0.19 0.17
©yÄõ
CO
05/08 0.18 0.17 0.16 0.15 0.15 0.16 0.18 0.31 0.32 0.29 0.3 NA NA NA NA NA NA NA NA NA NA NA NA NA
©yÄõ
CO
05/14 NA NA NA NA NA NA NA NA NA NA NA NA NA NA NA NA NA 0# 0.13x -0.18* 0.15x 0.24x 0.21x 0.15x
©yÄõ
CO
05/15 0.13x 0.14x 0.13x 0.13x 0.13x 0.15x 0.18x 0.32x 0.31x 0.25x 13.93# NA 0.29# 0.28# NA NA 0.28# 0.38x 0.45x 0.41x 0.44x 0.51x 0.34x 0.27x
©yÄõ
CO
05/16 0.28x 0.26x 0.24x 0.24x 0.22x 0.24x 0.32x 0.33x 0.39x 0.34# 0.27 0.27 0.31 0.27 0.27# 0.27 0.3 0.35 0.36 0.38 0.46 0.34 0.23 0.23
©yÄõ
CO
05/17 0.24 0.25 0.24 0.21 0.22 0.22 0.25 0.45 0.37 0.35 0.39 0.44 0.46 0.34# 0.22# 0.24 0.22# 0.27 0.35 0.48 0.42 0.52 0.34 0.41
©yÄõ
CO
05/18 0.38 0.23 0.19 0.2 0.18 0.19 0.25 0.34 0.52 0.23 0.22 0.21 0.28 0.26 0.19 0.24 0.2 0.23 0.42 0.51 0.37 0.38 0.45 0.42
©yÄõ
CO
05/19 0.37 0.27 0.22 0.23 0.24 0.23 0.25 0.34 0.38 0.27 0.29 0.24 0.26 0.23 0.23 0.19 0.23 0.28 0.31 0.34 0.42 0.41 0.32 0.29
©yÄõ
CO
05/20 0.23 0.24 0.21 0.18 0.17 0.23 0.26 0.37 0.3 0.45 0.3 0.34 0.44 0.51 0.5 0.34 0.36 0.34 0.33 0.29 0.31 0.26 0.21 0.2
©yÄõ
CO
05/21 0.21 0.24 0.21 0.21 0.21 0.22 0.27 0.32 0.25 0.26 0.26 0.28 0.32 0.28 0.27 0.24 0.29 0.33 0.37 0.3 0.33 0.31 0.3 0.21
©yÄõ
CO
05/22 0.21 0.16 0.17 0.17 0.17 0.18 0.23 0.37 0.32 0.21 0.19 0.22 0.21 0.19 0.23 0.25 0.29 0.34 0.44 0.4 0.32 0.26 0.28 0.22
©yÄõ
CO
05/23 0.23 0.23 0.22 0.22 0.2 0.2 0.25 0.45 0.46 0.29 0.24 0.3 0.38 0.26 0.29 0.21 0.25 0.31 0.3 0.33 0.34 0.33 0.28 0.22
©yÄõ
CO
05/24 0.2 0.23 0.23 0.22 0.23 0.25 0.3 0.38 0.39 0.32 0.31 0.29 0.32 0.3 0.27 0.3 0.33 0.4 0.39 0.36 0.31 0.39 0.28 0.24
©yÄõ
CO
05/25 0.22 0.19 0.19 0.18 0.19 0.25 0.32 0.27 0.3 0.29 0.26 0.28 0.27 0.27 0.28 0.24 0.3 0.33 0.4 0.31 0.3 0.3 0.27 0.25
©yÄõ
CO
05/26 0.24 0.26 0.25 0.24 0.25 0.27 0.29 0.27 0.33 0.3 0.27 0.26 0.28 0.25 0.25 0.26 0.27 0.27 0.29 0.28 0.28 0.3 0.29 0.26
©yÄõ
CO
05/27 0.24 0.2 0.21 0.19 0.21 0.2 0.25 0.4 0.34 0.32 0.31 0.31 0.32 0.23 0.26 0.28 0.3 0.4 0.48 0.47 0.4 0.38 0.34 0.3
©yÄõ
CO
05/28 0.28 0.25 0.24 0.23 0.26 0.29 0.26 0.26 0.31 0.32 0.29 0.34 0.32 0.29 0.25 0.24 0.28 0.29 0.3 0.27 0.24 0.23 0.19 0.18
©yÄõ
CO
05/29 0.17 0.15 0.15 0.14 0.14 0.16 0.18 0.23 0.19 0.17 0.2 0.24 0.26 0.25# 0.23 0.22 0.3 0.23 0.23 0.21 0.22 0.22 0.18 0.17
©yÄõ
CO
05/30 0.17 0.14 0.14 0.15 0.15 0.14 0.2 0.36 0.36 0.3 0.2 0.22 0.22 0.21 0.22 0.23 0.24 0.26 0.3 0.3 0.26 0.34 0.32 0.25
©yÄõ
O3
01/01 37 37 38 38 38 39 39 37 34 36 38 39 39 39 37 36 38 38 38 35 37 37 37 38
©yÄõ
O3
01/02 43 41 44 44 43 41 39 33 29 28 31 33 35 33 34 31 29 28 30 29 27 30 29 35
©yÄõ
O3
01/03 40 40 40 40 32 33 32 27 25 26 29 33 35 36 37 34 27 22 26 29 28 24 25 30
©yÄõ
O3
01/04 26 23 21 21 17 18 14 7.6 7.4 18 29 29 36 39 34 36 27 16 3.5 4.2 1.5 4.5 1.9 4.8
©yÄõ
O3
01/05 3.6 2.1 2.9 3.9 3.7 2.7 2.6 3.6 7.8 12 27 36 46 52 54 36 20 19 19 21 22 22 19 18
©yÄõ
O3
01/06 18 17 15 14 17 13 16 18 15 18 25 32 43 43 43 43 42 39 37 37 36 36 35 39
©yÄõ
O3
01/07 41 40 37 38 39 35 31 25 19 29 33 35 35 38 36 30 31 23 11 1.9 7.9 5.7 7.1 10
©yÄõ
O3
01/08 9.8 10 11 9.3 12 9.3 3.8 3.3 3.9 35 36 39 41 41 42 40 38 34 33 31 34 39 42 42
©yÄõ
O3
01/09 42 42 42 41 39 38 35 30 28 30 31 33 36 35 38 38 28# 29 31 35 31 27 34 32
©yÄõ
O3
01/10 25 24 23 20 19 17 15 14 13 11 26 43 50 50 49 46 43 33 18 12 7.5 9.8 7 11
©yÄõ
O3
01/11 16 14 15 17 16 14 11 8.6 12 20 37 43 45 47 47 44 41 36 33 16 18 12 17 14
©yÄõ
O3
01/12 15 13 16 13 17 13 12 9.9 9.5 15 27 34 34 28 24 24 20 19 15 14 17 19 21 21
©yÄõ
O3
01/13 18 21 20 19 21 18 27 22 25 28 30 29 28 31 30 31 29 31 30 31 31 31 35 36
©yÄõ
O3
01/14 36 39 41 40 41 41 40 36 35 33 39 45 49 48 45 45 35 24 16 15 24 21 29 28
©yÄõ
O3
01/15 25 23 21 19 19 21 17 13 14 25 38 47 51 53 54 53 47 43 35 37 46 47 47 47
©yÄõ
O3
01/16 48 48 47 49 50 50 46 48 46 48 47 47 48 49 51 49 49 45 45 47 46 45 43 42
©yÄõ
O3
01/17 40 39 39 38 38 36 34 25 24 30 37 37 42 41 39 39 36 32 28 30 31 33 38 39
©yÄõ
O3
01/18 37 41 45 48 46 36 34 30 28 37 48 50 50 51 51 50 47 41 35 29 24 23 25 29
©yÄõ
O3
01/19 32 33 31 31 32 30 29 27 23 21 41 45 51 50 52 48 47 44 34 29 29 31 33 31
©yÄõ
O3
01/20 30 30 27 30 27 25 23 20 22 23 28 41 46 44 39 36 40 41 41 41 41 42 43 45
©yÄõ
O3
01/21 47 48 48 48 49 48 46 43 42 41 40 39 39 36 36 37 37 35 35 34 33 36 36 32
©yÄõ
O3
01/22 26 21 25 33 29 24 20 18 14 37# 37 35 36 37 37 38 41 42 30 28 31 32 34 36
©yÄõ
O3
01/23 36 34 39 43 46 44 43 37 35 36 40 55 57 58 59 59 57 51 36 39 42 45 43 45
©yÄõ
O3
01/24 44 43 37 39 40 33 32 35 38 30 37 39 50 54 54 49 42 31 25 32 39 41 40 40
©yÄõ
O3
01/25 37 35 33 29 28 28 27 23 25 29 54 409# 67# 66 65 62 61 57 55 56 53 52 44 40
©yÄõ
O3
01/26 42 44 54 58 58 53 48 48 43 42 44 44 46 48 50 48 45 42 40 36 35 34 31 31
©yÄõ
O3
01/27 40 42 39 40 40 39 36 32 35 33 35 38 38 38 41 37 32 30 29 31 29 29 27 26
©yÄõ
O3
01/28 23 21 21 22 22 23 22 21 21 33 45 49 50 51 50 49 47 44 33 24 29 31 36 33
©yÄõ
O3
01/29 32 35 43 38 40 44 41 39 36 32 38 35 32 35 36 32 28 20 17 7.8 17 24 20 17
©yÄõ
O3
01/30 21 28 30 29 28 25 22 16 18 22 31 44 42 44# 48 49 43 38 23 16 25 19 24 27
©yÄõ
O3
01/31 24 30 32 30 30 28 26 22 26 28 44 51 53 54 56 64 74 69 46 46 51 55 53 51
©yÄõ
O3
ºÊ´ú¦~¤ë¡G2019/02¡A ´ú¯¸¡G©yÄõ¡A ´ú¶µ¡GO3¡]ppb¡^
©yÄõ
O3
¤é´Á 00 01 02 03 04 05 06 07 08 09 10 11 12 13 14 15 16 17 18 19 20 21 22 23
©yÄõ
O3
02/01 48 48 47 47 46 45 45 41 41 43 40 40 40 41 40 39 36 36 33 38 38 31 28 27
©yÄõ
O3
02/02 27 25 26 26 24 25 22 19 21 35 45 51 56 50 46 44 42 38 34 27 25 16 24 18
©yÄõ
O3
02/03 22 20 23 19 22 22 18 17 22 28 40 54 58 53 53 47 42 45 61 51 47 39 27 29
©yÄõ
O3
02/04 27 29 24 22 38 29 30 32 33 34 34 33# 34 40 40 39 37 35 35 34 21 21 19 19
©yÄõ
O3
02/05 22 19 20 20 18 20 19 21 25 29 37 47 49 49 49 48 45 43 42 44 41 32 21 20
©yÄõ
O3
02/06 20 20 18 19 21 20 22 17 21 28 34 43 49 50 50 49 47 44 33 26 14 19 23 20
©yÄõ
O3
02/07 22 23 21 23 25 18 22 23 27 33 46 53 53 50 50 49 51 50 48 54 50 47 45 43
©yÄõ
O3
02/08 41 39 38 35 35 35 34 33 32 35 35 39 41 42 40 40 37 37 36 37 40 39 35 35
©yÄõ
O3
02/09 28 24 18 17 16 15 16 15 17 23 30 31 33 30 29 38 39 38 37 37 38 39 38 38
©yÄõ
O3
02/10 38 37 39 39 39 35 33 27 33 36 40 43 44 45 46 44 42 41 38 36 34 30 33 32
©yÄõ
O3
02/11 22 19 22 27 18 16 30 26 30 33 37 34 38 36 36 34 35 34 33 34 35 35 34 32
©yÄõ
O3
02/12 28 29 29 28 29 27 26 23 25 31 39 40 42 42 43 43 40 37 37 26 15 14 15 12
©yÄõ
O3
02/13 12 13 12 11 8.8 6 6.4 7.6 14 23 30 29 29 33 38 40 40 37 36 37 34 33 35 32
©yÄõ
O3
02/14 29 24 25 23 18 15 17 8.1 17 32 37 41 43 44 42 43 40 41 37 37 38 37 32 28
©yÄõ
O3
02/15 26 25 23 25 23 19 18 13 17 30 38 47 47 49 50 50 50 50 46 44 44 45 45 46
©yÄõ
O3
02/16 47 44 44 39 38 37 36 32 33 35 37 39 38 40 38 37 38 35 36 36 35 37 38 39
©yÄõ
O3
02/17 39 38 37 35 36 39 40 35 38 40 37 39 43 43 44 43 41 38 40 40 38 38 35 34
©yÄõ
O3
02/18 32 32 33 32 30 28 20 17 13 19 25 26 33 38 44 43 40 33 17 9.1 9 6.6 11 11
©yÄõ
O3
02/19 7.5 7.4 17 14 16 11 6 4.4 5 8.2# 15# 404# 36# 31# 47 45 44 37 35 37 38 38 41 39
©yÄõ
O3
02/20 37 33 27 21 14 11 9.9 7.9 11 17 36 42 42 42 41 42 36 30 31 27 23 23 26 28
©yÄõ
O3
02/21 28 29 30 30 31 34 33 29 26 28 32 32 40 44 45 43 39 34 30 35 31 33 32 32
©yÄõ
O3
02/22 34 37 37 40 39 37 31 30 33 30 41 46 57 62 61 48 41 42 41 41 46 47 50 50
©yÄõ
O3
02/23 49 48 47 46 43 42 40 38 41 44 44 44 44 42 42 43 42 39 38 43 42 41 37 34
©yÄõ
O3
02/24 32 34 42 42 41 37 37 30 32 36 37 34 34 37 39 43 47 39 32 31 34 33 35 37
©yÄõ
O3
02/25 36 38 30 23 22 24 21 17 29 39 37 42 47 46 45 44 43 43 38 38 38 44 45 47
©yÄõ
O3
02/26 48 47 48 51 52 49 45 39 36 47 46 46 47 48 50 50 47 46 41 39 35 29 26 20
©yÄõ
O3
02/27 24 24 22 15 19 18 19 9.7 29 39 38 30 42 47 48 49 50 46 36 39 50 37 33 29
©yÄõ
O3
02/28 14 15 9.5 12 9.6 8.2 6.4 8.2 17 30 38 38 39 42 43 44 42 39 36 35 37 38 39 41
©yÄõ
O3
ºÊ´ú¦~¤ë¡G2019/03¡A ´ú¯¸¡G©yÄõ¡A ´ú¶µ¡GO3¡]ppb¡^
©yÄõ
O3
¤é´Á 00 01 02 03 04 05 06 07 08 09 10 11 12 13 14 15 16 17 18 19 20 21 22 23
©yÄõ
O3
03/01 41 38 36 35 29 28 25 21 20 31 40 39 44 42 48 49 45 41 42 40 36 30 12 7.8
©yÄõ
O3
03/02 9.5 12 12 9.5 7.4 4.6 7.6 9.5 23 32 42 46 42 54 63 58 53 47 37 36 29 18 27 45
©yÄõ
O3
03/03 47 43 42 33 24 43 21 21 27 33 39 46 44 45 45 47 48 39 31 29 22 27 31 33
©yÄõ
O3
03/04 41 41 44 46 45 43 34 27 35 41 41 45 50 55 56 55 54 53 52 53 53 54 55 45
©yÄõ
O3
03/05 44 57 58 54 49 53 43 35 38 36 43 39 52 63 65 68 62 48 26 41 46 50 43 42
©yÄõ
O3
03/06 32 31 35 37 45 53 50 40 41 43 42 49 54 44 47 50 52 49 51 55 53 51 51 49
©yÄõ
O3
03/07 51 51 54 51 52 53 53 49 49 49 51 208# 67# 55 59# 63# 66# 65 64 63 64 61 63 63
©yÄõ
O3
03/08 63 63 60 60 59 52 50 41 43 38 41 46# 43 46 47 46 41 35 35 21 18 19 19 16
©yÄõ
O3
03/09 21 31 31 27 24 27 27 21 18 25 34 31 39 44 42 42 41 35 19 11 15 17 20 26
©yÄõ
O3
03/10 21 28 40 52 52 52 51 42 44 47 42 42 38 35 40 36 35 32 32 36 43 48 51 50
©yÄõ
O3
03/11 50 46 49 51 47 44 35 33 49 45 47 53 56 56 56 55 53 43 40 34 32 33 36 41
©yÄõ
O3
03/12 46 45 46 46 46 47 41 41 49 67 75 81 80 76 78 75 71 65 54 49 48 44 44 42
©yÄõ
O3
03/13 51 51 49 49 47 45 38 33 26 35 67 71 70 67 66 66 63 63 61 63 61 55 53 49
©yÄõ
O3
03/14 44 42 42 43 41 42 38 35 39 49 66 70 73 76 77 63 57 55 53 50 55 56 55 54
©yÄõ
O3
03/15 50 53 54 54 56 56 52 50 49 49 55 57 60 62 63 62 59 55 43 36 38 41 44 47
©yÄõ
O3
03/16 42 41 44 43 45 42 42 39 36 43 48 64 67 68 66 64 61 57 41 38 35 39 55 48
©yÄõ
O3
03/17 42 38 36 31 28 28 27 29 27 28 28 45 54 56 59 57 59 56 56 59 55 49 36 33
©yÄõ
O3
03/18 36 34 29 19 18 20 16 14 11 17 26 44 57 57 60 62 65 58 39 24 18 24 27 29
©yÄõ
O3
03/19 25 23 20 18 21 22 17 15 27 36 40 49 50 54 56 54 54 53 50 42 40 35 33 29
©yÄõ
O3
03/20 27 20 18 18 19 18 17 19 29 38 43 50 57 57 56 56 48 42 37 31 33 28 24 30
©yÄõ
O3
03/21 26 22 21 27 28 26 19 27 31 46 50 44 47 56 52 44 33 29 28 28 24 26 34 32
©yÄõ
O3
03/22 29 23 19 19 32 42 41 44 50 51 49 46 46 50# 54 52 42 41 42 42 43 44 46 49
©yÄõ
O3
03/23 50 49 49 48 48 49 48 47 46 46 44 45 44 45 45 44 43 39 40 47 45 49 51 49
©yÄõ
O3
03/24 53 55 52 49 49 48 54 43 39 38 36 40 52 51 50 44 40 35 33 25 24 26 24 25
©yÄõ
O3
03/25 28 27 24 24 21 22 20 11 9.8 5.9 5 8 14 21# 12 15 28 20 35 19 13 3.4 3.8 9.9
©yÄõ
O3
03/26 8.1 9 20 43 42 36 40 38 33 37 45 47 50# 54 52 50 45 36 29 33 36 35 36 37
©yÄõ
O3
03/27 29 25 25 21 15 21 20 22 30 47 53 57 57 62 61 58 55 52 46 41 28 27 23 24
©yÄõ
O3
03/28 27 24 22 20 18 23 18 23 27 43 53 58 58 59 57 50 39 33 26 22 20 17 23 22
©yÄõ
O3
03/29 24 24 24 26 30 21 23 23 26 40 50 46 55 51 58 58 55 48 44 46 44 44 42 51
©yÄõ
O3
03/30 56 56 54 50 47 44 41 38 45 50 55 57 56 58 55 53 51 48 47 48 49 52 48 49
©yÄõ
O3
03/31 52 48 55 58 60 59 58 50 51 51 56 58 62 59 58 60 59 58 58 57 56 55 55 55
©yÄõ
O3
ºÊ´ú¦~¤ë¡G2019/04¡A ´ú¯¸¡G©yÄõ¡A ´ú¶µ¡GO3¡]ppb¡^
©yÄõ
O3
¤é´Á 00 01 02 03 04 05 06 07 08 09 10 11 12 13 14 15 16 17 18 19 20 21 22 23
©yÄõ
O3
04/01 56 56 56 54 55 53 51 48 47 45 48 50 49 52 53 53 50 50 49 52 56 58 58 53
©yÄõ
O3
04/02 51 48 46 45 42 39 36 32 31 30 34 52 55 55 54# 50# 43 41 27 18 13 15 16 15
©yÄõ
O3
04/03 18 18 22 21 18 11 11 9.4 20 33 45 49 51 50 50 48 43 31 31 30 34 34 29 24
©yÄõ
O3
04/04 22 21 31 46 37 42 35 22 34 45 50 49 48 49 45 42 39 38 38 37 36 28 23 26
©yÄõ
O3
04/05 24 24 22 18 16 17 13 16 23 33 41 54 54 54 53 55 51 50 50 57 59 53 52 51
©yÄõ
O3
04/06 49 45 39 42 44 38 34 29 38 52 53 58 58 54 53 54 51 47 42 39 32 29 24 28
©yÄõ
O3
04/07 27 22 22 20 24 27 26 28 39 47 52 55 64 63 61 55 54 49 48 55 54 50 47 46
©yÄõ
O3
04/08 32 27 22 23 23 22 20 26 36 50 53 58 59 53 44 33 25 20 17 16 13 13 15 13
©yÄõ
O3
04/09 11 12 13 12 16 11 14 17 26 35 38 41 49 53 52 39 32 22 18 18 20 20 24 20
©yÄõ
O3
04/10 20 26 23 22 21 17 17 20 32 38 34 46 52 53 53 35 37 40 45 49 51 49 52 55
©yÄõ
O3
04/11 56 57 56 54 53 51 50 44 45 47 48 52 55 55 54 49 49 48 46 48 49 48 46 44
©yÄõ
O3
04/12 47 48 53 50 49 49 46 39 42 44 48 53 55 51 50 49 47 41 41 44 42 40 37 37
©yÄõ
O3
04/13 46 49 44 42 36 30 28 35 42 54 58 59 62 59 56 52 47 43 42 37 30 26 18 23
©yÄõ
O3
04/14 19 18 18 17 16 12 12 18 30 38 49 53 51 53 53 50 47 43 40 46 47 49 55 49
©yÄõ
O3
04/15 59 64 63 59 55 56 47 40 37 38 52 55 50 47 54 56 56 43 38 38 40 29 35 37
©yÄõ
O3
04/16 36 37 39 39 37 36 34 33 40 37 35# 35# 30 27 28 26 26 24 19 14 17 11 14 11
©yÄõ
O3
04/17 8.7 7.6 35* 12 8.9 33 49 44 47 53 59 65 65 64 68 67 68 67 63 62 58 50 45 47
©yÄõ
O3
04/18 48 46 42 40 35 28 25 34 52 52 64 67 67 65 65 63 61 56 50 41 40 38 36 38
©yÄõ
O3
04/19 32 28 29 26 24 19 24 39 34 34 38 41 50 56 50 51 49 43 31 25 22 24 24 19
©yÄõ
O3
04/20 19 19 21 21 19 18 15 20 35 45 58 63 66 67 67 66 65 65 61 60 60 55 46 39
©yÄõ
O3
04/21 34 29 29 27 26 33 28 31 26 29 46 49 53 53 53 48 46 41 37 22 21 22 23 22
©yÄõ
O3
04/22 21 21 20 17 14 15 15 26 42 49 50 43 42 38 33 32 29 29 27 18 19 17 15 13
©yÄõ
O3
04/23 9 13 13 14 13 12 11 17 21 30 34 37 39 48 52 51 45 37 33 31 26 25 18 12
©yÄõ
O3
04/24 18 15 16 12 13 16 10 19 24 26# NA 43 50 51 45 43 42 41 38 37 34 37 35 23
©yÄõ
O3
04/25 21 22 19 20 16 18 17 25 34 38 37 40 39 41 45 47 48 47 43 41 41 39 33 32
©yÄõ
O3
04/26 27 32 27 28 36 24 24 28 37 47 59 62 61 62 61 61 58 54 55 53 44 49 63 58
©yÄõ
O3
04/27 64 64 63 62 62 59 59 54 57 58 58 60 60 58 55 52 50 48 47 49 44 48 46 45
©yÄõ
O3
04/28 35 37 43 41 32 27 19 28 33 38 45 46 48 42 40 42 38 35 29 17 12 13 14 13
©yÄõ
O3
04/29 14 16 16 16 14 16 15 14 27 34 35# 38 37 29 27 27 25 23 19 18 16 8.6 8.7 10
©yÄõ
O3
04/30 11 11 8.4 12 16 14 17 22 29 34 37 43 45 45 51 41 31 36 34 30 26 23 23 17
©yÄõ
O3
ºÊ´ú¦~¤ë¡G2019/05¡A ´ú¯¸¡G©yÄõ¡A ´ú¶µ¡GO3¡]ppb¡^
©yÄõ
O3
¤é´Á 00 01 02 03 04 05 06 07 08 09 10 11 12 13 14 15 16 17 18 19 20 21 22 23
©yÄõ
O3
05/01 25 29 29 26 24 22 20 30 39 39 43 48 51 50 49 46 45 46 47 43 39 36 36 31
©yÄõ
O3
05/02 27 31 38 41 43 44 39 39 66 60 61 63 64 63 62 60 59 57 61 56 55 58 58 61
©yÄõ
O3
05/03 64 61 52 50 59 64 53 41 41 49# 47 48 50 57 58 61 59 56 44 38 38 38 43 46
©yÄõ
O3
05/04 46 44 39 36 40 34 39 48 53 52 55 57 55 56 46 46 43 40 38 38 39 40 41 39
©yÄõ
O3
05/05 36 34 35 31 35 41 37 29 32 56 61 60 57 54 53 48 43 39 29 28 35 37 31 37
©yÄõ
O3
05/06 40 38 38 44 50 49 40 32 42 45 43 37 44 48 46 47 47 44 47 45 46 48 52 53
©yÄõ
O3
05/07 53 50 49 48 51 59 55 48 49 52 57 54 47 53 52 52 47 47 51 48 32 35 40 47
©yÄõ
O3
05/08 44 36 35 33 35 39 30 27 27 38 40 NA NA NA NA NA NA NA NA NA NA NA NA NA
©yÄõ
O3
05/14 NA NA NA NA NA NA NA NA NA NA NA NA NA NA NA NA NA 0# 31x 21x 17x 18x 19x 20x
©yÄõ
O3
05/15 21x 20x 21x 20x 17x 17x 15x 13x 18x 31x 33# NA 27# 23# NA NA NA NA 31x 31x 21x 12x 15x 18x
©yÄõ
O3
05/16 18x 14x 14A 15x 13x 11x 10x 13x 28x 38x 42# 38# 38# 38# 30# 31 31 30 26 15 11 9.9 14 14
©yÄõ
O3
05/17 11 9.5 8.3 16 14 10 6.1 3.1 2.6 1.5 1.8 3.3 4.7 11 18 34# 31 27 23 17 10 6 4.7 1.2
©yÄõ
O3
05/18 2.8 5.2 7.4 5.6 4.1 7.9 11 16 27 22 30 34 31 27 28 26 29 26 18 11 12 12 4.2 7.3
©yÄõ
O3
05/19 6.9 7.2 8.7 7.9 8.5 12 12 15 24 30 41 46 44 44 44 37 32 31 26 20 9.7 7.9 9.7 12
©yÄõ
O3
05/20 16 9 9.6 14 14 12 15 17 24 13 29 38 58 59 52 49 39 41 40 36 37 37 43 40
©yÄõ
O3
05/21 32 28 36 33 34 29 30 36 62 66 69 72 71 72 72 70 64 61 57 48 42 36 33 36
©yÄõ
O3
05/22 43 47 42 33 33 41 41 42 41 59 64 67 66 66 59 54 43 35 28 27 36 33 32 32
©yÄõ
O3
05/23 28 27 28 29 28 31 28 21 16 46 64 59 55 59 58 58 50 54 50 38 31 31 39 46
©yÄõ
O3
05/24 43 44 38 36 35 37 24 29 36 46 51 51 53 53 51 51 49 38 35 31 30 30 31 30
©yÄõ
O3
05/25 30 29 24 25 25 24 21 33 32 37 50 45 49 51 48 45 41 38 33 31 31 28 27 26
©yÄõ
O3
05/26 23 19 16 18 16 17 17 24 33 42 48 54 53 43 46 40 36 31 30 28 26 21 18 17
©yÄõ
O3
05/27 17 16 16 12 10 13 12 14 18 27 37 47 40 30 33 34 45 44 33 26 17 15 17 19
©yÄõ
O3
05/28 14 12 11 9.1 9.6 12 13 19 22 22 38 38 42 45 49 50 52 52 50 49 47 42 42 43
©yÄõ
O3
05/29 43 42 43 44 41 38 38 40 45 45 45 46 50 50# 43 49 51 49 50 48 43 35 47 36
©yÄõ
O3
05/30 32 34 34 31 32 26 26 23 35 47 62 61 57 55 57 59 56 51 41 34 34 17 14 20
©yÄõ
NO2
01/01 3.6 2.8 1.8 1.8 0.9 1.7 1.7 2.8 6.9 6 5.1 4.3 4.6 4.8 5.9 6.8 5.7 6.3 5.6 6.9 4.4 3.2 4 3.8
©yÄõ
NO2
01/02 2.1 1.2 1 0.7 1 1 1.9 6.8 8.9 9.9 7.8 7.2 7.4 8.7 7.2 9.5 11 11 8.7 8.3 9.4 6 4.9 3.9
©yÄõ
NO2
01/03 1.9 1.2 0.8 0.4 0.3 0.4 1.2 6 11 12 9.7 7.9 6.5 5.7 4.9 6.7 13 14 12 6.4 6.9 7.2 5.6 1.9
©yÄõ
NO2
01/04 1.3 1.6 2.3 2.7 2.4 2.6 3.9 11 15 11 10 7.5 4.6 4.6 9.8 8.7 12 18 22 18 17 13 14 9.9
©yÄõ
NO2
01/05 9.6 13 10 9.3 7 6.8 6.8 7.5 9.4 10 10 8.3 6.9 5.8 5.2 11 19 20 19 16 14 12 12 13
©yÄõ
NO2
01/06 11 8.8 7.8 8.8 7.2* 8.1 8.3 9.2 9.5 7.9 7.4 8.5 6.7 6.2 6.3 6.4 6.5 8.7 7.8 7.5 6.6 5.8 5.6 4.8
©yÄõ
NO2
01/07 4.2 1.1 0.8 0.1 0.9 1.3 6.2 12 11 8.1 4.7 5.7 6 3.6 5.3 7.5 9.3 16 23 23 13 13 12 8.7
©yÄõ
NO2
01/08 7.2 6.1 6.2 5.6 4.7 4.6 9.9 13 15 9.2 9 7.6 6.4 6.1 5.9 6.5 7.7 11 11 10 8.2 5.9 3.8 3.6
©yÄõ
NO2
01/09 3.3 1.7 1.4 1.4 2.2 2.2 4.3 7.8 10 7.6 7 5.8 5.4 6.6 8.5 8.7# 13 14 13 9.4 10 10 4.2 2.8
©yÄõ
NO2
01/10 4.6 4.1 3.5 3.2 3.5 3.3 3.9 8.8 12 8.1 8.4 5.9 4.4 3.3 3.6 5.1 6.1 12 17 16 18 12 18 14
©yÄõ
NO2
01/11 7.7 6 5.1 3 3 3.9 5.6 11 9.7 7 4 3.8 3.9 3.5 4.8 5.1 -161.7* 11 12 14 14 12 7.4 8
©yÄõ
NO2
01/12 5.6 5.4 4.6 4.4 3 3 5.8 7.9 11 12 7.6 7.7 6.9 6.6 8.5 8.4 14 16 19 20 14 12 8.6 7.4
©yÄõ
NO2
01/13 7.2 5.3 5.3 4.5 4.1 3.8 3.2 4.2 5 6.1 5.4 6.6 8.7 6.9 7.3 6.2 7.3 6 6.4 4.9 6.5 9.1 4.5 3.4
©yÄõ
NO2
01/14 3 1.4 0.9 0.8 0.6 1 2 6.1 7.6 9.2 5.5 2.6 2.6 3.7 5.9 6.1 9.2 13 18 17 6.5 8.4 3 2.9
©yÄõ
NO2
01/15 3.2 2.2 1.5 2.3 0.9 1.7 4.7 8.3 9.5 4.7 3.7 4.7 4.2 3 3.3 3.3 5.3 7.3 10 8.2 4.7 3.8 2.9 2.6
©yÄõ
NO2
01/16 2.5 1.4 1.3 1.1 2 4.1 8.9 8 8.8 6.9 5.6 5.1 4.9 4.6 5 6.2 5.7 8.4 6.9 4.5 3.4 2.5 2 1.1
©yÄõ
NO2
01/17 0.7 1.2 1.5 1.3 1.3 1.5 3.7 8 9.9 8.1 6.6 7.5 4.9 5.4 5.2 5 6.8 8 11 9.3 5.1 5 4.3 3.9
©yÄõ
NO2
01/18 2.7 1.5 1.7 1.5 1.5 2.2 5 7.6 9.2 6 4 3.9 3.2 2.4 2.5 3.7 6 12 16 18 14 11 9.1 5.6
©yÄõ
NO2
01/19 2.2 2 1.9 1.2 0.8 1.1 2.3 5.4 8 11 7.8 6.4 4 3.8 3.2 4.4 4.9 6.9 8 8.9 8.6 4.2 2.8 1.9
©yÄõ
NO2
01/20 2 2.9 4.8 3.2 2.9 4.1 5.6 9.6 8.2 7.7 5.4 6.5 5.7 7.4 12 17 12 11 11 9.4 8.9 7.9 5.8 4.2
©yÄõ
NO2
01/21 3.9 2.3 2.3 1.7 1.3 1.2 1.7 3.1 5 5.1 5.1 5.3 4.6 5.1 6.1 5.4 4.6 6.6 4.9 4927* 4.1 2.2 1.9 2.1
©yÄõ
NO2
01/22 1.7 1.8 1.7 0.2 0.5 1.3 3.4 5.7 7.3# 6 6.9 8.1 7.7 6.7 8.3 9.2 8.6 9.3 13 -94.7* 8.7 6.3 5.9 5
©yÄõ
NO2
01/23 3.7 4.3 4.2 3.8 3.4 3 4 10 12 9.6 7.6* 5.5 5.2 5.1 7.7 8.1 8.4 12 18 12 7.4* 6.2 7.5 3.7
©yÄõ
NO2
01/24 4.2 2.3 1.7 1.5 1.7 3.1 7.1 7.6 10 13 15 13 8.3 6.4 7.2* 12* 13* 21 24 16 7.6 5.9 5.8 2.8
©yÄõ
NO2
01/25 1.7 1.5 1.2 0.9 0.8 1 1.8 6.4 8.2 8.4 6.8 3.4# 3.3# 4.5 4.2 5.7 7.1 9.4 8.7 7.3 6.4 8.1 10 8.2
©yÄõ
NO2
01/26 3.5 3.5 3.3 2.3 2 1.8 2.8 3.9 6.5 6.1 5.1 4.9 5.5 5 5 4.9 4.5 6.6 7.1 5.5 4.6 5.3 5.5 3.8
©yÄõ
NO2
01/27 2.1 1.1 1 0.7 0.4 0.7 1 2.1 2.9 4.7 5.4 5.1 3.5 3.4 2.8 4.1 5.5 5.7 5.5 4 4.2 3.8 2.4 2.2
©yÄõ
NO2
01/28 1.1 1.2 0.8 0.7 0.7 0.8 2 4.4 5.7 3.8 4.7 3.5 3.7 3.1 3.4 4.7 6.4 7.1 9.9 17 7.5 5.6 4.3 3.7
©yÄõ
NO2
01/29 3 1.2 0.8 1 1 1.5 3.5 5.5 8.2 8.6 5.8 8.3 10 5.4 6.1 12 15 14 16 24 14 7.7 7.7 3.7
©yÄõ
NO2
01/30 5.4 2.2 1.9 2.2 2.2 2.7 4.3 10 10 17 18 7.6 7.2 5.6# 5.8# 5 8.4 14 17 19 8.8 11 8.8 5.7
©yÄõ
NO2
01/31 8.2 2.7 2.3 1.9 2.1 2.7 4.2 9.6 8.1 6.3 5.2 6.7 4.9 4.6 3.8 5.5 12 14 11 5.8 5.2 5.4 4.8 3.6
©yÄõ
NO2
ºÊ´ú¦~¤ë¡G2019/02¡A ´ú¯¸¡G©yÄõ¡A ´ú¶µ¡GNO2¡]ppb¡^
©yÄõ
NO2
¤é´Á 00 01 02 03 04 05 06 07 08 09 10 11 12 13 14 15 16 17 18 19 20 21 22 23
©yÄõ
NO2
02/01 3.2 1.5 1.5* 1.2 1 1 1.4 2.6 3.4 2.9 4.9 5.5 6.1 5.5 6.1 7.1 9 8.7 8.9 6.2 5.5 6.1 4.6 3.2
©yÄõ
NO2
02/02 1.8 2.9 2.2 1.1 1.3 1.7 3.3 6.3 4.8 7.6 6.5 6 4.6 3.9 4.9 5.4 5.9 9.2 11 12 7.5 11 5.1 9.3
©yÄõ
NO2
02/03 6.1 6 2.8 3.9 2.3 2.2 3.7 6.7 4.2 5.4 6.3 6 4.3 3.9 4 3.6 5.3 8.3 11 12 12 13 12 8.6
©yÄõ
NO2
02/04 4.5 5.3 4.9 4.7 4.7 4.8 5.9 6.1 4.8 4.7 4.3 4.3# 6.6 6.4 6.3 7 7.3 8 6.2 5.4 9.7 11 11 8.6
©yÄõ
NO2
02/05 5.7 8.5 5.5 5 6.2 4 4.1 4.7 5 4.4 3.7 4.6 4 3.6 3.4 3.6 4.7 6.1 6.9 3.9 4.8 8.6 9.1 7.1
©yÄõ
NO2
02/06 5.2 1.3 1.5 1.4 1.1 1.6 1.8 1.9 2.6 1.5 2 2.6 3.1 2.8 3.3 3.2 4 6.1 8.1 9 15 8.1 5.7 5.9
©yÄõ
NO2
02/07 4.5 4 3.7 3.4 2.9 3.9 3.9 5.1 3.2 3.2 2.1 3.3 3.4 3.4 2.8 3.4 3.6 5.4 7.3 6 6 5.5 4.5 4
©yÄõ
NO2
02/08 3.3 1.7 1.5 1.1 0.9 0.9 0.9 1.3 2.4 1.8 3.1 3.5 2.7 2.4 3.5 3.9 4.2 3.8 3.3 2.7 2.1 1.6 2.9 2.4
©yÄõ
NO2
02/09 1.5 1.4 1.5 1.1 0.9 1.6 1.8 2.9 2.8 3.2 4.4 3.6 3.2 3.6 4.3 3.1 3.2 4.2 4.8 4.4 4.2 2.8 2.9 2.9
©yÄõ
NO2
02/10 1.4 1.7 0.9 0.5 0.3 0.6 0.9 1.7 1.9 1.7 1.7 2.5 2.4 2 2.4 2.5 3.5 4.4 5.6 6.1 5.7 6.2 4.2 3
©yÄõ
NO2
02/11 3.1 1.8 1.8 1 0.7 1.2 3.2 9.6 5.8 5.6 4.2 5.7 4.5 4.7 3.7 5.2 5.4 6.5 6.2 5.3 4.3 3.6 2.8 1.7
©yÄõ
NO2
02/12 1.7 0.8 0.6 0.4 0.7 1.1 2.9 8.8 6.1 4.3 3.6 3.9 2.7 2.8 2.8 2.1 5 6.5 5.9 6.5 8.3 6.2 5.8 5.6
©yÄõ
NO2
02/13 6 3.1 3.2 3.6 4.8 8.2 8 6.8 8 8.1 5.4 6.4 7.1 6.4 4.9 5 6.5 7.1 5.4 4.3 4 3.2 1.8 1.4
©yÄõ
NO2
02/14 1.2 1.6 1.4 1.9 3.1 5.8 4.7 13 10 5.4 5.3 4.7 4 3.5 4.2 4.2 5.1 6.1 8 8.1 6.7 5.8 5.2 5.7
©yÄõ
NO2
02/15 4.5 3 1.1 0.7 0.7 0.9 2.4 5.9 3.8 1.6 2 3.5 3.3 2.7 3.9 3.7 6.2 7.7 8.8 8.6 8.3 6.8 6 2.8
©yÄõ
NO2
02/16 1.8 1.8 1.7 1.6 1.5 1.4 1.8 4.6 6.9 6.9 5.9 4.7 5.9 4.7 5.5 4.9 4.3 6.8 7 7.7 6.2 4.2 3 1.9
©yÄõ
NO2
02/17 1.4 1.5 1.4 1.7 2.9 2.5 2.5 3.5 3.2 2.3 4.2 4.3 3.4 3.4 3 2.9 4.6 6.6 4.6 3.3 3 2.5 2.2 1.9
©yÄõ
NO2
02/18 1.4 0.5 0.3 0.2 0.2 1.1 6.7 10 12 9.6 5.3 7.8 6 6.7 4.3 3.5 5 7.2 14 15 12 11 12 8
©yÄõ
NO2
02/19 7.2 7.7 5.4 4.5 5.1 4.1 12 14 15 9.9# 6.3# 338# 9.3# 0.4# 257# 5.8# 6.5 9.6 11 9.9 9 8 5.2 4.7
©yÄõ
NO2
02/20 4.3 2.6 2.8 3.4 3.4 4.8 6.9 8.7 9.8 4.8 2.3 3 2 2.5 3.2 3.2 6.1 10 8.7 12 13 8.9 7.1 4.9
©yÄõ
NO2
02/21 4.1 4.6 4.2 3.6 2.8 2.9 4.1 8.3 10 8 6.2 7 4.8 5.8 4.8 4 6.4 11 13 8.7 9.3 6.3 5.6 4.8
©yÄõ
NO2
02/22 4.5 1.6 1.1 0.7 0.7 1.1 3.8 -295.4* 6.2# 5.3# 6.1# 6 5.1 6 6.5 6.9 9.9 9 8.2 7 6.5 5.9 4.7 4.4
©yÄõ
NO2
02/23 3.8 1.5 1.8 1.8 2.4 2.4 3.5 7.4 6.1 5.7 5.1 5.3 4.4 4.8 5.3 4.9 5.8 7.5 7.5 4.1 3.8 2.7 1.8 1.8
©yÄõ
NO2
02/24 1.9 1.3 0.7 0.6 0.5 0.9 1.2 1.5 3.2 4.7 4.3 2.9 3.3 3.3 5.7 6 3.9 8.4 13 13 7.7 6.8 6.7 4.9
©yÄõ
NO2
02/25 3.5 1.7 1.9 2 3.2 1.1 2.4 6.3 5.2 3.4 5.2 5.1 4.9 4.8 4.5 5.2 7.5 8 6.5 5.7 7.5 4.4 2.6 2.1
©yÄõ
NO2
02/26 1.3 1.3 1.1 1 0.8 1.2 2.6 5.8 9.6 4.6 4.5 4.8 4.8 4.8 4 3.9 6.4 8.3 8.3 8.4 7.7 6 5.1 8.1
©yÄõ
NO2
02/27 6.8 3.5 3.6 6 4.5 4.6 6.7 17 10 8.4 7.4 12 7.6 5.5 6.3* 7.7 9.7 14 23 18 11 18 16 15
©yÄõ
NO2
02/28 13 5.6 7.3 6.5 7.2 6.5 7.7 7.5 10 9.4 -22.4* 6.7 6.8 6.5 6.6 6.4 7.8 9.4 9.3 9.1 7.3 6.1 5.7 4.6
©yÄõ
NO2
ºÊ´ú¦~¤ë¡G2019/03¡A ´ú¯¸¡G©yÄõ¡A ´ú¶µ¡GNO2¡]ppb¡^
©yÄõ
NO2
¤é´Á 00 01 02 03 04 05 06 07 08 09 10 11 12 13 14 15 16 17 18 19 20 21 22 23
©yÄõ
NO2
03/01 4 1.9 1.3 1 0.6 0.9 1.6 4.9 7.9 4.7 3.4 7.6 4.8 3.4 4.4 6.1 9.5 13 12 12 12 9.5 12 8.4
©yÄõ
NO2
03/02 6.5 4.9 3.6 4.3 5.8 7.9 8.4 8.9 8.4 10 7.2 5.3 6.5 5 4.2 3.6 4.6 9.9 18 17 13 12 8.9 7.8
©yÄõ
NO2
03/03 6 2.8 2.6 2.3 2.2 2.8 2.5 2.9 4.5 3.6 4.1 3 4.4 4.4 3.2 2 1.8 4.7 12 15 15 10 4.3 4.3
©yÄõ
NO2
03/04 2.5 2.3 1.7 0.9 1.1 1.6 7.4 12 7.6 4.3 4.9 4.3 4.7 5 4.6 4.7 5.8 6.5 8.6 5.9 4.9 4.1 2.8 2.4
©yÄõ
NO2
03/05 1.9 2 2 1.9 2 2.4 2.6 6.5 10 13 12 16 8.6 5.1 5.5 4.6 6.9 13 13 9.8 6.6 4.2 4.5 3.8
©yÄõ
NO2
03/06 4.2 4.3 3.5 2.5 1.7 1.1 1.4 7.9 8.3 8.4 7.8 7.6 3.8 8.7 6.7 6.7 6.3 7.9 8.1 6.6 6.7 8.2 5.2 3.9
©yÄõ
NO2
03/07 3.4 1.6 1.5 1.4 1.1 1.4 4.7 10 7.9# 5.9# 4.2# 4.3# 12# 2.2# 6.3# 6.6# 5.2x 6.3x 8.5 7.1 6.6 6.6 5 3.7
©yÄõ
NO2
03/08 3.3 2.1 1.8 1.9 2.1 1.8 4.4 13 10 14 15# 4.6# -168395* 5.4 5 5.1 8.2 16 14 19 15 11 10 11
©yÄõ
NO2
03/09 8.6 4 4 4.2 4.6 4.6 5.6 13 19 19 13 8.3 8.8 8.6 12 13 12 13 21 28 20 20 15 7.4
©yÄõ
NO2
03/10 6.4 4.7 2.8 1.2 1.2 1.2 1.9 4.9 5.9 4 4.8 5 5 5.5 5.6 6.9 7.3 9 8.6 8.4 7 6 5.5 4.4
©yÄõ
NO2
03/11 3.8 2.2 1.7 1.8 1.7 1.7 6.1 9.2 6.6 6.6 6.2 3.8 5.2 5.3 4.9 5.6 8.4 10 11 10 9.1 5.8 6 3.7
©yÄõ
NO2
03/12 3.1 2.4 2.6 1.5 0.8 1.4 4.1 8.3 6.8 1.9# 3.5# 6.5 5.8 6.4 6.1 5.9 8.4 12 21 17 12 13 9.2 8.7
©yÄõ
NO2
03/13 4.8 1.7 1.9 1.4 1.4 2 5 9.5 21 18 6.1 5.8 7 9.4 9.4 9.1 11 11 12 10 7.8 7.4 6.7 4
©yÄõ
NO2
03/14 4.3 2.9 4 3.1 3.1 2.8 4.5 8.4 10 13 6 5.5 5 4.2 4.7 8.1 12 13 10 9.3 6.4 5.5 4.7 3.4
©yÄõ
NO2
03/15 4.2 1.8 2.7 2.5 2.3 2.7 4.8 6.5 5.4 7.2 5.9 6.1 5.9 5.3 3 3.2 6.4 12 9.8 10 7.5 4.2 3.2 1.8
©yÄõ
NO2
03/16 0.8 0.9 0.8 1 1.6 1.7 2.1 6 9 11 13 8.3 6.4 5.7 6.4 7.3 9.4 13 18 14 14 8.7 7.3 6.3
©yÄõ
NO2
03/17 6.3 3.1 3.2 5.2 6.5 5.6 7.7 6.8 8 12 16 12 7 6.8 5.3 6.6 5.8 6.3 6.3 5.7 6.2 4.7 5.3 5.9
©yÄõ
NO2
03/18 4 1.2 1.2 1.4 2 2.9 4.5 8.7 15 20 8.4 4.3 5.1 4.3 4 4.4 8.2 13 13 13 18 10 6.4 4.3
©yÄõ
NO2
03/19 4.8 2.6 3.2 4.3 3.8 3.4 5.3 7.7 8.4 8.5 6.8 5.8 6 5.4 4.4 5.2 4.9 4.6 5.5 6.9 7.2 7.7 5.6 4.8
©yÄõ
NO2
03/20 4 2.2 3 3.6 2.8 2.6 5.2 7.8 7.2 6.9 7.8 5.5 4.6 3.9 3.7 3.8 5.8 8.5 9.9 9.5 7.9 8.4 8.8 5.5
©yÄõ
NO2
03/21 7.3 6 7.2 5.1 3.7 4.3 8.2 7.8 14 13 9.7 8.3 10 6.8 6.1 5.3 5.9 8 8.5 8.2 8.4 10 6.1 6.7
©yÄõ
NO2
03/22 7 6.1 7.3 7.1 6 5.4 5.4 7.3 7.4 6.7 6.7 8.4 7.7 8.1# 6.9 7 9.5 12 11 9.6 8.1 8.2 5.3 4.1
©yÄõ
NO2
03/23 3.1 1.8 1.3 1.5 1.9 1.9 3.3 4.5 5.1 4.6 5.4 4.6 4.7 5.2 4.5 5.1 6.6 7.1 6 3.5 4.1 3.1 2.2 1.7
©yÄõ
NO2
03/24 0.9 1.1 0.9 1.2 1.1 1.1 2.7 3.2 3.3 6.4 5.6 7.5 5.5 4.2 6 7.1 7.3 8.5 7.3 7.9 7.5 6.2 6.6 4.9
©yÄõ
NO2
03/25 4 2.3 2.8 2.9 3 3.2 3.3 13 16 19 16 14 14 12 14# 15 15 18 12 14 13 19 19 11
©yÄõ
NO2
03/26 9.2 5.7 6.9 4.4 3.7 5 5.7 7.5 8.4 8.5 6.4 8.8 5.9# 5.2 5.4 5.7 7.8 12 12 9.5 9 8.1 7.3 7.8
©yÄõ
NO2
03/27 9.2 4.8 4.1 4.1 6.8 5.8 8.1 8.7 6.2 5 4.4 5.1 6.8 4.2 4.3 4.9 5.6 6.6 8.5 8.5 11 9.8 8.9 7.7
©yÄõ
NO2
03/28 5.6 3.8 4.6 3.5 5 3.2 5.1 7 8.8 4.6 6.2 4.2 4.5 4.3 4.3 3.8 5.7 7.1 10 9.9 12 12 5.6 5.5
©yÄõ
NO2
03/29 5 5.4 5 4.9 3.1 4.7 5.7 9 12 6 5.6 8.6 7 6.4 6.6 6.9 8.9 11 12 8.8 8.7 8 7.8 4.5
©yÄõ
NO2
03/30 3.1 1.6 1.3 0.9 1.1 1.3 2.4 2.7 3.3 3.9 3.4 3.1 4.3 3.8 4.5 5.4 6.5 7.6 6 5.1 4.3 2.8 2.7 1.8
©yÄõ
NO2
03/31 0.7 1.2 1.3 0.9 0.9 1 1.1 1.9 2.5 3.6 3.7 5.3 5.5 6 5.7 4.5 4.9 5.9 5.2 4.5 4.2 3.5 2.9 2.1
©yÄõ
NO2
ºÊ´ú¦~¤ë¡G2019/04¡A ´ú¯¸¡G©yÄõ¡A ´ú¶µ¡GNO2¡]ppb¡^
©yÄõ
NO2
¤é´Á 00 01 02 03 04 05 06 07 08 09 10 11 12 13 14 15 16 17 18 19 20 21 22 23
©yÄõ
NO2
04/01 1.9 1.3 1.1 0.9 0.7 1 2.6 4.6 5.8 8.1 5.9 6.4 7.3 6 6.1 6.5 9.1 7.8 6.7 4.7 4.2 3.1 2.5 1.6
©yÄõ
NO2
04/02 1.1 0.6 0.7 0.8 1 2.6 5.3 13 18 12 13 9.1 7.6 5.9 5.6# 5 7.4 7.1 17 17 14 9.6 7.7 6.1
©yÄõ
NO2
04/03 7.1 5.7 3.5 3.5 4.4 7 9 9.6 9.9 9.5 6.1 6.5 5.7 5.9 6.8 7.6 7.3 12 14 13 12 11 10 11
©yÄõ
NO2
04/04 9.5 5.7 4 2.5 2.9 3.2 4.7 4.3 4.9 4.8 5.2 5.8 7.1 5.5 4.1 4.2 5.9 7.5 9.9 8.9 8.9 7.9 9.2 7.8
©yÄõ
NO2
04/05 7.5 4.2 3.9 4 4.6 4.6 5.6 10 8 4.6 6.5 4.6 4.4 4.2 3.6 4.3 5.4 6.2 6.5 4.3 3.4 4.7 4.8 4.4
©yÄõ
NO2
04/06 3.4 1.2 1.2 1.2 0.7 0.7 1.6 2.1 2.4 1.3 1.3 2.9 3 2.5 2.4 2.4 3.1 3.9 5.5 6 6.8 6.1 7.7 5.4
©yÄõ
NO2
04/07 3.9 4.8 4.4 4.8 2.2 1.8 1.7 3.5 3.9 2.5 2.5 5.5 2.3 2.3 1.9 2.4 2.6 2.9 4 6.1 5.3 5.8 5.4 4.7
©yÄõ
NO2
04/08 3 2.4 3.5 3.6 2.1 2 4.5 4.6 3.7 3.6 3.6 2.9 2.5 2.7# 2.4# 2.7 3.2 5.4 7.2 7.6 8.2 6 4.3 4.2
©yÄõ
NO2
04/09 3.7 3.7 3.4 3.5 3 5 4.6 4.7 4.3 5 5.5 5.1 4 3.3 3.9 4.3 5.9 7.1 8.6 8.5 8.2 10 6.7 5.9
©yÄõ
NO2
04/10 4.3 3.2 2.4 1.8 3.1 4.1 4.9 6.1 8.3 5 2.5 4.7 5 4.8 5.4 6.8 7.2 7.8 7.6 5.7 5 6.1 4 3.4
©yÄõ
NO2
04/11 2.6 1.2 1.4 1.4 1.5 1.3 2.4 5.3 6.9 7.8 8.3 6.5 5.8 4.9 4.6 8.2 7.9 6.3 6.6 6.1 6.2 4.8 3.3 4.4
©yÄõ
NO2
04/12 2.7 2 1.2 1.3 1.5 2.1 3.8 6.2 5.4 5.1 5.6 6.3 4.6 4.4 5 4.6 5 6.6 6 5.8 4.2 3.3 3.1 2
©yÄõ
NO2
04/13 1.4 1 0.8 1.1 1.1 1.9 4.8 4.2 3.4 4.5 3.6 3.6 3.7 3.1 4.8 7.4 12 13 9.9 7.6 7.1 7.6 8.8 5.2
©yÄõ
NO2
04/14 4.2 3.1 3.9 3.1 2.4 3.4 4.6 2.9 1.9 3.2 3 2.5 4 3.7 3.4 4.1 6.9 8.7 8.2 7.3 6.3 3.4 2.3 2.4
©yÄõ
NO2
04/15 4.1 3.2 2.7 2.2 1.7 1.8 3.5 9.7 11 8.5 6.2 4.9 5.6 6.2 5.9 8.2 6.6 8 8.3 7.1 5.1 10 6.9 4.1
©yÄõ
NO2
04/16 3.2 1.8 1.7 2.1 2.4 2.6 4.9 9.9 10 11 9.8# 6.9 13 14 14 14 12 14 20 24 18 20 10 11
©yÄõ
NO2
04/17 7.7 7.3 5.3 4.3 3.6 4.2 3.7 6.5 5.9 4.5 4.6 4.9 5.4 4.8 4.7 6 7.5 7.8 10 7 6.2 6.7 7 3.8
©yÄõ
NO2
04/18 3.4 1.5 1.2 0.7 1.1 2.1 3.5 4.6 3.3 4.3 3.1 2.8 2.4 2.3 1.4 1.7 2.5 4.2 5.5 7.9 6.5 6.8 4.7 3.5
©yÄõ
NO2
04/19 3.4 4.1 3.9 2.3 3.3 4.3 4.6 4 5.4 6.1 5.6 5.5 5.1 3.5 3.9 4.2 5.8 10 11 12 12 8.1 4.6 5.9
©yÄõ
NO2
04/20 4.9 3.8 2 2.4 3.1 3.5 7.1 5.5 5.7 5.7 6.1 4 4.1 3.8 3.6 5.2 5.3 4.9 4.8 5.6 4.7 4.5 4.6 4.1
©yÄõ
NO2
04/21 3.6 2.1 1.1 1.4 1 1.1* 1.4 1.6 1 1.1 1.9 1.9 1.9 2.2 2.1 2.5 3.2 4.8 5.6 7 6.1 4.6 4.2 3.1
©yÄõ
NO2
04/22 2.1 1.8 1.4 1.3 2.3 1.9 3.6 5.1 4.1 3.2 2.1 1.2 1.1 0.7 1.3 1.7 2.8 3.6 4.5 4.4 4.2 4 3.7 4
©yÄõ
NO2
04/23 2.4 2.7 2.3 2.3 2.6 3 5.5 7.9 6.2 3.7 3.7 3.4 2.7 1.9 2 2.7 3.8 3.8 3.5 3.6 3.9 3.3 4.1 4.8
©yÄõ
NO2
04/24 4 3.4 2.3 2.2 2.9 3.5 6.7 4.4 6.4 5.8# NA 1.1# 4.2 4.6 3.4 3.3 5.5 6 6.5 5.5 5.3 6.1 4.6 4.9
©yÄõ
NO2
04/25 4 2.7 2.8 2.9 2.4 1.8 2.2 2.5 2.1 2.7 2.1 1.7 1.9 1.7 1.7 1.9 4.3 6.8 6.6 5.7 4.2 4.1 4.7 4.6
©yÄõ
NO2
04/26 4.4 3.8 3.5 3.5 3 3.2 3.4 4.8 7.2 4.8 3.6 3.6 4 2.2 2.9 3.2 4.3 7.8 6.9 6 4.6 4.3 2.9 2.8
©yÄõ
NO2
04/27 2.2 1.3 1.7 1.6 1.5 2.8 3 3.8 5.3 4.9 5 5.4 5.3 5.2 5 7.2 7.1 7.5 7.2 5.4 7.6 4.6 5.4 4.3
©yÄõ
NO2
04/28 4.1 2.7 2.5 1.7 1.7 2.2 3.6 3.2 3.9 4.7 3.2 3.5 3.3 4.2 5.6 4.2 3.1 4.4 9.1 14 12 11 7.3 6.1
©yÄõ
NO2
04/29 5.6 3.6 4.3 3.4 3.2 3.1 4.6 6.3 6.6 6.7 5.3 197# 3.3 2.9 2.9 3.2 5 5.8 7.9 7.9 8.3 11 6.6 7.3
©yÄõ
NO2
04/30 6.3 2.8 5.1 5.4 3.4 3.9 3.2 4.3 3.4 4.4 4.1 3.8 2.7 2.7 2.2 3.1 5.3 6.7 8.1 7.1 6.3 5.4 3.7 4.5
©yÄõ
NO2
ºÊ´ú¦~¤ë¡G2019/05¡A ´ú¯¸¡G©yÄõ¡A ´ú¶µ¡GNO2¡]ppb¡^
©yÄõ
NO2
¤é´Á 00 01 02 03 04 05 06 07 08 09 10 11 12 13 14 15 16 17 18 19 20 21 22 23
©yÄõ
NO2
05/01 4.1 1.9 1.9 1.8 1.9 2 2.8 7.1 6.6 7.3 5.2 3.8 3.2 2.9 4.3 6 5.5 5.6 4.9 5.8 8 4.9 3.4 2.8
©yÄõ
NO2
05/02 2.5 2.1 1.8 1.6 1 1.4 3.4 7.3 8.3 8.6 6.9 4.8 4.9 4.1 4.2 4.4 6.1 8.1 5.9 5 4.6 6 3.5 2.2
©yÄõ
NO2
05/03 1.7 1 1.4 1.2 0.7 0.6 2.3 6.3 5.1 7# 10 8.5 4.7 3.1 2.6 2.4 3.2 4.9 6.2 5.8 5.7 4.4 3.1 2.2
©yÄõ
NO2
05/04 1.5 2.2 1.9 3.4 2.4 1.7 1.3 1.9 3.3 4.5 4.1 3.4 2.5 2.6 4.4 3.9 7.5 6.1 5.2 4.3 4.2 2.5 2.3 1.6
©yÄõ
NO2
05/05 2.1 1.5 0.9 0.8 2.7 3.7 3.4 2.4 2.2 2.3 1.7 1.8 3.8 4.8 4.6 4 5 6.2 7.6 7.4 9.4 4.8 3.4 3.3
©yÄõ
NO2
05/06 2.8 1.4 1.1 0.6 0.2 0.5 2.2 6.9 4.4 6.9 5.2 7.7 3.9 4.8 3.6 4.3 5.8 7.8 5.8 6.9 6.8 3.3 1.1 0
©yÄõ
NO2
05/07 0 1 1 1.3 1.6 3.1 6.7 13 8.3 8.9 6.3 5.6 4.7 3.8 6.2 5.2 6.4 8.5 5.2 4.9 6.6 6.2 3.3 1.7
©yÄõ
NO2
05/08 1.7 1.8 1.1 0.8 1.2 0.8 1.7 5.4 8.1 8.1 7.4 NA NA NA NA NA NA NA NA NA NA NA NA NA
©yÄõ
NO2
05/14 NA NA NA NA NA NA NA NA NA NA NA NA NA NA NA NA NA -1.8# 8.2x 5.6x 3.4x 3.6x 2.5x 1.4x
©yÄõ
NO2
05/15 1x 1x 0.9x 0.8x 0.8x 1.1x 1.6x 5.1x 5.2x 3.7x 0.5# NA 3.5# 3.2# NA NA 8.6# 8.9x 9.6x 8.3x 8.5x 9.6x 5.3x 2.9x
©yÄõ
NO2
05/16 2.3x 2.9x 2.7x 2.2x 1.9x 2.6x 5.1x 3x 4.1x 3.6# 2.9x 2.2x 3.3x 3.8x 5.5# 2.8x 4.6x 6.6x 7* 7* 9.2* 6.8* 3.3* 2.7*
©yÄõ
NO2
05/17 2.8* 4.5* 3.8* 4.2* 3.6* 2.8* 4.1* 8.3* 9.2* 8.3* 11# NA NA 6.8# 4.7# 4.5x 6.9# 8.9 11 14 14 14 8.6 12
©yÄõ
NO2
05/18 11 4.8 3.1 3.9 3.8 2.6 3.1 4.4 9.7 4.1 3.1 3 5.8 7.4 5.3 5.9 4 4.8 10 16 8.5 6.4 10 8.3
©yÄõ
NO2
05/19 6.1 4.6 3.4 3.6 4.2 4.2 3.5 3.5 4.7# 3.9 4.6 2.6 3.1 2.8 2.4 2.2 3.3 4.8 6.9 8.1 10 9.5 7 5.7
©yÄõ
NO2
05/20 3.1 4.7 3.6 2.4 1.9 3 3.6 7 5.6 12 9.7 11 8.1 9.2 11 6.1 7.9 6.9 6.1 5.5 4.8 3.9 2.2 1.4
©yÄõ
NO2
05/21 1.6 2.5 1.4 0.8 1.2 1.7 4.1 5.5 2.3 2.8 3.2 3 3.9 3.5 3.7 2.2 4.4 5 7.9 6 6.8 6 4 2.2
©yÄõ
NO2
05/22 1.7 1.4 2.1 4.1 1.8 2.2 3.6 9.4 7.7 4.2 2.6 3.3 3.6 3.3 4.9 6.1 8.4 8.9 12 12 7.3 5.4 6.5 4.6
©yÄõ
NO2
05/23 4.6 5.9 4 3.2 3.6 2.9 3.8 11 12 7.4 5 6.7 10 5.6 4.2 4.7 7.5 6.7 6.5 7.7 7.5 7.9 6.1 3.7
©yÄõ
NO2
05/24 2.7 2.6 2.2 1.7 1.9 2.8 5.1 7.6 7.6 6.2 6.8 6.4 4.9 3.8 4.4 5.3 6.3 9.2 10 8.4 6.8 9.9 5 3.1
©yÄõ
NO2
05/25 3 1.6 1.4 1.6 1.1 1.9 5.7 4.1 5.5 6.2 4.6 6.1 4.2 3.6 4.3 5.2 7.7 9.2 11 9.1 6.4 5.9 5.3 4.4
©yÄõ
NO2
05/26 4.2 5 5.7 4.8 4.6 4.9 5.1 1.9 7.5 6.3 4.6 2.9 2.7 3.6 3.2 3.6 5.1 6 5.7 6.9 6 5.7 5.7 4.1
©yÄõ
NO2
05/27 4.2 3.9 3.1 2.5 4.6 4.1 3.6 7.5 4.8 7.8 4.9 5 5.2 6 6.1 5.6 4.3 5.5 9.4 15 8.9 8.2 5.1 4
©yÄõ
NO2
05/28 3.7 4.4 4.1 3.8 4.4 4.1 4.3 4.4 6.3 8 6.6 8.9 8.7 6.7 5.3 4.5 5.5 6 6.7 6.3 4.6 4.7 3.2 2.9
©yÄõ
NO2
05/29 2.7 0.9 0.7 0.3 0.4 1.1 1.9 2.9 2.1 2.2 3.6 5.5 5.3 5.8# 4.9 4.4 7.4 5.6 5.1 4.9 4.8 4.8 3.1 3.8
©yÄõ
NO2
05/30 1.7 1.4 1 0.7 0.8 0.9 2.3 7.5 5.7 6.8 2 2.6 2.1 3.2 3.5 3.6 3.7 4.1 6.6 7.8 4.1 8.1 8.4 4.1
