新竹
PM10
01/01 19 8 14 11 9 8 10 15 9 11 16 11 9 12 16 16 16 11 11 9 11 9 9 10
新竹
PM10
01/02 8 10 12 9 10 7 8 9 8 12 17 10 16 13 15 13 21 10 14 13 10 9 10 11
新竹
PM10
01/03 17 13 11 7 8 7 11 9 13 12 11 8 16 10 12 14 13 12 17 13 10 11 11 12
新竹
PM10
01/04 11 19 18 17 18 13 13 21 38 54 66 67 43 37 40 47 41 33 30 42 47 58 62 54
新竹
PM10
01/05 52 56 58 57 54 59 55 53 57 58 62 56 57 60 49 43 46 44 36 39 43 23 8 9
新竹
PM10
01/06 9 15 8 4 11 10 11 17 14 13 16 11 16 17 18 18 20 22 25 24 23 16 12 14
新竹
PM10
01/07 14 14 12 13 13 11 13 21 24 24 33 41 38 42 39 42 45 42 46 47 50 47 57 62
新竹
PM10
01/08 45 40 44 40 40 46 39 42 21 16 25 17 16 18 16 22 21 21 22 19 23 13 16 12
新竹
PM10
01/09 10 11 10 13 13 12 11 13 15 36 20 14 17 19 13 16 21 28 22 21 29 22 26 25
新竹
PM10
01/10 26 22 26 30 31 32 36 39 53 57 59 1000# 69 83 76 74 87 82 80 81 70 58 63 69
新竹
PM10
01/11 80 81 76 73 75 59 74 71 68 70 72 89 86 77 77 79 100 92 82 103 94 115 136 117
新竹
PM10
01/12 66 44 43 49 49 54 64 52 53 53 45 44 44 47 41 38 33 40 42 41 38 31 25 34
新竹
PM10
01/13 37 30 28 23 26 24 26 33 33 31 34 43 34 41 47 42 41 37 30 31 23 21 25 23
新竹
PM10
01/14 18 21 22 20 23 26 27 29 37 61 37 49 38 36 48 35 46 40 37 44 33 37 32 42
新竹
PM10
01/15 34 35 46 48 54 61 53 45 72 87 76 67 48 53 58 58 61 59 57 47 42 32 33 39
新竹
PM10
01/16 39 34 31 26 29 20 19 16 21 24 26 27 26 1000# 29 21 16 11 17 11 12 12 9 6
新竹
PM10
01/17 7 8 7 17 19 19 24 38 36 38 37 36 37 35 42 47 73 71 72 53 59 57 52 50
新竹
PM10
01/18 46 52 49 50 53 48 45 48 47 44 47 44 33 42 42 50 52 49 48 47 37 35 37 42
新竹
PM10
01/19 35 45 58 59 62 83 86 85 94 92 78 81 81 74 85 87 84 97 89 84 88 85 87 72
新竹
PM10
01/20 60 88 85 71 84 90 88 81 74 60 56 55 69 68 93 104 92 96 104 82 69 69 47 44
新竹
PM10
01/21 42 45 47 43 47 42 40 37 37 31 23 29 24 30 24 39 30 26 28 46 47 36 26 30
新竹
PM10
01/22 22 37 36 35 39 38 44 46 49 52 54 61 64 60 66 66 62 63 58 63 65 54 55 60
新竹
PM10
01/23 56 49 47 49 50 53 55 56 68 60 71 57 51 56 64 64# 1000# 73 75 71 73 68 65 66
新竹
PM10
01/24 58 56 57 65 62 57 59 63 64 64 65 64 59 57 1000# 56 63 56 61 62 56 56 57 52
新竹
PM10
01/25 48 51 50 45 40 44 36 42 53 62 71 67 60 65 61 68 67 65 72 70 61 51 54 51
新竹
PM10
01/26 53 46 51 52 44 38 40 46 52 57 69 65 69 77 76 60 54 51 42 40 36 34 31 28
新竹
PM10
01/27 31 33 32 29 27 32 32 31 33 32 34 29 29 22 28 27 25 28 29 31 23 25 28 26
新竹
PM10
01/28 23 27 22 24 24 24 24 31 34 42 37 47 40 34 35 34 38 43 38 36 45 45 44 43
新竹
PM10
01/29 39 36 32 29 31 26 30 26 35 35 20 20 19 38 47 49 43 39 33 69 60 56 63 63
新竹
PM10
01/30 58 53 52 48 51 52 85 68 75 78 73 64 66 63 68 66 66 84 90 105 91 57 37 29
新竹
PM10
01/31 29 26 22 20 18 29 39 45 62 71 53 50 39 36 42 43 41 60 59 50 48 45 51 43
新竹
PM10
監測年月：2019/02， 測站：新竹， 測項：PM10（μg/m3）
新竹
PM10
日期 00 01 02 03 04 05 06 07 08 09 10 11 12 13 14 15 16 17 18 19 20 21 22 23
新竹
PM10
02/01 33 32 31 32 28 33 36 39 46 44 45 46 47 46 50 49 33 34 35 41 39 47 34 41
新竹
PM10
02/02 41 47 37 38 36 37 32 38 44 56 62 59 71 77 80 74 74 79 96 105 109 108 103 93
新竹
PM10
02/03 95 88 79 62 50 43 43 46 48 50 63 60 58 64 68 66 59 62 66 56 66 68 72 68
新竹
PM10
02/04 104 89 87 67 65 36 32 32 22 26 36 42 49 45 55 59 65 72 62 77 86 78 78 75
新竹
PM10
02/05 75 87 85 74 78 75 63 84 82 69 84 105 99 84 95 91 68 56 54 63 73 79 97 101
新竹
PM10
02/06 89 85 59 48 27 33 31 33 43 52 54 55 86 88 59 61 57 57 56 54 68 54 67 73
新竹
PM10
02/07 71 65 54 50 48 42 48 62 75 68 41 33 44 27 53 63 58 53 55 64 69 45 50 45
新竹
PM10
02/08 35 36 38 25 24 30 36 41 37 25 17 25 1000# 26 24 34 29 32 31 31 31 33 38 35
新竹
PM10
02/09 31 22 30 30 28 29 31 32 29 33 27 24 14 16 17 22 15 17 16 19 15 13 14 15
新竹
PM10
02/10 16 15 13 14 13 13 15 11 14 19 20 20 22 22 20 25 26 34 32 27 19 19 21 24
新竹
PM10
02/11 33 26 23 8 9 8 8 6 15 14 16 14 19 21 16 16 16 20 12 18 17 19 15 17
新竹
PM10
02/12 18 17 21 11 16 20 15 16 24 23 29 26 25 26 26 29 36 41 24 34 34 37 32 32
新竹
PM10
02/13 35 35 42 39 24 23 23 25 27 30 1000# 28# 28 25 34 29 29 32 31 32 28 30 30 29
新竹
PM10
02/14 31 26 28 31 40 32 30 35 14 31 34 42 35 38 34 41 36 27 33 33 34 30 28 32
新竹
PM10
02/15 23 23 28 48 54 44 34 46 36 42 36 41 58 58 54 52 50 54 56 66 74 80 85 78
新竹
PM10
02/16 74 63 50 54 54 43 40 30 31 44 33 33 34 29 20 18 26 26 23 23 21 17 18 12
新竹
PM10
02/17 12 17 16 12 11 15 14 17 23 16 23 21 26 21 30 27 21 22 21 18 14 11 12 8
新竹
PM10
02/18 9 9 10 10 14 12 11 18 25 24 41 1000# 23 19 23 23 29 31 42 44 51 53 52 55
新竹
PM10
02/19 66 19 10 13 11 15 15 22 37 38 28 30 32 40 34 28 36 45 56 84 118 122 79 90
新竹
PM10
02/20 84 73 59 58 60 63 58 69 81 98 90 60 57 57 60 77 124 114 69 68 68 72 68 84
新竹
PM10
02/21 112 109 78 59 46 26 29 41 34 37 49 53 49 58 54 49 49 43 32 21 20 22 32 39
新竹
PM10
02/22 47 39 21 14 20 19 21 23 27 27 27 32 25 25 17 18 14 14 13 15 19 26 21 25
新竹
PM10
02/23 24 23 29 26 24 26 24 30 39 41 46 45 39 39 36 34 35 34 30 25 27 27 20 19
新竹
PM10
02/24 22 18 16 10 11 8 11 11 7 14 13 13 11 11 17 19 9 16 19 23 25 24 22 20
新竹
PM10
02/25 17 26 26 24 29 21 17 24 32 37 38 35 1000# 29 43 44 46 41 34 42 45 39 32 30
新竹
PM10
02/26 37 35 30 34 28 39 37 38 42 38 38 43 43 49 42 40 49 49 50 51 48 49 44 45
新竹
PM10
02/27 42 49 51 47 55 69 48 53 84 111 93 79 61 48 36 28 25 35 33 37 52 73 61 61
新竹
PM10
02/28 70 73 87 73 73 58 65 65 50 46 45 28 14 22 24 26 31 30 43 42 33 31 27 24
新竹
PM10
監測年月：2019/03， 測站：新竹， 測項：PM10（μg/m3）
新竹
PM10
日期 00 01 02 03 04 05 06 07 08 09 10 11 12 13 14 15 16 17 18 19 20 21 22 23
新竹
PM10
03/01 23 32 35 29 27 29 33 30 28 38 37 38 42 43 37 49 55 60 63 62 59 48 52 50
新竹
PM10
03/02 57 56 61 59 61 70 74 63 42 44 66 121 105 88 91 97 91 105 105 105 131 119 116 143
新竹
PM10
03/03 126 152 133 103 143 125 127 119 133 130 20 10 13 15 12 12 11 14 17 32 42 39 42 41
新竹
PM10
03/04 30 34 37 38 31 31 25 30 29 27 31 38 45 43 46 47 43 41 42 39 38 39 39 37
新竹
PM10
03/05 33 36 38 39 36 35 35 33 39 40 1000# 37 46 44 54 70 83 48 25 18 10 14 14 15
新竹
PM10
03/06 13 8 9 19 16 7 12 17 24 1000# 33 28 34 32 31 21 26 36 36 31 30 23 22 25
新竹
PM10
03/07 21 23 27 24 18 22 21 25 27 32 37 63 67 55 72 88 92 73 71 58 62 48 39 40
新竹
PM10
03/08 44 37 33 34 21 18 15 21 24 22 23 24 24 26 23 21 21 22 24 27 21 22 33 40
新竹
PM10
03/09 32 32 23 26 27 15 14 16 16 20 14 18 17 17 14 13 17 23 13 16 23 35 38 42
新竹
PM10
03/10 29 21 14 18 18 17 17 21 23 21 23 17 21 18 17 17 20 20 24 32 32 36 32 24
新竹
PM10
03/11 40 56 65 79 71 62 56 51 50 52 51 57 52 46 44 46 53 43 50 49 45 44 46 39
新竹
PM10
03/12 33 39 44 38 42 48 45 44 50 54 58 68 70 82 73 57 60 62 68 70 60 59 53 50
新竹
PM10
03/13 42 48 47 51 41 48 51 57 86 66 59 77 76 60 52 49 45 38 36 36 29 30 29 32
新竹
PM10
03/14 33 34 36 40 43 43 51 66 88 92 1000# 82 134 77 77 71 75 68 58 48 51 50 30 32
新竹
PM10
03/15 36 25 17 13 11 13 21 25 21 23 32 29 30 34 39 42 42 40 41 40 33 28 28 33
新竹
PM10
03/16 30 32 35 40 42 36 35 42 40 40 45 49 40 44 49 50 56 49 50 52 49 50 54 52
新竹
PM10
03/17 46 49 43 40 47 47 44 42 51 50 49 36 43 57 48 56 52 44 39 40 38 30 32 30
新竹
PM10
03/18 33 36 39 47 53 53 55 50 50 57 57 53 42 50 43 42 50 59 63 74 86 86 82 84
新竹
PM10
03/19 82 77 75 84 79 87 92 78 65 66 68 77 73 1000# 51 57 53 52 41 32 31 29 31 28
新竹
PM10
03/20 39 55 53 51 55 61 62 67 84 103 104 84 73 68 84 104 94 70 68 64 63 55 53 52
新竹
PM10
03/21 46 40 38 37 30 30 35 34 40 44 57 53 1000# 52 53 52 45 37 38 42 41 43 46 45
新竹
PM10
03/22 51 65 62 58 75 80 69 63 69 67 70 65 63 62 49 44 37 38 33 29 25 31 28 22
新竹
PM10
03/23 19 21 23 21 18 16 21 30 27 26 22 22 25 28 36 29 30 31 30 32 33 29 25 28
新竹
PM10
03/24 23 26 24 23 18 21 18 19 25 25 24 29 27 32 26 28 31 32 32 36 32 28 29 28
新竹
PM10
03/25 25 23 22 26 23 26 31 27 31 29 32 35 26 18 25 25 26 33 42 49 50 70 68 62
新竹
PM10
03/26 43 25 26 26 24 25 28 31 32 37 38 41 38 42 41 46 47 51 44 42 44 43 37 37
新竹
PM10
03/27 38 46 57 59 49 49 49 57 71 57 65 54 55 50 45 39 37 35 46 48 43 37 53 47
新竹
PM10
03/28 44 61 64 73 71 90 82 71 53 51 49 42 48 53 40 42 40 42 43 40 41 39 35 28
新竹
PM10
03/29 32 28 31 32 31 64 64 71 64 58 48 46 46 45 52 52 59 64 62 68 63 52 21 25
新竹
PM10
03/30 16 15 25 22 23 30 27 28 28 23 24 36 41 43 49 44 51 46 41 40 40 33 34 38
新竹
PM10
03/31 37 47 50 51 52 50 56 60 67 58 41 61 67 63 54 49 49 47 40 36 26 25 34 35
新竹
PM10
監測年月：2019/04， 測站：新竹， 測項：PM10（μg/m3）
新竹
PM10
日期 00 01 02 03 04 05 06 07 08 09 10 11 12 13 14 15 16 17 18 19 20 21 22 23
新竹
PM10
04/01 22 26 19 19 24 25 23 15 19 19 24 23 28 22 22 22 23 35 34 35 26 23 24 23
新竹
PM10
04/02 21 24 28 32 31 33 38 42 37 40 46 48 46 48 55 46 43 41 37 41 43 46 41 39
新竹
PM10
04/03 40 33 42 39 38 33 37 30 34 37 37 NA 37 33 33 40 38 36 40 41 58 31 43 37
新竹
PM10
04/04 38 41 34 32 38 37 35 32 35 35 37 31 32 40 37 40 38 32 31 33 31 31 31 37
新竹
PM10
04/05 42 44 46 56 65 59 56 44 38 43 45 40 27 23 27 21 25 31 29 37 36 37 34 38
新竹
PM10
04/06 28 28 25 29 31 26 33 38 42 43 36 30 28 30 32 28 23 29 28 40 63 65 64 67
新竹
PM10
04/07 69 57 64 63 67 61 64 68 63 57 58 50 57 59 57 57 62 59 55 61 62 67 66 65
新竹
PM10
04/08 71 75 69 60 51 56 59 72 68 56 61 66 51 48 47 49 52 51 57 49 54 55 60 66
新竹
PM10
04/09 52 59 56 53 58 59 61 67 68 70 69 76 58 55 59 46 48 93 46 43 40 49 42 37
新竹
PM10
04/10 39 37 33 36 46 47 46 50 56 53 52 41 40 41 39 58 51 51 46 43 24 19 15 12
新竹
PM10
04/11 19 15 12 17 18 15 12 22 31 37 1000# 30 35 49 40 27 22 13 17 19 15 14 13 16
新竹
PM10
04/12 17 21 21 22 30 29 32 35 36 40 37 39 37 40 39 36 35 33 38 36 34 34 30 29
新竹
PM10
04/13 22 22 31 30 29 31 38 36 33 30 42 37 27 22 31 32 39 31 31 32 39 43 47 47
新竹
PM10
04/14 50 60 43 32 33 39 39 35 38 36 36 35 35 30 27 27 26 28 29 22 26 21 60 57
新竹
PM10
04/15 48 46 44 43 49 53 53 56 60 59 50 55 50 51 1000# 42 46 45 46 42 46 44 43 40
新竹
PM10
04/16 31 37 41 43 34 28 33 31 24 25 29 31 24 18 22 22 44 55 56 62 65 83 81 84
新竹
PM10
04/17 77 65 72 62 62 59 48 46 33 33 39 32 29 32 41 40 46 51 56 65 54 53 43 43
新竹
PM10
04/18 42 40 42 38 44 55 64 60 66 64 61 62 57 57 50 49 43 39 39 37 48 43 46 44
新竹
PM10
04/19 39 41 44 44 43 49 41 50 54 51 65 65# 1000# 61 79 78 61 64 57 64 73 86 80 60
新竹
PM10
04/20 51 53 49 49 46 48 40 26 31 32 28 33 36 31 31 34 39 42 52 54 53 37 32 37
新竹
PM10
04/21 43 24 14 10 9 15 17 28 26 27 34 27 30 27 41 32 18 20 31 25 33 33 29 31
新竹
PM10
04/22 30 33 31 26 39 32 37 45 37 38 34 35 37 42 40 40 36 33 35 33 32 37 30 28
新竹
PM10
04/23 25 33 43 42 46 41 35 35 29 36 58 42 57 46 40 34 38 37 31 33 41 33 28 28
新竹
PM10
04/24 25 30 36 41 39 44 34 32 38 35 37 49 34 41 35 40 41 37 38 34 40 39 28 36
新竹
PM10
04/25 30 36 38 32 36 31 34 32 33 35 48 47 49 42 53 53 57 50 35 38 41 40 40 34
新竹
PM10
04/26 45 53 48 42 42 45 41 42 43 38 35 40 40 38 44 34 39 38 40 46 44 50 40 37
新竹
PM10
04/27 38 31 37 32 33 34 38 32 29 32 28 32 42 31 28 25 26 21 20 22 26 19 23 28
新竹
PM10
04/28 32 23 24 19 31 36 28 32 74 77 73 73 59 56 43 34 23 36 36 39 42 48 46 49
新竹
PM10
04/29 47 32 35 32 43 44 42 45 53 57 1000# 46 50 44 39 36 38 31 35 27 37 39 39 46
新竹
PM10
04/30 41 42 43 45 41 41 46 52 47 52 56 49 38 43 35 35 38 33 34 39 36 26 36 36
新竹
PM10
監測年月：2019/05， 測站：新竹， 測項：PM10（μg/m3）
新竹
PM10
日期 00 01 02 03 04 05 06 07 08 09 10 11 12 13 14 15 16 17 18 19 20 21 22 23
新竹
PM10
05/01 33 31 12 21 7 9 8 8 10 13 11 11 11 8 11 15 21 24 29 29 21 28 39 37
新竹
PM10
05/02 35 51 67 76 89 89 89 103 116 67 67 60 51 38 38 35 34 39 40 39 36 29 22 21
新竹
PM10
05/03 13 34 37 32 38 39 40 47 56 63 69 69 68 67 45 52 66 72 60 50 49 45 41 36
新竹
PM10
05/04 37 35 33 33 33 39 34 35 40 23 22 21 11 20 18 32 24 27 27 30 26 18 23 25
新竹
PM10
05/05 23 20 21 26 25 20 21 28 25 28 24 30 34 34 30 29 31 29 28 34 33 31 26 23
新竹
PM10
05/06 22 22 22 24 26 25 19 17 28 29 26 29 23 24 24 17 18 20 22 27 23 24 26 21
新竹
PM10
05/07 15 18 14 20 24 23 21 20 18 23 24 27 28 24 40 41 39 37 27 34 39 35 27 24
新竹
PM10
05/08 16 21 28 26 29 21 32 37 36 37 31 1000# 33 28 31 29 31 32 37 28 22 26 32 29
新竹
PM10
05/09 36 21 20 37 38 29 24 16 18 17 11 16 20 16 21 26 24 22 29 28 28 28 30 17
新竹
PM10
05/10 12 29 29 25 22 23 29 24 17 19 26 28 34 26 28 22 24 37 37 35 33 33 30 30
新竹
PM10
05/11 22 22 23 20 17 24 32 28 22 26 28 28 30 35 38 41 41 41 40 36 29 29 29 21
新竹
PM10
05/12 23 24 26 38 41 40 38 39 37 45 38 42 41 37 38 42 47 45 45 26 28 23 26 30
新竹
PM10
05/13 25 30 31 42 70 73 66 64 82 69 61 60 53 44 46 42 42 47 50 50 57 68 65 61
新竹
PM10
05/14 61 69 69 70 68 60 47 49 43 45 46 23 NA 21 22 24 29 31 34 64 56 60 54 48
新竹
PM10
05/15 46 56 44 51 68 68 63 50 55 39 39 39 24 26 31 22 22 26 34 25 29 34 39 42
新竹
PM10
05/16 38 45 37 29 25 20 15 18 22 27 39 37 33 45 28 32 35 33 46 40 38 40 30 37
新竹
PM10
05/17 29 30 27 30 29 13 10 10 16 8 11 24 30 42 30 23 30 28 27 32 29 29 30 31
新竹
PM10
05/18 21 26 28 22 21 21 22 25 22 36 37 42 42 49 43 30 29 38 46 37 39 40 32 23
新竹
PM10
05/19 12 20 25 27 30 28 33 33 25 24 31 34 36 25 24 35 24 20 23 27 42 36 36 34
新竹
PM10
05/20 29 37 26 34 35 30 29 33 33 36 11 13 42 52 45 43 43 39 41 42 39 37 32 32
新竹
PM10
05/21 38 53 70 72 78 77 79 75 81 1000# 81 76 78 80 74 72 69 64 64 56 55 51 50 47
新竹
PM10
05/22 42 44 42 42 36 40 42 48 50 51 71 65 72 71 81 75 74 69 79 84 70 73 74 71
新竹
PM10
05/23 69 68 72 74 69 64 49 39 41 31 29 28 36 57 78 58 42 32 30 37 37 25 21 19
新竹
PM10
05/24 16 22 22 27 34 34 33 39 49 53 59 53 42 40 41 46 54 37 41 45 47 55 53 58
新竹
PM10
05/25 40 59 67 67 74 53 53 50 53 40 69 60 39 38 44 38 32 40 34 33 37 40 42 37
新竹
PM10
05/26 37 37 38 37 39 41 43 45 42 41 42 40 34 38 35 35 32 46 44 44 44 46 44 42
新竹
PM10
05/27 40 41 36 37 48 45 45 31 23 22 28 33 18 30 29 32 34 39 31 31 24 33 31 27
新竹
PM10
05/28 24 30 34 30 31 31 35 37 34 11 13 1000# 5x 20 15 25 40 42 38 34 26 31 33 36
新竹
PM10
05/29 32 34 41 42 42 38 37 38 43 41 39 44 36 37 32 30 30 30 34 32 33 33 26 32
新竹
PM10
05/30 31 30 29 32 20 28 27 34 37 39 44 42 45 46 30 44 37 39 38 32 42 41 41 41
新竹
SO2
01/01 1.3 1.9 1.7 1.5 1.5 1.5 1.4 1.5 1.5 1.5 1.4 1.5 1.3 1.3 1.4 1.4 1.5 1.5 1.6 1.4 1.4 1.5 1.6 1.5
新竹
SO2
01/02 2 1.4 1.5 1.6 1.6 1.5 1.5 1.7 1.9 1.9 2 1.8 2 2.1 2 2 2.1 2.2 2.2 2.2 2.2 2.3 2.4 2.5
新竹
SO2
01/03 1.5 1.6 1.4 1.5 1.6 1.4 1.8 1.7 1.9 2.3 2.2 2.2 1.9 1.6 1.8 1.9 1.9 2.4 2.2 2.2 2.4 2.3 2.4 2
新竹
SO2
01/04 2 1.1 1.2 1.4 1.4 1.6 1.8 2.2 3.3 6.2 8.9 7.5 3.6 1.5 1 1.1 1.3 1.5 1.1 1.6 1.8 1.9 1.8 1.3
新竹
SO2
01/05 1 2.3 2.5 2.2 2.2 2.2 3 3.4 4.1 3.9 3.2 3.3 3.4 3.6 3.7 3 3.2 2.6 2.4 2.2 2.3 1.8 2.1 1.8
新竹
SO2
01/06 1.9 1.1 1.1 1.1 0.7 1 1 1 1.1 0.8 0.7 0.9 1 1 1.1 1.1 0.9 1 1 1.1 1.1 1.1 1.1 0.9
新竹
SO2
01/07 0.9 1.6 1.8 1.9 1.8 2.1 2.5 3.4 3.8 3.1 3.8 3.2 3 3.2 3.4 2.5 2.2 1.9 2.5 2.6 2.4 2.8 2.6 2.4
新竹
SO2
01/08 3.1 1.2 1.1 1.1 1.3 2 1.7 1.9 1.1 1.1 1.4 1.6 1.2 1.2 1.9 1.7 1.6 1.2 1.4 1.3 2.1 1.9 1.7 1.7
新竹
SO2
01/09 1.9 1.2 1.2 1.1 1.3 1.5 1.5 1.4 1.6 1.7# 1.4 1.3 1.4 1.5 1.2 1.4 1.7 2.1 1.8 2.3 2.4 2.3 2 2.3
新竹
SO2
01/10 1.6 1.7 1.8 1.6 1.7 1.8 2.1 3.3 3.8 2.5 2.5 1.7# 1.6 1.6 1.6 1.3 2.1 2.5 2.6 2.8 2 1.9 2.5 3
新竹
SO2
01/11 3.2 2.3 2.2 2.1 1.6 1.7 2.2 1.6 2.8 2.9 3.1 2.8 2 2.3 2.7 2.6 2.6 2.2 2.7 3 2.2 2.6 2.9 3.2
新竹
SO2
01/12 2.4 1.5 2 1.9 1.4 1.5 1.9 1.1 1 1.4 1.6 1.2 1.7 1.6 1.1 1.1 1.4 1.6 1.3 1.1 1.2 1.5 2 1.5
新竹
SO2
01/13 1.6 3 2.6 2.5 2.4 2.2 2.4 2.6 2.8 2.7 2.3 2.1 1.8 2.1 2.1 1.9 1.7 2 2.6 1.8 1.7 1.9 2 2.2
新竹
SO2
01/14 1.6 1.7 1.7 2 1.7 2 2.1 1.9 2.7 2.2 2.4 2.4 2.2 2.2 2.2 2.1 2.5 2.6 3.4 2.6 2.7 2.7 2.8 3.1
新竹
SO2
01/15 2.6 1.5 5.8 2.6 3 3.2 2.7 2.8 3.6 2.8 3.9 3 1.7 1.7 1.6 1.4 1.7 1.4 1.5 1 1.1 0.9 1.1 1.4
新竹
SO2
01/16 2 2.1 2 1.7 1.8 1.5 1.6 1.8 1.8 1.8 1.9 2 2.2 2.3 2.1 2.3 1.8 1.8 1.7 1.6 1.9 1.7 1.7 1.6
新竹
SO2
01/17 1.9 1.6 1.6 1.5 1.7 1.4 2.4 2.3 2.3 2.4 2.1 1.9 1.9 2 1.9 1.8 1.8 1.9 1.8 1.7 1.8 1.8 1.6 1.9
新竹
SO2
01/18 1.6 2.2 2.3 2.2 1.9 1.7 1.8 2.6 2.3 1.8 1.9 1.6 1.5 1.5 1.6 2.1 2.2 2.5 2.4 2.1 1.6 1.7 2.6 3.1
新竹
SO2
01/19 2.4 1.9 1.6 1.2 1 1.5 1.4 1.4 1.9 3.7 1.7 1.1 1.1 0.7 1 1.1 1.5 3 3 4.8 3.5 2.7 2.5 2.2
新竹
SO2
01/20 3 3.8 3.9 3.5 3.6 3.2 3.1 3.4 3.3 3.6 3.3 2.4 1.8 1.4 1.8 1.5 1.6 1.6 1.5 1.3 1.2 1.4 1.2 1.1
新竹
SO2
01/21 1.4 1.3 1.6 1.5 1.5 1.8 1.6 1.5 1.6 1.7 1.5 1.8 2.1 2 2.2 2 2.3 2.9 2.6 2.8 2.5 2.2 2.3 1.9
新竹
SO2
01/22 1.9 1.9 1.7 2.2 1.9 1.7 2.5 2.9 3.2 2.9 3.8 3.5 2.9 3.3 3.6 4.1 4.4 4.7 4.8 5.2 5 4.6 4.6 3.8
新竹
SO2
01/23 3.1 4.7 3.8 3.7 3.8 3.9 3.8 3.8 4 3.8 3.1 2.7 2.7 2.4 2.6# 2.5 2.8 3.1 3.4 3.7 3.4 3.5 3 3.1
新竹
SO2
01/24 3.1 3.4 2.4 2.8 2.1 1.7 1.5 1.6 2 2.3 2.6 2.3 1.9 1.7 1.6 2# 2.1 2.2 2.1 2 2.2 1.9 1.9 1.7
新竹
SO2
01/25 2.3 1.6 2 1.8 1.2 1.5 1.3 1.9 2.6 3.6 4.3 2.8 2.2 1.7 1.8 1.9 1.7 2.4 2.6 2.5 2.2 2.1 1.9 2.6
新竹
SO2
01/26 1.5 1.9 1.9 2.1 2.2 2 1.7 1.5 1.6 1.6 1.7 1.4 1.7 1.9 1.7 1.7 1.4 1.6 1.6 1.8 1.7 1.8 1.8 1.7
新竹
SO2
01/27 2.2 1.8 2.2 1.5 1.6 2 1.9 2 2.1 1.9 1.9 1.7 1.5 1.3 1.5 1.9 1.8 2.3 2.1 3.5 1.8 2.1 2.1 2.4
新竹
SO2
01/28 1.6 1.9 1.8 2.2 1.5 1.4 1.6 2 2.6 4.9 3.6 3.5 2.2 1.9 1.9 2.2 2.5 2.5 2.7 3.3 4.1 3.3 4.5 4.6
新竹
SO2
01/29 3.6 5.4 2.9 2 2.1 3 1.8 1.6 3.9 3 1.6 1.5 1.7 1.8 1.9 2.8 2.7 2.5 2.3 3 2.8 2.7 2.4 2.9
新竹
SO2
01/30 3 2.9 2.3 2.2 4.4 4.3 2.2 3.5 4.3 3.1 2.4 3.4 2.1 0.4 1.8 1.9 1.1 1 1.4 2.3 2.7 2.9 2 1.4
新竹
SO2
01/31 1.4 1.3 1.1 0.9 1.4 2.4 3 4.2 5.9 5.2 4.1 3.1 3 2.3 2.4 1.3 1.1 1.6 1.6 1 0.8 0.6 0.5 0.5
新竹
SO2
監測年月：2019/02， 測站：新竹， 測項：SO2（ppb）
新竹
SO2
日期 00 01 02 03 04 05 06 07 08 09 10 11 12 13 14 15 16 17 18 19 20 21 22 23
新竹
SO2
02/01 0.9 0.9 0.8 1.1 0.9 0.8 0.8 0.9 1.2 1.5 1.6 1.4 1.5 1.5 1.5 1.7 2 1.9 1.8 1.7 1.9 1.9 2 2.2
新竹
SO2
02/02 1.2 1.7 2 1.6 1.1 1 1 1.2 2.4 4.5 2.5 2.2 1.5 1.1 1.6 0.8 0.8 1.1 1.1 1.6 2.3 1.9 1.4 1.2
新竹
SO2
02/03 1.6 1.9 1.9 1.6 1.9 1.9 1.8 1.8 2.6 2.1 1.6 2.7 2.5 2.5 2.2 1.9 1.5 1.1 1.5 1.6 1.2 1.2 1.1 1.3
新竹
SO2
02/04 3.3 2.8 2.3 1.7 1.1 1 0.8 0.8 0.9 0.9 1.3 1.4 1.3 1.1 1.1 1.1 1.2 1.3 1.3 1.7 1.9 1.5 1.4 1.3
新竹
SO2
02/05 1.2 1.3 1.2 1.2 1.1 1.1 1 1.2 1.5 1.6 1.6 1.6 1.2 1.4 1.3 1.3 1.1 1.1 1.7 1.2 1.3 1.7 3.1 2.5
新竹
SO2
02/06 1.6 1.6 1.6 1.7 3.8 1.8 1.5 1.5 1.6 3.7 2.8 2.1 2.4 2.4 1.8 1.4 1.2 1.1 1.2 1.3 1.6 1.6 2.1 1.6
新竹
SO2
02/07 1.9 1.3 1.1 1.2 1.4 1.3 1.6 3 2.9 2.8 1.5 1.3 2.1 1.7 1.5 1.8 1.4 1.4 1.3 1.1 1.1 1.1 1 1
新竹
SO2
02/08 0.7 1.1 1.1 1.2 1.2 1 1.3 1 1.1 1.1 1.1 1 1.1# 1.2 1.2 1.3 1.3 1.3 1.5 1.6 1.7 1.4 1.2 1.8
新竹
SO2
02/09 1.7 1.6 1.4 1.6 1.4 1.9 1.7 1.5 2 1.6 1.4 1.6 1.5 1.4 1.4 1.5 1.6 1.7 1.4 1.5 1.6 1.4 1.3 1.4
新竹
SO2
02/10 2 1.2 1.1 0.9 0.9 0.9 0.5 0.5 0.5 1.1 1 0.8 0.8 0.8 0.8 0.7 0.8 0.9 0.7 0.8 0.9 0.7 0.6 0.8
新竹
SO2
02/11 0.9 1.1 1 1.2 1.2 1 1 1 1 1 1.2 1.5 1.5 1.3 1.5 1.2 1.3 1.6 1.4 1.6 1.6 1.8 2.2 1.9
新竹
SO2
02/12 1.4 1.5 1.4 1 0.8 1 1.5 2 2.3 2.3 1.9 1.5 1.1 1.2 0.9 1 0.7 0.8 0.8 0.6 1 1.3 1.8 1.3
新竹
SO2
02/13 1.6 1.7 2.1 1.2 0.9 1.4 1.4 1.1 1.2 1.3 1.1 0.9 1 1.2 1.3 1.6 1.9 1.7 1.7 2 2 3.3 2.6 2.4
新竹
SO2
02/14 2.4 2.1 1.8 2 2.6 1.4 1 1.9 2 1.6 1.7 1.5 1.2 1.1 1.1 1.2 1.2 1.2 1.3 1.2 1.4 1.4 1.8 2.4
新竹
SO2
02/15 3 3.8 3 2.6 2.1 1.8 1.7 2.4 4 4 2.9 2.4 2.2 2.2 2 1.8 1.7 1.6 2 3.3 3.5 5.5 5.4 4.7
新竹
SO2
02/16 3 2.6 3 3.5 2.9 2.4 1.8 1.9 1.7 2 1.7 2 1.9 1.7 1.4 1.3 1.5 1.3 1.5 1.8 1.7 1.7 1.6 1.7
新竹
SO2
02/17 2.2 1.5 1.1 0.9 1.1 1.4 1.3 1.2 0.9 1 1 1.3 1.5 1.5 1.2 1.7 1.8 1.2 1.2 1.3 1.3 1.3 1.2 1.2
新竹
SO2
02/18 1.1 1.8 2 1.8 1.6 2 1.6 2.2 2.7 3.1 3.7 1.3# 1.1 1.2 1.1 1.3 1.3 1.3 1.7 1.8 1.9 2.7 2.6 2.1
新竹
SO2
02/19 1.6 1 0.7 0.6 0.8 0.7 0.9 1.9 3.6 3.3 2.4 2.3 2.4 2.4 2.3 1.5 1.5 2.4 4 4.9 6.9 5.8 6.6 5.1
新竹
SO2
02/20 2.7 3.5 3.4 2.3 3.4 5.3 4.9 5.3 9.1 7.7 4.9 2.8 1.6 0.9 0.8 0.6 0.7 0.5 0.4 1.6 1.4 1.1 1.4 1
新竹
SO2
02/21 2.3 3 3.8 3.2 3 2.2 2.6 3.5 3.7 3.9 3.2 4.6 4.3 3.6 3.3 2.9 2 2.2 1.8 1.9 1.8 1.9 2.7 3.1
新竹
SO2
02/22 2.3 1.5 1.3 1.4 1.6 1.3 1.2 1.2 1.2 1.3 1.4 1.8 2 1.3 1.6 1.6 1.4 1.6 1.5 1.9 1.9 1.9 2 2
新竹
SO2
02/23 1.7 1.6 1.9 1.2 1.4 1.5 1.5 1.9 2.5 2.4 2.4 2.1 1.6 1.6 2 1.7 2 2.1 2.1 2.1 2.2 1.7 1.7 2
新竹
SO2
02/24 1.2 1.7 1.6 1.6 1.6 1.5 1.4 1.4 1.1 1.3 1.3 1.4 1.4 1.8 1.7 1.5 1.3 1.7 1.4 1.2 1.3 1.7 1.6 1.5
新竹
SO2
02/25 3.2 1.5 2 4.2 2.3 1.7 1.5 2.1 2.4 2.5 2.7 2.7 1.2 0.9 1.3 1.4 1.5 2.2 1.4 2 1.5 1.5 2.2 1.8
新竹
SO2
02/26 1.8 1.7 1.8 1.5 1.6 2.4 2.6 2.5 2.8 2.9 3 2.8 2.9 3 2.2 2.2 2.7 2.5 3.5 3.4 3.6 4.3 4.5 2.7
新竹
SO2
02/27 2.1 3.1 2.8 2.4 2.5 2.7 2.3 2.5 2.8 2.6 2.6 2.2 1.8 1.2 1.3 1.7 2.5 1.1 1.3 1.5 2.3 3 3.3 5.3
新竹
SO2
02/28 3.1 3.3 3 1.8 1.6 1.6 2 2.2 1.7 2 1.2 1.1 0.8 1.1 1.3 1.3 1.8 1.9 1.9 2.2 1.7 1.9 1.7 2.4
新竹
SO2
監測年月：2019/03， 測站：新竹， 測項：SO2（ppb）
新竹
SO2
日期 00 01 02 03 04 05 06 07 08 09 10 11 12 13 14 15 16 17 18 19 20 21 22 23
新竹
SO2
03/01 3.4 2.4 2.8 2.2 2.8 1.9 2.3 2.1 2.4 2 2 1.9 1.9 1.6 1.3 1.1 1.3 1.5 1.3 1.6 2 2.1 2.1 1.6
新竹
SO2
03/02 1.5 1.6 1.5 1.9 2.5 1.8 2.1 1.5 0.9 1.2 1.3 1.2 0.8 0.8 0.8 0.8 0.9 1.1 1.2 1.4 2.4 2.3 2.4 3.7
新竹
SO2
03/03 3.2 3.3 2.4 1.8 2.1 3.3 3.1 3.6 2.9 2.9 1.1 1 1.1 1 0.8 0.7 0.7 0.9 1.7 1.5 1.4 1.5 1.6 2
新竹
SO2
03/04 3.6 2.2 1.9 2.1 2.4 1.8 2.5 2.6 2.2 2.5 2 1.9 2.2 2.4 2.3 2.3 2.2 2.1 2.2 1.9 1.6 1.4 1.7 1.7
新竹
SO2
03/05 1.6 1.1 1.1 1.3 1.5 1.2 0.9 0.9 1.3 1.4 1.2# 2.4 3.9 2.8 2.7 1.8 1.5 1.1 1 1 1.2 1.3 1.1 1.5
新竹
SO2
03/06 1.4 0.9 0.9 0.9 1 0.9 1 1.8 1.4 1.4# 1.7x 2.3# 2.3 2.5 2.5 2.6 1.6 2 2 1.8 1.7 1.6 1.7 2.1
新竹
SO2
03/07 1.8 2.7 1.8 1.5 1.6 1.8 1.4 1.9 1.9 2 2.1 2 1.7 1.6 2 1.9 2.1 1.8 1.9 1.9 1.8 1.7 1.7 1.6
新竹
SO2
03/08 1.2 2 2 2.2 2.4 2.1 1.9 2 2.1 2.4 2.8 2.6 2.7 2.2 2.4 2.4 2.7 2.3 3.2 2.5 3.1 3.1 3 2.7
新竹
SO2
03/09 2.7 1.7 1.5 1.5 1.5 1.3 1.2 1.6 1.5 2.1 1.6 1.8 1.6 1.6 1.6 1.6 1.6 1.7 1.5 1.4 2 1.9 2.8 2.9
新竹
SO2
03/10 2.1 1.6 1.3 1.2 1.1 1.1 1.1 1.2 1.9 1.9 1.6 1.3 1.4 1.3 1.8 1.4 1.6 1.8 2.9 2 2.1 1.6 1.3 1.4
新竹
SO2
03/11 2.7 2.7 2.3 2.7 3.1 2.2 2.2 2.5 2.9 3.3 3.7 4 3.5 3 3 3 3.1 2.8 3.2 3.3 3.7 2.9 2.9 2.7
新竹
SO2
03/12 2.9 2.4 1.7 1.4 1.9 2.4 1.6 1.5 1.4 1.2 1.8 2.4 2.8 2.2 1.6 1.3 1.4 2.2 3.2 3.3 2.2 1.6 1.7 1.5
新竹
SO2
03/13 1.8 1.9 1.5 1.5 1.5 1.5 2.1 2 2.7 2.6 2.3 3.3 2.7 1.8 1.3 1.3 0.8 0.6 0.7 1 0.9 1.1 1.7 1.5
新竹
SO2
03/14 1.2 1.8 1.8 1.6 1.4 1.6 2 3.1 3.8 3 2.6 2.3 2.1# 1.7# 1.4# 1.5 1.5 1.4 1.7 1.7 1.4 1.1 1.2 1.9
新竹
SO2
03/15 0.8 1.8 1.6 1.5 1.7 1.6 2 2.7 2.2 2.4 2.3 2 1.7 1.9 1.9 2.2 2.5 3.6 3.6 3.5 3.8 2.6 2.8 2.9
新竹
SO2
03/16 2.7 1.5 1.5 1.5 1.9 1.6 1.5 1.6 1.9 1.5 1.5 1.5 1.2 1.7 1.7 1.6 1.5 1.3 1.1 0.9 0.8 1 1.6 2.1
新竹
SO2
03/17 1.1 2.2 2.2 2.1 3.8 3.8 2.2 2.4 2.8 2.5 2.6 2.2 2.6 3.8 3.9 4.1 3.3 2 2 2.5 2.6 2.1 2.4 2.1
新竹
SO2
03/18 2.3 2.6 1.8 1.5 1.6 1.4 2.3 1.5 1.6 1.4 1.5 1.3 1.1 1.3 1.2 1 1.4 1 1.3 1.7 2 2.8 3.4 2.6
新竹
SO2
03/19 1.6 1.9 1.7 2.2 1.9 3.7 2.9 3.2 3.3 3.7 3.7 3.2 3.1 2.6# 2.4 2.5 2.4 2.4 2 1.7 1.5 1.3 1.4 1.2
新竹
SO2
03/20 2 2.9 2.6 2.3 2.5 2.4 2.4 2.8 3.5 3.7 2.9 2.6 4.3 4.6 3.6 3.9 3.2 3.6 4.1 3.4 2.7 2.2 1.8 1.6
新竹
SO2
03/21 1.6 3.6 3.1 2.1 1.8 1.9 3.2 3.6 2.3 2.1 2.5 3.3 2.7 2.4 2.5 2.3 2.6 1.3 1.1 1.7 2.2 3.1 3.1 3.3
新竹
SO2
03/22 1.6 2.8 2.1 1.8 2.1 2 1.7 2.2 2.5 2.6 3.6 3.2 2.3 1.7 1.7 2.2 1.7 1.6 2.2 1.8 1.7 2.4 1.8 1.4
新竹
SO2
03/23 1.7 1.3 1.3 1.3 1.2 1.2 1.1 1.3 1.5 1.6 1.5 1.2 1.3 1.5 1.5 1.5 1.5 1.5 1.7 1.8 1.6 1.4 1.5 1.5
新竹
SO2
03/24 1.4 1.2 1 0.9 1.4 1.1 1.4 1.3 1.6 1.2 1.2 1.6 1.4 1.4 1.3 2 1.9 1.8 1.7 1.7 1.7 1.9 1.9 2.1
新竹
SO2
03/25 1.3 1.3 1.3 1.4 1.2 1.4 1.5 1.9 1.4 1.7 1.6 1.7 1.3 1.1 1.1 1.8 1.6 2 1.8 1.2 1.7 2.2 2 1.9
新竹
SO2
03/26 2 1.7 2.5 2 1.6 2.6 2.5 2 2.1# 2.2 2.4 2.1# 1.9 2.1 2.2 2.5 2.6 2.5 2.4 2.3 1.9 1.5 1.4 1.5
新竹
SO2
03/27 1.4 1.5 1.9 1.9 1.7 1.8 1.9 2.7 3.1 2.5 1.8 1.7 2.1 2.6 2.9 3.1 2.1 1.9 2.2 2.1 1.9 1.9 1.9 2.6
新竹
SO2
03/28 2.5 3 3.3 2.7 2.5 3.8 3.9 2.5 2.6 2.9 1.6 2.2 2.9 2.2 2.7 1.3 1.1 1.5 1.1 1.4 2.7 1.5 2.3 2.1
新竹
SO2
03/29 3.1 3.3 1.7 1.6 3.2 2.1 2 2.6 1.9 1.7 1.6 1.9 1.5 1.9 1.5 1.5 1.8 2.3 2.5 2.4 3.1 3 1.3 1.3
新竹
SO2
03/30 1.4 1.4 1.4 1.7 2.2 2.9 3 2.6 2.2 2.2 2.1 2.2 2 1.7 1.5 1.9 2.3 2.3 1.9 1.6 2.5 2.7 1.7 1.8
新竹
SO2
03/31 1.9 2 1.7 1.8 2.1 1.8 1.5 1.7 2.1 1.5 1.5 1.7 1.6 1.7 1.7 1.8 1.9 1.8 1.7 1.6 1.8 1.9 1.6 1.9
新竹
SO2
監測年月：2019/04， 測站：新竹， 測項：SO2（ppb）
新竹
SO2
日期 00 01 02 03 04 05 06 07 08 09 10 11 12 13 14 15 16 17 18 19 20 21 22 23
新竹
SO2
04/01 1.8 0.9 0.8 0.9 0.9 0.7 0.7 1.1 1.2 1.2 1.2 1.3 1.2 1.1 1.2 1.3 1.4 1.1 1.2 1.1 1.2 1 0.9 0.8
新竹
SO2
04/02 0.8 1.6 1.5 1.5 1.6 1.2 1.2 1.5 1.6 1.6 1.8 2.1 4.9 3.9 4.3 2.8 2.7 1.8 1.8 2.1 1.8 2.1 1.7 1.2
新竹
SO2
04/03 1.6 1.9 1.7 1.5 1.7 1.7 1.6 1.5 1.6 1.9 1.8# 1.4# 1.4 1.7 1.9 1.9 1.8 1.7 2 2.3 3.2 2.7 3 2.6
新竹
SO2
04/04 2.4 3.8 3 2.8 2.3 1.9 1.5 1.5 1.7 2.2 2.2 2.3 1.8 1.6 1.6 1.4 1 1.1 1 1.1 1 1.3 1.1 1.2
新竹
SO2
04/05 1.2 1 0.9 0.9 0.9 1 1 1 1.2 1.2 1.6 1.5 1.2 1.1 1.1 1 1.5 1.4 2.6 2 1.5 1.4 1.4 1.4
新竹
SO2
04/06 1.4 1.8 1.7 1.9 1.6 1.5 1.8 2 3.3 3.8 3.6 3.6 3 2.6 2.8 2.8 2.3 2.8 2.6 2.6 2.3 2.2 2.6 3.3
新竹
SO2
04/07 2.7 1.9 2.1 1.8 2.1 1.7 2.1 2.7 3 2.2 3.2 3 3.4 3.6 3.6 2.3 3.5 2.5 1.1 2.6 2.8 1.4 2 2.4
新竹
SO2
04/08 1.8 2.1 1.6 1.7 1.5 1.5 1.7 2.1 2.7 3.5 4 4.3 3.6 2.5 2.4 3.5 3.1 1.9 2.9 2.5 2.8 2.6 3.2 3
新竹
SO2
04/09 1.9 2.1 2.1 1.8 1.9 1.8 1.5 1.8 2.8 2.9 5.3 4.9 2.6 3.1 3.1 2.8 4.7 1.1 1.7 1.2 1 1.5 1.6 1.2
新竹
SO2
04/10 1.5 1.6 1.7 2 5.2 2.9 1.9 1.8 3.3 3 3.2 3.5 3.4 3.2 2.1 2.1 1.8 2.3 3.3 3.4 2.7 2 2.7 2.6
新竹
SO2
04/11 2.4 1.5 2 1.6 2.2 1.4 1.2 1.5 1.6 2.9 2.4 3.3 2 1.4 1.1 0.9 0.9 1.1 1.4 1.2 1.2 1.2 2 1.9
新竹
SO2
04/12 1.8 1.9 1.9 2.6 2.1 1.9 2 2.1 2.1 2.4 2.3 2.1 2.1 2.3 2 1.9 2.2 2.3 2.7 2.7 2.3 2.5 2 1.9
新竹
SO2
04/13 1.4 1.3 2.5 2 1 1.2 1.4 1.5 2 1.1 2.3 3.7 2.4 1.3 1.6 1.2 1.1 1.2 1.1 1.3 1.6 2 2.2 2.2
新竹
SO2
04/14 2.6 2.2 2.3 1.9 2.9 2.3 1.9 2.3 2.5 2.7 2.2 2.3 2 1.7 1.6 1.1 1.3 1.5 1.5 1.1 1.4 1.2 1.6 1.9
新竹
SO2
04/15 2.3 2.1 2 1.8 2 2.2 2.2 2.2 1.9 1.8 2 1.7 1.9 1.9 2# 1.6 2.2 1.9 2.4 2.7 2.3 3.1 2 1.6
新竹
SO2
04/16 1.8 2.1 2.5 2.4 1.6 1.6 1.7 2.4 2.6 2.2 2.2 2.2 2.2 1.8 1.8 1.7 1.7 2.1 2.1 2.9 2.2 3.3 3.5 5
新竹
SO2
04/17 5 3.3 2.5 2.1 2.2 2.6 2.4 2.5 3.9 3.8 3.2 2.7 2.3 2.7 2.7 2.4 2.2 2.4 3.4 4.8 4.1 2.7 2.1 2
新竹
SO2
04/18 3.3 1.9 1.8 1.8 2.6 3 3.7 4 4.3 3.2 3.4 2.5 2.6 2.9 2.8 2.6 2.1 3.6 3 2.6 2.6 2.3 2.3 2.4
新竹
SO2
04/19 1.7 1.8 1.7 1.6 1.4 1.4 1.1 1.6 2.5 2.3 2.4 2.4 2.1 2.1 2.1 2.2 1.8 1.8 1.7 1.9 2.7 2.8 2.3 2.6
新竹
SO2
04/20 2 1.7 2.4 1.6 1.5 1.3 1.5 1.8 2.8 2 1.5 2 2.1 2.2 1.8 1.7 1.6 1.8 2.5 2.7 2.2 1.9 1.8 2
新竹
SO2
04/21 1.6 2.1 1.8 1.8 1.7 2.4 1.9 2.2 2.7 2.8 3.2 2.7 2.3 2.1 3.6 2.9 1.7 1.6 2.9 2.7 2.2 2 2.8 2.6
新竹
SO2
04/22 2.5 1.4 1.4 1.5 1.6 1.7 2 2.2 2.5 3.2 4 3.6 3.5 4.2 3.2 2 1.7 1.7 1.9 1.6 1.5 3 2.7 1.9
新竹
SO2
04/23 1.5 1.7 2.1 1.9 1.7 2.1 2.4 3.3 3.8# NA 2.9# 2.4 2.8 3 2 2.1 1.9 1.8 1.7 2.9 2.7 2.9 2.6 2.7
新竹
SO2
04/24 1.8 1.2 1 1.4 1.6 1.6 1.9 3 2.1 2 1.8 1.6 1.7 1.2 1.2 1 1.4 2 1.8 2 2.3 2 1.8 2.3
新竹
SO2
04/25 1.4 2.2 2.4 1.2 1.8 1.6 1.5 1.4 1.3 1.1 1.3 1.8 2.2 1.5 2.2 2.6 2.3 4.4 2 3.7 1.7 2.1 2.4 1.5
新竹
SO2
04/26 1.7 3.1 3.1 2.9 4.2 4.6 2.5 3 3.6 3.6 3.5 3.1 3.1 2.9 2.7 2.6 2.8 2.9 2.9 3.2 3.1 3.7 2.5 1.9
新竹
SO2
04/27 1.9 2.1 2.1 2.4 2.1 2 2.2 1.7 1.6 1.5 1.8 1.8 2 1.7 1.6 1.6 1.7 2 2 2.3 2.3 2.4 2.4 3.1
新竹
SO2
04/28 2.5 2.4 1.7 1.5 1.9 1.9 1.8 2.1 2.1 1.2 1.2 1.4 1.5 1.3 1.3 1.2 1.4 1.5 1.4 2.1 2.3 2.9 7.5 6.5
新竹
SO2
04/29 5.4 2.1 2.1 3.2 3 2.7 3.1 5.6 5.2 6 5.2# 4.1 3.1 2.8 3.5 4.5 4 2.8 3.9 2.7 3.1 3.3 2.7 2.4
新竹
SO2
04/30 3.7 2.1 1.7 2 1.7 2 2.4 2.4 2.3 1.6 3.2 3.3 2.6 2.5 1.7 2.2 1.5 1.1 1.1 2.7 4.1 1.8 3 2.1
新竹
SO2
監測年月：2019/05， 測站：新竹， 測項：SO2（ppb）
新竹
SO2
日期 00 01 02 03 04 05 06 07 08 09 10 11 12 13 14 15 16 17 18 19 20 21 22 23
新竹
SO2
05/01 1.5 1.2 1.1 1.1 0.9 0.9 1.2 1.2 1.3 1.3 1.3 1.3 1.3 1.4 1.3 1.4 2.4 1.9 1.7 2.3 1.2 1.6 1.9 1.7
新竹
SO2
05/02 1.5 2.3 2.2 2.1 2.1 1.7 1.7 2 2.1 1.8 1.8 1.8 1.4 1.4 1.9 2 2.1 2.1 2.5 1.9 2.1 2 1.6 1.4
新竹
SO2
05/03 2.3 1.7 2.1 2.1 1.5 1.2 1.5 1.7 1.9 1.9 1.8 1.8 1.9 1.6 1.8 1.9 1.9 1.7 1.7 2 2.5 2.2 1.6 2
新竹
SO2
05/04 1.5 1.4 1.5 1.4 1.4 1.4 1.3 1.5 1.6 1.7 1.5 1.5 1.3 1.3 1.3 1.3 1.2 1.5 1.6 1.5 1.5 1.4 1.4 1.6
新竹
SO2
05/05 1.2 1.4 1.5 1.8 1.8 1.6 1.5 1.4 1.6 1.7 2.3 2.1 2.2 1.9 1.7 1.7 1.6 1.7 1.7 1.8 2.5 1.4 1.4 1.7
新竹
SO2
05/06 1.5 1.2 1.2 1.1 1.2 1.1 1.2 1.2 2.2 2 2 1.6 1.7 1.5 1.8 1.9 1.8 2.1 2 2 1.8 1.7 1.7 1.7
新竹
SO2
05/07 1.4 1.1 1.1 1 0.8 1 0.8 0.9 1.1 1.3 1.2 1.2 1.2 1.2 1.1 1.3 1.3 1.4 1.4 1.5 1.7 1.8 1.1 1.7
新竹
SO2
05/08 1.5 1.5 1.5 1.8 1.4 1.6 2 2.4 2.1 1.7 1.9 1.9# 2.5 1.9 2.1 1.7 2.1 2.4 2.1 1.8 2.2 2 2 3
新竹
SO2
05/09 1.4 1.7 1.7 2.3 2.9 2.4 2.8 2.4 2.2 1.8 1.5 1.6 1.8 1.3 1.5 1.4 1.6 1.4 1.7 1.6 1.7 2.1 2.1 1.5
新竹
SO2
05/10 2 1.7 1.8 1.4 1.1 1.9 2 2.1 1.4 2.3 2.4 2.4 2.3 1.9 1.5 1.4 1.2 2.4 2.3 2.8 2.7 2.4 2.7 1.9
新竹
SO2
05/11 1.9 2.5 2.7 1.8 1.8 2.7 3.1 3.7 3.7 3.8 2.8 2.4 2.4 2.8 2.6 2.6 2.5 3.1 2.7 2.7 2.2 2 2.2 2.4
新竹
SO2
05/12 1.8 1.5 1.5 1.5 2.1 2.4 1.9 1.9 2.1 2.7 3.2 3.1 3.3 2.8 2.5 2.6 2.5 2.8 3.3 2 2.1 1.9 1.6 1.6
新竹
SO2
05/13 1.9 1.8 1.6 2.2 2.3 2.9 2.4 2.9 2.3 4.3 3.3 2.7 3.7 3.7 3.8 3.5 3.5 3.2 3.4 3.1 3.3 3.8 4.3 4.5
新竹
SO2
05/14 3.4 3.6 2.3 2.4 2.6 2.9 3.2 4.1 3.3 3.7 2.6 1.4 1.5# 1.5 0.9 1 1.2 1.6 1.5 3.1 2 2.4 2.1 2.5
新竹
SO2
05/15 3.1 5.3 5.3 4.1 3.6 2.9 3.1 2.8 3.5 3.5 2.7 2.9 2.5 1.5 1.8 1.7 2.4 1.9 2.8 2.5 2.4 2.7 2.5 2.8
新竹
SO2
05/16 2.4 3.6 4.1 2.1 2.1 1.6 1.7 1.9 1.6 1.7 1.7 1.8 1.7 2.1 1.9 1.8 1.7 2 4.5 4.6 4.7 3.7 3.1 4.9
新竹
SO2
05/17 1.4 1.4 1.8 1.7 1.3 1.2 1.1 1.1 1.3 1.2 1.4 2.2 2.2 1.8 1.9 1.8 1.8 2 2 1.8 2.1 1.8 1.8 1.7
新竹
SO2
05/18 3 1.6 2.2 2 1.5 1.6 2.7 2.3 1.7 2.3 2 1.7 2.5 3.8 2.2 1.9 1.9 2.1 1.9 1.8 1.9 2.4 2 2
新竹
SO2
05/19 1.1 1.7 1.7 1.5 1.6 1.7 1.5 1.8 1.8 1.8 1.9 1.9 2.1 2 2.1 2.2 1.8 1.9 2 2.1 2.4 2.6 2 1.9
新竹
SO2
05/20 2.5 1.7 2.1 1.4 2 2.1 1.9 1.7 1.7 2.3 1.6 1.6 2.2 2.4 2.3 2.7 2.5 2 2 2 2.2 2.1 1.9 1.5
新竹
SO2
05/21 1.7 2.6 2.5 2.4 2.7 2.6 2.7 2.6 2.2 2 1.9 2.1 2.3 2.4 2 2.6 3 3.1 3.1 2.4 2.3 2.6 2.5 2.4
新竹
SO2
05/22 1.4 2.1 2.8 2 2.6 2.3 1.7 4.8 2 1.8 2.4 3.2 2.8 3.6 4.6 3.2 2.2 2.1 2.6 3.9 2.9 2.7 2.6 2.2
新竹
SO2
05/23 2.4 2.9 3.1 2.6 2.4 3.4 2 1.9 2.2 1.7 1.4 1.3 1.4 1.8 2.4 3.4 3.6 2.4 3.1 4.1 3.8 2.2 1.6 1.6
新竹
SO2
05/24 1.6 1.3 1.3 1.4 1.5 1.7 2 2.1 2.8 3.3 4.2 3.2 2.5 2.2 2.7 3.5 4.5 3.4 3.5 3.2 3.1 2.3 3.2 2.4
新竹
SO2
05/25 2.3 4 4 5.4 5.7 3.5 2.3 2.5 2.3 2.5 3.9 3.7 2.5 2.8 2.8 2.2 1.9 1.9 2.6 3 2.9 2.9 3 2.6
新竹
SO2
05/26 2.5 1.6 1.6 1.7 1.5 1.5 1.7 2.1 2.3 3.3 2.3 1.6 1.7 1.6 1.7 1.2 1.5 2.3 2 2.1 2.5 2.5 2.1 1.6
新竹
SO2
05/27 1.3 1.7 1.4 2.2 2.9 1.9 1.8 1.8 1.7 2.4 3.4 2.5 2.2 1.9 2.3 2.4 3.9 3.7 2.5 2.2 1.8 5.7 3.1 2
新竹
SO2
05/28 2.6 1.7 1.8 1.5 1.6 1.9 2 2.5 3.4 1.6 1.7 1.7# 1.3x 1.8 2.3 1.7 1.4 1.7 2.1 2 1.3 1.3 1.7 1.5
新竹
SO2
05/29 1.2 2.7 3.1 2.4 2.6 2.4 2.1 1.9 2.3 2.1 2.3 2.5 1.8 1.6 1.9 2.1 2 2 2 2.9 2.7 3.3 3.2 3.3
新竹
SO2
05/30 2.4 3.1 3.8 2.4 1.6 1.7 1.9 2.4 2.4 3.2 1.6 2.8 3.1 2.3 1.7 1.7 1.5 1.6 1.8 1.9 3.4 3.5 2.2 2.1
新竹
CO
01/01 0.19 0.21 0.22 0.22 0.21 0.21 0.23 0.25 0.27 0.28 0.28 0.29 0.29 0.28 0.29 0.3 0.31 0.31 0.31 0.3 0.29 0.27 0.26 0.24
新竹
CO
01/02 0.23 0.25 0.24 0.23 0.24 0.25 0.28 0.37 0.43 0.41 0.4 0.39 0.38 0.4 0.39 0.43 0.43 0.48 0.47 0.47 0.45 0.39 0.37 0.31
新竹
CO
01/03 0.29 0.23 0.22 0.23 0.22 0.24 0.27 0.37 0.43 0.43 0.44 0.45 0.42 0.44 0.42 0.45 0.48 0.53 0.52 0.56 0.53 0.5 0.45 0.56
新竹
CO
01/04 0.55 0.64 0.69 0.57 0.6 0.59 0.58 0.88 1.72 1.39 0.78 0.73 0.46 0.35 0.4 0.42 0.44 0.42 0.45 0.49 0.58 0.64 0.47 0.35
新竹
CO
01/05 0.33 0.32 0.31 0.32 0.35 0.37 0.4 0.43 0.49 0.49 0.48 0.52 0.47 0.46 0.43 0.38 0.57 0.55 0.57 0.64 0.69 0.71 0.66 0.54
新竹
CO
01/06 0.46 0.49 0.48 0.47 0.45 0.45 0.42 0.48 0.5 0.56 0.6 0.56 0.61 0.6 0.56 0.56 0.56 0.56 0.57 0.54 0.53 0.49 0.43 0.4
新竹
CO
01/07 0.37 0.29 0.3 0.31 0.31 0.31 0.41 1 0.96 0.66 0.65 0.65 0.57 0.48 0.42 0.45 0.44 0.59 0.65 0.5 0.49 0.52 0.72 0.56
新竹
CO
01/08 0.37 0.26 0.25 0.25 0.25 0.27 0.29 0.38 0.38 0.34 0.36 0.33 0.33 0.31 0.32 0.31 0.34 0.39 0.43 0.41 0.41 0.37 0.33 0.3
新竹
CO
01/09 0.29 0.29 0.3 0.3 0.31 0.32 0.34 0.46 0.49 0.42# 0.42 0.42 0.43 0.45 0.43 0.47 0.53 0.62 0.69 0.7 0.74 0.71 0.72 0.69
新竹
CO
01/10 0.63 0.71 0.63 0.64 0.61 0.64 0.69 1.39 1.28 0.43 0.44 0.37# 0.37 0.37 0.34 0.33 0.42 0.48 0.52 0.52 0.47 0.48 0.55 0.5
新竹
CO
01/11 0.41 0.3 0.33 0.32 0.29 0.29 0.34 0.54 0.61 0.49 0.46 0.38 0.37 0.35 0.44 0.43 0.44 0.5 0.51 0.71 0.67 0.97 1.1 1.29
新竹
CO
01/12 0.97 0.36 0.39 0.46 0.43 0.44 0.44 0.47 0.43 0.47 0.43 0.43 0.45 0.44 0.47 0.47 0.54 0.62 0.7 0.7 0.67 0.67 0.69 0.66
新竹
CO
01/13 0.63 0.59 0.57 0.5 0.46 0.46 0.5 0.55 0.56 0.59 0.57 0.59 0.55 0.52 0.5 0.49 0.5 0.52 0.5 0.5 0.51 0.51 0.48 0.45
新竹
CO
01/14 0.42 0.42 0.4 0.38 0.37 0.36 0.38 0.48 0.53 0.5 0.46 0.48 0.44 0.45 0.48 0.49 0.53 0.58 0.61 0.67 0.62 0.61 0.65 0.6
新竹
CO
01/15 0.7 0.61 0.57 0.49 0.54 0.49 0.58 0.77 0.78 0.56 0.59 0.5 0.39 0.37 0.38 0.38 0.39 0.43 0.43 0.39 0.38 0.36 0.33 0.3
新竹
CO
01/16 0.28 0.34 0.37 0.44 0.52 0.55 0.56 0.58 0.56 0.51 0.5 0.5 0.47 0.5 0.52 0.58 0.6 0.59 0.53 0.41 0.41 0.36 0.31 0.29
新竹
CO
01/17 0.3 0.3 0.33 0.32 0.33 0.32 0.33 0.41 0.39 0.38 0.43 0.42 0.42 0.4 0.4 0.41 0.45 0.52 0.53 0.48 0.46 0.44 0.4 0.39
新竹
CO
01/18 0.39 0.4 0.38 0.38 0.36 0.33 0.34 0.46 0.5 0.41 0.38 0.36 0.35 0.37 0.37 0.41 0.44 0.59 0.61 0.65 0.51 0.65 1.22 1.16
新竹
CO
01/19 0.77 0.53 0.42 0.38 0.4 0.42 0.48 0.56 0.54 0.54 0.46 0.41 0.42 0.36 0.4 0.42 0.45 0.61 0.68 0.76 0.88 0.96 0.96 0.89
新竹
CO
01/20 0.84 0.57 0.67 0.42 0.39 0.38 0.38 0.49 0.44 0.43 0.36 0.43 0.51 0.56 0.73 0.78 0.72 0.79 0.75 0.61 0.56 0.58 0.56 0.55
新竹
CO
01/21 0.53 0.46 0.44 0.36 0.31 0.31 0.32 0.36 0.35 0.31 0.31 0.32 0.35 0.31 0.34 0.25 0.29 0.34 0.31 0.32 0.31 0.29 0.26 0.25
新竹
CO
01/22 0.24 0.24 0.26 0.29 0.29 0.29 0.31 0.38 0.43 0.42 0.43 0.42 0.43 0.39 0.4 0.43 0.44 0.51 0.53 0.61 0.62 0.61 0.57 0.58
新竹
CO
01/23 0.51 0.42 0.34 0.34 0.34 0.35 0.38 0.5 0.61 0.48 0.39 0.41 0.39 0.4 0.42# 0.42 0.44 0.5 0.57 0.57 0.59 0.56 0.49 0.42
新竹
CO
01/24 0.36 0.38 0.38 0.42 0.4 0.39 0.42 0.52 0.54 0.5 0.5 0.47 0.46 0.43 0.43 0.45# 0.47 0.51 0.55 0.53 0.56 0.67 0.6 0.58
新竹
CO
01/25 0.48 0.48 0.51 0.46 0.4 0.41 0.46 0.68 0.79 0.69 0.67 0.56 0.48 0.48 0.44 0.45 0.46 0.51 0.53 0.51 0.48 0.46 0.42 0.4
新竹
CO
01/26 0.4 0.36 0.36 0.32 0.28 0.24 0.26 0.25 0.26 0.3 0.36 0.36 0.38 0.4 0.38 0.3 0.28 0.31 0.31 0.31 0.28 0.27 0.26 0.22
新竹
CO
01/27 0.21 0.21 0.21 0.2 0.2 0.23 0.23 0.29 0.33 0.3 0.29 0.27 0.26 0.27 0.3 0.28 0.29 0.33 0.39 0.38 0.35 0.34 0.38 0.39
新竹
CO
01/28 0.32 0.3 0.29 0.28 0.28 0.28 0.43 0.56 0.59 0.57 0.39 0.43 0.32 0.29 0.3 0.32 0.33 0.41 0.44 0.47 0.58 0.65 0.64 0.58
新竹
CO
01/29 0.6 0.44 0.39 0.31 0.3 0.27 0.34 0.44 0.73 0.51 0.28 0.28 0.28 0.28 0.28 0.3 0.37 0.51 0.61 0.8 0.63 0.59 0.8 0.93
新竹
CO
01/30 0.86 0.8 0.69 0.48 0.44 0.34 0.39 0.46 0.52 0.48 0.47 0.48 0.42 0.37 0.42 0.45 0.49 0.78 1.38 1.4 1.89 1.48 0.92 0.63
新竹
CO
01/31 0.7 0.68 0.36 0.34 0.41 0.38 0.4 0.66 0.93 0.72 0.5 0.47 0.41 0.39 0.37 0.36 0.41 0.44 0.52 0.5 0.47 0.5 0.51 0.47
新竹
CO
監測年月：2019/02， 測站：新竹， 測項：CO（ppm）
新竹
CO
日期 00 01 02 03 04 05 06 07 08 09 10 11 12 13 14 15 16 17 18 19 20 21 22 23
新竹
CO
02/01 0.43 0.39 0.36 0.34 0.33 0.34 0.38 0.44 0.48 0.49 0.51 0.52 0.55 0.56 0.56 0.57 0.61 0.62 0.7 0.7 0.68 0.75 0.72 0.76
新竹
CO
02/02 0.54 0.58 0.67 0.74 0.68 0.64 0.57 0.7 0.88 0.66 0.61 0.5 0.44 0.45 0.46 0.47 0.47 0.56 0.6 0.68 0.83 1.04 0.87 0.77
新竹
CO
02/03 0.94 0.99 0.86 0.6 0.61 0.48 0.55 0.64 0.66 0.58 0.57 0.54 0.43 0.43 0.42 0.47 0.51 0.55 0.6 0.58 0.61 0.65 0.72 0.71
新竹
CO
02/04 0.85 0.61 0.61 0.57 0.83 0.82 0.79 0.8 0.82 0.78 0.8 0.76 0.81 0.84 0.91 0.95 0.94 0.91 0.85 0.8 0.78 0.76 0.73 0.67
新竹
CO
02/05 0.6 0.66 0.7 0.61 0.48 0.41 0.4 0.4 0.41 0.43 0.41 0.36 0.3 0.34 0.31 0.3 0.35 0.31 0.34 0.41 0.52 0.47 0.53 0.52
新竹
CO
02/06 0.48 0.41 0.43 0.45 0.4 0.4 0.38 0.4 0.44 0.43 0.48 0.45 0.45 0.48 0.48 0.36 0.38 0.42 0.47 0.47 0.56 0.52 0.51 0.53
新竹
CO
02/07 0.64 0.49 0.46 0.46 0.39 0.36 0.51 0.58 0.62 0.52 0.37 0.31 0.33 0.28 0.37 0.42 0.42 0.44 0.46 0.43 0.45 0.42 0.43 0.44
新竹
CO
02/08 0.46 0.47 0.4 0.33 0.32 0.33 0.34 0.32 0.32 0.32 0.31 0.32 0.34# 0.31 0.3 0.29 0.29 0.32 0.32 0.32 0.32 0.31 0.29 0.26
新竹
CO
02/09 0.26 0.24 0.24 0.24 0.26 0.3 0.3 0.32 0.29 0.34 0.35 0.33 0.28 0.28 0.31 0.33 0.31 0.3 0.29 0.27 0.25 0.24 0.26 0.23
新竹
CO
02/10 0.23 0.22 0.2 0.2 0.2 0.2 0.2 0.22 0.26 0.31 0.32 0.35 0.35 0.35 0.35 0.35 0.34 0.33 0.33 0.33 0.34 0.32 0.29 0.27
新竹
CO
02/11 0.24 0.22 0.21 0.23 0.24 0.22 0.23 0.31 0.31 0.31 0.34 0.32 0.3 0.28 0.27 0.27 0.29 0.34 0.35 0.41 0.38 0.37 0.31 0.27
新竹
CO
02/12 0.26 0.25 0.26 0.26 0.26 0.33 0.41 0.6 0.64 0.43 0.39 0.33 0.31 0.29 0.3 0.32 0.37 0.43 0.38 0.32 0.35 0.4 0.41 0.4
新竹
CO
02/13 0.48 0.55 0.45 0.24 0.22 0.24 0.27 0.35 0.37 0.32 0.32 0.31 0.3 0.31 0.35 0.35 0.35 0.39 0.45 0.41 0.38 0.39 0.34 0.3
新竹
CO
02/14 0.29 0.31 0.31 0.3 0.31 0.32 0.33 0.56 0.44 0.39 0.39 0.38 0.36 0.36 0.37 0.4 0.41 0.45 0.5 0.51 0.5 0.5 0.47 0.48
新竹
CO
02/15 0.45 0.34 0.38 0.42 0.41 0.41 0.44 0.73 0.61 0.59 0.4 0.49 0.41 0.39 0.38 0.39 0.41 0.47 0.53 0.51 0.59 0.67 0.67 0.46
新竹
CO
02/16 0.43 0.35 0.32 0.36 0.35 0.34 0.34 0.34 0.38 0.44 0.46 0.45 0.4 0.34 0.34 0.34 0.38 0.42 0.46 0.46 0.46 0.43 0.39 0.41
新竹
CO
02/17 0.4 0.33 0.3 0.31 0.31 0.34 0.34 0.31 0.3 0.33 0.35 0.35 0.33 0.31 0.29 0.3 0.29 0.29 0.29 0.32 0.36 0.32 0.28 0.27
新竹
CO
02/18 0.23 0.29 0.29 0.3 0.3 0.31 0.39 0.87 0.83 0.69 0.77 0.4# 0.36 0.32 0.31 0.32 0.37 0.38 0.46 0.51 0.44 0.44 0.5 0.48
新竹
CO
02/19 0.54 0.22 0.23 0.23 0.23 0.26 0.38 0.94 1.72 0.9 0.33 0.34 0.32 0.29 0.29 0.32 0.46 0.54 0.73 1.34 1.87 1.85 0.94 1.47
新竹
CO
02/20 1.44 1.34 1.15 0.82 0.85 0.86 0.86 1.07 1.2 1.12 0.79 0.39 0.36 0.33 0.34 0.36 0.45 0.58 0.65 0.57 0.56 0.49 0.43 0.39
新竹
CO
02/21 0.34 0.3 0.33 0.31 0.31 0.33 0.37 0.55 0.49 0.51 0.53 0.51 0.49 0.44 0.4 0.41 0.35 0.37 0.35 0.38 0.41 0.43 0.43 0.39
新竹
CO
02/22 0.39 0.37 0.33 0.34 0.36 0.39 0.4 0.47 0.42 0.4 0.4 0.45 0.42 0.4 0.41 0.42 0.45 0.47 0.45 0.43 0.45 0.48 0.47 0.49
新竹
CO
02/23 0.48 0.49 0.47 0.46 0.47 0.48 0.5 0.6 0.58 0.59 0.6 0.57 0.54 0.5 0.48 0.49 0.52 0.57 0.52 0.49 0.53 0.49 0.44 0.36
新竹
CO
02/24 0.33 0.3 0.27 0.28 0.26 0.23 0.29 0.31 0.32 0.38 0.42 0.43 0.44 0.43 0.45 0.44 0.47 0.46 0.44 0.45 0.46 0.44 0.42 0.4
新竹
CO
02/25 0.39 0.42 0.44 0.41 0.38 0.36 0.39 0.61 0.66 0.74 0.62 0.46 0.35 0.34 0.39 0.4 0.35 0.36 0.4 0.47 0.4 0.38 0.34 0.29
新竹
CO
02/26 0.25 0.25 0.26 0.26 0.26 0.28 0.33 0.44 0.49 0.49 0.45 0.41 0.39 0.38 0.35 0.38 0.41 0.43 0.49 0.6 0.62 0.56 0.59 0.57
新竹
CO
02/27 0.58 0.54 0.58 0.56 0.56 0.53 0.65 0.74 0.84 0.74 0.65 0.56 0.55 0.51 0.44 0.4 0.46 0.52 0.76 0.92 1.59 1.75 1.34 0.99
新竹
CO
02/28 0.78 0.49 0.47 0.24 0.25 0.26 0.29 0.33 0.36 0.36 0.35 0.36 0.34 0.31 0.32 0.34 0.42 0.43 0.45 0.43 0.42 0.4 0.34 0.31
新竹
CO
監測年月：2019/03， 測站：新竹， 測項：CO（ppm）
新竹
CO
日期 00 01 02 03 04 05 06 07 08 09 10 11 12 13 14 15 16 17 18 19 20 21 22 23
新竹
CO
03/01 0.31 0.34 0.33 0.31 0.32 0.35 0.39 0.41 0.44 0.45 0.43 0.41 0.39 0.36 0.35 0.35 0.38 0.42 0.42 0.43 0.45 0.45 0.4 0.34
新竹
CO
03/02 0.36 0.4 0.41 0.39 0.42 0.41 0.45 0.47 0.45 0.5 0.52 0.6 0.58 0.59 0.58 0.61 0.8 0.79 0.91 0.91 1.14 0.78 0.78 0.9
新竹
CO
03/03 0.92 0.71 0.54 0.43 0.53 0.59 0.6 0.61 0.69 0.76 0.46 0.42 0.38 0.35 0.29 0.32 0.3 0.44 0.54 0.43 0.43 0.44 0.47 0.5
新竹
CO
03/04 0.49 0.36 0.35 0.37 0.35 0.36 0.4 0.55 0.54 0.47 0.49 0.54 0.56 0.53 0.55 0.57 0.62 0.66 0.7 0.69 0.71 0.69 0.59 0.57
新竹
CO
03/05 0.53 0.5 0.48 0.45 0.43 0.41 0.44 0.6 0.65 0.63 0.57# 0.64 0.56 0.51 0.49 0.5 0.5 0.49 0.49 0.55 0.58 0.61 0.63 0.61
新竹
CO
03/06 0.62 0.37 0.44 0.43 0.42 0.34 0.42 0.81 0.74 0.7# 0.47 0.48 0.5 0.5 0.51 0.44 0.4 0.48 0.51 0.5 0.49 0.49 0.45 0.44
新竹
CO
03/07 0.44 0.42 0.38 0.29 0.28 0.3 0.3 0.36 0.35 0.31 0.34 0.47 0.45 0.4 0.47 0.59 0.65 0.54 0.52 0.53 0.55 0.51 0.48 0.49
新竹
CO
03/08 0.48 0.48 0.49 0.43 0.31 0.25 0.27 0.43 0.51 0.52 0.43 0.41 0.42 0.33 0.3 0.29 0.33 0.37 0.4 0.45 0.38 0.47 0.66 0.72
新竹
CO
03/09 0.62 0.46 0.35 0.45 0.47 0.36 0.37 0.44 0.58 0.77 0.65 0.69 0.75 0.82 0.74 0.66 0.58 0.51 0.61 0.72 0.79 0.49 0.56 0.62
新竹
CO
03/10 0.44 0.23 0.25 0.2 0.21 0.2 0.27 0.49 0.68 0.41 0.43 0.44 0.45 0.44 0.47 0.47 0.47 0.5 0.54 0.55 0.52 0.57 0.49 0.37
新竹
CO
03/11 0.35 0.36 0.38 0.4 0.38 0.38 0.38 0.49 0.53 0.5 0.52 0.55 0.49 0.43 0.41 0.43 0.47 0.52 0.55 0.63 0.62 0.61 0.53 0.44
新竹
CO
03/12 0.38 0.45 0.45 0.4 0.44 0.41 0.43 0.56 0.58 0.5 0.54 0.54 0.49 0.47 0.42 0.39 0.44 0.47 0.61 0.75 0.67 0.65 0.6 0.51
新竹
CO
03/13 0.46 0.52 0.57 0.56 0.46 0.51 0.56 0.95 1.48 0.84 0.79 0.67 0.61 0.48 0.45 0.47 0.46 0.52 0.64 0.63 0.6 0.63 0.55 0.52
新竹
CO
03/14 0.63 0.54 0.39 0.36 0.43 0.46 0.59 0.96 0.94 0.53 0.42 0.36 0.33# 0.33# 0.29# 0.31 0.38 0.33 0.31 0.29 0.25 0.24 0.2 0.21
新竹
CO
03/15 0.18 0.2 0.19 0.19 0.19 0.22 0.25 0.38 0.37 0.36 0.28 0.27 0.25 0.25 0.24 0.26 0.29 0.29 0.38 0.39 0.29 0.24 0.18 0.18
新竹
CO
03/16 0.18 0.19 0.18 0.18 0.18 0.18 0.22 0.25 0.35 0.37 0.4 0.37 0.36 0.4 0.39 0.4 0.39 0.44 0.49 0.49 0.5 0.63 0.66 0.7
新竹
CO
03/17 0.65 0.75 0.7 0.5 0.46 0.48 0.5 0.55 0.68 0.78 0.6 0.35 0.35 0.42 0.39 0.4 0.33 0.36 0.38 0.48 0.57 0.53 0.5 0.43
新竹
CO
03/18 0.42 0.33 0.42 0.37 0.39 0.42 0.41 0.34 0.38 0.36 0.38 0.32 0.31 0.29 0.28 0.3 0.37 0.46 0.72 0.87 0.79 0.65 0.59 0.49
新竹
CO
03/19 0.51 0.51 0.5 0.49 0.48 0.5 0.53 0.68 0.54 0.53 0.54 0.51 0.48 0.47# 0.36 0.36 0.46 0.51 0.52 0.57 0.57 0.55 0.64 0.72
新竹
CO
03/20 0.72 0.49 0.52 0.49 0.52 0.51 0.63 0.98 0.98 0.51 0.41 0.45 0.52 0.49 0.48 0.53 0.47 0.51 0.51 0.51 0.44 0.39 0.31 0.24
新竹
CO
03/21 0.2 0.36 0.37 0.25 0.23 0.24 0.37 0.49 0.39 0.39 0.49 0.4 0.29 0.29 0.24 0.29 0.3 0.32 0.33 0.41 0.44 0.56 0.61 0.44
新竹
CO
03/22 0.24 0.25 0.24 0.23 0.32 0.33 0.31 0.42 0.44 0.45 0.47 0.4 0.35 0.33 0.35 0.35 0.33 0.35 0.35 0.32 0.29 0.29 0.25 0.21
新竹
CO
03/23 0.21 0.2 0.18 0.18 0.18 0.18 0.19 0.2 0.23 0.24 0.23 0.24 0.23 0.22 0.21 0.22 0.22 0.25 0.27 0.28 0.24 0.26 0.28 0.22
新竹
CO
03/24 0.2 0.18 0.18 0.18 0.17 0.2 0.22 0.24 0.36 0.36 0.42 0.46 0.41 0.39 0.4 0.42 0.48 0.66 0.68 0.59 0.69 0.64 0.6 0.74
新竹
CO
03/25 0.57 0.49 0.52 0.53 0.37 0.41 0.57 0.55 0.43 0.67 0.79 0.68 0.38 0.51 0.55 0.49 0.51 0.57 0.68 0.57 0.56 0.56 0.56 0.48
新竹
CO
03/26 0.39 0.31 0.3 0.3 0.32 0.33 0.43 0.53 0.54# 0.5 0.47 0.42# 0.36 0.35 0.33 0.36 0.39 0.53 0.59 0.53 0.57 0.6 0.55 0.74
新竹
CO
03/27 0.7 0.55 0.48 0.43 0.45 0.5 0.6 0.85 0.7 0.39 0.38 0.35 0.34 0.33 0.38 0.39 0.41 0.53 0.66 0.74 0.63 0.73 0.97 1.17
新竹
CO
03/28 0.96 0.51 0.43 0.37 0.34 0.47 0.52 0.6 0.51 0.4 0.37 0.34 0.36 0.28 0.26 0.26 0.3 0.33 0.35 0.38 0.43 0.41 0.34 0.25
新竹
CO
03/29 0.27 0.24 0.2 0.2 0.26 0.21 0.24 0.36 0.36 0.3 0.29 0.26 0.28 0.25 0.25 0.28 0.34 0.38 0.38 0.45 0.4 0.37 0.23 0.26
新竹
CO
03/30 0.27 0.27 0.27 0.28 0.3 0.35 0.37 0.43 0.44 0.42 0.42 0.36 0.29 0.26 0.26 0.29 0.32 0.36 0.34 0.36 0.4 0.38 0.3 0.25
新竹
CO
03/31 0.22 0.22 0.21 0.19 0.18 0.19 0.21 0.24 0.31 0.31 0.31 0.4 0.4 0.36 0.33 0.3 0.31 0.31 0.31 0.31 0.27 0.27 0.26 0.25
新竹
CO
監測年月：2019/04， 測站：新竹， 測項：CO（ppm）
新竹
CO
日期 00 01 02 03 04 05 06 07 08 09 10 11 12 13 14 15 16 17 18 19 20 21 22 23
新竹
CO
04/01 0.22 0.22 0.21 0.2 0.22 0.22 0.24 0.32 0.35 0.34 0.34 0.31 0.28 0.27 0.28 0.29 0.3 0.32 0.34 0.34 0.32 0.32 0.29 0.29
新竹
CO
04/02 0.28 0.28 0.28 0.27 0.27 0.28 0.35 0.48 0.61 0.55 0.54 0.63 0.61 0.54 0.55 0.5 0.44 0.35 0.38 0.36 0.35 0.47 0.35 0.23
新竹
CO
04/03 0.22 0.18 0.2 0.21 0.21 0.21 0.25 0.35 0.51 0.44 0.42# 0.55# 0.55 0.61 0.41 0.32 0.32 0.54 0.73 0.85 0.67 0.34 0.5 0.36
新竹
CO
04/04 0.31 0.5 0.46 0.43 0.64 0.58 0.51 0.51 0.49 0.43 0.39 0.37 0.34 0.33 0.27 0.27 0.28 0.28 0.3 0.3 0.33 0.32 0.3 0.28
新竹
CO
04/05 0.31 0.19 0.2 0.21 0.25 0.22 0.25 0.26 0.29 0.3 0.29 0.29 0.28 0.27 0.3 0.36 0.37 0.41 0.41 0.48 0.54 0.55 0.52 0.46
新竹
CO
04/06 0.41 0.44 0.41 0.41 0.38 0.37 0.48 0.6 0.57 0.47 0.47 0.45 0.45 0.38 0.39 0.45 0.46 0.59 0.49 0.64 0.73 0.79 0.83 0.76
新竹
CO
04/07 0.79 0.69 0.63 0.59 0.52 0.51 0.57 0.61 0.42 0.42 0.43 0.4 0.43 0.47 0.46 0.47 0.49 0.55 0.55 0.6 0.53 0.54 0.64 0.72
新竹
CO
04/08 0.63 0.61 0.6 0.49 0.45 0.43 0.52 0.65 0.73 0.5 0.47 0.49 0.4 0.37 0.37 0.37 0.38 0.38 0.55 0.47 0.47 0.56 0.53 0.43
新竹
CO
04/09 0.41 0.35 0.36 0.35 0.35 0.37 0.55 0.71 0.56 0.51 0.56 0.51 0.34 0.26 0.27 0.28 0.32 0.31 0.35 0.31 0.28 0.29 0.22 0.2
新竹
CO
04/10 0.19 0.18 0.21 0.23 0.25 0.25 0.27 0.34 0.4 0.29 0.28 0.29 0.29 0.27 0.25 0.28 0.3 0.4 0.46 0.47 0.41 0.37 0.34 0.3
新竹
CO
04/11 0.27 0.28 0.28 0.27 0.28 0.27 0.3 0.48 0.62 0.45 0.36 0.4 0.35 0.31 0.29 0.26 0.28 0.31 0.34 0.37 0.38 0.39 0.37 0.24
新竹
CO
04/12 0.22 0.2 0.23 0.26 0.26 0.27 0.31 0.38 0.42 0.44 0.42 0.38 0.36 0.36 0.34 0.32 0.34 0.36 0.37 0.37 0.36 0.33 0.28 0.29
新竹
CO
04/13 0.26 0.26 0.27 0.29 0.3 0.34 0.37 0.4 0.38 0.41 0.45 0.38 0.31 0.25 0.29 0.27 0.29 0.36 0.45 0.47 0.42 0.54 0.47 0.32
新竹
CO
04/14 0.31 0.39 0.28 0.23 0.22 0.23 0.29 0.31 0.35 0.3 0.29 0.3 0.3 0.27 0.3 0.27 0.3 0.31 0.3 0.29 0.27 0.26 0.34 0.33
新竹
CO
04/15 0.33 0.31 0.25 0.23 0.24 0.27 0.31 0.4 0.43 0.42 0.36 0.35 0.35 0.34 0.33# 0.34 0.37 0.4 0.5 0.48 0.42 0.42 0.37 0.32
新竹
CO
04/16 0.32 0.35 0.33 0.33 0.33 0.35 0.43 0.5 0.67 0.62 0.54 0.57 0.59 0.52 0.59 0.44 0.35 0.42 0.43 0.48 0.47 0.51 0.51 0.51
新竹
CO
04/17 0.44 0.35 0.36 0.33 0.33 0.32 0.35 0.48 0.5 0.5 0.44 0.41 0.41 0.37 0.37 0.38 0.41 0.48 0.55 0.65 0.68 0.65 0.58 0.54
新竹
CO
04/18 0.57 0.54 0.57 0.55 0.55 0.72 0.77 0.63 0.63 0.48 0.44 0.43 0.43 0.42 0.44 0.43 0.44 0.61 0.81 0.83 0.83 0.77 0.79 0.62
新竹
CO
04/19 0.52 0.52 0.48 0.45 0.49 0.4 0.43 0.61 0.61 0.59 0.56 0.51 0.5 0.52 0.54 0.46 0.53 0.6 0.63 0.88 0.81 0.96 0.85 0.69
新竹
CO
04/20 0.67 0.54 0.52 0.44 0.43 0.49 0.58 0.57 0.51 0.34 0.34 0.34 0.36 0.35 0.34 0.35 0.41 0.6 0.54 0.54 0.62 0.4 0.44 0.41
新竹
CO
04/21 0.43 0.38 0.35 0.27 0.22 0.23 0.32 0.49 0.49 0.43 0.45 0.41 0.38 0.38 0.39 0.35 0.33 0.48 0.64 0.4 0.43 0.58 0.79 0.47
新竹
CO
04/22 0.48 0.36 0.38 0.42 0.3 0.35 0.48 0.67 0.64 0.4 0.34 0.3 0.31 0.28 0.27 0.26 0.31 0.35 0.4 0.42 0.42 0.5 0.34 0.2
新竹
CO
04/23 0.2 0.18 0.19 0.2 0.18 0.23 0.33 0.41 0.34 0.32 0.38 0.36 0.3 0.29 0.22 0.22 0.3 0.32 0.35 0.44 0.42 0.47 0.33 0.23
新竹
CO
04/24 0.21 0.22 0.25 0.29 0.3 0.3 0.37 0.44 0.33 0.31 0.27 0.25 0.24 0.22 0.21 0.21 0.24 0.31 0.32 0.42 0.44 0.46 0.39 0.3
新竹
CO
04/25 0.25 0.31 0.25 0.2 0.23 0.24 0.26 0.3 0.29 0.29 0.28 0.24 0.24 0.2 0.27 0.26 0.29 0.37 0.38 0.51 0.34 0.33 0.22 0.2
新竹
CO
04/26 0.24 0.16 0.16 0.16 0.18 0.2 0.25 0.34 0.38 0.37 0.34 0.32 0.32 0.3 0.28 0.28 0.31 0.37 0.42 0.47 0.49 0.49 0.47 0.39
新竹
CO
04/27 0.38 0.37 0.36 0.35 0.36 0.36 0.38 0.4 0.43 0.43 0.43 0.43 0.42 0.37 0.4 0.4 0.42 0.46 0.46 0.46 0.5 0.44 0.41 0.36
新竹
CO
04/28 0.35 0.35 0.35 0.33 0.33 0.37 0.44 0.47 0.34 0.26 0.28 0.32 0.29 0.29 0.29 0.24 0.27 0.34 0.44 0.56 0.63 0.62 0.56 0.48
新竹
CO
04/29 0.53 0.33 0.33 0.4 0.35 0.31 0.38 0.53 0.66 0.58 0.48# 0.41 0.38 0.35 0.3# 0.34 0.38 0.32 0.45 0.42 0.47 0.51 0.46 0.44
新竹
CO
04/30 0.38 0.33 0.38 0.32 0.3 0.32 0.41 0.71 0.43 0.32 0.3 0.23 0.21 0.21 0.21 0.24 0.25 0.31 0.34 0.42 0.48 0.38 0.37 0.23
新竹
CO
監測年月：2019/05， 測站：新竹， 測項：CO（ppm）
新竹
CO
日期 00 01 02 03 04 05 06 07 08 09 10 11 12 13 14 15 16 17 18 19 20 21 22 23
新竹
CO
05/01 0.2 0.2 0.17 0.17 0.21 0.22 0.23 0.3 0.38 0.46 0.45 0.45 0.42 0.45 0.48 0.47 0.43 0.47 0.46 0.42 0.32 0.28 0.3 0.29
新竹
CO
05/02 0.24 0.29 0.33 0.37 0.38 0.41 0.48 0.59 0.56 0.49 0.45 0.43 0.42 0.39 0.38 0.39 0.42 0.47 0.5 0.46 0.41 0.39 0.36 0.32
新竹
CO
05/03 0.31 0.27 0.27 0.22 0.19 0.2 0.24 0.36 0.38 0.33 0.3 0.3 0.29 0.27 0.25 0.25 0.27 0.28 0.31 0.3 0.29 0.31 0.31 0.27
新竹
CO
05/04 0.23 0.24 0.21 0.2 0.2 0.22 0.27 0.44 0.43 0.41 0.4 0.36 0.3 0.3 0.28 0.29 0.3 0.37 0.39 0.4 0.42 0.38 0.36 0.32
新竹
CO
05/05 0.29 0.28 0.32 0.3 0.26 0.27 0.3 0.27 0.32 0.33 0.3 0.35 0.37 0.29 0.28 0.29 0.3 0.32 0.36 0.37 0.37 0.34 0.3 0.27
新竹
CO
05/06 0.23 0.21 0.19 0.18 0.21 0.21 0.22 0.32 0.5 0.36 0.33 0.31 0.29 0.24 0.23 0.3 0.29 0.39 0.38 0.35 0.27 0.25 0.21 0.2
新竹
CO
05/07 0.19 0.19 0.21 0.18 0.18 0.18 0.19 0.26 0.34 0.31 0.25 0.24 0.26 0.26 0.25 0.28 0.3 0.32 0.29 0.31 0.32 0.29 0.23 0.21
新竹
CO
05/08 0.21 0.21 0.22 0.23 0.2 0.22 0.3 0.44 0.48 0.44 0.48 0.46# 0.42 0.36 0.3 0.29 0.33 0.37 0.43 0.4 0.34 0.35 0.29 0.29
新竹
CO
05/09 0.24 0.24 0.25 0.31 0.36 0.38 0.32 0.41 0.42 0.34 0.32 0.35 0.34 0.28 0.3 0.32 0.41 0.41 0.5 0.44 0.4 0.41 0.47 0.36
新竹
CO
05/10 0.31 0.31 0.29 0.22 0.22 0.26 0.31 0.39 0.36 0.45 0.48 0.43 0.46 0.42 0.39 0.35 0.38 0.49 0.39 0.5 0.58 0.54 0.5 0.4
新竹
CO
05/11 0.39 0.34 0.31 0.29 0.3 0.35 0.39 0.39 0.39 0.4 0.31 0.33 0.33 0.3 0.3 0.29 0.31 0.36 0.42 0.45 0.36 0.38 0.42 0.35
新竹
CO
05/12 0.35 0.3 0.34 0.32 0.33 0.32 0.33 0.36 0.35 0.37 0.29 0.25 0.25 0.22 0.22 0.21 0.24 0.29 0.43 0.37 0.4 0.37 0.42 0.37
新竹
CO
05/13 0.33 0.33 0.34 0.33 0.34 0.35 0.41 0.53 0.53 0.43 0.4 0.33 0.31 0.31 0.29 0.29 0.29 0.42 0.55 0.56 0.87 0.64 0.45 0.42
新竹
CO
05/14 0.38 0.36 0.31 0.29 0.32 0.4 0.5 0.59 0.5 0.39 0.37 0.35 0.32# 0.26 0.24 0.25 0.28 0.3 0.42 0.47 0.45 0.46 0.39 0.35
新竹
CO
05/15 0.31 0.3 0.3 0.32 0.41 0.46 0.44 0.53 0.62 0.41 0.35 0.34 0.25 0.23 0.22 0.23 0.25 0.33 0.41 0.43 0.38 0.33 0.27 0.22
新竹
CO
05/16 0.19 0.14 0.15 0.18 0.16 0.13 0.15 0.24 0.26 0.28 0.29 0.28 0.26 0.26 0.26 0.27 0.31 0.39 0.49 0.43 0.37 0.41 0.28 0.25
新竹
CO
05/17 0.18 0.17 0.14 0.14 0.15 0.16 0.2 0.37 0.34 0.29 0.42 0.45 0.31 0.31 0.29 0.28 0.31 0.37 0.4 0.41 0.34 0.3 0.23 0.17
新竹
CO
05/18 0.16 0.14 0.14 0.14 0.15 0.16 0.21 0.28 0.35 0.4 0.28 0.27 0.29 0.3 0.28 0.39 0.43 0.52 0.39 0.33 0.31 0.36 0.28 0.24
新竹
CO
05/19 0.22 0.15 0.15 0.14 0.13 0.14 0.16 0.2 0.22 0.23 0.23 0.29 0.26 0.27 0.29 0.3 0.27 0.3 0.34 0.39 0.39 0.35 0.29 0.25
新竹
CO
05/20 0.2 0.14 0.15 0.12 0.13 0.13 0.16 0.26 0.34 0.36 0.29 0.4 0.48 0.36 0.31 0.25 0.27 0.32 0.34 0.27 0.28 0.34 0.22 0.2
新竹
CO
05/21 0.2 0.25 0.23 0.25 0.22 0.21 0.21 0.29 0.3 0.29 0.33 0.36 0.36 0.33 0.33 0.38 0.41 0.41 0.44 0.44 0.44 0.46 0.43 0.37
新竹
CO
05/22 0.35 0.3 0.3 0.28 0.27 0.24 0.31 0.47 0.55 0.63 0.71 0.53 0.51 0.61 0.59 0.5 0.59 0.72 0.83 0.74 0.67 0.69 0.7 0.72
新竹
CO
05/23 0.6 0.43 0.49 0.5 0.47 0.48 0.49 0.61 0.64 0.5 0.43 0.42 0.48 0.54 0.58 0.52 0.51 0.48 0.55 0.59 0.6 0.51 0.45 0.38
新竹
CO
05/24 0.38 0.36 0.33 0.37 0.4 0.42 0.47 0.69 0.72 0.69 0.59 0.6 0.51 0.46 0.44 0.49 0.56 0.45 0.57 0.65 0.73 0.65 0.64 0.51
新竹
CO
05/25 0.37 0.34 0.36 0.37 0.39 0.4 0.42 0.43 0.41 0.5 0.47 0.41 0.3 0.29 0.32 0.33 0.34 0.35 0.42 0.32 0.4 0.54 0.49 0.46
新竹
CO
05/26 0.34 0.32 0.34 0.34 0.37 0.38 0.43 0.46 0.35 0.35 0.31 0.3 0.3 0.29 0.27 0.26 0.28 0.33 0.34 0.37 0.42 0.45 0.5 0.45
新竹
CO
05/27 0.39 0.4 0.32 0.28 0.32 0.32 0.39 0.51 0.52 0.42 0.43 0.34 0.31 0.26 0.31 0.35 0.48 0.45 0.5 0.51 0.51 0.55 0.57 0.63
新竹
CO
05/28 0.46 0.38 0.33 0.35 0.3 0.26 0.39 0.61 0.53 0.23 0.32 0.34# 0.27x 0.33# 0.28 0.25 0.28 0.31 0.29 0.27 0.24 0.22 0.18 0.19
新竹
CO
05/29 0.2 0.26 0.24 0.23 0.23 0.23 0.24 0.36 0.39 0.35 0.34 0.32 0.28 0.25 0.25 0.25 0.29 0.37 0.39 0.39 0.37 0.47 0.44 0.38
新竹
CO
05/30 0.32 0.27 0.26 0.27 0.24 0.24 0.26 0.35 0.47 0.41 0.38 0.37 0.29 0.23 0.23 0.24 0.26 0.29 0.3 0.27 0.34 0.54 0.6 0.48
新竹
O3
01/01 33 34 33 33 34 34 33 32 32 35 35 36 38 38 37 35 33 32 32 32 32 34 35 35
新竹
O3
01/02 37 37 38 37 38 35 33 27 26 26 27 29 30 30 28 25 24 21 23 22 24 25 25 27
新竹
O3
01/03 27 28 30 33 34 31 30 24 24 22 24 24 21 24 25 24 21 18 19 18 17 18 19 8.7
新竹
O3
01/04 1.7 1.4 0.3 0.2 0.2 0.4 0.3 0.8 2.5 3.9 10 15 25 29 23 22 22 23 23 14 5.7 5.1 12 22
新竹
O3
01/05 22 13 9.8 8.8 5.6 9.2 9 2.9 3.5 12 16 17 23 25 22 19 9 12 10 6.9 4.7 4.1 5.6 10
新竹
O3
01/06 11 11 9.9 10 11 13 14 14 18 23 28 35 33 35 36 34 31 30 27 28 25 25 27 27
新竹
O3
01/07 30 30 27 23 24 22 13 7.4 6.9 12 19 31 45 54 57 49 34 24 20 26 24 20 8 13
新竹
O3
01/08 24 33 34 34 34 31 30 26 27 29 26 30 32 34 33 33 29 27 24 25 23 26 28 30
新竹
O3
01/09 31 31 32 31 31 30 29 23 24 28# 31 33 37 37 38 36 28 20 17 15 15 11 9.1 11
新竹
O3
01/10 8 1.2 1.9 2.1 0.6 0.5 0.4 1 3 16 18 24# 27 27 29 30 23 20 18 13 18 15 8 6
新竹
O3
01/11 9.3 19 11 12 18 20 9.1 8.1 11 15 17 17 17 12 11 9.5 7.7 9.7 6.9 1.8 1.7 0.3 0.3 0.4
新竹
O3
01/12 1.9 6.2 2.4 0.1 0.2 3.6 5.1 11 14 13 17 24 28 22 20 17 9.4 10 12 12 12 12 10 11
新竹
O3
01/13 13 14 21 26 28 27 24 22 22 23 26 26 29 28 27 27 27 24 24 24 24 22 25 27
新竹
O3
01/14 29 32 34 35 37 36 35 30 28 30 33 38 45 46 45 40 30 23 21 19 19 17 11 16
新竹
O3
01/15 6.5 1.8 5.4 11 2.2 16 3.2 1.1 7.4 18 15 27 36 37 36 38 39 37 37 38 40 40 40 40
新竹
O3
01/16 39 40 43 47 48 47 43 41 39 38 36 34 38 38 36 33 32 29 29 32 28 31 33 35
新竹
O3
01/17 32 36 36 38 37 38 35 32 31 33 33 33 33 32 31 32 31 32 34 38 40 44 43 40
新竹
O3
01/18 37 37 39 40 41 41 39 31 30 35 37 39 48 53 56 50 39 24 18 12 19 12 1.7 0.5
新竹
O3
01/19 1.4 5.6 7.9 14 9.8 12 15 18 28 30 44 48 49 53 47 47 44 34 25 13 4.1 1.7 0.9 0.6
新竹
O3
01/20 0.4 14 8.9 26 26 25 26 21 26 29 34 37 41 43 31 29 31 27 29 38 42 44 45 47
新竹
O3
01/21 46 47 47 45 44 41 39 36 34 34 34 33 35 34 32 33 29 26 29 29 31 35 34 36
新竹
O3
01/22 38 38 42 41 43 43 39 39 37 33 34 36 37 39 41 38 40 40 37 26 24 27 30 27
新竹
O3
01/23 31 36 42 43 44 42 39 33 29 38 46 49 55 57 55# 44 41 37 34 34 33 34 36 40
新竹
O3
01/24 47 49 49 46 48 48 45 42 45 50 54 57 61 64 60# 56 47 38 35 34 30 23 25 20
新竹
O3
01/25 20 22 7.7 11 15 7.7 4.8 4.3 10 19 34 51 60 62 61 61 56 50 48 49 44 42 51 48
新竹
O3
01/26 52 51 54 56 53 45 46 41 40 41 43 43 47 48 48 43 38 34 33 33 35 36 33 34
新竹
O3
01/27 34 34 34 36 36 32 32 30 29 34 36 39 40 41 41 37 35 30 25 23 26 23 18 12
新竹
O3
01/28 17 15 14 12 14 14 4.9 5 11 14 33 34# 37 43 42 39 37 33 30 23 8.9 4.3 4.6 6.6
新竹
O3
01/29 1.8 1.7 2 8.5 8.8 8.6 8.1 11 7.9 19 39 42 47 46 45 43 36 24 19 12 17 18 11 0.5
新竹
O3
01/30 0.6 0.4 0.2 1 0.4 4.5 0.6 6 13 23 29 30 41 48 44 42 43 28 9.2 2 0.7 0.3 0.1 3.2
新竹
O3
01/31 1.8 1.9 11 9.8 3.3 3.8 6 2.5 4.3 10 29 49 52 54 53 56 56 47 38 25 35 41 43 42
新竹
O3
監測年月：2019/02， 測站：新竹， 測項：O3（ppb）
新竹
O3
日期 00 01 02 03 04 05 06 07 08 09 10 11 12 13 14 15 16 17 18 19 20 21 22 23
新竹
O3
02/01 41 42 41 40 39 37 37 35 35 33 34 35 35 36 36 33 29 28 24 22 22 15 14 9.3
新竹
O3
02/02 21 14 3.1 0.2 0.5 1.5 3.3 3.9 4.9 20 29 35 44 49 50 52 51 45 43 34 23 11 13 16
新竹
O3
02/03 1.3 0.4 0.9 4.8 1.5 8.1 6.5 5.6 14 28 50 57 59 62 59 60 52 48 35 32 30 26 13 11
新竹
O3
02/04 8.1 12 10 13 20 19 22 20 21# 26 28 34 33 33 31 31 30 32 33 32 33 34 34 34
新竹
O3
02/05 35 38 39 38 38 39 38 38 36 32 34 36 39 36 36 38 36 35 29 24 17 16 13 10
新竹
O3
02/06 8.6 11 9.1 6.7 1.2 5.5 8.1 12 14 21 30 41 46 51 45 45 44 43 42 42 30 29 31 24
新竹
O3
02/07 12 8.8 9.6 7.5 9.5 11 4.7 6.4 11 27 36 39 38 38 48 50 48 42 38 41 41 35 34 33
新竹
O3
02/08 31 29 31 33 34 35 34 36 35 34 35 34 30# 33# 34 33 30 29 27 29 27 28 29 28
新竹
O3
02/09 25 23 26 25 18 13 14 14 23 20 22 23 28 29 28 25 27 28 29 31 31 32 30 30
新竹
O3
02/10 30 30 34 35 35 34 34 33 31 29 31 32 32 33 34 33 32 32 31 30 27 24 27 27
新竹
O3
02/11 29 32 32 33 33 34 33 30 30 30 29 30 31 32 30 31 29 26 25 20 20 19 22 23
新竹
O3
02/12 22 22 21 13 12 7.4 2.7 4.1 9.3 17 22 29 34 35 35 33 29 27 27 31 26 21 16 15
新竹
O3
02/13 8.8 4.9 6.5 25 27 22 21 22 21 21 22# 20 27 29 24 27 26 26 22 23 25 22 25 27
新竹
O3
02/14 27 27 25 21 15 13 12 6.2 21 25 26 29 34 36 35 32 35 37 34 36 33 31 29 23
新竹
O3
02/15 24 27 24 19 21 13 11 5.4 15 21 40 44# 56# 63# 64 63 59 55 46 38 27 13 8.5 21
新竹
O3
02/16 21 29 29 21 20 23 25 25 24 21 26 28 33 37 37 37 34 35 31 29 29 29 35 33
新竹
O3
02/17 35 35 40 40 37 32 33 34 36 35 36 39 39 40 39 35 34 33 31 27 24 28 28 28
新竹
O3
02/18 32 29 26 26 28 25 15 2.6 3.7 8.9 7 6.3# 30 34 34 32 29 30 26 19 24 21 12 9.7
新竹
O3
02/19 8.7 33 29 25 23 17 6.5 2.2 3.1 14 26 32 33 37 39 41 31 31 17 4.7 1.8 1.4 1 1.2
新竹
O3
02/20 1 0.7 0.6 0.4 0.5 0.7 0.9 2 4.1 15 40 49 49 44 52 43 25 19 17 17 17 19 19 21
新竹
O3
02/21 24 21 15 18 22 23 18 8.7 13 17 22 25 36 48 56 59 33 26 33 38 34 29 28 26
新竹
O3
02/22 30 36 39 39 38 35 33 33 34 34 35 32 33 36 35 34 35 33 34 36 33 33 33 34
新竹
O3
02/23 39 40 40 41 38 35 34 29 33 36 34 33 32 32 31 31 26 24 28 31 27 27 29 31
新竹
O3
02/24 36 34 35 37 38 40 34 34 35 33 37 40 38 38 34 41 36 37 43 44 44 41 44 44
新竹
O3
02/25 40 30 27 27 32 31 23 18 21 12 17 33 47 42 44 39 38 37 35 27 33 33 35 39
新竹
O3
02/26 44 45 47 45 43 38 33 28 28 33 33 36 37 40 47 47 43 37 29 19 17 16 13 13
新竹
O3
02/27 7.1 15 11 4.4 2.4 19 2 3.5 16 34 32 40 46 57 53 47 44 54 42 31 7.7 2.4 2 1.3
新竹
O3
02/28 14 29 17 36 37 32 31 28 27 32 33 34 36 38 37 34 30 29 26 29 33 31 35 33
新竹
O3
監測年月：2019/03， 測站：新竹， 測項：O3（ppb）
新竹
O3
日期 00 01 02 03 04 05 06 07 08 09 10 11 12 13 14 15 16 17 18 19 20 21 22 23
新竹
O3
03/01 31 31 32 33 32 32 28 29 30 34 38 45 53 52 52 48 47 41 39 34 31 30 36 38
新竹
O3
03/02 33 34 32 33 33 36 31 24 19 21 36 48 54 58 54 53 48 40 27 22 7.3 30 27 9.5
新竹
O3
03/03 2.1 8.7 31 41 26 9.2 12 19 14 14 47 45 43 39 41 36 38 23 17 30 33 29 24 20
新竹
O3
03/04 21 36 33 31 35 30 27 26 32 38 43 47 56 62 61 56 49 42 34 35 31 32 35 33
新竹
O3
03/05 36 39 37 36 37 38 34 24 22 25 38# 44 51 64 61 54 52 48 46 39 36 31 24 19
新竹
O3
03/06 13 30 25 14 17 27 11 5.1 12 7.4# 27# 32 31 28 32 39 48 41 42 45 40 41 45 44
新竹
O3
03/07 43 41 48 54 55 48 49 41 42 45 45 43 47 51 52 54 55 58 55 51 47 53 54 55
新竹
O3
03/08 57 58 57 52 49 47 44 35 31 28 28 29 27 32 35 36 34 32 31 28 31 23 7 2.1
新竹
O3
03/09 5.9 6.1 14 7.8 5.7 9.3 6.1 3.7 4 3.4 8.9 6.2 8.8 8.3 14 13 17 23 12 13 6 22 14 5.7
新竹
O3
03/10 30 40 37 43 41 40 35 27 20 32 33 33 30 25 24 26 26 22 17 26 25 15 24 40
新竹
O3
03/11 47 58 63 64 60 47 42 28 27 31 30 32 38 40 42 38 35 25 18 15 16 18 26 30
新竹
O3
03/12 27 20 24 31 22 23 29 30 35 32 42 74 85 86 75 73 73 66 49 34 34 34 40 40
新竹
O3
03/13 35 25 18 13 18 6 1.9 3.9 5.1 23 44 60 87 93 88 77 59 42 29 28 28 23 23 21
新竹
O3
03/14 11 8 16 13 9.1 5.3 5.3 12 12 36 47 52# 59# 58 52# 65# 58# 57 54 51 48 48 51 47
新竹
O3
03/15 51 52 54 54 54 49 46 36 38 44 54 60 63 64 59 57 52 57 49 48 53 53 55 59
新竹
O3
03/16 58 58 60 61 61 56 50 48 37 39 35 41 44 39 38 39 42 41 36 34 31 19 6.8 1.5
新竹
O3
03/17 8.3 4.2 1.5 8.1 4.9 1.7 6.4 5.1 4.4 8 34 57 60 59 63 61 62 54 48 36 28 29 29 27
新竹
O3
03/18 24 30 17 17 17 10 16 43 43 45 48 52 55 59 63 66 62 49 38 26 22 25 22 26
新竹
O3
03/19 11 9.5 3 2.3 9.6 2 4.9 6.2 19 28 40 51 67 73 62# 58 54 42 31 23 22 23 18 10
新竹
O3
03/20 5.5 8 5.8 4.9 3.1 5.6 1.3 1.9 3.3 22 39 46 53 63 79 82 72 47 47 43 48 48 44 35
新竹
O3
03/21 21 7.5 5.9 7.9 11 12 6.5 8.7 16 25 28 36 41 46 43 40 29 25 23 18 11 3.4 2.1 5.1
新竹
O3
03/22 19 17 21 23 27 37 41 36 34 30 36 41 48 50 48 42 38 37 34 36 38 37 42 43
新竹
O3
03/23 40 40 42 44 45 46 46 43 40 41 43 43 43 41 41 41 42 39 37 37 43 44 44 49
新竹
O3
03/24 51 51 52 52 52 53 50 44 36 32 30 23 20 23 22 17 15 2.8 1.2 3.6 1.5 0.9 1.8 0.8
新竹
O3
03/25 0.8 1.2 0.8 1.8 5.7 4.3 2 20 40 23 17 21 52 41 32 39 43 41 31 33 27 24 23 28
新竹
O3
03/26 38 45 40 39 36 35 30 28 33 35 42 49 59 62 61 59 55 43 33 31 22 23 23 7.9
新竹
O3
03/27 4 6.2 5.1 11 9 7.3 3.7 5.2 19 50 59 67 72 77 74 66 56 53 53 39 35 28 14 2.3
新竹
O3
03/28 3.5 19 23 28 36 25 17 21 23 34 40 43 43 56 37 36 39 43 41 28 15 15 14 16
新竹
O3
03/29 12 15 20 19 16 25 25 20 26 31 38 45 45 47 48 49 46 46 45 36 35 37 56 56
新竹
O3
03/30 53 47 47 40 33 26 22 12 26 38 51 59 65 67 69 62 56 51 47 43 40 42 46 49
新竹
O3
03/31 52 54 55 58 60 62 61 59 62 64 62 71 71 66 60 58 56 55 53 52 52 51 51 51
新竹
O3
監測年月：2019/04， 測站：新竹， 測項：O3（ppb）
新竹
O3
日期 00 01 02 03 04 05 06 07 08 09 10 11 12 13 14 15 16 17 18 19 20 21 22 23
新竹
O3
04/01 52 53 54 53 50 47 44 43 43 43 44 47 50 50 46 46 47 47 48 49 49 51 50 50
新竹
O3
04/02 50 47 45 42 35 40 35 24 28 26 22 25 31 50 64 77 70 51 48 48 48 40 48 53
新竹
O3
04/03 48 48 45 44 44 43 44 41 38 40 42 38# 37 29 40 51 51 32 24 9.9 8.4 39 14 26
新竹
O3
04/04 27 14 21 19 2.5 2.5 5.1 8.7 19 33 43 55 64 62 54 56 57 56 54 52 50 51 50 51
新竹
O3
04/05 49 55 54 50 37 49 51 52 48 47 48 58 58 58 55 59 59 54 45 36 30 25 19 21
新竹
O3
04/06 21 10 9.1 5.3 14 14 6.4 11 21 31 49 68 65 59 56 54 58 54 55 44 27 25 26 18
新竹
O3
04/07 5.9 5.6 7 11 23 14 18 31 60 65 68 68 70 71 72 79 75 81 78 69 78 76 52 39
新竹
O3
04/08 32 29 17 13 12 11 6.4 9 23 51 64 74 72 68 68 61 59 58 49 46 39 32 29 34
新竹
O3
04/09 27 19 13 15 12 13 8.1 16 25 38 49 59 56 43 42 32 26 29 27 26 27 25 23 20
新竹
O3
04/10 15 16 14 12 2.9 7.8 11 13 16 23 31 31 27 31 29 30 34 33 27 23 31 36 37 40
新竹
O3
04/11 41 41 42 43 43 40 32 20 20 31 47 47 51 51 50 47 45 42 39 35 31 32 32 43
新竹
O3
04/12 47 48 48 44 44 48 46 45 44 45 49 51 55 55 54 50 43 44 43 42 42 41 38 36
新竹
O3
04/13 34 27 29 16 11 5.4 8.6 12 28 41 39 45 52 53 47 47 43 33 25 21 27 17 16 28
新竹
O3
04/14 26 17 31 37 37 39 38 33 35 51 59 62 63 62 61 57 53 51 54 49 47 49 72 69
新竹
O3
04/15 62 61 65 63 59 59 55 53 58 61 58 56 56 55 54 53# 47 49 41 41 45 40 39 44
新竹
O3
04/16 43 37 38 34 21 24 16 22 20 20 13 15 17 24 22 39 53 52 54 45 39 27 25 21
新竹
O3
04/17 19 31 32 36 35 25 27 25 38 48 60 65 69 74 75 73 71 64 54 36 28 33 37 36
新竹
O3
04/18 22 16 8.2 8.8 14 3.1 6.6 23 29 57 73 83 87 91 91 87 78 66 49 41 27 28 15 19
新竹
O3
04/19 23 23 21 18 10 31 37 27 33 34 40 57 69 69 63 63 58 49 45 32 28 18 14 24
新竹
O3
04/20 19 18 5.4 21 20 17 8.4 12 26 45 57 59 65 64 66 66 63 55 46 39 31 42 39 37
新竹
O3
04/21 24 14 23 36 47 46 37 26 27 27 30 33 33 34 31 26 25 23 17 26 21 10 7.4 5.9
新竹
O3
04/22 2.3 5.6 3.3 0.7 4.1 1.9 2.8 5.2 16 24 29 31 36 31 34 34 30 21 21 17 11 6 9.2 16
新竹
O3
04/23 16 15 12 15 18 5.3 5.8 9.4 14# NA 49# 51 53 57 34 29 41 32 25 16 14 9.6 13 17
新竹
O3
04/24 18 15 12 7.5 8.8 7 5.4 9.9 18 22 25 28 30 29 28 29 31 21 18 14 8.9 7.3 6.1 5.8
新竹
O3
04/25 7.4 2.3 4.4 9.1 4.7 6.7 10 18 25 33 41 38 39 37 39 29 26 16 24 13 17 17 17 30
新竹
O3
04/26 43 25 23 20 23 24 31 30 34 49 64 73 77 82 77 68 62 54 46 37 32 33 36 38
新竹
O3
04/27 45 55 56 58 60 59 56 56 57 59 62 62 63 62 61 57 51 45 41 39 34 34 33 33
新竹
O3
04/28 31 29 31 30 27 17 11 16 36 46 46 46 51 61 62 59 51 48 41 26 15 16 1.6 5.3
新竹
O3
04/29 3.2 18 17 1.3 5.8 8.4 8.6 9.8 24 37 58 75# 77 72 63 61 52 46 30 29 30 26 29 25
新竹
O3
04/30 25 22 11 5.8 7.2 7.3 7.9 10 25 38 38 27 28 25 27 28 27 25 24 17 13 14 8.9 12
新竹
O3
監測年月：2019/05， 測站：新竹， 測項：O3（ppb）
新竹
O3
日期 00 01 02 03 04 05 06 07 08 09 10 11 12 13 14 15 16 17 18 19 20 21 22 23
新竹
O3
05/01 11 27 27 29 39 48 46 47 44 38 40 40 40 38 32 35 37 33 35 34 43 47 45 52
新竹
O3
05/02 62 69 75 79 79 79 74 67 68 65 61 60 56 52 51 48 47 48 50 56 59 59 60 59
新竹
O3
05/03 57 62 61 61 64 69 61 55 50 60 64 69 75 74 73 70 62 61 58 57 54 51 46 47
新竹
O3
05/04 46 49 48 54 50 45 41 29 25 29 36 39 43 42 42 41 37 30 24 24 22 27 29 27
新竹
O3
05/05 27 29 21 15 22 21 25 34 35 40 55 69 66 67 61 56 50 40 35 32 28 29 30 32
新竹
O3
05/06 36 35 38 35 23 33 34 31 21 36 40 34 39 48 48 41 41 34 36 42 46 45 50 51
新竹
O3
05/07 54 56 53 60 63 60 57 52 47 49 51 52 49 50 52 47 44 46 50 48 48 50 53 50
新竹
O3
05/08 49 41 36 34 32 30 27 29 32 25 32 41# 42 47 48 48 46 43 39 40 40 38 40 34
新竹
O3
05/09 41 43 43 32 22 23 32 33 37 42 45 44 43 46 42 38 30 35 28 30 30 27 19 23
新竹
O3
05/10 28 33 35 37 37 35 42 34 39 34 38 43 40 51 56 54 45 54 53 37 30 31 29 30
新竹
O3
05/11 32 32 28 30 27 20 24 20 29 43 51 56 58 64 64 58 51 40 31 26 26 22 17 16
新竹
O3
05/12 18 17 11 11 8 3.5 11 15 26 46 50 60 63 60 54 54 46 37 22 19 12 10 10 8.6
新竹
O3
05/13 10 5.1 2.9 4.3 17 11 8.5 15 24 30 38 49 53 54 53 53 52 46 36 32 16 18 23 22
新竹
O3
05/14 20 20 22 23 17 5.4 2.7 5.9 18 32 38 39 36# 32# 26 19 28 27 25 26 27 21 22 21
新竹
O3
05/15 22 16 13 9.2 2.7 2.8 6.1 8.9 16 23 40 55 33 36 42 41 34 34 25 25 29 32 39 41
新竹
O3
05/16 43 36 19 16 17 19 19 19 20 21 31 40 36 34 26 24 24 19 8.5 8.1 7.4 6.2 8.4 3.9
新竹
O3
05/17 12 13 14 14 9.2 16 21 13 19 22 16 14 22 25 26 23 23 19 15 11 11 11 13 15
新竹
O3
05/18 17 18 19 19 19 19 18 18 14 10 16 22 19 17 31 35 27 16 16 16 15 11 17 25
新竹
O3
05/19 27 31 26 25 24 22 22 22 25 28 30 37 30 31 34 33 29 24 21 19 15 11 13 12
新竹
O3
05/20 15 17 18 22 22 21 20 19 19 16 42 58 53 45 42 42 43 41 42 50 51 42 55 60
新竹
O3
05/21 58 54 55 55 59 59 61 61 64 65 71 69 78 83 75 69 63 55 52 50 45 40 33 31
新竹
O3
05/22 30 28 22 22 30 34 29 23 16 23 23 45 51 49 53 52 35 28 23 31 40 41 41 29
新竹
O3
05/23 37 49 35 29 24 6.3 18 35 36 44 48 51 49 54 101 91 66 61 43 30 24 24 27 29
新竹
O3
05/24 23 24 24 11 4.8 2.1 2.5 3.9 24 40 73 87 81 79 91 100 97 84 84 76 64 65 54 64
新竹
O3
05/25 71 55 44 36 32 21 18 29 32 44 73 79 63 67 74 59 57 57 51 49 50 27 29 18
新竹
O3
05/26 18 20 14 11 1.4 1.8 4.3 13 44 54 61 57 58 57 53 46 46 42 35 30 28 27 21 13
新竹
O3
05/27 14 11 16 22 20 16 16 17 23 28 31 43 31 33 36 42 42 43 34 30 29 11 15 5.8
新竹
O3
05/28 3.2 5 3 3.7 7.7 3.6 2.6 1.2 5.2 21 16 13# 24# 26# 46 50 47 47 48 47 49 51 52 50
新竹
O3
05/29 47 40 39 41 40 40 43 39 36 42 43 45 51 55 57 56 55 49 48 38 39 30 33 37
新竹
O3
05/30 44 44 40 38 36 38 33 23 23 25 33 70 86 83 69 70 62 54 47 46 35 21 18 18
新竹
NO2
01/01 5.2 3.4 3.4 3.8 3.4 3.2 3.4 4.4 5 4.5 4.5 4.4 4.2 3.8 4.4 5.1 6.5 7 7 7.3 7.3 6.5 5.6 5
新竹
NO2
01/02 4 3.4 3.1 2.7 2.8 3.6 4.8 10 12 13 12 12 11 11 12 14 15 17 16 15 14 12 11 9
新竹
NO2
01/03 8.5 8.2 7 5.2 5.5 5.5 8.4 14 16 17 16 16 13# 13 14 14 16 19 17 17 18 17 16 19
新竹
NO2
01/04 19 17 15 -547* 11 11 10 13 25 34 28 31 15 9 11 13 15 15 13 19 27 25 17 8.8
新竹
NO2
01/05 8.4 15 17 16 17 16 17 20 21 19 19 22 21 23 24 21 26x 13* 13* 22* 30 27 23 17
新竹
NO2
01/06 13 12 12 12 11 12 11 13 12 12 11 10 10 11 10 12 13 13 16 14 15 15 13 12
新竹
NO2
01/07 10 8.9 8.9 11 12 13 19 27 31 28 27 24 19 14 13 12 12 22 23 15 15 16 26 21
新竹
NO2
01/08 12 5.2 4.7 4.8 5.7 7.5 8.2 14 14 13 16 13 12 11 12 12 13 14 17 16 16 13 11 9.6
新竹
NO2
01/09 7.7 8.4 6.5 6.7 6.8 7.3 8 14 14 12# 10 9.9 11 11 9.7 12 17 24 26 27 27 29 29 26
新竹
NO2
01/10 28 29 26 24 20 21 21 21 26 16 16 12# 10# 12# 11 11 18 19 22 21 17 18 23 23
新竹
NO2
01/11 20 11 14 14 7.6 8.9 17 19 19 17 19 14 11 15 19 20 21 19 19* 16* 24 27 29 27
新竹
NO2
01/12 24 15 19 23 21 19 20 17 15 16 15 13 14 13 13 16 21 22 22 20 20 18 19 19
新竹
NO2
01/13 17 19 12 9.1 8 7.2 9.1 11 12 13 11 10 9.8 11 11 11 12 14 15 14 13 15 13* 12
新竹
NO2
01/14 11 8.1 7.6 7.1 6.6 7.2 8.6 14 17 15 14 14 11 11 13 15 20 23 23 23 22 23 29 21
新竹
NO2
01/15 26 28 27 21 26 18 25 23 22 20 27 18 11 11 12 10 10 12 11 9.9 8.8 8.5 8.2 7.7
新竹
NO2
01/16 7.4 7.2 7.1 6.6 6.9 7 9.4 12 13 13 14 17 14 15# 17# 18 19 18 17 11 14 11 8.6 6.3
新竹
NO2
01/17 7.6 6.4 6.4 6 6.7 6.6 -440937* -24.7* 2121* 13 13 12 12 13 13 14 15 16 16 13 13 12 9.9 9.6
新竹
NO2
01/18 11 9.8 8.6 8.3 7.2 6.5 7.9 17 18 14 14# 12# 8.4 8.1 8.6 16 19 28 30 33 21 27 34 31
新竹
NO2
01/19 24 23 22 15 16 18 19 19 16 17 10 8.4 9.3 7.9 12 14 15 24* 31 41 49 48 44 38
新竹
NO2
01/20 35 24 29 14 13 13 11 16 15 15 12 9.6 9 8.6 15 20 18 20 18 11 9.5 9.7 9.1 6.3
新竹
NO2
01/21 5.7 5.5 5.3 5.3 4.7 6 7.1 8.6 9.9 11 10 12 11 11 12 9.4 12 17 15 13 11 8.6 9 8.1
新竹
NO2
01/22 5.8 6.9 4.6 5.9 5.3 5.7 7.7 9.7 13 14 13 12 11 12 12 15 17 19 22 26* 30 28 25 26
新竹
NO2
01/23 25 20 15 14 13 12 16 22 27 20 14 14 13 13 14# 14 17 20 24 23 26 23 21 18
新竹
NO2
01/24 12 9.7 9.4 12 12 12 14 19 19 18 17 15 14 12 13 13# 16 20 21 19 22 29 27 28
新竹
NO2
01/25 27 18 31 22 69* 17 19 22 25 28 27 16 11 9.1 8.8 11 11 14 16 16 16 16 8.8 11
新竹
NO2
01/26 8 8.4 6.7 6.3 6.4 7.2 7.3 7.9 8.5 8.7 8.7 8.5 8.4 9.3 9.1 9 9.7 12 12 13 11 10 11 8.1
新竹
NO2
01/27 7.3 5.9 5.7 4.6 4.2 6.5 7.2 9.3 12 9.9 9 7.3 6.5 5.9 7.2* 8.3 8.5 12x 15 17 13 15 18 24
新竹
NO2
01/28 17 18 17 19 9.5 10 19 21 22 26 15 19 11 8.4 8.5 12 13 16 18 23 36 38 36 36
新竹
NO2
01/29 41 36 29 17 18 22 20 21 32 26 9.4 10 9.2 9.3 9.2 11 15 25 28 37 28 25 31 40
新竹
NO2
01/30 37 33 26 25 25 23 27 25 21 16 15 17 11 7.3 14 18 17 31 48 53 44 38 33 29
新竹
NO2
01/31 31 27 18 17 23 24 27 30 33 29 18 11 13 9.7 10 9.4 11 15 18 17 13 10 8.4 6.9
新竹
NO2
監測年月：2019/02， 測站：新竹， 測項：NO2（ppb）
新竹
NO2
日期 00 01 02 03 04 05 06 07 08 09 10 11 12 13 14 15 16 17 18 19 20 21 22 23
新竹
NO2
02/01 5.5 4.4 4.4 4.5 4.5 4.9 5.4 7.5* 9.1 11 11 9.7 10 10 12 14 18 17 21 22 21 28 27 32
新竹
NO2
02/02 18 26 30 30 22 21 17 18 22 21 17 13 8.6 7.4 8.9 7.8 7.6 12 13 19 27 34 29 23
新竹
NO2
02/03 35 28 21 15 18 14 18 20 17 14 11 10 7.1 5.9 6.2 7.2 9.7 13 19 -261.2* 19 20 23 22
新竹
NO2
02/04 22 15 15 13 8.7 8.5 7.5 8.3 8.7 8.4 9.8 9 9 9 9.9 10 11 9.8 10 11 11 11 9.7 8.7
新竹
NO2
02/05 7.8 5.5 5.1 4.7 3.9 3.3 4.1 4.7 6.6 9.1 8.3 7.5 5.9 7.7 8.4 8.2 12 10 14 17 21 18 23 24
新竹
NO2
02/06 21 17 16 17 20 13 11 11 12 14 13 10 9.7 9.1 9.9 5.8 5.7 7.9 8.5 8.7 17 16 15 16
新竹
NO2
02/07 24 16 4.8* 1.1* 0.7* -10712.2* 15 19 19 14 7 7 11 8.2 7.2 7.9 475* 9.3 10 9.6 9 8.7 8.5 5.9
新竹
NO2
02/08 5.2 5.7 5.1 4.2 3.5 2.9 4.5 3.9 4.3 5.4 5 5.7 6.9# 6.2 6.4 6.8 9.7 11 12 10 11 11 8.8 7.8
新竹
NO2
02/09 8.8 8.6 6.9 5.9 7.5 10 11 9.3 9.9 11 10 12 9.3 9.2 9.6 11 12 11 10 8.8 7.8 6.3 7.3 6.4
新竹
NO2
02/10 7 9.1 5.5 4.3 3.9 3.9 4.3 4.6 5.9 8.8 8.7 8.2 8.3 8.1 8 8.7 9 8 8.8 9.2 10 12 8.7 8.7
新竹
NO2
02/11 8.2 5 4.8 4.2 4.4 4.2 4.6 7 7.1# 7.6 9.1 9.8 8.5 7.8 9.1 8.6 9.4 11 12 15 16 16 13 11
新竹
NO2
02/12 12 9.7 11 11 9.6 13 22 22 23 19 15 9.9 7.5 6.7 6.7 7.7 9.8 11 11 7.3 10 15 4.2 17
新竹
NO2
02/13 23 25 22 5.3 3.9 7.9 10 12 14 14 13 12 9.8 11 15 15 17 18 19 20 17 19 16 13
新竹
NO2
02/14 12 11 11 12 17 13* 11 23 16# 14 15 15 11 10 11 15 14 14 16 14 16 15 14 20
新竹
NO2
02/15 18 14 12 14 12 11 15 24 24 25 13 14 9.6 8.4 7.5 7.8 9.1 11 15 18 25 33 34 22
新竹
NO2
02/16 18 10 9.5 13 13 10 8.8 9.1 11 17 15 15 13 9.7 9.8 10 12 11 13 13 13 13 8 7.9
新竹
NO2
02/17 6.1 7.7 3.9 2.8 3.3 5.9 6.5 6.4 5.2 5.9 6.4 7.1 7.9 7.2 6.9 9.2 9.4 9.2 10 13* 15 12 10 9.7
新竹
NO2
02/18 7.6 10 12 12 9.7* 13 19 26 24 24 29 13# 11 9.3 9.3 11 13 14 16 21 17 22 23 22
新竹
NO2
02/19 22 4.2 5.8 8.8 8.7 13 22 26 33 25 11 9.5 11 9.6 11 12 29 28 39 51 52 41 39 36
新竹
NO2
02/20 35 29 27 21 21 24 27 31 41 52 31 11 9.2 7.9 8 8.6 13 14 14 15 16 16 14 12
新竹
NO2
02/21 9.6 11 14 14 11 8.8 11 20 16 16 19 19 19 13 11 10 9.4 13 8.7 8.9 11 12 14 14
新竹
NO2
02/22 11 7.4 5 4.8 6.5 7.8 8.2 9.6 9 10 9.6 12 13 11 11 12 13 16 14 12 14 13 12 12
新竹
NO2
02/23 9.9 7.5 7.4 4.5 4.6 6 7.3 13 13 12 15 15 13 12 13 15 19 22 18 15 16 16 14 12
新竹
NO2
02/24 9.5 8.8 7.8 6.6 6 4.8 7.8 11 11 15 14 13 14 16 18 13 18 16 12 11 11 13 9.4 7.7
新竹
NO2
02/25 8.8 15 15 15 11 13 20 28 28 35 32 22 9.4 10 14 16 15 17 17 21 17* 14 14 12
新竹
NO2
02/26 9.5 7.6 6.3 6.3 7 8.3 14 20 21 19 19 18 17 17 13 15 18 16 20 27 29 27 28 25
新竹
NO2
02/27 29 20 22 26 27 20 28 30 31 24 27 20 18 13 9.5 11 14 11 20 29 47 50 39 38
新竹
NO2
02/28 34 15 22 6.3 6* 7.5 10 12 14 14 10 9.9 9.8 9.8 12 13 16 19 21 17 14 15 11 10
新竹
NO2
監測年月：2019/03， 測站：新竹， 測項：NO2（ppb）
新竹
NO2
日期 00 01 02 03 04 05 06 07 08 09 10 11 12 13 14 15 16 17 18 19 20 21 22 23
新竹
NO2
03/01 10 11* 11* 10* 9.8 8.2* 11* 14* 13# 14 13 11 9.3 7.7 7.5 6.9 8.4* 12* 13* 15* 17* 16* 12* 9.8*
新竹
NO2
03/02 9.5* 10 9.7 9.3 8.9 8.6 9.3 11 13 13 11 13 8.9 8.5 9.1 9.7 17 22 27 29 40 20 26 31
新竹
NO2
03/03 33 23 11 6.5 12 20 20 15 21 19 6.4 7.5 9.6 14 12 14 12 21 26 16 13 14 16 19
新竹
NO2
03/04 21 6.8 8.6 10 9.3 10 15 19 14 12 12 13 14 12 11 13 15 18 19 17 19 20 15 16
新竹
NO2
03/05 16 9.4 10 11 12 11 12 19 21 20 15# 24# 18 11 13 13 12 10 9.6 15 17 18 19 20
新竹
NO2
03/06 23 5.9 12 17 12 9.5 18 28 30 29# 17 14 18 22 20 15 11 13 13 12 14 13 11 11
新竹
NO2
03/07 9.7 13 8.9 5.5 5.2 8.1* 7.9 14 16 13# 15 19 18 13 16 19 19 15 14 15 16 13 11 11
新竹
NO2
03/08 9.5 6.1 6.6 6.7 6.9 6.8 8.6 18 22 24 25 24 26 20 18 17 18 18 20* 20* 17* 24* 33 32
新竹
NO2
03/09 29 24 13 -6.9* 18 16 17 23 26 32 28 32 33 37 34 37 31 25 33 34 36 18 25 31
新竹
NO2
03/10 16 7.8 7.3 4.8 7.7 4.4 10 17 24 9.6 8.7 9 9.9 14 15 15 15 18 23 17 17 22 15 7.9
新竹
NO2
03/11 9.3 7.7 6.6 7.1 7.5 9 11 20 22 22 25 26 22 18 17 20 23 29 33 35 32 30 24 20
新竹
NO2
03/12 18 27 21 12 20 24 19 20 19 18 18 14 12 9.8 8.4 7.3 9.8 12 24 34 28 24 20 16
新竹
NO2
03/13 14 18 19 22 20 27 32 32 41 32 30 26 19 12 9.4 13 15 20 25 25 21 23 19 18
新竹
NO2
03/14 25 24 17* 1034* 19 24 27 32 33 29# 5.2# 13# 8.8# 7.2# 6.3# 6.6* 12* 7.4# 10* 9.8* 9.7 9.5 7.7 9
新竹
NO2
03/15 8.3 6.2 5 4.1 4.9 6.2 10 19 16 15 9.2 8.3 6.7 6.9# 11# 12 16 14 19 20 14 8.8 5.6 5.1
新竹
NO2
03/16 4.6 5.8 5.2 4.6* 4.5 6.2 11 13 20# 21 24 20 17 22 24 23 20 20 23 23 22 30 42 46
新竹
NO2
03/17 33 30 27 18 28 32 24 23 26 27 19 7.5 7.6 11 9.4 11 8.2 7.8 10 17 20 18 18 16
新竹
NO2
03/18 11 12 15 11 11 15 17 11 11 12 11 9.5 9.8 8.5 7.8 8.3 13 17 22 30 31 29 32 22
新竹
NO2
03/19 29 21 22 24 16 25 24 26 25 26901* 25 20 19 17# 12 11 18 20 22 26 24 20 22 26
新竹
NO2
03/20 28 24 23 21 21 17 23 24 25 21 13 13 15 14 12* 13* 14* 21* 20* 19* 14* 10* 6.7* 5.7*
新竹
NO2
03/21 5.8* 12 13 8.9 7.4 7.5 12 12 9 7.8 12 9.8 5.8 5.9 6.3 5.9 8.6 4.8 5.1 8.3 13 21 22 17
新竹
NO2
03/22 6.2 11 6.6 6 7.6 9.1 8.3 14 15 19# 20 17 12 11 13 13 13 13 15 13 10x 9.5* 6.6 6.2
新竹
NO2
03/23 6.1 5.5 3.6 3 2.7 2.7 3.3 5.2 8 8.9 8.4 7 6.6 8.3 8.9 7.9 8.2 9.1 11 9.8 8.5 6.8 8.3 5.9
新竹
NO2
03/24 4.1 2.2 2.2 2.4 2.2 2.6 3.5 6.8 13 16 18 23 20 18 16 23 27 33 29 27 27 26 31 30
新竹
NO2
03/25 24 19 18 17 13 12 17 15 14* 29 32 30 9.3* 20 27 22 19 20* 24* 20* 21* 21* 21* 17*
新竹
NO2
03/26 14* 7.8* 9.2* 9.3x 8.8* 9.6* 14* 18 16# 16 15 13# 8.9 9.4 8.6 11 12 20 24 20 26 22 20 28
新竹
NO2
03/27 27 19 20 15 13 15 21 23 22 10 8.5 7 6.7 6.1 7.2 11 12 15 17 25 22 25 34 39
新竹
NO2
03/28 33 19* 18* 15* 10* 14* 22 20 17 11# 11 10 9.9 7.6 10 5.9 6.6 7.5 7.1 9 15 14 12 10
新竹
NO2
03/29 11 9.8 6.6 6.8 11 6.9 8.6 14 12 8.7 6.8 7 6.7 6.5 7 7.5 10 12 14 19 19 16 4.1 4.5
新竹
NO2
03/30 5.4 5.9 3.7 7.1 9.9 14 18 25 17 13 12 11 7.1 5.5 4.7 7.7 12 12 11 10 13 12 7.9 6.4
新竹
NO2
03/31 5.3 3.6 2.6 2.3 2.6 2.3 2.9 4.7 6.1 5.7 5.1 6.3 6.5 6.5 6.7 6.7 7.9 7.9 7.9 8.2 7.3 6.9 6.8 6.2
新竹
NO2
監測年月：2019/04， 測站：新竹， 測項：NO2（ppb）
新竹
NO2
日期 00 01 02 03 04 05 06 07 08 09 10 11 12 13 14 15 16 17 18 19 20 21 22 23
新竹
NO2
04/01 5.2 3.8 3.3 3 3.6 4.3 6.7 11 13 14 13 12 9.8 8.9 11 13 12 11 10 10 8.5 8.6 8.2 8.5
新竹
NO2
04/02 5.7 9.7 9.5 10 13 7.4 12 25 22 24 25 24 25 17 18 12 13 12 11 11 9.6 14 9.3 4.8
新竹
NO2
04/03 5 5 5.3 4.7 4.7 5.6 6.4 10 16 15 15# 19# 19# 24 16 11 10 24 31 39 33 14 25 17
新竹
NO2
04/04 13 24 21 19 26 19 16 14 11 11 10 9.2 6.3 6.6 7 6.8 7.1 7.3 7.5 7.7 9 8.3 7.8 6.4
新竹
NO2
04/05 7.2 3 2.9 2.9 5 4.5 3.7 3.9 5 6 7 6.5 4.4 4 4.3 4.5 6 9.2 14 18 18 18 18 14
新竹
NO2
04/06 10 20 19 21 11 8.1 12 15 15 15 11 6.8 6.6 6.6 9.1 10 7.9 14 13 17 25 25 23 25
新竹
NO2
04/07 31 22 22 17 12* 13* 17 17 8.4 7 9.1 8.5 10 11 12 9.1 14* 12* 7.8* 14* 13* 11* 20* 18*
新竹
NO2
04/08 17* 15 17 14 12 12 18 20 21 11 10 8.8 6.4 5.3 5.7 9.4 9.5 5.6 12 9.4 12 15 15 11
新竹
NO2
04/09 10 14 14 11 13 16 23 20 14 14 13 13 8.1 8.1 8.1 7.3 12 4.5 7.4 5.9 4.6 6.5 6.9 5.8
新竹
NO2
04/10 6 5.9 6.9 7.6* 17 12 8.9 8.8 9.1 7.1# 5.7 7.2 7.6 7.2 5.5 9.2 7.8 11 18 19 13 10 9.9 9.5
新竹
NO2
04/11 8.3 6.4 6.7 6.3 7.7 6.8 9.6 18 18 15 9.6 10 7.4 6.4 7.2 6.9 8.6 11 13 14 16 14 15 9.1
新竹
NO2
04/12 5.6 4.1 3.9 5 5.8 4.7 5.7 9.4 11 13 13 11 10 9.8 10 11 14 14 14 14 12 12 11 12
新竹
NO2
04/13 8.4 11 9.8 14 13 16 16 13 13 9.2 16 13 9.2 6 9.2 9.3 12 19 21 21 17 22 20 12
新竹
NO2
04/14 13 14 13 8.9 9.3 8.2 8.8 11 12 8.1 7.7 7 6.8 5.6 6.1 6 8 9.9 7.5 8.6 7.9 6.9 6.8 6.9
新竹
NO2
04/15 8.7 6.6 5 4.1 4.9 5.9 8.6 13 13 12 10 10 10 9.9 10# 12 15 14 18 17 14 18 15 10
新竹
NO2
04/16 7.9 10 10 10 11 9.3 17 21 30 29 30 31 31 24 26 17 12 15 14 19 20 23 24 25
新竹
NO2
04/17 27 13 12 8.2 8.7 15 14 19 16 15 12 11 9.4 9.2 8.7 8.9 11 17 22 32 36 26 19 16
新竹
NO2
04/18 10* 9.1* 10 10 8.4 11* 24* 22 21 9.7# 8.9 7.3 6.8 7 7.2 7.5 8.1 16 24 27 34 27 31 23
新竹
NO2
04/19 17 17 15 13 17 11 12 16 16 18 16 13 11 13 15 15 17 25 21 28 27 31 28 21
新竹
NO2
04/20 21 17 26 11 11 12 19 15 13 8.4 6.9 6.9 6.4 7.4 7.1 7.3 10 17 17 19 23 13 15 13
新竹
NO2
04/21 16 24 16 8.5 5.6* 5.6 12 20 16 12 11 9.1 7.5 8 14 14 10 13 18 12 15 22 23 19
新竹
NO2
04/22 21 11 13 14 9.9 12 15 17 17 12 11 8.1 7.2 10 8.5 6.4 6.3 8.6 9.2 9.8 11 15 12 6.9
新竹
NO2
04/23 6 6.8 7.7 8 6 10 13 12 9.8# NA NA 8.2# 8 7.1 6.2 6 8.1 9 7.9 15 15 16 12 8.6
新竹
NO2
04/24 7.5 9.5 9.5 9.9 8.9 11 15 13 9 8.2 6.4 6 4.4 4.4 990* 4 4.5 9.3 8.3 12 15 14 14 14
新竹
NO2
04/25 11 15 14 8.4 10 11 9.6 7.2 6.5 6 6.3 5.6 5.6 4.3 5.7 7.1 7.5 16 11 21 11 9.7 8.8 5.3
新竹
NO2
04/26 8.3 13 11* 13 13 14 11 16 16 14 11 8.2 8 8.1 7.9 8.5 8.8 11 14 18 20 21 16 11
新竹
NO2
04/27 10 5.3 5.3 5.3 4.6 4.9 6.5 6.3 6.6 7.9 8 8.5 8.2 7.1 6.9 8.4 10 12 15 13 16 14 14 13
新竹
NO2
04/28 13 12 9 5.6 8.4 10 11 11 8.9 5.2 5.8 9.5 5.9 5.7 5.5 4.2 7.2 11 14 20 29 27 31 29
新竹
NO2
04/29 36 9.5 10 21 15 11 13 18 19 21 14# 9.6 7 6 5.7# 7.6 -243.8* 6.3 14* 11 14 17 13 13
新竹
NO2
04/30 10 9.6 14 17 15 17 18 22 12 7.5 11 8.6 6.5 6.8 5 7.2 5.4 6.1 7 11 15 10 15 11
新竹
NO2
監測年月：2019/05， 測站：新竹， 測項：NO2（ppb）
新竹
NO2
日期 00 01 02 03 04 05 06 07 08 09 10 11 12 13 14 15 16 17 18 19 20 21 22 23
新竹
NO2
05/01 9.3 5.9 5.1 4.8* 4 3.6* 4.8 6.4 8.4 12 12 12 13* 15 19 16 16 19 16 16 9.3 7.6 10 9*
新竹
NO2
05/02 6* 2.8 2.8 2.6 2.6 3 6.7 11 11 9.9 10 11 11 12 13 15 17 18 16 13 11 10 8.7 6.5
新竹
NO2
05/03 7.1 7 7 6.6 4.3 3.7 8.6 13 16 11 11 10 9.1 8.5 8.5 9.1 11 11 11 11 11 12 14 12
新竹
NO2
05/04 12 5.3 6.8 4.7 6.2 7.7 9 20 20 16 12 11 9.7 10 9.9 12 9.6 14 21 17 19 14 12 9.9
新竹
NO2
05/05 8.3 6.3 7.9 7.3 4.9 5.3 5.4 5.4 8.4 9.3 6.3 7.1 7.9 5.9 5.7 6.6 8.1 12 15 15 17 13 11 10
新竹
NO2
05/06 8 6.9 4 3.1 4.4 4.6 7.8 13 23 14 14 12 12 8.6 9.4 15 14 19 17 13 9 7.4 5.9 4.2
新竹
NO2
05/07 3.7 3 4.3 2.5 1.9 3 5 7.6 12 12 10 8 9.6 8.8 8.1 11 13 14 9.9 10 11 10 5.4 6.6
新竹
NO2
05/08 5.8 11 12 12 12* 12 16 21 23 22 20 18# 20# 15 13 13 14 17 18 16 15 17 14 14
新竹
NO2
05/09 11 9.5 6.4 9.9 15 15 15 17 18 13 12 14 15 11 14 16 23 19 23 20 18 17 21 17
新竹
NO2
05/10 15 14 13 12 11 12 13 18 12 17 18 17 19 16 16 12 15 18 14 21 22 22 22 18
新竹
NO2
05/11 17 15 15 9.1 9.4 15 14 17 15 13 9.3 8.3 9.4 9.1 8.5 8.7 9.6 13 17 16 13 14 17 15
新竹
NO2
05/12 13 10 12 9.7 13 17 9.4 8.8 11 11 8.4 7.4 6.8 5.8 6.1 5.8 6.8 9.1 17 16 18 18 16 14
新竹
NO2
05/13 12 13 13 13 11 14 14 15 13 14 10 8.6 11 9.4 10 9.4 10* 13* 18* 19* 28* 25* 20* 19*
新竹
NO2
05/14 17* 16* 9.8* 11* 12* 15* 19* 21* 15* 12* 9.5* 8# 6.3# 6.3x 4.2# 5 6.2 8.3 11 17 17 20 18 17
新竹
NO2
05/15 13 17 18 19 23 22 15 15 18 12 6.3 5.4 6 3.2 4 3.9 6.3 6.5 12 12 10 8.9 6.3 5.2
新竹
NO2
05/16 3.9 5.7 12 7.3 5.9 5.1 4.9 7 6.1 6.9 7.1 7.1 6.9 7.4 7.9 9 8.6 11 21 20 19 17 11 14
新竹
NO2
05/17 5.9 4.6 3.8 3.1 6.3 4.3 4.5 15 11 9.3 18 15 10 8.6 7.4 6.4 7.6 9.9 9.4 11 9.2 8.4 5.7 3.7
新竹
NO2
05/18 3.8 2.3 2.2 2.2 2.2 3.1 5 7 10 13 6.7 4.1 8.5 13 6.7 10 12 12 8.1 5.7 6.8 7.8 7.2 5
新竹
NO2
05/19 4.4 1.4 1.7 1.7 1.4 1.9 1.9 2.9 2.8 2.9 3 3.9 3.6 3.8 4.2 5.1 4.6 5.6 6.8 8 9.2 11 8.1 7.7
新竹
NO2
05/20 5.9 5.5 5.4 4.6 4.4 4.7 5.8 6.8 8.6 12 9.6 9.5 13 11 11 10 11 12 22411* 1.7* 9.6 13 6.8 4.6
新竹
NO2
05/21 -196414* 1.3* 0.9* 0.9* 0.9* 0.9* 6.8* 9.9 9.4 10 10 12 11 11 11 17 21 20 20 17 17 20 24 22
新竹
NO2
05/22 19 15 23 21 15 15 18 30 28 24 30 24 21 29 33 27 26 31 34 33 21 20 20 24
新竹
NO2
05/23 16 8 15 17 16 26 24 21 22 17 15 14 16 17 14 15 16 14 19 28 31 24 17 13
新竹
NO2
05/24 13 14 11 12 15 15 12 16 19 20 17 14 8.6 7.2 7.4 7.9 11 9.9 12 14 20 16 17 12
新竹
NO2
05/25 7.1 8.5 11 11 13 15 14 12 11 14 12 11 6.6 6.6 6.4 10 11 11 12 9.9 11 21 19 18
新竹
NO2
05/26 13 7.8 12 12 16 14 13 14 8.6 9.8 7.5 5.7 5.5 5.1 5 4.5 6.2 10 13 17 17 17 18 18
新竹
NO2
05/27 14 13 11 7.8 12 12 16 17 14 13 15 8.3 10 6.9 9.5 9.1 13 15 17 18 17 31 25 25
新竹
NO2
05/28 19 15 12 11 9.6 9.8 13 18 18 11 19 19# 12x 14# 11 9.4 11 12 10 9.3 7.4 6.4 5.8 5.6
新竹
NO2
05/29 5.7 8.8 9.5 8.1 7.6 7.3 7.7 12 15 13 14 13 11 7.8 8.4 8.5 9.9 15 15 21 16 23 21 18
新竹
NO2
05/30 14 13 14 12 10 11 13 22 23 23 16 14 9.2 6.8 6.3 6.8 7.1 8.7 9.1 8.5 16 25 25 21
