]
PM10
01/01 6 8 8 7 4 1 4 9 8 6 7 9 17 27 25 19 16 10 9 6 8 8 5 6
]
PM10
01/02 4 4 5 6 6 4 7 9 10 10 8 8 9 1000# 16 16 16 20 21 20 20 20 19 14
]
PM10
01/03 10 12 12 9 9 11 8 14 21 22 18 17 8 14 10 10 15 25 20 20 27 21 22 21
]
PM10
01/04 21 22 22 22 28 46 51 49 44 38 50 70 66 53 75 50 28 30 32 38 43 50 71 62
]
PM10
01/05 68 65 75 59 47 38 63 62 48 70 92 62 63 56 83 70 50 48 59 59 42 32 29 20
]
PM10
01/06 6 7 5 6 5 11 8 8 11 14 16 20 14 14 17 19 20 20 20 26 29 29 28 24
]
PM10
01/07 27 25 26 28 24 21 25 35 42 24 25 32 32 36 44 40 44 46 46 44 51 51 65 77
]
PM10
01/08 75 44 51 39 36 41 40 40 44 24 25 21 24 23 22 23 21 19 19 21 21 21 10 9
]
PM10
01/09 8 10 7 7 10 10 8 15 16 11 11 18 47 46 1000# 64 53 44 48 54 50 40 37 40
]
PM10
01/10 42 42 42 37 37 34 34 42 38 70 84 71 74 76 82 85 95 110 83 77 60 51 66 65
]
PM10
01/11 64 68 56 62 64 60 57 68 71 74 53 73 61 46 1000# 64 82 75 62 62 54 42 47 36
]
PM10
01/12 35 33 45 38 32 34 44 51 76 57 NA 62 55 43 37 53 51 38 35 42 42 30 18 26
]
PM10
01/13 29 38 33 27 22 22 22 32 27 33 29 57 42 47 45 53 42 43 36 26 22 20 19 20
]
PM10
01/14 23 22 22 15 18 15 22 21 22 26 24 24 28 1000# 55 73 57 59 41 45 51 53 51 50
]
PM10
01/15 52 57 51 52 62 80 84 84 88 100 86 75 57 56 83 81 70 70 56 52 47 30 21 23
]
PM10
01/16 26 27 24 20 24 23 15 19 13 20 20 12 19 19 26 21 14 17 21 17 14 15 10 15
]
PM10
01/17 10 12 11 9 10 14 20 21 32 29 37 32 32 30 35 40 43 64 73 65 53 57 53 57
]
PM10
01/18 51 46 44 41 41 38 33 36 36 31 32 31 36 37 42 37 42 54 61 59 46 39 44 47
]
PM10
01/19 62 70 76 85 82 73 84 88 101 108 90 79 76 72 58 70 74 83 96 108 114 99 89 76
]
PM10
01/20 53 86 83 89 76 95 106 147 136 79 67 59 77 75 87 88 105 101 98 91 74 66 59 37
]
PM10
01/21 30 29 41 42 35 35 26 32 27 29 29 25 28 42 1000# 40 40 36 30 37 46 43 35 30
]
PM10
01/22 27 24 35 35 36 37 36 47 50 50 52 51 55 56 59 59 55 64 57 56 53 54 48 44
]
PM10
01/23 44 56 56 50 43 40 42 47 55 58 52 1000# 60 68 75 74 74 66 67 68 77 65 59 57
]
PM10
01/24 53 48 46 43 41 43 43 45 61 70 58 52 54 65 63 69 64 77 76 80 79 67 61 60
]
PM10
01/25 49 49 44 39 38 39 44 42 49 48 53 71 62 72 74 85 94 76 86 80 76 74 70 64
]
PM10
01/26 59 56 46 49 42 44 34 41 44 48 56 65 60 61 66 64 50 42 34 38 31 35 28 27
]
PM10
01/27 23 26 23 26 23 24 26 26 29 25 27 32 29 21 20 24 23 24 28 29 26 31 30 31
]
PM10
01/28 24 21 23 26 19 24 22 23 32 24 25 41 42 36 36 31 35 31 28 34 34 42 46 40
]
PM10
01/29 42 35 34 29 30 31 31 33 40 28 23 36 40 43 52 46 43 43 47 47 43 48 51 49
]
PM10
01/30 54 46 50 40 41 50 77 92 83 80 80 73 66 61 74 78 84 93 101 117 74 35 27 22
]
PM10
01/31 14 17 19 21 21 30 29 36 62 62 1000# 54 52 47 45 48 42 46 45 54 63 37 25 20
]
PM10
菏代~るG2019/02A 代浮G]摺A 代兜GPM10]gg/m3^
]
PM10
ら戳 00 01 02 03 04 05 06 07 08 09 10 11 12 13 14 15 16 17 18 19 20 21 22 23
]
PM10
02/01 21 17 18 18 16 19 23 23 33 43 40 44 43 45 46 38 23 29 31 38 37 36 36 40
]
PM10
02/02 35 33 40 35 33 36 30 29 37 39 51 63 73 79 81 82 84 90 94 102 95 102 104 102
]
PM10
02/03 79 60 55 42 47 43 47 47 50 53 44 57 61 82 79 73 69 81 82 70 63 82 168 200
]
PM10
02/04 135 60 72 41 51 79 56 33 15 16 36 32 34 17 37 60 56 65 56 74 85 94 94 82
]
PM10
02/05 88 80 95 105 86 70 53 65 61 55 63 75 87 94 90 94 92 102 112 131 113 100 91 95
]
PM10
02/06 90 95 87 74 54 54 59 64 57 57 49 55 63 66 56 55 51 47 51 53 58 66 71 61
]
PM10
02/07 59 50 49 57 54 54 62 66 70 42 28 19 16 1000# 16x 51 63 61 54 57 69 73 62 53
]
PM10
02/08 50 46 39 41 29 22 27 34 46 37 30 21 26 25 31 30 26 31 32 36 34 34 33 40
]
PM10
02/09 28 27 26 26 27 28 22 27 20 21 37 33 29 28 21 42 20 22 21 16 19 17 14 12
]
PM10
02/10 12 13 12 11 13 15 15 13 17 11 22 22 21 27 23 25 31 29 38 34 36 31 32 28
]
PM10
02/11 33 32 37 25 12 9 9 13 11 18 13 20 21 21 23 19 17 23 20 18 16 15 17 21
]
PM10
02/12 16 12 14 10 8 10 9 17 22 31 23 28 35 36 30 32 33 35 33 30 44 41 33 39
]
PM10
02/13 44 50 40 26 38 46 41 40 30 27 33 31 1000# 31 33 34 30 27 23 21 32 33 30 31
]
PM10
02/14 28 36 34 22 18 24 24 30 24 28 31 37 43 44 48 56 54 49 45 0* 46 52 50 45
]
PM10
02/15 42 44 46 30 26 28 23 31 31 29 32 35 57 58 60 62 71 60 73 75 77 76 74 75
]
PM10
02/16 69 95 88 94 94 92 67 45 34 32 49 44 44 38 36 28 21 20 38 68 34 20 39 9
]
PM10
02/17 15 15 18 16 13 16 17 13 12 16 12 12 12 24 35 27 32 25 21 24 18 19 24 14
]
PM10
02/18 13 20 20 9 15 16 19 18 17 18 16 30 21 20 20 24 34 41 51 48 70 72 79 73
]
PM10
02/19 51 23 5 11 16 11 20 24 39 56 36 44 48 44 39 39 43 42 49 47 54 58 77 63
]
PM10
02/20 73 76 51 44 50 37 49 53 90 97 92 91 115 89 1000# 99 123 113 99 81 105 105 104 99
]
PM10
02/21 90 132 114 113 107 130 93 65 48 50 53 55 50 44 36 45 49 47 26 16 16 32 29 34
]
PM10
02/22 35 54 49 41 33 38 24 25 28 18 27 34 36 39 32 29 12 13 10 11 13 17 15 19
]
PM10
02/23 18 24 25 27 25 17 22 21 21 15 28 35 35 29 23 24 20 23 21 24 20 19 15 13
]
PM10
02/24 15 14 19 18 12 12 15 14 12 16 11 15 14 13 9 11 11 17 18 21 20 26 23 22
]
PM10
02/25 21 16 19 20 16 16 15 20 25 18 23 27 26 25 25 26 41 44 40 37 35 32 21 33
]
PM10
02/26 23 36 40 35 34 32 34 35 28 31 34 42 1000# 42 37 46 58 50 49 49 49 48 50 51
]
PM10
02/27 45 50 54 54 71 68 63 57 68 64 61 43 42 46 38 28 23 29 57 44 36 33 38 35
]
PM10
02/28 34 38 52 57 104 101 104 79 59 63 61 55 39 30 24 23 21 20 35 26 27 28 27 25
]
PM10
菏代~るG2019/03A 代浮G]摺A 代兜GPM10]gg/m3^
]
PM10
ら戳 00 01 02 03 04 05 06 07 08 09 10 11 12 13 14 15 16 17 18 19 20 21 22 23
]
PM10
03/01 23 25 29 28 24 29 29 27 23 20 35 44 43 45 41 41 56 63 62 73 76 80 78 71
]
PM10
03/02 62 65 70 74 81 72 60 43 48 59 66 119 100 94 94 113 128 133 140 159 158 141 136 129
]
PM10
03/03 136 120 124 146 169 150 137 143 141 122 17 10 7 7 9 13 9 8 14 21 31 36 38 41
]
PM10
03/04 42 43 43 37 33 30 34 28 25 24 31 35 38 1000# 52 52 49 45 43 43 40 36 38 33
]
PM10
03/05 35 33 25 29 37 34 36 37 38 32 37 42 46 53 62 74 77 50 19 11 6 3 13 8
]
PM10
03/06 4 5 7 7 7 7 16 14 17 12 24 1000# 29 32 21 19 21 27 24 30 19 12 10 16
]
PM10
03/07 14 12 13 12 15 11 13 15 19 20 23 22 51 49 45 54 71 75 56 47 40 37 37 35
]
PM10
03/08 35 30 22 27 19 17 18 14 20 21 15 13 17 7x 1000# 24 23 29 25 30 25 32 27 32
]
PM10
03/09 30 20 15 13 10 6 10 10 11 9 7 8 13 10 14 16 12 9 9 5 6 8 11 19
]
PM10
03/10 27 12 10 10 9 9 11 15 17 19 17 23 26 20 20 14 10 11 15 21 19 19 19 14
]
PM10
03/11 16 17 22 32 43 52 52 40 42 38 39 39 41 42 41 33 31 32 28 35 41 39 33 37
]
PM10
03/12 35 35 35 27 25 32 30 36 25 24 34 50 53 1000# 53 52 51 60 64 70 59 55 54 43
]
PM10
03/13 43 39 38 42 33 42 42 45 50 53 53 54 44 50 42 44 45 47 59 60 45 46 53 42
]
PM10
03/14 42 38 35 34 35 36 50 59 66 81 78 81 74 85 79 77 83 68 63 55 53 44 43 45
]
PM10
03/15 38 31 21 14 9 8 7 16 17 18 27 28 26 29 24 27 22 29 28 32 31 34 19 20
]
PM10
03/16 25 19 17 15 14 14 19 18 25 44 33 29 44 46 41 47 43 53 53 62 60 64 63 49
]
PM10
03/17 55 53 49 46 51 48 49 50 57 66 72 64 44 44 48 53 46 39 39 42 45 49 54 51
]
PM10
03/18 53 51 46 54 45 43 43 52 59 67 68 79 55 57 1000# 56 69 75 78 88 85 74 66 62
]
PM10
03/19 62 64 59 49 56 51 58 53 44 68 61 72 60 67 59 53 56 64 63 65 73 58 57 58
]
PM10
03/20 61 56 57 52 50 49 59 75 91 87 76 80 85 84 83 77 70 54 43 46 41 37 32 32
]
PM10
03/21 31 32 31 31 36 35 41 52 37 51 40 45 47 53 59 52 42 31 43 38 40 43 38 35
]
PM10
03/22 43 42 55 53 60 61 83 80 70 73 77 79 73 59 58 54 42 40 35 35 29 28 24 26
]
PM10
03/23 13 19 21 21 17 12 13 17 14 19 20 18 18 27 23 21 21 22 25 20 22 23 24 19
]
PM10
03/24 17 23 22 20 13 13 15 18 22 19 21 21 21 19 23 24 26 32 35 32 37 38 40 39
]
PM10
03/25 33 29 30 24 32 50 43 47 44 32 24 27 27 15 13 11 20 29 40 37 43 47 50 43
]
PM10
03/26 41 42 38 28 23 23 28 29 25 23 34 39 33 1000# 47 49 50 54 59 56 54 56 50 49
]
PM10
03/27 45 44 44 48 39 38 47 68 62 63 63 56 55 50 27 26 28 27 34 36 31 40 50 40
]
PM10
03/28 54 66 71 71 64 53 50 47 39 22 26 28 33 36 47 36 39 42 44 41 30 28 32 34
]
PM10
03/29 28 25 25 26 28 31 29 31 32 28 44 45 42 47 48 46 51 49 55 61 61 42 14 12
]
PM10
03/30 6 9 17 14 18 26 18 16 13 13 12 24 41 47 53 45 45 46 41 32 31 33 38 32
]
PM10
03/31 31 26 34 38 35 23 30 46 52 40 32 53 54 67 53 40 35 30 33 23 18 18 18 28
]
PM10
菏代~るG2019/04A 代浮G]摺A 代兜GPM10]gg/m3^
]
PM10
ら戳 00 01 02 03 04 05 06 07 08 09 10 11 12 13 14 15 16 17 18 19 20 21 22 23
]
PM10
04/01 22 20 14 14 15 11 11 13 12 8 12 11 17 1000# 12 15 14 16 19 20 18 20 18 25
]
PM10
04/02 20 22 18 19 26 25 26 35 29 34 42 38 38 44 46 36 46 44 44 44 45 49 44 45
]
PM10
04/03 40 46 50 63 51 33 27 30 38 37 36 30 41 56 41 45 38 29 39 45 44 47 47 49
]
PM10
04/04 49 37 37 40 46 41 45 31 21 20 31 37 43 42 47 44 30 28 22 23 29 25 24 28
]
PM10
04/05 30 36 35 30 37 38 38 53 47 53 52 52 33 39 24 16 16 29 39 35 36 37 41 41
]
PM10
04/06 37 33 32 35 34 47 47 32 21 43 58 31 33 24 31 38 39 43 42 45 43 56 65 60
]
PM10
04/07 58 78 82 81 69 59 56 49 53 48 52 47 49 48 49 53 61 56 62 58 67 74 73 71
]
PM10
04/08 61 58 58 59 62 64 63 56 59 57 45 40 49 45 45 43 41 33 47 51 63 55 51 48
]
PM10
04/09 46 48 52 49 56 54 55 52 51 46 41 43 44 52 41 35 45 40 46 34 34 39 27 24
]
PM10
04/10 29 33 32 36 29 25 17 28 30 43 51 44 34 1000# 24 29 54 51 46 50 42 33 26 15
]
PM10
04/11 12 17 20 18 18 14 17 21 30 40 37 43 47 43 43 18 10 12 14 9 8 5 16 12
]
PM10
04/12 10 10 11 15 30 26 34 32 30 27 27 30 25 28 25 31 27 27 28 32 31 34 27 26
]
PM10
04/13 30 34 31 34 33 34 38 34 28 26 32 30 28 47 32 20 27 40 24 28 26 26 25 32
]
PM10
04/14 33 43 49 50 47 40 50 35 35 31 31 31 27 21 18 19 25 26 22 24 30 20 13 41
]
PM10
04/15 36 34 30 38 41 44 47 47 43 46 45 44 36 1000# 39 32 29 26 39 39 41 37 36 41
]
PM10
04/16 26 35 35 32 29 20 21 21 19 15 12 11 7 9 11 13 16 13 38 51 59 58 50 53
]
PM10
04/17 54 42 46 44 39 34 33 32 23 17 11 22 25 35 30 36 34 41 45 52 50 50 47 39
]
PM10
04/18 35 32 31 35 44 70 73 84 70 61 55 53 45 54 49 45 44 44 45 52 46 47 45 38
]
PM10
04/19 38 38 37 37 39 29 26 32 NA NA 46 47 53 57 60 53 43 49 65 56 43 51 54 58
]
PM10
04/20 17 14 20 34 29 26 23 31 14 19 23 34 37 38 44 37 40 44 43 46 45 12 14 13
]
PM10
04/21 12 9 10 10 7 8 9 11 13 14 14 10 13 15 19 15 6 11 15 18 17 14 15 17
]
PM10
04/22 13 17 11 13 20 21 21 21 25 23 28 26 19 32 27 28 27 24 29 24 30 24 22 20
]
PM10
04/23 20 24 31 31 33 32 25 21 20 29 27 25 25 1000# 24 20 23 21 28 20 27 22 18 10
]
PM10
04/24 14 13 19 15 18 17 23 15 24 25 29 30 32 28 34 38 34 34 36 34 29 21 16 27
]
PM10
04/25 27 25 26 23 19 20 29 17 19 28 30 34 36 44 38 33 27 29 27 24 17 28 21 27
]
PM10
04/26 26 30 28 26 25 29 28 34 32 36 40 30 30 32 27 21 26 33 39 37 37 47 49 36
]
PM10
04/27 34 28 31 23 21 26 24 23 25 20 26 25 18 25 19 22 30 27 21 26 29 33 30 33
]
PM10
04/28 34 33 24 20 28 29 28 56 80 82 79 81 71 71 56 32 27 32 34 34 38 34 31 28
]
PM10
04/29 34 34 29 29 24 27 29 35 51 55 61 52 28 1000# 26 21 24 28 25 32 33 34 32 37
]
PM10
04/30 31 33 24 21 30 29 36 34 29 31 35 32 25 35 23 23 28 28 32 19 24 21 16 26
]
PM10
菏代~るG2019/05A 代浮G]摺A 代兜GPM10]gg/m3^
]
PM10
ら戳 00 01 02 03 04 05 06 07 08 09 10 11 12 13 14 15 16 17 18 19 20 21 22 23
]
PM10
05/01 16 18 16 11 13 9 11 7 3 3 2 2 3 2 0 2 7 13 12 19 17 17 20 27
]
PM10
05/02 27 23 27 33 35 39 30 47 38 39 48 44 41 42 34 37 34 30 36 39 31 31 22 17
]
PM10
05/03 22 19 13 14 12 28 35 35 39 41 53 56 56 61 54 48 41 52 56 63 51 55 46 48
]
PM10
05/04 40 43 42 40 30 28 33 34 33 43 57 68 65 55 41 45 36 33 39 41 44 43 41 35
]
PM10
05/05 35 39 34 32 31 34 37 36 48 46 43 30 30 35 30 53 36 35 36 43 49 38 30 30
]
PM10
05/06 31 38 39 34 23 23 24 20 13 14 20 14 15 17 20 9 12 13 10 16 18 18 15 10
]
PM10
05/07 8 9 9 6 13 12 13 11 1000* 1000* 1000* 1000* NA 1000* 1000# 23 24 23 20 18 27 23 17 16
]
PM10
05/08 19 13 18 23 20 18 21 26 27 14 13 19 1000# 33 44 33 37 38 42 43 53 37 33 30
]
PM10
05/09 38 47 44 40 32 35 37 33 29 25 19 20 16 16 14 15 19 10 16 18 23 25 24 30
]
PM10
05/10 24 28 24 28 28 29 25 24 15 17 19 23 14 15 15 30 34 36 40 37 36 27 27 29
]
PM10
05/11 29 35 37 31 35 38 39 32 26 29 29 30 35 35 37 42 48 50 42 41 31 31 30 29
]
PM10
05/12 29 28 28 32 33 34 44 60 40 44 53 41 31 34 30 29 38 43 41 41 41 40 34 35
]
PM10
05/13 32 32 36 34 34 44 35 53 67 60 50 1000# 49 40 41 43 35 42 44 57 53 51 52 51
]
PM10
05/14 51 37 30 34 30 28 33 31 30 30 27 35 39 27 23 15 20 17 27 32 41 51 63 57
]
PM10
05/15 42 54 55 56 65 55 46 33 33 30 27 28 12 22 24 28 12 14 28 30 38 42 36 27
]
PM10
05/16 21 24 25 22 21 13 12 11 10 20 21 24 20 19 19 18 16 19 20 23 23 27 26 27
]
PM10
05/17 25 25 23 20 20 19 15 19 25 26 28 20 26 27 16 16 14 16 12 20 25 25 18 21
]
PM10
05/18 19 21 15 13 14 11 11 10 10 24 28 27 31 34 24 20 27 32 32 31 34 12 8 4
]
PM10
05/19 4 16 18 18 19 20 21 19 13 11 18 23 9 14 15 6 9 17 15 17 17 21 23 22
]
PM10
05/20 18 22 21 20 24 21 26 24 24 22 17 1000# 20 14 43 36 29 32 26 28 26 19 24 21
]
PM10
05/21 25 32 29 43 54 64 68 73 70 67 67 61 50 50 57 59 53 61 60 58 51 51 43 48
]
PM10
05/22 44 44 55 54 50 51 52 54 51 46 69 55 51 64 66 69 67 70 65 67 66 64 59 55
]
PM10
05/23 56 55 57 57 55 35 22 22 19 21 20 19 16 17 29 51 78 74 31* 33 72 76 70 57
]
PM10
05/24 55 41 47 34 39 38 32 46 53 45 51 61 51 42 37 29* 32 29 36 35 38 43 61 52
]
PM10
05/25 48 55 48 45 45 42 46 55 52 44 34 45 41 28 25 29 23 27 21 25 34 29 28 29
]
PM10
05/26 26 21 25 25 21 28 27 26 23 25 38 37 31 31 31 27 36 45 44 39 39 44 31 33
]
PM10
05/27 51 37 35 37 41 24 14 17 34 34 29 22 17 20 11 22 12 9 8 16 16 19 15 19
]
PM10
05/28 14 21 21 21 19 20 20 21 15 17 5 3 0 0 0 14 24 29 39 43 27 24 30 30
]
PM10
05/29 29 31 31 32 29 34 30 33 34 33 39 40 38 43 1000# 30 33 30 25 26 24 22 27 22
]
PM10
05/30 18 21 20 19 18 20 24 21 23 23 35 40 33 27 27 25 28 30 36 37 44 42 42 37
]
SO2
01/01 2.7 2.3 2.1 2 1.9 1.8 2 2.5 2 1.9 1.9 2.1 1.8 1.8 1.9 2 1.8 1.8 1.9 2.3 2.2 2.3 2.2 2.2
]
SO2
01/02 2.2 1.6 1.7 1.5 1.4 2 1.7 1.6 1.9 1.9 1.8 1.4 1.6 1.6 1.7 1.8 1.6 2 2.5 3 3 2.9 3 2.8
]
SO2
01/03 1.9 2.5 3.1 3 2.6 2.6 3 3 4.1 4.6 3.6 2.7 2.2 2.6 2.6 2.6 3 3.5 3.1 3.1 4.1 3.5 2.6 2.5
]
SO2
01/04 2.3 2.3 2.3 2.5 2.3 2.1 1.9 2.1 2.4 2.6 2.5 3.6 3.5 2.6 2.4 2.6 2.1 1.8 2 2.3 2.4 2.1 2 2.8
]
SO2
01/05 2.2 2.2 2.1 2 1.7 1.8 2 2.1 1.8 2.1 2.2 1.9 2.8 2.4 3.3 5.3 4.5 4.4 3.4 3.6 3.6 2.9 3.2 2.3
]
SO2
01/06 2 1.7 1.3 1.5 1.6 2.1 1.6 1.6 1.7 1.7 2 1.8 2 2.1 2 1.9 2.2 2.3 2.9 2.5 2.3 2.7 2.2 2.3
]
SO2
01/07 3.6 3.6 3.3 4.5 3 2.3 2.4 2.8 4.8 4.8 6.9 4.8 3.6 2.7 3.1 2.6 3.1 3.5 3.6 2.5 2.8 2.8 2.2 2.1
]
SO2
01/08 2.4 1.9 2.1 2.5 2 2.1 2.4 2.4 2.2 2.2 2.3 2.4 2.4 2.6 2.5 3 3 2.5 3 3.2 3.9 5.1 2.7 2.1
]
SO2
01/09 1.7 1.4 1.2 1.3 1.2 1.2 1.3 2 1.7 1.4 1.7 2.2 3.1 2.9 2.6 3.8# 5# 3.8 3 4.4 2.7 3.3 3.5 2.4
]
SO2
01/10 2.5 2.4 2.3 2.3 2.3 2.4 2.4 2.8 3.2 4.1# 3.9 2.6 3.2# 3.4 2.3 1.8 1.8 2.1 2 2.3 2 2.1 2.7 2.7
]
SO2
01/11 2.4 2.1 1.6 1.8 1.9 1.6 1.8 2.1 2.8 3.2 3.2# 46# 3.6# 4 2.3 3.2 2.9 3.6 2.5 2.4 2.1 2 1.9 1.9
]
SO2
01/12 2.4 2.1 2.5 1.9 2.5 2.7 2.9 3.7 3.3 2.9 NA 4.5 3.3 2.2 2 3.2 2.8 2.8 3.2 3.2 3.1 2.7 2.3 2.5
]
SO2
01/13 3 3.3 4.1 3.6 3.3 3.6 2.9 3.7 3.6 3.3 3 3.1 3.2 2.8 2.8 2.8 3.1 3 3 2.9 3.6 3 3.1 2.7
]
SO2
01/14 2.9 2.5 2.4 2.4 2.5 2.5 2.5 2.5 1.9 2.3 1.9 2.3 2.7 3.1 2.9 2.3 2.4 2.2 2.6 4.1 3.1 3.5 3.1 2.7
]
SO2
01/15 2.3 1.5 1.9 2.1 2.4 2.4 2.9 4.2 3 4.1 4.4 3.1 2.4 3.7 3.5 2 1.7 1.6 2.1 1.9 1.7 1.6 1.8 1.9
]
SO2
01/16 1.7 2.2 2.2 2.1 2 1.6 1.5 1.8 2 2.1 1.7 1.8 2 2 2.2 1.9 1.6 1.7 2 2.3 1.8 2.1 1.7 1.7
]
SO2
01/17 1.5 2.1 2 2 1.9 2.2 2.1 2.7 2.5 2.5 2.7 2.8 2.6 2.6 2.6 2.7 2.7 3.2 3.3 3.3 3.2 3.4 3.4 3.4
]
SO2
01/18 2.9 2.3 2 2 1.9 1.3 1.3 1.5 1.7 1.5 2.4 2.5 2.7 2.8 2.3 2.3 3.3 5.4 3.6 2.7 2 1.8 1.9 1.9
]
SO2
01/19 2.2 2.4 2.4 2.3 2.2 2.1 2.3 3 3.8 7.9 6.6 5.4 5.2 5.6 5.2 6.3 5.9 6.6 5 5.8 3.9 3.1 2.7 2.3
]
SO2
01/20 2 3.1 4.6 5.3 4.9 5.2 5.1 6 6.5 5.5 5.1 5.6 2.9 3.8 3.5 3 3 3.2 2.9 2.8 3 2.8 2.6 2.4
]
SO2
01/21 2.1 1.9 2.1 2 2 2.1 2.2 2.2 2.3 2.4 2.4 2.3 2.2 2.1# 2.1 1.8 1.9 2.2 2.6 2.5 2.9 2.2 2.3 2.4
]
SO2
01/22 1.8 2.4 2.2 2.1 2.3 2.8 3.1 3.3 2.9 3.1 3.2 3.6 3.2 3.5 3.8 3.2 3.3 3.9 4 4 3.4 3.9 4.7 4.6
]
SO2
01/23 5 5.9 5.9 5.3 3 2.7 2.2 2.4 5 7.4 4.6 5.3# 5 3.3 5.2 4.4 5 4.5 5.6 5.5 6.6 3.6 2.4 2.3
]
SO2
01/24 2.5 1.5 1.4 1.4 1.5 1.5 2.1 2.1 6.1 6.7 2.7 2.5 2.9 5 3.4 3.3 3.3 6.8 5.4 4.7 3.9 4.8 2.2 2.1
]
SO2
01/25 2 2.3 2.2 2.4 2.1 2.2 2.4 2.5 2.9 4.6 6.1 5 4# 3.1 2.9 4.1 3 2.6 3.7 4.1 4.3 4.9 4.9 4.2
]
SO2
01/26 4 4.5 4 3.7 3.5 3.5 3.4 3.1 2.6 2.5 2 2.6 2.6 2.5 2.6 2.6 2.1 2.2 2.3 2.3 2.4 2.5 2.6 2.5
]
SO2
01/27 2.6 2.3 2.2 2.3 2.3 2.5 2.5 2.7 2.8 2.5 2.3 2.2 1.9 1.7 2 1.9 2.1 2.9 3.3 4 2 5.9 3.9 2.3
]
SO2
01/28 1.9 1.3 1.2 1.2 1.1 1.2 1.4 1.3 1.5 2.5 3.4 5.9 4.7 3.6 4.1 4.3 3.5 2.5 2.2 2 3.1 1.8 2.1 2.4
]
SO2
01/29 2 1.5 1.3 1.2 1.2 1.2 1.2 1.5 4.8 3.9 2.9 3.6 4.3 3.9 3.1 5.8 4.4 2.1 2.9 2.4 1.7 1.6 1.6 1.9
]
SO2
01/30 1.3 2.2 2.3 2 3.1 2.5 2.4 2.7 3.6 4.5 4 3.1 2.8 2.5 4.7 7 9.1 9 7.7 5.4 3.6 2.6 2.3 2.1
]
SO2
01/31 2.6 1.1 1.1 1.2 1.9 2.1 2.1 2.5 4.1 4.2 3.9 4.1 3.2 3.1 3.2 3.3 4.6 3.8 3.1 4.1 3.6 2.5 1.9 1.3
]
SO2
菏代~るG2019/02A 代浮G]摺A 代兜GSO2]ppb^
]
SO2
ら戳 00 01 02 03 04 05 06 07 08 09 10 11 12 13 14 15 16 17 18 19 20 21 22 23
]
SO2
02/01 1.4 2.5 2.3 2.4 2.3 2.3 2.4 2.6 2.9 2.8 2.9 2.7 2.5 2.7 2.6 2.1 2 2.6 3.1 4.4 2.4 4.8 3.9 2.8
]
SO2
02/02 2.3 1.7 1.3 1.4 1.5 1.4 1.4 1.4 1.8 3.7 6.2 4.1 3.1 4.8 4.8 2.9 4.7 3.1 2.3 2.4 2 1.6 1.6 1.8
]
SO2
02/03 1.4 1.3 1.3 1.2 1.2 1.1 1.2 1.5 1.7 2 2.2 3.3 3.5 4.6 4 2.7 2.4 3.1 2.2 1.8 1.8 2.3 5.9 7.2
]
SO2
02/04 6.1 2.6 2.3 1.9 2.1 2.1 1.7 2.1 1.7 2.1 5 2.4 2.3 1.7 2.8 4.1 2.3 2 1.9 2.6 2.5 2.5 2.5 2.1
]
SO2
02/05 2 1.3 1.1 1 0.9 0.8 0.7 0.9 1.1 0.9 1.2 1.2 1 1 1.5 2.3 1.7 0.9 1.1 1 1.2 1 0.8 0.7
]
SO2
02/06 0.4 0.9 1 1 0.8 0.8 1.1 1.3 1.3 1.5 1.9 4.1 3.3 3.6 1.7 1.8 2.2 1.8 1.3 1.1 1.1 1.4 1.3 1.2
]
SO2
02/07 0.9 1.8 1.6 1.6 1.8 1.8 2 2.2 2.3 3 1.8 1.6 1.6 1.4# 1.7 2.5 2.9 2.7 2.5 2.5 3.7 2.6 2.6 2.8
]
SO2
02/08 2.6 1.2 1.5 1.5 1.4 1.4 1.3 1.1 1.2 1.1 1 1.1 1.2 1.3 1.5 1.3 1 1.6 1.5 1.7 1.9 1.5 1.1 1.2
]
SO2
02/09 0.9 1.1 2 1.7 1.4 1.1 1 1.2 1.1 1.4 1.3 1.5 1.7 1.8 1.2 1.1 1.4 1.6 1.8 1.9 1.8 2 1.4 1.7
]
SO2
02/10 1.9 1.7 1.8 1.7 1.7 1.7 1.5 1.1 1.2 1.6 2.6 1.6 1.5 1.7 1.5 1.5 1.5 1.3 1.4 1.1 1.5 1.5 1.3 1.3
]
SO2
02/11 1.5 2.1 2.1 1.9 1.7 1.6 1.6 1.7 1.8 1.7 1.9 2.1 2.2 2.1 1.9 2.2 2.5 2.1 1.9 1.9 2.1 2.7 2.9 3.1
]
SO2
02/12 2.1 2.2 2 2 2.1 1.9 2 2.3 3 3.4 3.1 3.2 3.3 3.4 3.3 2.5 2.6 2.6 2.3 2.4 3.3 2.7 2.5 2.8
]
SO2
02/13 2.8 1.5 1.2 1.3 1.9 1.9 2.2 1.8 1.4 1.4 2.1 1.9 1.8 1.5 1.5 2.1 2.6 2.4 1.5 1.9 3.3 3 2.9 3.1
]
SO2
02/14 2.8 3.7 2.2 1.4 1.3 1.3 1.4 1.8 1.8 1.9 2.1 2.6 2.4 2.3 1.9 1.9 2.4 2.1 1.9 2.5 2.7 2.6 2.3 2.7
]
SO2
02/15 3.5 3 2.1 1.8 1.5 1.5 1.5 2.1 3.5 3.1 3.8 3.6 3.4 2.7 2.2 2.3 2.6 2.1 2.6 2.2 2.4 2.5 2.1 2.5
]
SO2
02/16 2.4 3 2.2 2.3 2 2.7 2.2 2.3 1.9 1.5 2.9 3.5 2.8 2.2 2.1 2.1 1.6 1.5 3.1 4 3 1.6 5.2 1.7
]
SO2
02/17 1.9 1.8 2 1.8 1.9 2.2 2.2 1.8 0.9 0.9 0.9 0.8 1 2.8 2.9 2.1 1.8 1.8 1.8 1.8 1.9 2.1 2.5 1.8
]
SO2
02/18 2 3.8 2.7 2.1 1.9 1.9 2 2 2.2 2.2 2.2 3.7 2.4 2.2 2.5 2.1 2.4 2.2 2.4 2.6 3.1 2.8 3 2.4
]
SO2
02/19 2.4 1.9 1.9 1.8 1.8 1.9 2 4.8 6.1 6.1 4.1 5.7 5.3 6.1 5.7 6.5 6.7 5.6 4.6 3.9 3.7 3.4 6.6 3.9
]
SO2
02/20 5.8 4.7 2.5 2.1 2.2 2 2.5 2.7 4.7 4.9 4.8 3.7 2.5# 2.2 2.4 2.3 2 2 1.9 2 3.5 2.3 3.8 2.4
]
SO2
02/21 2 2.7 2.3 2.3 2.2 2.4 2.4 2.7 2.4 2.7 3 4 4.3 2.9 2.6 2.4 2.8 2.9 3 2.3 2 2.1 3 2.4
]
SO2
02/22 2.3 1.9 1.6 1.7 1.7 1.7 2.3 3.2 2.6 1.9 2 2.2 2.1 2.1 2.1 2.1 1.9 1.8 1.7 1.7 1.7 1.5 1.7 1.7
]
SO2
02/23 2 2.2 2.2 2.3 1.8 1.6 1.5 1.7 1.8 1.4 1.8 1.8 1.7 1.7 1.8 1.6 1.6 1.8 1.8 1.8 1.6 1.7 1.7 1.6
]
SO2
02/24 2.5 0.8 1.2 1.9 1.1 1 1 1.3 1 1 1.1 1.2 1.1 1.2 0.8 1.1 0.8 1.3 1 1.1 1.3 1.3 0.9 1
]
SO2
02/25 0.4 1.5 1.5 1.5 1.5 1.3 1.7 1.8 1.6 1.6 2.2 2.5 2.4 1.9 1.9 2.1 2.7 2.7 2.2 1.7 1.7 1.7 2 2.4
]
SO2
02/26 1.7 2.2 2.1 2.2 2.2 2.1 2.4 2.5 1.6 1.6 1.4 1.6 1.3 2.1 1.2 2.9 3.6 4.3 2 2.7 3.2 3.4 3 2.1
]
SO2
02/27 2.4 2.5 2.5 2.3 2.2 2.9 2.6 2.7 3.7 3.8 3.1 2.2 1.9 2.5 1.4 1.2 1.2 1.2 1.7 1.6 1.5 1.5 2 2.1
]
SO2
02/28 2.8 1.9 2.5 2.5 2.3 2.9 2.5 1.9 2 3.4 2.2 2.4 1.6 1.6 1.6 1.5 1.3 1.4 2.3 1.7 1.8 1.6 1.6 1.5
]
SO2
菏代~るG2019/03A 代浮G]摺A 代兜GSO2]ppb^
]
SO2
ら戳 00 01 02 03 04 05 06 07 08 09 10 11 12 13 14 15 16 17 18 19 20 21 22 23
]
SO2
03/01 2 2.6 2.8 2.3 2.2 2.1 2.8 2.3 2.2 1.9 2.2 2.4 2.5 3.1 3.5 2 2.1 3 2.4 2.9 4.4 8.1 4.6 8.4
]
SO2
03/02 5.3 2.5 4.2 3.6 3.6 1.9 1.2 1.1 1 1.7 2 1.4 1.2 0.8 0.7 2.2 3.4 1.5 1.4 1.4 1.4 2.4 3.8 3.8
]
SO2
03/03 3.6 5 4.1 4.3 4.6 4.1 3.7 3.4 4.3 4.4 2 1.9 1.6 1.6 1.5 1.5 1.5 1.6 1.9 2.5 2.9 2.1 1.7 2.7
]
SO2
03/04 2.9 2.4 3.8 3 4.9 2.4 3.1 3.3 3.2 2.9 2.5 2.5# 4.4# 3.4 3.9 5.1 3 3.1 3.3 3.5 3.5 5.6 4.8 2.4
]
SO2
03/05 1.7 3.4 2.4 3.7 4.3 4.7 3.8 3.1 2.3 2.2 2.2 3 2.9 3.5 3.8 2.3 3.3 1.9 2.1 1.2 1.1 1.1 1.2 1.1
]
SO2
03/06 1 1.7 1.6 1.5 1.4 1.5 2.3 2.9 2.4 2 2.6 2.9# 3.4 2.7 2 2.8 2.4 2.4 2.1 2.6 1.8 2.2 2.4 2.6
]
SO2
03/07 2.6 2.3 2 2 2.1 2.1 2.1 1.9 2 1.9 2 2.1 2.6 2.7 2.5 1.8 2.1 2.4 2.2 2.3 2.5 2.6 2.3 2.2
]
SO2
03/08 2.6 1.5 1.6 1.8 1.6 1.8 1.7 1.8 1.9 2.1 1.7 1.6 2 1.5 2.2 2.4 2.1 2.5 2.5 3.9 3.2 3.3 1.6 1.5
]
SO2
03/09 1.3 1.4 1.4 1.3 1.4 1.5 1.4 1.6 2.4 2 1.9 2 2.2 1.6 2 2.8 1.5 1.7 1.9 1.5 1.4 1.6 2 2
]
SO2
03/10 2 2.2 1.7 1.7 1.7 1.7 1.7 1.9 2.9 3.5 2.6 2.4 2.6 2.4 2.9 2.8 2.3 2.1 2.1 3 2.1 2 3.3 2.1
]
SO2
03/11 4.4 3.2 3.4 2.4 2.4 3.1 3.3 2.9 3.6 3.3 3 2.5 2.5 2.6 2.2 2.1 2.2 2.1 2.2 3.6 4 4.7 3.1 5.1
]
SO2
03/12 5.5 4.6 3.7 1.9 2.5 3.9 3.1 2.8 2.3 1.9 4.8 3.1 3.5 3.8 3.2 2.9 2.6 2.9 3.6 4.5 2.6 2.2 2.1 2
]
SO2
03/13 1.4 1.4 1.2 1.2 1.2 1.1 1.3 1.8 2.2 4.2 4.8 3 2.6 3.2 3.3 5.4 6.2 5.3 3.8 2.8 2.3 2.1 2.1 1.8
]
SO2
03/14 2 1.7 1.5 1.4 1.7 1.6 2 2.4 2.6 3.2 3 2.8 2.6 2.7 3.1 2.5 2.8 1.8 2.3 2.5 2.4 1.9 2.1 2.1
]
SO2
03/15 2.1 2.4 1.9 1.6 1.4 1.3 1.3 1.7 2.1 2.2 1.9 1.9 1.8 1.9 1.9 1.8 2 2.7 3.2 3.6 3.3 3 2.4 1.8
]
SO2
03/16 2.5 1.7 1.2 1.1 1.1 1.1 1.1 1.3 1.5 1.8 2.1 1.8 2.5 2.7 1.7 2.8 2.1 5 5.4 5.6 2.9 2.9 2.9 2.5
]
SO2
03/17 2.3 2.5 2.3 2.5 2.4 2.2 2.1 2.1 2.5 5.7 5.7 5.1 3.3 3.4 3.6 4.6 3.4 2.4 2.2 3 3.6 3.4 2.7 2.2
]
SO2
03/18 2.1 2.1 1.8 1.8 1.8 1.7 1.9 2 2.5 2.6 2.4 1.9 2 2.1 1.9# 2.1 3.1 2.2 2.1 2.4 4.9 2.2 2.2 2.1
]
SO2
03/19 2.1 1.8 1.7 1.7 1.9 1.8 2.2 2.5 3.3 3 3 3.8 3.9 4.6 4.8 4.8 6.6 5.6 4.4 4.6 3.3 2.4 1.9 2
]
SO2
03/20 2.8 3.1 2.7 2.3 2.3 2.2 2.3 2.5 3.1 2.8 2.6 2.6 3.3 3.2 2.2 2.1 2.8 3.1 2.7 3.2 3 2.6 2.5 1.9
]
SO2
03/21 1.9 2.5 3 3.6 3.6 3.3 3 3.3 3.5 3.1 2.9 3 3 3.5 4.1 4.3 3.8 4.6 5.2 4.2 3.7 3.9 3.3 2.7
]
SO2
03/22 4 4 3.3 2.3 2.9 2.5 3.6 3.7 3.1 4.5 4.2 4.8 4.1 3 2.7 2.8 3.1 3.2 3 3.7 3.3 2.8 2.8 2.7
]
SO2
03/23 2 2.1 2.2 2 1.9 1.6 1.3 1.6 1.3 1.5 2 1.5 1.5 1.8 1.6 1.4 1.4 1.5 1.1 1.1 1.4 1.3 1.4 1.4
]
SO2
03/24 1.6 2.5 2.8 2.4 1.9 2.4 2.6 2.6 3.9 2.6 2.6 2.6 2.7 2.5 2.5 2.3 2.7 2.4 2.3 2.1 2.2 2.2 2.2 1.8
]
SO2
03/25 1.9 2 2 2.2 2.2 2.1 2.2 2.5 2.7 2.3 2.4 2.2 2.2 2.2 2 2.1 2.4 3.1 3.2 2.4 2.4 2.4 2.2 2.9
]
SO2
03/26 2.5 2.4 2.9 2.6 2.3 2.7 3.5 3.4 1.9 2.1 2.6 3.2 2.3 3.8 4 5.1 4 4.8 4.9 3.4 3.1 2.4 1.9 1.9
]
SO2
03/27 1.5 2 2 2.1 2 1.8 2.3 2.7 2.6 2.4 3 2.9 3.2 4.1 2.3 2 1.6 1.7 1.7 1.8 1.7 7.7 4.1 2.9
]
SO2
03/28 3.4 3 2.7 2.7 2.5 2.4 2.1 1.9 2 1.9 1.7 1.8 2.4 2.5 3 3.4 4.1 4.6 3.3 2.7 2 1.9 1.8 1.7
]
SO2
03/29 1.1 1.9 1.8 1.7 1.8 1.9 2.1 2.3 2.1 3 2.3 2.5 2.5 2.5 2.3 2 1.9 2.1 2 2.9 3 2 3 1.9
]
SO2
03/30 1.6 1.7 2.4 2.9 3.7 4.2 3.1 2.2 2.4 2.5 2.3 3 4.8 4.2 3.9 2.7 2.9 2.9 3 2.5 2.1 3.7 3 5.6
]
SO2
03/31 3.5 3.5 3.3 2.8 1.9 2.1 2.6 2.6 2.1 1.7 1.9 2.9 2.8 2.5 2.2 2.2 2 2.1 2.4 2.5 2.7 2.6 2.6 3
]
SO2
菏代~るG2019/04A 代浮G]摺A 代兜GSO2]ppb^
]
SO2
ら戳 00 01 02 03 04 05 06 07 08 09 10 11 12 13 14 15 16 17 18 19 20 21 22 23
]
SO2
04/01 2 1.9 1.5 1.6 1.7 1.7 1.5 1.7 1.7 1.9 1.8 1.9 1.5# 1.6 1.9 1.7 1.8 1.9 2.1 2.6 1.7 2.4 1.4 5.3
]
SO2
04/02 1.5 3.3 2 2.3 1.6 2.9 2.7 3.2 3.2 2.5 2.2 3.6 3.2 3.7 3.8 2.8 2.3 2.5 2.4 1.7 1.9 2.6 2.1 1.8
]
SO2
04/03 2.3 2.3 1.9 1.7 2.1 1.7 1.9 1.3 2.6 2.6 2 1.3 1.3 2.4 1.6 2 1.8 1.9 1.5 1.7 1.9 3.6 2.8 3.5
]
SO2
04/04 3.4 3.2 2.8 2.6 2.3 2.4 2.3 2.3 2.3 2.4 2.6 2.8 2.7 2.5 2.5 2.3 2.2 2.4 2.4 2.1 2.1 2.3 2.2 2.1
]
SO2
04/05 2.5 1.3 1.3 1.3 1.2 1.3 1.2 1.6 2.1 2.1 1.9 1.6 1.5 1.9 3 1.6 2.4 1.9 2.2 2.3 1.9 1.7 1.5 1.5
]
SO2
04/06 1.2 1.1 1 1 1.1 1.6 1.4 1.2 1.2 3.2 3 2.9 2.7 2.2 2.5 2.5 2.1 2.1 2.3 2.2 1.9 1.9 1.7 1.5
]
SO2
04/07 1.8 2.3 2.5 2.5 2.4 2.5 2.3 2.4 2.8 2.4 2.2 3.1 2.9 2.4 3 4 4.3 2.9 2.8 3.1 2.9 3.3 2.8 2.2
]
SO2
04/08 1.5 2.1 1.7 1.7 1.8 1.7 1.7 2 2.3 2.2 2.2 2.9 3.9 3.7 4.4 4.3 3.6 2.6 2.8 2.6 2.7 2.5 2.6 2.1
]
SO2
04/09 1.6 1.7 1.8 1.8 1.9 1.8 1.8 2.1 2.4 2.6 2.1 2.5 3.2 5.1 3.5 4.4 4.4 3.6 4.9 2.2 2 1.8 1.8 1.6
]
SO2
04/10 2.2 1.3 1.4 1.4 1.2 1.2 1 1.4 1.6 2.5 2.5 2.7 2.5 2.5 2.5 2.1 2.9 2.1 2.4 2.7 2.1 2 3.1 2.9
]
SO2
04/11 1.5 0.7 1.4 1.1 0.3 0.2 0.4 0.7 1 1.3 1.8 1.5 2.1 1.6 0.6 0.5 0.4 0.5 0.1 0.2 0 0.6 2.1 0.5
]
SO2
04/12 1 2.3 2.1 2.1 2.2 2.3 2.3 2.3 2.3 2.4 2.3 2.2 1.9 2.3 2.2 2 2.3 2.3 2.2 2.7 2.7 2.2 1.7 1.6
]
SO2
04/13 1.3 2.9 3.6 2.4 2.2 2 1.9 1.9 4.2 3.7 4 3.5 3.7 2.3 2.6 2.4 1.9 2.6 1.7 2.7 2.6 2 1.7 2.6
]
SO2
04/14 2 2.1 3.3 2.8 1.8 1.6 2 1.7 2.2 3.2 3.5 3.6 3.4 2.6 2.3 2.1 3.4 3.4 2 1.9 1.9 1.8 1.9 2.3
]
SO2
04/15 2.2 1.7 1.3 1.5 1.5 1.9 1.8 1.8 1.8 1.6 1.4 1.7 1.7# 1.3 NA 1.3# 0.7 0.9 1.2 0.7 1.2 0.4 0.8 0.3
]
SO2
04/16 0.9 2.9 2.2 1.6 1.4 1.3 2.4 2.3 2.5 1.6 1.5 1.4 1.2 1.2 1.1 1.2 1.9 2.2 2 1.4 3.3 1.7 1.2 1.1
]
SO2
04/17 1.7 1.3 1.9 1.5 1.2 1.3 1.6 1.7 1.9 1.5 1.5 2.5 3.3 4.4 3.4 2.6 3.9 4.3 3.5 4.4 3.8 2.1 1.5 1.3
]
SO2
04/18 1.3 2 1.7 1.7 2.5 4.8 5.6 5.3 4.3 3.7 3.4 3.4 3.6 4.3 3.6 3.3 4 3.7 5 3.4 2.4 2.3 2.2 2.3
]
SO2
04/19 2.2 2.1 2.1 2.4 2.2 1.8 1.6 1.6 NA NA 3.1# 3.1 3.4 3.7 4.9 3.7 3 2.4 2.5 2.6 2 2.4 2.3 2
]
SO2
04/20 1.8 1.1 1.3 1.4 1.5 1.2 1.2 1.8 2.8 3.7 2.9 2.5 2.4 2.1 3.4 4.1 3.2 3.5 3.3 3.3 1.8 1.2 1.2 1.2
]
SO2
04/21 1.2 1.9 1.9 1.7 1.6 1.8 1.6 2 2 1.9 1.8 1.8 1.9 1.8 1.8 1.7 1.7 1.7 1.6 2 1.8 1.7 1.6 1.7
]
SO2
04/22 1.8 0.4 0.3 0.3 0.4 0.3 0.4 0.6 0.5 0.6 3.1 2.6 2.3 2.5 2.4 1.7 1.1 0.8 0.6 0.9 5.1 2.1 1.2 1
]
SO2
04/23 0.4 2.3 2.3 2.2 2.1 2.1 2.4 3 2.3 2 2.2 2.1 2 2.1 3 3.3 3.4# 3.7# 3.7 2.9 2.9 2.8 1.5 0.9
]
SO2
04/24 1.2 1.6 1.5 2 1.9 2.2 3 3.1 4.7 2.3 2.5 2.9 3.1 2.6 3 3.4 2.8 2.8 3 3.1 2.4 1.9 2 1.7
]
SO2
04/25 1.6 1.8 1.8 1.7 1.7 2 1.8 1.7 2 1.9 1.9 2 2.3 3.1 3.1 2.3 2 2.3 2 2.2 1.8 2.1 2.1 2.2
]
SO2
04/26 2.2 3.2 3.1 2.6 2.9 2.7 2.7 3.1 3.3 4.2 4.9 4.8 4.8 4.6 3.8 4.8 4.8 5.7 4.2 4.9 4.5 5.4 5 3.4
]
SO2
04/27 4.1 3.2 3.3 3.2 3.5 3.6 3.6 2.6 2.9 2.8 2.8 2.7 2.7 2.7 2.7 3.5 4.2 7.4 6 3.6 4.5 4.5 5.6 4.8
]
SO2
04/28 7 4.4 2.2 1.7 2.8 2 1.7 1.9 2.3 3.2 1.9 1.9 2 2.1 2 2.5 2.5 2.3 3.5 3.7 4.4 2.7 2 1.7
]
SO2
04/29 1.8 1.1 1.2 1 0.9 0.9 1.1 2.1 3.1 2.8 2.6 2.4 5.3# 2.9 2.4 2.2# 1.7 2.4 2 1.8 1.9 2 3.3 3.3
]
SO2
04/30 2.9 2.2 1.9 1.8 1.9 1.9 1.6 1.7 1.6 1.4 1.5 1.7 2.1 2.2 1.6 1.5 2 3.8 4.3 1.7 2.5 1.8 1.1 1.2
]
SO2
菏代~るG2019/05A 代浮G]摺A 代兜GSO2]ppb^
]
SO2
ら戳 00 01 02 03 04 05 06 07 08 09 10 11 12 13 14 15 16 17 18 19 20 21 22 23
]
SO2
05/01 0.8 0.8 0.9 1 0.7 1.3 1.4 1.2 1.3 1.4 1.2 1.4 0.8 1.4 1 1.4 1.5 1.3 1.3 1.2 1.2 0.9 1.2 1.7
]
SO2
05/02 2.4 2 1.4 1.6 1.6 1.8 1.5 1.9 1.8 1.7 2.3 2.1 1.9 1.8 1.9 2 2.2 2.1 2.4 2.3 2 2.1 1.6 2
]
SO2
05/03 2.1 2.1 2.5 1.3 1.4 1.4 1.2 1.7 2.4 2.1 2.1 2 1.7 1.6 1.5 1.4 1.7 1.6 1.9 2.1 2.3 3.3 1.6 1.4
]
SO2
05/04 1.6 1.5 1.6 1.8 2.4 1.7 1.7 2.8 3 3.3 3.3 4.6 3.8 3.8 3.1 2.8 2.5 2.6 2.6 2.3 2.1 2.1 1.9 2
]
SO2
05/05 1.4 1.2 1.2 1.2 1.2 1.3 1.3 1.4 1.7 3.9 3 1.8 1.7 2.3 3.1 1.8 1.7 1.4 1.5 1.6 1.4 1.4 1.3 1.5
]
SO2
05/06 1.8 1.5 1.1 1.1 1 1.2 1.4 1.3 1.3 1.6 1.9 1.4 1.2 1.1 1.1 0.9 1 1.2 1.1 0.9 0.8 0.8 1 0.6
]
SO2
05/07 0.6 1.4 1.3 1.4 2 1.6 2 1.7 1.2 1.6 1.5 1.5 1.5 1.4 1.7# 1.7 1.6 1.5 1.3 1.7 1.6 1.3 1.2 1.5
]
SO2
05/08 1.7 2.4 2.7 2.9 2.4 2.3 2.5 3.1 2.4 2.2 2.7 3.4 2.5 2.9 3.1 3.5 3.5 3.5 3.4 3.2 3.4 3.3 2.9 2.9
]
SO2
05/09 2.9 4.4 4.3 2.9 2.3 2.6 2.4 3 2.9 2.6 2.3 3.1 2.8 2.5 2.4 2.2 2 2.1 2.4 2.4 2.5 2.8 3.5 3
]
SO2
05/10 2.3 2.8 2.9 2.2 2.5 1.8 2.3 2.6 1.5 1.4 2.9 2.6 1.6 2 2.4 5 7.6 4.5 3.4 3.5 4 2.8 2.9 2.8
]
SO2
05/11 3.1 4.9 3.9 1.8 1.9 2.9 3.4 4 3.8 4.1 4.6 3.3 3.4 3.4 4.4 4.7 5.4 5.8 4.5 5 2.9 2.5 3 3.2
]
SO2
05/12 2.8 2.3 2.4 2.5 2.4 2.1 2.2 2.4 2.1 3.8 3.9 5.1 3.8 4.2 3 2.9 2.4 2.5 2.4 2.2 2 1.9 2 2.1
]
SO2
05/13 2.2 2.1 2.1 1.9 1.8 1.9 1.9 2.2 2.2 3.2 3.1 2.6# 2.6 3 4.4 3.9 3.1 2.9 3.1 4 2.8 3.6 3.3 2.8
]
SO2
05/14 3.2 1.5 2.6 3.2 2.3 2.4 2.7 3.9 4.5 4.7 3.1 3.1 3 2.4 2.1 2.3 2.4 1.6 2.5 3.3 3.1 4.1 3.6 3.1
]
SO2
05/15 2.5 3.9 4.1 4.2 4.5 3.9 3.1 3.1 3.3 3.7 3.1 2.8 2.8 3.1 2.4 2.2 2 2 2.2 2.7 2.5 2.9 2.9 2.7
]
SO2
05/16 3 1.6 1.2 1.5 1.2 1.1 1.2 1 1.3 1.3 1.1 1.1 0.8 0.8 0.8 0.8 0.8 0.9 0.8 0.8 0.8 1.1 1.1 1.2
]
SO2
05/17 1.3 1 1.1 0.9 1 0.9 0.8 1 1.1 1 1.1 1.1 1.1 1.1 0.9 1.1 0.9 1 1.1 1 1.3 1.1 1 1.2
]
SO2
05/18 1.6 1.7 1.7 1.7 1.7 1.8 1.7 1.9 1.6 1.9 1.8 1.8 1.7 1.9 1.9 1.8 1.8 3 1.9 2.3 4.2 1.8 1.8 1.6
]
SO2
05/19 1.6 1.3 1.4 1.3 1.3 1.4 1.4 1.4 1.3 1.5 1.5 1.7 1.7 1.4 1.4 1.4 1.3 1.5 1.4 1.5 1.5 1.8 2 1.9
]
SO2
05/20 1.7 2.2 2 2 2.2 2 1.9 2 2.1 2.2 2.3# 2.2 2.3 2.4 3.1 2.9 2.5 2.6 2.7 2.5 2.3 2.1 2.3 2.5
]
SO2
05/21 2.3 3 1.3 2.4 2.4 2.3 3 1.8 2 1.6 2.1 1.7 1.5 1.6 1.5 1.6 1.4 1.8 3 2.2 3.1 3.4 1.8 1.8
]
SO2
05/22 1.6 4 5 3 2.8 2.1 3.7 5 3.2 2.4 2.5 3 4.4 4 5.2 4.3 3.3 3.5 2.9 2.3 2.2 1.8 1.7 1.7
]
SO2
05/23 1.9 1.9 2.1 1.9 1.9 1.7 1.3 1.3 1.4 1.3 1.4 1.6 1.5 2.3 2.8 2.7 2.9 3.8 3.3 4 3.3 3.1 2.3 2
]
SO2
05/24 1.4 1.2 1.2 1.2 1.2 1.3 1.6 2.1 2.8 2.3 2.8 3.2 3.4 3.5 3.3 2.3 2.3 2.2 2 1.8 1.9 1.9 2.5 2.6
]
SO2
05/25 3 3.5 2.3 2 2.1 1.9 2 3.6 4.6 4.3 2.8 2.7 3.1 2.3 2.1 2.2 3.9 2.8 3 3.1 2.7 2.1 2 2
]
SO2
05/26 1.5 1.9 1.8 1.8 1.9 2 1.9 2.2 4 3.8 3.9 3.4 3.9 3.5 2.5 3.1 3.7 3.9 3.9 2.7 2.3 2.4 2.3 2
]
SO2
05/27 1.9 1.4 2 1.9 2 1.5 1.3 1.3 2.8 4.1 3.3 2.2 2 1.7 1.6 1.9 1.8 1.3 1.2 1.3 1.4 1.5 1.5 1.4
]
SO2
05/28 1.7 1.9 1.8 1.7 1.7 1.8 2 2.2 2.1 2.2 2.2 1.8 1.8 1.7 2 3.1 3.4 2.9 3.2 3.5 3.2 3.2 3.3 3.2
]
SO2
05/29 2.7 2.1 2.2 2.4 2.5 2.2 2.8 2.9 3.1 2.7 2.6 3.1 3 3# 2.3 2 2.3 2.4 1.9 2 2.3 3.1 2.4 2.1
]
SO2
05/30 1.9 2.2 2.1 2.2 2.2 2.2 2.2 2.4 2.7 2.3 3.8 3.7 3.8 4.4 4.2 3.6 3.2 3.7 3.3 3.2 3.1 3.2 3.3 3.3
]
CO
01/01 0.24 0.22 0.23 0.2 0.19 0.25 0.25 0.37 0.26 0.26 0.27 0.3 0.28 0.27 0.28 0.3 0.31 0.33 0.33 0.33 0.33 0.3 0.28 0.25
]
CO
01/02 0.24 0.22 0.21 0.2 0.2 0.22 0.27 0.39 0.42 0.4 0.38 0.39 0.39 0.35 0.38 0.39 0.43 0.69 0.58 0.61 0.64 0.65 0.54 0.44
]
CO
01/03 0.38 0.28 0.25 0.25 0.24 0.26 0.3 0.47 0.51 0.49 0.5 0.47 0.45 0.45 0.44 0.46 0.52 0.68 0.71 0.7 0.69 0.77 0.75 0.67
]
CO
01/04 0.66 0.62 0.63 0.6 0.54 0.65 0.67 0.87 0.95 0.7 0.58 0.66 0.51 0.29 0.35 0.39 0.46 0.64 0.47 0.47 0.52 0.49 0.47 0.43
]
CO
01/05 0.42 0.41 0.42 0.4 0.42 0.45 0.52 0.54 0.56 0.59 0.6 0.57 0.6 0.52 0.55 0.48 0.5 0.63 0.65 0.72 0.73 0.72 0.73 0.71
]
CO
01/06 0.58 0.48 0.48 0.45 0.44 0.43 0.44 0.46 0.49 0.47 0.54 0.58 0.58 0.58 0.59 0.56 0.63 0.64 0.61 0.6 0.64 0.61 0.53 0.52
]
CO
01/07 0.55 0.45 0.47 0.44 0.46 0.53 0.63 1.02 1.18 0.57 0.45 0.48 0.44 0.43 0.39 0.37 0.41 0.53 0.45 0.46 0.38 0.39 0.34 0.34
]
CO
01/08 0.36 0.25 0.25 0.24 0.24 0.25 0.31 0.46 0.43 0.38 0.38 0.39 0.39 0.35 0.37 0.38 0.4 0.49 0.47 0.49 0.46 0.44 0.37 0.3
]
CO
01/09 0.28 0.28 0.3 0.3 0.31 0.33 0.38 0.58 0.56 0.46 0.48 0.48 0.44 0.46 0.48 0.51# 0.54# 0.64 0.69 0.69 0.87 0.82 0.74 0.78
]
CO
01/10 0.7 0.6 0.57 0.59 0.53 0.63 0.76 1.26 1.08 0.84# 0.57 0.43 0.38 0.36 0.35 0.35 0.46 0.61 0.56 0.46 0.5 0.44 0.48 0.51
]
CO
01/11 0.52 0.47 0.44 0.43 0.43 0.46 0.66 0.79 0.74 0.45 0.33# 4.21# 0.33# 0.35 0.35 0.39 0.42 0.58 0.45 0.55 0.66 0.63 0.58 0.56
]
CO
01/12 0.62 0.43 0.45 0.4 0.36 0.37 0.46 0.56 0.63 0.61 NA 0.48 0.44 0.43 0.42 0.52 0.54 0.63 0.68 0.76 0.8 0.78 0.75 0.7
]
CO
01/13 0.67 0.66 0.63 0.64 0.58 0.53 0.55 0.66 0.63 0.65 0.66 0.65 0.66 0.6 0.6 0.6 0.58 0.62 0.61 0.58 0.61 0.58 0.55 0.56
]
CO
01/14 0.52 0.45 0.43 0.4 0.39 0.38 0.44 0.63 0.56 0.5 0.49 0.51 0.49 0.45 0.43 0.41 0.44 0.64 0.62 0.63 0.63 0.65 0.59 0.47
]
CO
01/15 0.43 0.34 0.33 0.34 0.37 0.45 0.52 0.73 0.63 0.56 0.59 0.48 0.39 0.39 0.42 0.4 0.42 0.5 0.48 0.44 0.4 0.36 0.34 0.34
]
CO
01/16 0.31 0.27 0.28 0.3 0.41 0.49 0.54 0.63 0.65 0.63 0.55 0.48 0.48 0.49 0.52 0.56 0.64 0.78 0.76 0.7 0.6 0.46 0.37 0.33
]
CO
01/17 0.3 0.29 0.31 0.32 0.34 0.33 0.36 0.47 0.47 0.41 0.43 0.46 0.45 0.43 0.42 0.42 0.46 0.6 0.56 0.58 0.56 0.53 0.46 0.46
]
CO
01/18 0.43 0.37 0.34 0.32 0.33 0.46 0.56 0.8 0.68 0.46 0.39 0.38 0.42 0.37 0.37 0.39 0.47 0.84 0.89 0.93 0.7 0.6 0.7 0.54
]
CO
01/19 0.41 0.36 0.38 0.4 0.38 0.42 0.45 0.53 0.6 0.5 0.48 0.44 0.43 0.37 0.33 0.37 0.45 0.55 0.65 0.72 0.69 0.81 0.86 0.79
]
CO
01/20 0.67 0.5 0.41 0.35 0.33 0.39 0.43 0.52 0.63 0.61 0.45 0.41 0.5 0.57 0.7 0.75 0.82 0.78 0.81 0.78 0.66 0.6 0.58 0.58
]
CO
01/21 0.58 0.53 0.49 0.45 0.36 0.34 0.35 0.44 0.46 0.42 0.41 0.43 0.38 0.26# 0.25 0.25 0.31 0.43 0.39 0.36 0.34 0.3 0.27 0.26
]
CO
01/22 0.25 0.26 0.26 0.3 0.31 0.31 0.33 0.45 0.48 0.43 0.42 0.45 0.47 0.42 0.44 0.47 0.51 0.6 0.56 0.54 0.55 0.49 0.45 0.42
]
CO
01/23 0.38 0.49 0.49 0.47 0.42 0.43 0.6 0.88 0.9 0.54 0.49 0.55# 0.48 0.44 0.46 0.47 0.56 0.74 0.69 0.66 0.75 0.7 0.76 0.66
]
CO
01/24 0.61 0.56 0.53 0.43 0.45 0.5 0.76 0.9 0.94 0.58 0.49 0.44 0.44 0.42 0.38 0.39 0.42 0.62 0.63 0.82 0.93 0.74 0.84 0.8
]
CO
01/25 0.65 0.54 0.48 0.45 0.41 0.47 0.59 0.78 1.05 0.55 0.49 0.52 0.46# 0.43 0.42 0.44 0.46 0.56 0.62 0.68 0.7 0.61 0.57 0.44
]
CO
01/26 0.37 0.36 0.36 0.35 0.31 0.28 0.25 0.27 0.26 0.27 0.27 0.36 0.37 0.37 0.41 0.4 0.32 0.29 0.26 0.25 0.25 0.24 0.22 0.2
]
CO
01/27 0.2 0.18 0.17 0.17 0.18 0.18 0.19 0.22 0.25 0.25 0.26 0.28 0.24 0.24 0.25 0.27 0.3 0.32 0.36 0.38 0.44 0.46 0.42 0.46
]
CO
01/28 0.43 0.35 0.33 0.33 0.3 0.31 0.43 0.59 0.67 0.35 0.35 0.42 0.26 0.24 0.25 0.23 0.26 0.4 0.3 0.35 0.56 0.51 0.53 0.5
]
CO
01/29 0.48 0.39 0.35 0.32 0.35 0.4 0.56 0.9 0.81 0.44 0.35 0.36 0.29 0.28 0.32 0.29 0.33 0.46 0.43 0.41 0.43 0.65 0.63 0.43
]
CO
01/30 0.48 0.45 0.43 0.29 0.27 0.31 0.31 0.39 0.46 0.44 0.44 0.46 0.43 0.39 0.45 0.45 0.46 0.69 0.9 1.3 0.92 0.67 0.52 0.51
]
CO
01/31 0.41 0.3 0.28 0.27 0.27 0.35 0.42 1.06 0.6 0.61 0.53 0.48 0.47 0.4 0.37 0.39 0.49 0.55 0.44 0.54 0.59 0.45 0.48 0.51
]
CO
菏代~るG2019/02A 代浮G]摺A 代兜GCO]ppm^
]
CO
ら戳 00 01 02 03 04 05 06 07 08 09 10 11 12 13 14 15 16 17 18 19 20 21 22 23
]
CO
02/01 0.5 0.43 0.38 0.34 0.32 0.32 0.36 0.45 0.53 0.52 0.52 0.53 0.54 0.55 0.56 0.6 0.59 0.67 0.7 0.78 0.78 0.81 0.78 0.74
]
CO
02/02 0.71 0.59 0.57 0.53 0.51 0.49 0.57 0.72 0.58 0.48 0.46 0.43 0.42 0.47 0.44 0.48 0.54 0.58 0.56 0.58 0.58 0.66 0.83 0.87
]
CO
02/03 0.78 0.7 0.69 0.53 0.61 0.53 0.61 0.9 1.17 0.86 0.52 0.53 0.45 0.53 0.53 0.5 0.54 0.64 0.63 0.6 0.7 0.83 1.19 1.23
]
CO
02/04 0.88 0.53 0.63 0.5 0.54 0.73 0.84 0.87 0.8 0.8 0.81 0.81 0.79 0.75 0.83 0.97 1 1.01 0.94 0.88 0.85 0.83 0.81 0.78
]
CO
02/05 0.73 0.63 0.66 0.73 0.65 0.54 0.5 0.51 0.52 0.51 0.51 0.51 0.44 0.46 0.46 0.42 0.38 0.37 0.35 0.43 0.39 0.41 0.4 0.42
]
CO
02/06 0.42 0.42 0.51 0.5 0.41 0.45 0.58 0.79 0.6 0.42 0.42 0.45 0.43 0.4 0.38 0.39 0.39 0.42 0.43 0.42 0.49 0.69 0.56 0.53
]
CO
02/07 0.51 0.53 0.42 0.43 0.49 0.46 0.51 0.76 0.76 0.51 0.28 0.26 0.24 0.22# 0.22 0.36 0.4 0.47 0.47 0.55 0.49 0.51 0.49 0.48
]
CO
02/08 0.46 0.5 0.48 0.46 0.38 0.34 0.34 0.4 0.39 0.4 0.39 0.37 0.37 0.36 0.33 0.32 0.33 0.36 0.36 0.39 0.4 0.35 0.31 0.3
]
CO
02/09 0.3 0.28 0.29 0.28 0.27 0.3 0.3 0.37 0.37 0.38 0.46 0.45 0.41 0.34 0.32 0.36 0.37 0.39 0.35 0.36 0.35 0.35 0.3 0.28
]
CO
02/10 0.27 0.24 0.21 0.19 0.19 0.19 0.2 0.25 0.27 0.3 0.33 0.34 0.33 0.35 0.36 0.37 0.38 0.39 0.36 0.36 0.36 0.35 0.33 0.35
]
CO
02/11 0.28 0.26 0.25 0.23 0.22 0.23 0.26 0.38 0.38 0.39 0.37 0.38 0.35 0.31 0.32 0.33 0.37 0.45 0.42 0.46 0.42 0.41 0.39 0.4
]
CO
02/12 0.37 0.28 0.27 0.26 0.26 0.26 0.31 0.49 0.47 0.43 0.44 0.46 0.36 0.35 0.36 0.35 0.39 0.51 0.47 0.46 0.44 0.39 0.4 0.36
]
CO
02/13 0.37 0.38 0.35 0.33 0.34 0.28 0.31 0.43 0.42 0.38 0.4 0.37 0.35 0.36 0.42 0.44 0.46 0.55 0.47 0.42 0.5 0.46 0.38 0.36
]
CO
02/14 0.34 0.3 0.31 0.31 0.29 0.29 0.37 0.62 0.38 0.38 0.39 0.43 0.4 0.37 0.42 0.42 0.49 0.64 0.54 0.55 0.57 0.53 0.52 0.49
]
CO
02/15 0.47 0.47 0.44 0.41 0.41 0.43 0.53 0.96 0.83 0.48 0.44 0.45 0.55 0.48 0.42 0.45 0.52 0.53 0.58 0.57 0.58 0.61 0.6 0.5
]
CO
02/16 0.51 0.53 0.54 0.55 0.58 0.58 0.59 0.56 0.5 0.45 0.5 0.49 0.49 0.45 0.41 0.42 0.47 0.49 0.58 0.63 0.58 0.54 0.5 0.47
]
CO
02/17 0.45 0.44 0.39 0.35 0.35 0.36 0.37 0.41 0.39 0.37 0.37 0.36 0.35 0.36 0.35 0.39 0.35 0.37 0.37 0.35 0.36 0.38 0.37 0.34
]
CO
02/18 0.35 0.32 0.29 0.27 0.27 0.29 0.34 0.44 0.45 0.33 0.34 0.38 0.27 0.26 0.24 0.29 0.32 0.43 0.47 0.4 0.39 0.42 0.37 0.34
]
CO
02/19 0.35 0.22 0.24 0.24 0.25 0.27 0.49 1.29 0.87 0.67 0.37 0.38 0.38 0.36 0.33 0.34 0.38 0.55 0.59 0.65 0.97 0.98 0.78 0.84
]
CO
02/20 0.63 0.73 0.62 0.57 0.53 0.47 0.68 0.92 0.82 0.69 0.63 0.48 0.42# 0.35 0.35 0.36 0.39 0.63 0.67 0.69 0.72 0.79 0.76 0.74
]
CO
02/21 0.68 0.66 0.57 0.53 0.5 0.48 0.46 0.61 0.54 0.48 0.49 0.54 0.48 0.41 0.37 0.36 0.41 0.5 0.35 0.37 0.44 0.44 0.41 0.4
]
CO
02/22 0.4 0.37 0.35 0.34 0.35 0.36 0.36 0.44 0.44 0.38 0.42 0.45 0.44 0.43 0.41 0.44 0.46 0.54 0.46 0.48 0.49 0.45 0.38 0.4
]
CO
02/23 0.43 0.45 0.48 0.49 0.48 0.49 0.52 0.58 0.59 0.53 0.57 0.63 0.58 0.54 0.52 0.52 0.52 0.56 0.53 0.56 0.55 0.45 0.39 0.37
]
CO
02/24 0.37 0.34 0.31 0.29 0.28 0.29 0.32 0.32 0.38 0.39 0.39 0.44 0.45 0.47 0.49 0.48 0.51 0.52 0.55 0.53 0.51 0.52 0.49 0.47
]
CO
02/25 0.45 0.47 0.44 0.41 0.4 0.42 0.47 0.67 0.62 0.48 0.47 0.53 0.51 0.47 0.47 0.47 0.49 0.54 0.52 0.45 0.44 0.41 0.37 0.38
]
CO
02/26 0.33 0.29 0.29 0.28 0.27 0.28 0.35 0.52 0.4 0.38 0.42 0.47 0.43 0.4 0.37 0.4 0.39 0.42 0.48 0.44 0.51 0.58 0.56 0.57
]
CO
02/27 0.59 0.56 0.52 0.53 0.47 0.49 0.56 0.79 0.71 0.67 0.62 0.58 0.49 0.46 0.38 0.34 0.34 0.53 0.69 0.85 0.61 0.62 0.69 0.56
]
CO
02/28 0.52 0.51 0.44 0.42 0.32 0.32 0.37 0.45 0.44 0.44 0.44 0.45 0.4 0.37 0.38 0.38 0.4 0.45 0.51 0.44 0.41 0.41 0.39 0.37
]
CO
菏代~るG2019/03A 代浮G]摺A 代兜GCO]ppm^
]
CO
ら戳 00 01 02 03 04 05 06 07 08 09 10 11 12 13 14 15 16 17 18 19 20 21 22 23
]
CO
03/01 0.37 0.34 0.35 0.33 0.33 0.34 0.4 0.47 0.42 0.41 0.46 0.46 0.43 0.37 0.36 0.36 0.42 0.56 0.53 0.62 0.61 0.63 0.56 0.52
]
CO
03/02 0.49 0.4 0.41 0.4 0.36 0.38 0.43 0.46 0.48 0.46 0.45 0.57 0.58 0.58 0.58 0.58 0.61 0.7 0.85 0.9 1.22 0.89 0.87 0.86
]
CO
03/03 0.82 0.76 0.81 0.72 0.72 0.75 0.83 0.92 0.96 0.78 0.54 0.56 0.55 0.3 0.3 0.35 0.48 0.46 0.78 0.67 0.48 0.48 0.45 0.48
]
CO
03/04 0.45 0.4 0.43 0.39 0.39 0.38 0.5 0.62 0.52 0.52 0.51 0.53# 0.56# 0.57 0.58 0.61 0.64 0.76 0.78 0.78 0.78 0.76 0.68 0.65
]
CO
03/05 0.68 0.58 0.57 0.56 0.56 0.57 0.68 0.91 0.97 0.78 0.51 0.51 0.54 0.59 0.58 0.48 0.5 0.62 0.5 0.44 0.48 0.6 0.56 0.42
]
CO
03/06 0.39 0.4 0.41 0.35 0.28 0.3 0.34 0.6 0.55 0.56 0.46 0.5# 0.52 0.5 0.42 0.45 0.5 0.55 0.5 0.56 0.52 0.53 0.47 0.46
]
CO
03/07 0.44 0.42 0.43 0.42 0.36 0.34 0.34 0.4 0.35 0.31 0.32 0.36 0.44 0.42 0.41 0.46 0.63 0.79 0.61 0.55 0.49 0.5 0.5 0.48
]
CO
03/08 0.5 0.46 0.45 0.49 0.48 0.46 0.5 0.6 0.55 0.5 0.47 0.5 0.5 0.42 0.39 0.45 0.55 0.58 0.54 0.58 0.67 0.65 0.53 0.65
]
CO
03/09 0.55 0.42 0.38 0.38 0.34 0.36 0.47 0.5 0.45 0.49 0.48 0.5 0.47 0.52 0.5 0.53 0.52 0.53 0.53 0.44 0.38 0.69 0.54 0.74
]
CO
03/10 0.72 0.26 0.19 0.21 0.2 0.21 0.28 0.45 0.43 0.42 0.38 0.49 0.48 0.43 0.41 0.46 0.52 0.52 0.55 0.55 0.53 0.55 0.53 0.5
]
CO
03/11 0.48 0.45 0.4 0.37 0.37 0.41 0.46 0.58 0.57 0.56 0.5 0.48 0.45 0.46 0.44 0.43 0.47 0.59 0.57 0.57 0.57 0.56 0.57 0.51
]
CO
03/12 0.53 0.51 0.44 0.41 0.39 0.43 0.69 0.73 0.62 0.49 0.46 0.48 0.45 0.42 0.38 0.36 0.4 0.55 0.69 0.88 0.79 0.7 0.57 0.48
]
CO
03/13 0.45 0.42 0.36 0.38 0.39 0.47 0.65 0.81 0.69 0.57 0.56 0.46 0.42 0.4 0.39 0.4 0.43 0.77 0.96 0.95 0.84 0.83 0.59 0.49
]
CO
03/14 0.42 0.39 0.36 0.35 0.33 0.42 0.63 0.88 0.81 0.39 0.39 0.42 0.39 0.32 0.34 0.34 0.42 0.45 0.41 0.39 0.32 0.28 0.27 0.29
]
CO
03/15 0.28 0.26 0.23 0.22 0.22 0.24 0.31 0.43 0.41 0.4 0.38 0.35 0.31 0.32 0.33 0.36 0.35 0.42 0.43 0.45 0.48 0.44 0.36 0.31
]
CO
03/16 0.29 0.25 0.22 0.21 0.23 0.24 0.36 0.46 0.56 0.85 0.85 0.55 0.44 0.54 0.54 0.73 0.5 0.64 0.55 0.68 0.79 0.79 0.74 0.73
]
CO
03/17 0.69 0.66 0.53 0.47 0.46 0.5 0.57 0.88 0.97 0.99 0.64 0.65 0.43 0.46 0.47 0.46 0.49 0.49 0.38 0.4 0.52 0.56 0.67 0.65
]
CO
03/18 0.53 0.47 0.43 0.41 0.45 0.4 0.4 0.52 0.47 0.39 0.44 0.51 0.38 0.34 0.32# 0.4 0.45 0.64 0.81 0.95 0.64 0.62 0.52 0.6
]
CO
03/19 0.63 0.52 0.48 0.39 0.44 0.46 0.81 0.85 0.53 0.45 0.46 0.48 0.45 0.42 0.4 0.37 0.43 0.59 0.78 0.84 1.05 0.82 0.64 0.57
]
CO
03/20 0.52 0.53 0.49 0.5 0.48 0.48 0.57 0.81 0.6 0.41 0.44 0.52 0.53 0.47 0.42 0.42 0.39 0.4 0.33 0.32 0.33 0.28 0.23 0.23
]
CO
03/21 0.22 0.24 0.27 0.33 0.33 0.35 0.39 0.49 0.39 0.47 0.4 0.39 0.32 0.31 0.29 0.31 0.29 0.44 0.53 0.42 0.44 0.5 0.37 0.38
]
CO
03/22 0.42 0.42 0.34 0.28 0.28 0.3 0.42 0.51 0.45 0.39 0.45 0.47 0.41 0.41 0.41 0.42 0.5 0.62 0.54 0.53 0.5 0.43 0.37 0.33
]
CO
03/23 0.3 0.24 0.23 0.21 0.21 0.2 0.21 0.28 0.28 0.28 0.29 0.3 0.28 0.28 0.25 0.27 0.27 0.29 0.27 0.25 0.27 0.25 0.23 0.22
]
CO
03/24 0.23 0.22 0.21 0.21 0.21 0.22 0.25 0.29 0.32 0.39 0.36 0.43 0.43 0.4 0.44 0.41 0.47 0.61 0.61 0.59 0.61 0.63 0.65 0.64
]
CO
03/25 0.55 0.5 0.51 0.42 0.4 0.42 0.57 0.78 0.88 0.41 0.53 0.5 0.36 0.42 0.4 0.41 0.59 0.75 0.6 0.51 0.57 0.53 0.46 0.44
]
CO
03/26 0.43 0.4 0.35 0.31 0.3 0.31 0.37 0.52 0.43 0.47 0.54 0.52 0.46 0.41 0.37 0.4 0.41 0.52 0.58 0.65 0.88 0.84 0.67 0.62
]
CO
03/27 0.52 0.45 0.44 0.42 0.4 0.42 0.73 0.69 0.48 0.58 0.43 0.38 0.4 0.41 0.34 0.34 0.35 0.45 0.43 0.54 0.45 0.65 0.61 0.5
]
CO
03/28 0.5 0.47 0.47 0.46 0.43 0.41 0.48 0.52 0.48 0.32 0.35 0.32 0.33 0.33 0.33 0.3 0.34 0.47 0.37 0.34 0.31 0.28 0.26 0.25
]
CO
03/29 0.25 0.21 0.2 0.2 0.2 0.2 0.23 0.33 0.31 0.36 0.31 0.3 0.28 0.27 0.26 0.27 0.33 0.42 0.39 0.44 0.41 0.31 0.26 0.26
]
CO
03/30 0.29 0.32 0.32 0.33 0.34 0.37 0.41 0.46 0.44 0.41 0.39 0.42 0.37 0.33 0.31 0.38 0.42 0.48 0.48 0.48 0.46 0.49 0.42 0.4
]
CO
03/31 0.38 0.33 0.3 0.25 0.22 0.25 0.26 0.28 0.29 0.28 0.29 0.38 0.45 0.44 0.4 0.36 0.35 0.36 0.37 0.36 0.36 0.36 0.32 0.3
]
CO
菏代~るG2019/04A 代浮G]摺A 代兜GCO]ppm^
]
CO
ら戳 00 01 02 03 04 05 06 07 08 09 10 11 12 13 14 15 16 17 18 19 20 21 22 23
]
CO
04/01 0.24 0.21 0.21 0.2 0.21 0.22 0.26 0.36 0.37 0.36 0.34 0.34 0.31# 0.28 0.29 0.31 0.34 0.46 0.44 0.42 0.39 0.38 0.36 0.33
]
CO
04/02 0.33 0.3 0.32 0.32 0.31 0.31 0.48 0.66 0.74 0.73 0.84 0.64 0.5 0.47 0.46 0.46 0.35 0.43 0.43 0.49 0.38 0.4 0.35 0.31
]
CO
04/03 0.23 0.23 0.23 0.23 0.26 0.26 0.32 0.39 0.42 0.35 0.36 0.4 0.42 0.4 0.35 0.37 0.35 0.66 0.63 0.67 0.78 0.76 0.72 0.67
]
CO
04/04 0.68 0.68 0.5 0.46 0.46 0.53 0.53 0.56 0.45 0.34 0.33 0.34 0.3 0.27 0.27 0.29 0.3 0.29 0.34 0.34 0.37 0.35 0.36 0.32
]
CO
04/05 0.3 0.3 0.28 0.25 0.26 0.32 0.41 0.36 0.35 0.36 0.34 0.35 0.33 0.33 0.3 0.36 0.41 0.51 0.67 0.76 0.68 0.72 0.78 0.7
]
CO
04/06 0.59 0.52 0.48 0.5 0.45 0.45 0.58 0.53 0.47 0.53 0.56 0.45 0.41 0.37 0.41 0.42 0.44 0.45 0.59 0.62 0.66 0.85 0.62 0.49
]
CO
04/07 0.45 0.62 0.53 0.52 0.45 0.43 0.38 0.39 0.38 0.42 0.42 0.43 0.41 0.41 0.42 0.46 0.51 0.47 0.52 0.57 0.62 0.62 0.66 0.63
]
CO
04/08 0.56 0.51 0.52 0.49 0.44 0.44 0.59 0.68 0.66 0.49 0.42 0.4 0.45 0.4 0.4 0.38 0.38 0.41 0.43 0.48 0.54 0.55 0.47 0.41
]
CO
04/09 0.35 0.38 0.4 0.37 0.41 0.45 0.6 0.53 0.48 0.47 0.37 0.33 0.33 0.32 0.26 0.29 0.32 0.33 0.43 0.3 0.25 0.25 0.24 0.22
]
CO
04/10 0.24 0.24 0.25 0.27 0.24 0.21 0.19 0.26 0.36 0.36 0.3 0.29 0.31 0.3 0.29 0.27 0.37 0.42 0.37 0.5 0.52 0.5 0.47 0.4
]
CO
04/11 0.36 0.33 0.32 0.31 0.3 0.3 0.34 0.5 0.52 0.42 0.37 0.38 0.37 0.29 0.27 0.28 0.31 0.42 0.38 0.3 0.29 0.31 0.29 0.3
]
CO
04/12 0.3 0.22 0.23 0.26 0.28 0.31 0.34 0.42 0.44 0.4 0.39 0.39 0.37 0.37 0.37 0.39 0.45 0.51 0.49 0.46 0.5 0.44 0.38 0.35
]
CO
04/13 0.35 0.34 0.32 0.32 0.32 0.35 0.5 0.46 0.39 0.41 0.43 0.4 0.37 0.27 0.26 0.27 0.33 0.44 0.51 0.51 0.58 0.62 0.58 0.43
]
CO
04/14 0.39 0.39 0.4 0.39 0.39 0.43 0.5 0.45 0.44 0.39 0.34 0.33 0.29 0.26 0.27 0.29 0.36 0.34 0.33 0.35 0.32 0.3 0.32 0.36
]
CO
04/15 0.33 0.3 0.24 0.22 0.22 0.25 0.3 0.41 0.4 0.37 0.36 0.39 0.4# 0.34 0.36 0.4 0.43 0.53 0.5 0.46 0.48 0.45 0.4 0.39
]
CO
04/16 0.38 0.33 0.33 0.33 0.3 0.3 0.33 0.5 0.51 0.51 0.47 0.45 0.48 0.5 0.54 0.54 0.61 0.67 0.4 0.43 0.46 0.41 0.39 0.41
]
CO
04/17 0.38 0.34 0.32 0.29 0.26 0.28 0.36 0.45 0.39 0.43 0.44 0.45 0.4 0.36 0.37 0.36 0.41 0.52 0.63 0.73 0.83 0.89 0.6 0.5
]
CO
04/18 0.52 0.48 0.45 0.42 0.44 0.6 0.61 0.69 0.57 0.5 0.45 0.45 0.41 0.4 0.39 0.41 0.45 0.6 0.56 0.6 0.59 0.63 0.6 0.46
]
CO
04/19 0.49 0.41 0.41 0.41 0.4 0.4 0.37 0.47 NA NA 0.48# 0.45 0.42 0.49 0.49 0.44 0.43 0.64 0.74 0.63 0.71 0.74 0.61 0.63
]
CO
04/20 0.42 0.32 0.35 0.38 0.39 0.44 0.45 0.56 0.41 0.47 0.4 0.43 0.42 0.38 0.37 0.37 0.44 0.45 0.51 0.46 0.44 0.33 0.35 0.32
]
CO
04/21 0.34 0.32 0.29 0.21 0.2 0.21 0.23 0.37 0.34 0.32 0.25 0.27 0.25 0.24 0.24 0.23 0.27 0.31 0.33 0.3 0.29 0.22 0.2 0.22
]
CO
04/22 0.22 0.22 0.19 0.19 0.22 0.24 0.29 0.4 0.34 0.27 0.39 0.35 0.28 0.26 0.26 0.23 0.23 0.28 0.27 0.32 0.47 0.29 0.22 0.2
]
CO
04/23 0.18 0.2 0.19 0.2 0.21 0.25 0.27 0.29 0.24 0.28 0.28 0.27 0.26 0.27 0.23 0.24 0.27# 0.35# 0.33 0.29 0.31 0.34 0.24 0.18
]
CO
04/24 0.15 0.15 0.17 0.17 0.19 0.2 0.28 0.27 0.29 0.25 0.23 0.24 0.25 0.2 0.22 0.25 0.24 0.31 0.29 0.27 0.27 0.26 0.25 0.23
]
CO
04/25 0.27 0.25 0.24 0.22 0.2 0.21 0.22 0.23 0.24 0.26 0.24 0.24 0.23 0.22 0.3 0.19 0.2 0.28 0.27 0.33 0.28 0.32 0.31 0.26
]
CO
04/26 0.24 0.19 0.19 0.19 0.19 0.22 0.28 0.36 0.29 0.28 0.32 0.35 0.33 0.3 0.29 0.3 0.37 0.44 0.44 0.49 0.46 0.52 0.54 0.42
]
CO
04/27 0.39 0.39 0.36 0.34 0.34 0.36 0.39 0.45 0.43 0.44 0.43 0.44 0.43 0.4 0.38 0.42 0.42 0.47 0.45 0.49 0.49 0.49 0.46 0.43
]
CO
04/28 0.41 0.41 0.43 0.4 0.4 0.46 0.47 0.41 0.29 0.29 0.32 0.33 0.33 0.34 0.34 0.28 0.33 0.41 0.51 0.57 0.59 0.5 0.49 0.44
]
CO
04/29 0.44 0.36 0.34 0.29 0.24 0.3 0.48 0.66 0.51 0.48 0.48 0.45 0.38# 0.31 0.3 0.28 0.3 0.46 0.37 0.39 0.41 0.46 0.46 0.45
]
CO
04/30 0.32 0.23 0.2 0.22 0.25 0.24 0.3 0.34 0.25 0.27 0.26 0.22 0.21 0.18 0.18 0.18 0.23 0.37 0.33 0.23 0.29 0.29 0.17 0.15
]
CO
菏代~るG2019/05A 代浮G]摺A 代兜GCO]ppm^
]
CO
ら戳 00 01 02 03 04 05 06 07 08 09 10 11 12 13 14 15 16 17 18 19 20 21 22 23
]
CO
05/01 0.16 0.14 0.14 0.13 0.14 0.2 0.25 0.32 0.35 0.41 0.45 0.46 0.44 0.44 0.46 0.49 0.56 0.61 0.48 0.42 0.39 0.35 0.33 0.28
]
CO
05/02 0.27 0.24 0.23 0.25 0.25 0.29 0.37 0.55 0.48 0.47 0.53 0.54 0.48 0.47 0.46 0.5 0.53 0.66 0.54 0.53 0.51 0.48 0.41 0.37
]
CO
05/03 0.35 0.3 0.3 0.27 0.24 0.23 0.31 0.48 0.43 0.4 0.37 0.34 0.31 0.29 0.29 0.3 0.32 0.45 0.46 0.5 0.53 0.54 0.41 0.47
]
CO
05/04 0.34 0.31 0.32 0.29 0.24 0.26 0.42 0.49 0.55 0.75 0.51 0.58 0.54 0.52 0.46 0.42 0.41 0.51 0.62 0.75 0.67 0.69 0.75 0.47
]
CO
05/05 0.38 0.4 0.37 0.32 0.31 0.37 0.43 0.5 0.58 0.44 0.38 0.33 0.31 0.35 0.33 0.36 0.39 0.43 0.45 0.5 0.47 0.44 0.44 0.4
]
CO
05/06 0.38 0.38 0.38 0.33 0.26 0.26 0.29 0.39 0.4 0.36 0.41 0.4 0.34 0.28 0.33 0.28 0.29 0.38 0.33 0.26 0.24 0.23 0.22 0.21
]
CO
05/07 0.21 0.2 0.19 0.2 0.21 0.21 0.26 0.32 0.28 0.27 0.27 0.29 0.26 0.25 0.25# 0.26 0.31 0.4 0.35 0.32 0.3 0.3 0.27 0.25
]
CO
05/08 0.25 0.21 0.19 0.19 0.18 0.2 0.28 0.47 0.4 0.3 0.31 0.36 0.39 0.42 0.45 0.36 0.41 0.52 0.46 0.48 0.53 0.44 0.38 0.31
]
CO
05/09 0.33 0.33 0.32 0.31 0.33 0.34 0.42 0.58 0.53 0.48 0.46 0.45 0.4 0.33 0.3 0.34 0.47 0.6 0.47 0.46 0.48 0.49 0.45 0.42
]
CO
05/10 0.44 0.37 0.32 0.33 0.32 0.36 0.36 0.44 0.36 0.33 0.42 0.53 0.41 0.36 0.38 0.44 0.45 0.45 0.43 0.59 0.65 0.64 0.54 0.42
]
CO
05/11 0.38 0.38 0.35 0.32 0.34 0.36 0.36 0.37 0.35 0.37 0.37 0.31 0.29 0.26 0.25 0.25 0.27 0.35 0.4 0.44 0.5 0.48 0.41 0.42
]
CO
05/12 0.38 0.35 0.39 0.38 0.34 0.4 0.41 0.45 0.46 0.41 0.4 0.29 0.27 0.26 0.29 0.3 0.3 0.27 0.33 0.37 0.46 0.52 0.41 0.44
]
CO
05/13 0.45 0.37 0.39 0.36 0.37 0.37 0.43 0.63 0.51 0.41 0.34 0.3# 0.28 0.32 0.37 0.38 0.32 0.41 0.51 0.47 0.4 0.54 0.49 0.38
]
CO
05/14 0.4 0.45 0.43 0.43 0.38 0.37 0.4 0.5 0.56 0.5 0.37 0.38 0.38 0.28 0.25 0.29 0.31 0.36 0.34 0.33 0.33 0.33 0.35 0.34
]
CO
05/15 0.3 0.29 0.28 0.29 0.35 0.35 0.45 0.47 0.4 0.38 0.33 0.3 0.29 0.26 0.19 0.21 0.21 0.32 0.32 0.42 0.36 0.33 0.23 0.2
]
CO
05/16 0.22 0.24 0.21 0.21 0.2 0.18 0.2 0.21 0.24 0.27 0.25 0.24 0.23 0.22 0.22 0.22 0.27 0.37 0.28 0.24 0.21 0.22 0.22 0.17
]
CO
05/17 0.17 0.13 0.12 0.11 0.11 0.13 0.17 0.24 0.23 0.25 0.27 0.26 0.23 0.19 0.18 0.18 0.2 0.26 0.23 0.2 0.27 0.19 0.12 0.12
]
CO
05/18 0.13 0.13 0.13 0.13 0.13 0.16 0.21 0.28 0.34 0.25 0.17 0.17 0.17 0.19 0.25 0.22 0.3 0.31 0.22 0.26 0.38 0.2 0.22 0.19
]
CO
05/19 0.18 0.15 0.15 0.14 0.14 0.15 0.16 0.19 0.19 0.19 0.19 0.23 0.23 0.21 0.19 0.18 0.19 0.21 0.2 0.21 0.19 0.19 0.24 0.2
]
CO
05/20 0.17 0.15 0.14 0.12 0.13 0.14 0.15 0.21 0.22 0.21 0.29# 0.25 0.5 0.56 0.5 0.42 0.38 0.44 0.39 0.38 0.29 0.29 0.25 0.25
]
CO
05/21 0.25 0.25 0.24 0.24 0.24 0.25 0.29 0.4 0.38 0.34 0.36 0.41 0.43 0.31 0.32 0.35 0.4 0.57 0.51 0.53 0.43 0.43 0.38 0.37
]
CO
05/22 0.38 0.33 0.33 0.34 0.35 0.37 0.41 0.61 0.64 0.53 0.49 0.42 0.42 0.49 0.54 0.57 0.66 0.77 0.7 0.67 0.64 0.57 0.52 0.52
]
CO
05/23 0.51 0.5 0.47 0.44 0.43 0.29 0.26 0.49 0.49 0.46 0.48 0.41 0.38 0.36 0.43 0.54 0.65 0.75 0.52 0.55 0.77 0.8 0.7 0.57
]
CO
05/24 0.62 0.51 0.48 0.49 0.49 0.52 0.54 0.75 0.75 0.58 0.61 0.69 0.6 0.51 0.42 0.4 0.43 0.53 0.6 0.57 0.53 0.53 0.49 0.4
]
CO
05/25 0.43 0.46 0.43 0.42 0.43 0.44 0.52 0.53 0.55 0.54 0.37 0.34 0.3 0.26 0.27 0.28 0.32 0.36 0.39 0.47 0.62 0.57 0.51 0.41
]
CO
05/26 0.33 0.29 0.29 0.29 0.25 0.31 0.32 0.35 0.33 0.32 0.33 0.34 0.31 0.28 0.27 0.29 0.33 0.38 0.41 0.38 0.45 0.48 0.41 0.34
]
CO
05/27 0.37 0.36 0.39 0.38 0.39 0.36 0.3 0.54 0.58 0.65 0.45 0.36 0.29 0.36 0.3 0.34 0.34 0.49 0.45 0.62 0.64 0.65 0.44 0.36
]
CO
05/28 0.3 0.26 0.22 0.21 0.21 0.28 0.35 0.52 0.43 0.55 0.21 0.37 0.31 0.23 0.2 0.31 0.41 0.45 0.4 0.41 0.35 0.31 0.27 0.24
]
CO
05/29 0.23 0.19 0.18 0.16 0.16 0.19 0.23 0.31 0.33 0.28 0.32 0.34 0.3 0.26# 0.27 0.27 0.31 0.43 0.38 0.35 0.35 0.33 0.33 0.3
]
CO
05/30 0.25 0.21 0.18 0.18 0.18 0.2 0.28 0.39 0.39 0.33 0.28 0.34 0.31 0.21 0.23 0.21 0.25 0.33 0.31 0.28 0.32 0.3 0.23 0.22
]
O3
01/01 28 27 28 29 30 29 29 25 28 30 31 31 33 34 33 32 30 28 26 25 25 26 28 29
]
O3
01/02 30 31 31 31 31 29 27 25 23 22 23 24 24 26 21 23 20 12 9.7 8.1 8.8 6.8 5.7 9.1
]
O3
01/03 12 17 18 18 23 22# 20 15 12 12 16 20 21 20 21 21 16 14 8.9 8.2 6.2 3.5 2.9 1.9
]
O3
01/04 0 -0.1 -0.1 -0.1 -0.1 0.2# 0 1.1 1.6 6.7 18 20 32 27 21 19 19 17 18 16 10 8 5.9 5
]
O3
01/05 2.3 3.7 3.7 3.1 1.9 0.6 0 1.1 2.3 2.4 3.9 6.7 11 20 18 16 10 4.9 4.6 2.7 1.3 1 0.8 1.5
]
O3
01/06 8 7.7 7.6 6.5 6.6 6.4 7.4 8.1 8.9 14 19 24 29 29 30 31 26 23 21 19 17 15 16 15
]
O3
01/07 7 9.3 6.8 4.5 4.3 0.2 0.5 1.2 4 12 17 22 33 42 45 42 32 27 25 25 26 25 24 22
]
O3
01/08 22 30 29 28 29 26 23 18 19 20 20 23 26 27 28 27 24 21 18 17 15 12 21 25
]
O3
01/09 27 29 30 31 30 28# 25 17 17 21 21 26 31 36# 295# 25x 26# 19 16 11 7.6 5.2 3.4 0
]
O3
01/10 -0.1 -0.2 0 0.5 0 0.1 -0.1 0.4 0.7 5.9 0# 18x 19# 23 24 23 19 12# 15 16 15 16 7.8 3.7
]
O3
01/11 5.9 4.7 4 4.7 2.3 0.5 0 0.8 2.5 9.7 14# 69# 12# 8.9 11 8.5 7.7 5.4 6.5 2.6 1.2 -0.2 -0.1 -0.1
]
O3
01/12 -0.2 0.1 -0.2 -0.1 0 1 0 0.9 1.8 3.8 NA 12 21 31 31 17 13 5.5 4.6 5.5 6.5 7.2 9.3 8.8
]
O3
01/13 6.5 7.3 11 14 19 21 21 17 18 19 20 22 24 26 25 22 21 19 18 19 16 18 19 19
]
O3
01/14 21 24 27 28 28 29 26 22 24 26 28 30 38 45 22# 35 32 23 19 12 13 10 7.5 17
]
O3
01/15 22 28 32 30 24 17 11 4 12 12 14 22 30 30 29 34 32 29 27 30 31 34 33 32
]
O3
01/16 34 35 35 36 39 39 37 31 28 27 28 31 29 29 27 27 26 24 19 19 18 20 24 24
]
O3
01/17 26 27 30 31 32 31 30 27 26 28 30 29 29 29 29 27 27 22 24 23 24 29 33 31
]
O3
01/18 32 35 35 34 29 7.2 1.2 1.7 11 13 19 30 37 43 48 48 40 21 14 6.8 15 18 13 14
]
O3
01/19 22 25 25 33 34 28 27 24 21 20 27 40 41 42 42 41 38 30 24 18 14 7.3 1.1 0
]
O3
01/20 3.5 11 20 23 25 18 12 6.9 7.2 13 22 26 35 34 28 26 23 22 21 23 29 33 38 39
]
O3
01/21 40 39 40 40 38 35 34 28 26 26 26 25 28 30 24# 28 24 20 20 23 23 28 30 29
]
O3
01/22 33 32 34 37 38 38# 35 29 32 34 33 32 33 35 34 33 33 30 27 28 32 36 39 40
]
O3
01/23 41 32 29 29 19 17 3.6 2.1 9.8 26 31 37# 47 56 49 47 36 31 27 27 22 19 4.6 1.4
]
O3
01/24 0.6 0.2 0.7 0.9 0.1 0.1 0 0.6 8.1 28 45 53 55 49 52 51 46 28 21 14 6 4.7 0.2 -0.1
]
O3
01/25 0 0.1 -0.2 0 0 0.2 0.1 1.4 5.1 18 26 37 54 61# 61 57 57 48 38 31 27 26 20 30
]
O3
01/26 40 41 43 44 47 44 38 38 39 37 41 40 41 43 44 42 39 35 35 36 36 35 34 33
]
O3
01/27 32 33 34 34 34 33 32 32 31 33 34 36 38 38 38 37 33 28 24 21 16 12 9 1.2
]
O3
01/28 2.7 2.5 1 -0.1 0.1 0.2 0.1 2.3 5.7 18 24 24 33 37 35 34 31 27 28 23 14 4.5 3.6 -0.1
]
O3
01/29 0 0.6 1.1 2.5 0.7 0.3 0.7 1.1 5.5 16 24 33 40 39 40 32 31 31 28 28 25 14 10 20
]
O3
01/30 4.9 0.8 6.9 18 22 13 22 20 20 20 25 30 39 42 39 37 24 12 6.4 1 3.6 5.5 8.5 8.2
]
O3
01/31 6.2 10 9.2 4.7 4.9 5.8 1.3 2.8 9.9 9.3 22 36 47 55 54 58 45 39 39 27 21 31 38 41
]
O3
菏代~るG2019/02A 代浮G]摺A 代兜GO3]ppb^
]
O3
ら戳 00 01 02 03 04 05 06 07 08 09 10 11 12 13 14 15 16 17 18 19 20 21 22 23
]
O3
02/01 39 37 38 37 37 35 33 31 27 28 28 29 30 30 30 28 27 23 19 13 13 11 11 6.2
]
O3
02/02 0.8 3.7 0.7 6.1 7.3 10 5.7 5.4 15 25 27 35 40 40 43 43 37 37 37 36 31 22 10 3.6
]
O3
02/03 0.2 0.7 1.8 5.1 1.3 7.4# 6.7 3.7 8.3 34 47 48 53 58 58 51 46 38 33 28 22 9.7 1.6 0.8
]
O3
02/04 2.6 7.8 2.9 1.4 1.2 13 12 12 19 21 17 28 31 33 31 23 24 23 22 23 23 23 24 25
]
O3
02/05 27 27 28 30 31 29 27 26 25 25 25 26 31 30 33 34 33 34 33 25 23 21 25 22
]
O3
02/06 19 16 10 5.5 7.3 8.3 1.9 4.5 9.6 23 28 31 41 45 45 42 38 37 37 34 28 17 12 11
]
O3
02/07 10 4.7 9.8 12 6 12 15 8.3 13 27 35 38 41 31# 37 47 43 36 29 22 26 32 29 26
]
O3
02/08 26 24 22 22 25 25 26 24 26 27 27 28 30 30 29 28 27 24 23 20 20 20 22 20
]
O3
02/09 19 17 14 13 14 11 9.5 11 14 14 12 14 16 20 21 19 19 19 21 21 20 20 22 23
]
O3
02/10 22 24 25 27 28 27 26 25 24 23 24 24 25 25 27 27 27 26 24 23 22 20 18 17
]
O3
02/11 19 20 21 24 25 28 26 22 21 21 24 25 25 26 25 24 22 19 18 15 16 13 13 12
]
O3
02/12 12 15 15 13 15 16 13 10 9.2 10 16 20 27 33 39 35 29 27 26 23 17 17 16 15
]
O3
02/13 12 7.9 6.4 6.2 8.6 15 13 12 13 15 16 20 21 25 32 26 21 18 22 21 17 19 21 20
]
O3
02/14 21 17 13 14 13 13 17 9.7 19 20 21 24 26 27 28 26 22 21 23 22 23 22 21 22
]
O3
02/15 19 18 18 17 16 11 4.5 2.5 9.4 20 27 36 45 44 43 41 40 40 35 34 31 24 20 18
]
O3
02/16 13 9 4.9 3.9 3.1 3 3.5 7.5 13 15 16 19 21 26 27 25 24 23 18 15 20 24 25 25
]
O3
02/17 24 25 27 31 30 26 24 25 29 29 30 31 34 32 32 30 29 25 23 21 19 18 18 18
]
O3
02/18 12 11 15 17 16 13 6.6 7.4 11 20 23 18 26 28 27 25 24 22 16 15 13 10 10 9.8
]
O3
02/19 16 29 24 22 15 12 5 1 2.3 4.8 15 14 17 22 27 25 24 23 18 15 6.6 0.9 2.8 0
]
O3
02/20 0.2 0 -0.1 -0.1 0.1 1 0.4 0.7 2.8 14 24 35 35# 38# 22 25 24 19 13 8.6 4.1 2.6 1.7 0.9
]
O3
02/21 0.8 0.1 0.2 0.4 0.1 2.7 6.6 6.7 8.7 10 17 20 24 37 39 32 25 19 23 27 22 17 12 14
]
O3
02/22 24 23 14 13 14 16 26 23 23 26 24 22 24 24 27 26 26 26 27 26 25 29 32 34
]
O3
02/23 36 37 35 33 33 32 31 30 31 34 36 33 31 29 29 29 29 28 30 25 27 28 28 26
]
O3
02/24 25 25 24 23 25 25 23 23 20 20 22 25 28 27 26 28 26 24 25 24 30 30 31 32
]
O3
02/25 32 33 33 33 33 26 25 21 24 28 29 30 36 42 46 44 32 27 24 27 28 29 31 28
]
O3
02/26 33 33 32 30 32 30 27 24 30 30 32 34 38 36 38 41 37 30 30 26 19 13 8.6 8.6
]
O3
02/27 4.7 4.9 6.5 2.8 22 20 19 1.7 6.2 7.4 16 28 43 46 50 44 42 38 39 24 18 16 10 1.1
]
O3
02/28 5.9 1.2 9 9.2 23 18 15 14 16 17 27 27 27 27 28 28 28 27 18 23 25 28 26 24
]
O3
菏代~るG2019/03A 代浮G]摺A 代兜GO3]ppb^
]
O3
ら戳 00 01 02 03 04 05 06 07 08 09 10 11 12 13 14 15 16 17 18 19 20 21 22 23
]
O3
03/01 22 24 24 24 24 22 20 18 21 24 26 30 38 47 42 41 38 31 29 22 21 18 16 16
]
O3
03/02 16 21 19 18 22 18 16 14 14 15 21 39 43 45 46 43 37 36 25 19 5.8 7.3 5.8 4.7
]
O3
03/03 6.5 2.7 2.3 10 7 2 0.9 2.4 4.8 11 34 30 29 36 36 32 22 23 7.6 8.3 21 20 16 14
]
O3
03/04 11 12 11 21 23 26 20 17 26 29 35 43 51# 49 50 46 44 35 31 25 21 19 19 16
]
O3
03/05 12 15 15 12 11 5.6 4.4 2.9 3.8 17 36 31 38 33 45 46 42 36 36 37 32 24 19 28
]
O3
03/06 27 21 17 18 27 16 18 9.4 14 19 23 24# 20 23 27 29 27 31 32 28 30 30 29 28
]
O3
03/07 36 42 41 40 38 41 43 41 39 40 40 40 42 43 44 48 45 42 46 46 47 45 46 47
]
O3
03/08 47 48 45 43 42 38 35 27 24 23 25 23 20 26 25 19 18 17 19 14 11 4.2 6.6 3.1
]
O3
03/09 3.7 8.9 11 12 14 8.5 7.2 8.9 8.8 7.9 12 14 17 15 13 10 15 18 15 23 31 16 8.6 4
]
O3
03/10 6 28 35 33 34 35 32 24 23 23 28 24 23 22 18 20 17 17 16 15 17 16 13 14
]
O3
03/11 11 14 21 38 42 40 34 28 23 21 23 26 32 34 33 31 29 24 20 16 15 14 14 16
]
O3
03/12 12 6.1 3.1 0.2 -0.1 1.9 0.6 2.6 6 19 22 53 71 72 59 63 60 53 42 27 20 21 21 28
]
O3
03/13 27 30 44 20 17 15 5 10 18 36 42 55 62 61 69 69 67 56 42 28 27 18 24 28
]
O3
03/14 28 22 15 14 18 13 7.1 5.7 11 34 38 41 48 50 50 51 48 46 42 40 39 40 38 36
]
O3
03/15 36 39 40 39 41 41 39 34 33 35 42 47 52 51 49 49 48 50 48 41 37 38 39 42
]
O3
03/16 43 39 30 24 25 19 16 7.7 8.2 7.8 10 20 35 34 34 25 29 24 22 14 5.7 3.6 3.9 0.7
]
O3
03/17 2.1 2.4 9.3 18 17 7.7 7.1 2.3 2.1 3.3 13 24 41 43 42 49 50 43 39 34 25 15 6.1 4.4
]
O3
03/18 8.8 7.2 9 12 12 12 23 31 29 31 32 30 37 41 45 41# 43 35 25 13 14 12 11 4.8
]
O3
03/19 0 0.4 2.6 0.5 0.9 0.1 0.2 1.1 9.3 24 38 42 52 55 53 44 37 30 18 9.6 2.1 11 18 21
]
O3
03/20 15 10 11 9.4 12 5.4 3.1 4.3 17 25 30 42 51 58 61 59 51 40 35 30 24 16 12 11
]
O3
03/21 10 8.6 6.9 5.6 6.3 4.6 6.3 10 19 28 32 45 48 45 40 38 29 21 12 8 6.6 4.7 10 5.8
]
O3
03/22 2.9 2 4.6 17 20 17 20 21 23 26 32 36 36 36 35 34 29 23 23 21 22 26 26 28
]
O3
03/23 32 29 29 30 31 35 32 30 31 32 30 31 33 32 33 32 31 31 34 37 36 39 42 42
]
O3
03/24 42 41 38 39 37 37 35 33 31 25 20 16 20 17 17 22 14 8.5 5.9 8.4 8.5 3.2 0.6 0.7
]
O3
03/25 0.5 0.5 0.4 0.5 4.6 11 8.2 8 4.7 25 20 21 41 37 35 29 19 15 15 19 15 14 15 14
]
O3
03/26 14 18 28 30 29 30 25 20 28 27 28 36 49 48 48 42 43 35 29 23 7.9 4.3 4.9 6.8
]
O3
03/27 9.3 9.3 3.1 9.5 9.5 4.2 2.2 15 32 32 41 50 53 56 49 46 43 41 41 36 35 30 27 32
]
O3
03/28 28 27 25 25 25 23 20 25 24 26 33 37 43 45 40 34 32 23 27 24 20 18 17 16
]
O3
03/29 15 16 18 20 16 16 16 14 17 20 27 31 34 37 37 38 37 36 36 33 32 36 37 41
]
O3
03/30 41 33 32 31 26 22 19 24 28 35 40 45 50 50 49 53 47 39 33 28 27 25 26 24
]
O3
03/31 23 25 30 39 41 40 42 44 44 44 39 53 58 57 53 49 45 43 40 39 39 37 38 38
]
O3
菏代~るG2019/04A 代浮G]摺A 代兜GO3]ppb^
]
O3
ら戳 00 01 02 03 04 05 06 07 08 09 10 11 12 13 14 15 16 17 18 19 20 21 22 23
]
O3
04/01 42 42 42 41 41 38 35 31 30 30 34 35 36# 36 35 37 34 30 31 31 30 27 24 25
]
O3
04/02 20 21 9.6 12 9.3 11 5.7 5.1 5.8 3.6 3.6 13 32 42 51 56 40 37 35 33 33 26 28 31
]
O3
04/03 38 35 34 29 29 33 27 27 27 30 29 29 30 28 32 32 39 33 25 18 10 4.4 3.3 2.9
]
O3
04/04 0.3 -0.1 0.1 2.3 2.9 4.3 5.5 7.6 23 34 36 41 44 43 41 41 42 40 36 36 35 31 27 28
]
O3
04/05 29 24 22 24 26 15 12 28 29 31 33 35 43 46 44 40 38 40 31 25 25 16 8.5 5
]
O3
04/06 5.8 0.4 1.7 0.8 2.3 7 3.4 10 27 35 39 50 46 45 51 56 57 49 38 30 18 15 34 39
]
O3
04/07 37 24 26 24 34 34 40 45 47 49 54 55 55 57 61 61 56 58 53 46 42 40 33 26
]
O3
04/08 26 24 10 12 16 15 4.4 16 19 34 44 53 55 56 53 51 47 37 38 33 26 20 14 14
]
O3
04/09 15 9.4 4.3 4.2 8.9 0.3 5.7 23 32 34 38 44 43 39 32 23 20 17 13 14 13 14 14 15
]
O3
04/10 13 12 10 9.2 10 14 17 14 14 18 23 28 30 30 25 25# 21 23 23 19 15 12 12 22
]
O3
04/11 23 24 23 21 21 23 23 17 16 21 26 30 39 40 39 35 32 29 26 27 28 26 22 24
]
O3
04/12 27 32 33 34 34 31# 31 32 33 39 44 45 46 46 46 43 37 31 29 28 25 25 26 24
]
O3
04/13 17 13 11 14 13 9.2 9.8 12 25 27 27 31 38 37 34 34 35 26 20 16 12 9 7.7 12
]
O3
04/14 13 13 11 9.1 7.4 7.2 7 9.4 16 27 40 45 45 44 42 44 38 33 35 32 33 33 31 45
]
O3
04/15 49 49 52 51 49 50 48 45 45 48 48 44 39 30# 32# 30# 30 28 28 26 24 24 25 23
]
O3
04/16 22 20 16 15 22 29 23 17 17 17 18 18 18 17 17 21 17 17 32 33 28 24 23 19
]
O3
04/17 13 19 19 20 30 32 28 29 33 40 46 55 56 54 56 56 51 45 37 31 23 8.7 17 20
]
O3
04/18 18 15 5.8 5.6 30 22 23 22 30 39 48 56 61 62 64 62 55 50 45 35 31 26 22 26
]
O3
04/19 19 19 17 17 18 20 33 37 NA NA 34# 38 40 43 41 49 45 40 30 28 20 12 15 7.5
]
O3
04/20 22 29 20 13 12 8.9 7.2 11 28 31 41 35 38 39 40 41 43 41 36 36 32 38 33 31
]
O3
04/21 29 25 28 43 43 35 32 27 24 23 24 24 25 27 23 21 24 22 21 20 18 23 24 22
]
O3
04/22 22 22 22 20 21 23 22 19 22 25 27 27 25 32 29 24 18 14 13 11 4 9.5 11 12
]
O3
04/23 22 24 13 9.2 8 7.3 8.3 11 17 28 37 41 47 48 34 28# 30# 19# 17# 15 12 10 13 16
]
O3
04/24 17 17 15 14 9.8 11 7.2 13 16 21 20 23 26 26 29 29 27 21 13 9.8 9.8 10 10 12
]
O3
04/25 4.7 7.7 3.2 3.6 8.5 11 13 16 21 28 35 41 42 31 34 35 32 28 19 18 19 11 9.4 9.1
]
O3
04/26 7.8 7.6 4.9 1.2 6 2.2# 4.1 9.4 20 30 44 53 57 62 62 47 41 35 35 30 27 21 16 15
]
O3
04/27 19 25 34 36 36 37 38 36 36 38 41 48 52 52 53 49 41 29 28 29 25 23 16 18
]
O3
04/28 16 13 14 18 13 6.1 6.5 17 31 31 33 33 37 41 47 42 40 38 29 21 16 14 10 6.8
]
O3
04/29 0.8 5.2 7.9 8.4 11 8.9 5.5 8 23 32 42 48 48# 32 34 38 32 34 33 25 20 16 14 15
]
O3
04/30 22 25 24 19 16 19 20 20 23 29 34 26 25 25 24 24 20 16 14 19 13 13 16 16
]
O3
菏代~るG2019/05A 代浮G]摺A 代兜GO3]ppb^
]
O3
ら戳 00 01 02 03 04 05 06 07 08 09 10 11 12 13 14 15 16 17 18 19 20 21 22 23
]
O3
05/01 15 17 15 17 16 26 32 30 31 31 30 30 30 31 31 28 24 23 27 29 29 32 29 32
]
O3
05/02 36 39 42 49 46 48 32 40 39 42 38 35 36 32 29 29 24 23 23 28 30 35 37 37
]
O3
05/03 36 36 34 36 44 48 46 41 41 45 50 57 60 58 53 54 54 47 42 38 33 29 24 9.9
]
O3
05/04 13 11 10 11 9.9 17 8.1 8.5 8.2 17 30 36 44 44 46 48 48 45 40 24 20 13 4.6 16
]
O3
05/05 23 10 8.3 9.7 9.2 15 16 22 25 33 39 48 54 58 60 58 52 42 34 30 28 22 17 14
]
O3
05/06 9 6.4 7.2 17 15 20 18 20 17 20 17 23 24 28 26 31 33 30 31 37 38 37 35 35
]
O3
05/07 35 36 37 40 40 42 39 38 40 40 41 40 42 42 42# 40 39 36 34 36 39 36 34 31
]
O3
05/08 23 21 19 19 22 15 12 9.5 10 17 18 21 22 26 34 32 29 28 26 24 20 20 19 20
]
O3
05/09 17 16 14 13 12 11# 9.1 9.9 13 16 24 26 28 30 30 26 18 16 16 16 14 12 14 12
]
O3
05/10 9.2 11 15 12 10 8.4# 14 17 20 20 23 26 28 42 45 49 44 45 41 30 21 18 19 20
]
O3
05/11 21 19 17 18 14 11 13 15 17 23 35 42 46 47 44 42 37 28 25 16 16 14 12 8.4
]
O3
05/12 9.1 7.6 3.3 3.8 5.3 1.2 3.1 15 26 33 40 42 46 45 47 44 37 30 27 20 15 14 6.6 8.3
]
O3
05/13 6.7 12 7.3 3.3 4.4 8.9 8.9 10 22 29 31 34# 41 48 47 44 41 32 26 17 18 8.7 9.1 4.6
]
O3
05/14 5.6 5 8.4 8.8 7.9 10# 9.8 13 15 20 31 41 44 39 31 27 26 18 15 12 16 14 13 14
]
O3
05/15 16 14 16 11 3.5 8.2 3.7 9.5 19 24 31 32 30 30 29 28 21 18 20 16 18 21 23 18
]
O3
05/16 12 11 15 16 18 19# 16 16 18 20 22 22 20 18 17 17 17 16 17 18 17 13 11 10
]
O3
05/17 9 10 11 12 13 14# 16 15 13 11 14 18 19 18 18 18 18 14 14 13 7.2 9.7 13 13
]
O3
05/18 13 13 13 12 12 14 14 12 9.3 11 16 17 21 22 27 20 15 13 14 12 8.9 17 22 21
]
O3
05/19 26 21 19 18 18 18# 18 17 19 20 23 27 24 23 26 23 22 20 19 18 17 17 12 12
]
O3
05/20 13 13 15 18 16 17 17 17 18 20 22# 44 38 41 31 33 30 29 29 30 41 40 44 45
]
O3
05/21 43 39 29 42 42 47 46 51 56 60 58 48 38 37 47 44 41 46 44 38 37 30 30 24
]
O3
05/22 16 20 18 11 8.1 5.9 5.9 6.3 14 26 35 40 50 60 70 63 61 52 44 39 35 39 34 38
]
O3
05/23 21 21 20 17 20 42# 48 42 38 40 40 46 47 46 47 51 69 72 48 40 37 27 22 22
]
O3
05/24 16 15 19 2.8 5.7 2.5# 4.4 9.9 27 36 53 69 71 73 70 63 61 59 51 45 49 45 41 46
]
O3
05/25 37 33 17 13 16 9 11 22 27 33 40 38 39 38 37 40 37 36 32 26 13 8.8 12 12
]
O3
05/26 9.6 11 9.5 3 7.2 7# 9.4 17 34 39 44 44 42 44 41 38 38 32 29 28 23 16 16 17
]
O3
05/27 19 21 21 17 14 20 19 11 17 24 26 26 21 22 29 40 30 21 19 8.4 4 1 1.2 5.8
]
O3
05/28 11 7.7 4.2 3.9 3.3 8.5 1.1 2.7 7.1 3.4 12 9.2 12 18 21 22 27 28 28 27 29 29 31 32
]
O3
05/29 32 36 35 35 36 35# 34 32 32 35 37 37 41 42# 38 44 43 39 39 39 38 35 31 33
]
O3
05/30 35 29 32 36 38 34 26 28 24 23 35 49 60 53 46 45 44 41 37 32 27 24 24 25
]
NO2
01/01 5.6 6.7 6.1 5.5 4 5.2 6.2 9.4 6.8 6.1 5.3 6.9 6 5.4 6.1 6.6 7.3 8.7 9.2 11 10 9.9 7.4 7.3
]
NO2
01/02 6 4.8 4.7 4.6 4.2 6.4 8.2 11 12 13 12 11 11 11 12 12 14 22 24 25 23 24 23 19
]
NO2
01/03 15 11 12 12 7.9 9.1 12 17 22 23 18 14 12 15 14 12 17 22 24 23 25 27 25 22
]
NO2
01/04 20 15 14 14 14 21 22 17 15 16 16 19 14 9.4 13 15 15 19 16 16 19 18 18 20
]
NO2
01/05 20 16 16 15 14 16 20 18 15 16 18 14 18 15 19 22 21 26 25 28 29 27 26 23
]
NO2
01/06 14 12 11 12 12 13 13 13 12 12 12 11 10 10 9.7 9.3 13 15 16 17 18 19 16 15
]
NO2
01/07 22 19 20 20 17 19 20 18 24 18 17 17 13 10 8.9 8 13 16 14 13 9.9 11 9.1 8.9
]
NO2
01/08 9.7 5.3 5 6 5.9 7 9.4 15 16 16 16 15 13 14 13 15 16 16 18 18 20 23 13 9.3
]
NO2
01/09 8 6 5.2 5 5.4 6.6 8.2 17 17 10 12 14 15 14 14 17# 22# 25 26 27 29 30 29 26
]
NO2
01/10 26 23 19 19 17 16 13 16 18 21# 18x 15# 14 14 12 11 18 23 21 19 18 16 23 24
]
NO2
01/11 21 17 13 11 13 16 15 13 15 15 12# 46# -10.4# -321# 13# 17 19 22 20 22 22 21 19 18
]
NO2
01/12 15 18 20 20 18 20 22 21 21 18 NA 20 16 13 13 18 20 25 26 25 24 22 18 18
]
NO2
01/13 20 19 15 13 9 9.3 8.3 12 12 12 13 11 11 9.4 9.9 12 14 15 15 14 17 15 14 13
]
NO2
01/14 13 9.8 8.5 7.8 8 9.4 12 17 13 14 13 14 14 12 13 11 14 22 22 27 24 26 25 16
]
NO2
01/15 13 6.8 7.1 8 10 14 17 25 20 21 21 16 13 16 17 11 12 15 16 13 11 9.4 9.9 9.8
]
NO2
01/16 8 6.8 7.4 6.8 7 7.9 9.9 15 19 20 18 14 16 17 19 20 19 22 24 23 20 16 11 11
]
NO2
01/17 7.4 7.9 6.7 6.1 5.9 7.4 7.5 13 13 12 13 13 13 13 13 14 15 19 19 20 19 17 14 15
]
NO2
01/18 13 8.8 7.5 7.1 9.3 18 23 20 18 14 9.1 9.1 11 10 11 9.7 17 36 38 40 26 22 29 23
]
NO2
01/19 14 10 11 8.4 7.5 8.3 9.5 14 17 22 20 15 15 16 14 16 20 26 29 32 31 31 33 30
]
NO2
01/20 24 18 13 15 14 15 19 23 24 23 19 19 11 13 16 18 22 22 22 19 16 14 10 9.6
]
NO2
01/21 8.7 7.9 7.5 7.2 7.2 8 9.2 14 16 16 16 17 15 11# 9.7 11 14 18 18 15 14 11 9.3 9
]
NO2
01/22 7.3 7.5 7.1 6.6 6.6 7.9 9.3 15 15 13 12 13 13 12 13 14 15 19 20 20 18 16 14 12
]
NO2
01/23 12 20 22 20 23 19 28 26 29 23 15 20# 17# 12 18 18 26 25 25 25 29 29 37 30
]
NO2
01/24 31 25 20 18 17 16 15 18 27 23 13 11 13 19 14 14 17 34 36 38 40 35 34 29
]
NO2
01/25 27 24 21 22 18 19 18 20 23 18 20 22 14# 12 10 15 14 18 23 26 27 25 28 20
]
NO2
01/26 14 11 10 9.4 8.5 8.8 11 12 8.9 9.5 7.6 10 11 9.7 9.9 11 9.8 9.9 9.6 9.1 9.2 9.5 8.3 7.6
]
NO2
01/27 7.4 7 6.1 5.3 5.5 6.2 6.9 7.7 9.8 9.6 9.2 8.5 6.7 7.2 7.4 8 9.4 12 15 16 19 21 22 22
]
NO2
01/28 19 14 15 15 15 14 15 15 18 11 14 22 14 12 14 13 15 18 15 18 27 29 24 23
]
NO2
01/29 23 18 17 14 16 17 16 17 21 15 10 14 12 12 12 19 18 16 16 15 16 24 27 15
]
NO2
01/30 23 24 20 7.8 7.9 16 8.6 11 13 14 14 12 10 9.6 16 21 31 41 44 48 36 27 23 22
]
NO2
01/31 26 18 18 20 20 20 28 31 24 24 18 15 13 10 10 9.4 19 22 18 24 23 11 8.4 6.7
]
NO2
菏代~るG2019/02A 代浮G]摺A 代兜GNO2]ppb^
]
NO2
ら戳 00 01 02 03 04 05 06 07 08 09 10 11 12 13 14 15 16 17 18 19 20 21 22 23
]
NO2
02/01 6.5 6.2 5.3 5 5.3 5.3 6.6 10 14 15 15 14 13 13 13 14 14 16 21 27 25 26 24 27
]
NO2
02/02 28 22 20 16 14 13 16 15 14 14 17 11 8.8 12 11 9.5 18 16 15 14 14 17 27 28
]
NO2
02/03 26 25 18 16 19 16 17 20 23 16 7.4 9.4 6.8 10 9.2 8.5 11 16 18 18 22 30 37 31
]
NO2
02/04 23 12 16 14 16 13 9.7 12 9.4 9.8 17 10 11 7.6 12 17 12 13 13 13 13 14 13 11
]
NO2
02/05 9 8 7.1 6.5 5.4 5.6 6.9 7.3 8.8 8.6 9.8 11 9.1 9.7 9.6 11 11 9.1 8.9 14 12 13 11 12
]
NO2
02/06 9.8 12 15 15 9.6 9.9 17 16 13 9 9 14 11 9.5 6.8 7.1 8.1 8.7 8.5 8.9 12 21 19 16
]
NO2
02/07 15 17 10 9.1 15 14 12 19 17 9.6 4.7 4 4.1 3.8# 3.8 4.8 6.1 8.3 11 15 15 12 12 11
]
NO2
02/08 9.5 8.5 9.3 9.1 7.3 7.4 7.4 9.2 8.4 8.4 8.3 9 8.6 9.7 10 10 11 13 14 16 16 14 11 11
]
NO2
02/09 9.2 8.2 10 11 9.6 9.6 8.6 9.4 8.8 9.2 13 15 15 13 12 13 14 15 13 14 14 14 12 11
]
NO2
02/10 11 8.7 7.9 6.5 6 6.9 7.2 8.2 8.8 9.1 11 11 10 11 9.9 10 9.9 11 11 12 11 12 10 12
]
NO2
02/11 10 9.3 9.8 8.6 6.2 5.8 7.4 12 13 13 11 13 12 11 12 13 15 17 17 18 16 19 19 18
]
NO2
02/12 17 8.8 7.5 8 7 6.9 8.9 12 14 15 15 16 11 10 9.3 8.9 11 12 11 12 15 14 12 10
]
NO2
02/13 11 14 13 10 10 11 12 15 12 13 16 15 14 13 14 16 20 21 15 15 20 18 14 14
]
NO2
02/14 13 14 15 9.8 8.3 9.1 10 19 9.5 11 11 15 15 14 16 17 20 21 19 18 18 17 16 14
]
NO2
02/15 16 15 12 9.3 7.8 10 16 19 18 13 14 13 12 9.7 7.1 9.2 11 10 14 14 15 19 19 16
]
NO2
02/16 18 21 23 21 21 22 20 17 14 10 18 19 19 14 13 14 15 16 21 23 16 12 10 9.3
]
NO2
02/17 9.5 11 9.8 6.7 7 9.2 11 12 7.6 8 7.6 7.2 6.9 12 11 12 11 13 14 14 16 17 15 15
]
NO2
02/18 18 17 12 8.8 7.4 7.4 13 13 13 10 9.8 17 10 8.1 9.3 11 12 15 19 17 19 20 17 14
]
NO2
02/19 12 4.8 6.5 6.9 12 11 17 22 23 22 14 16 15 14 13 17 20 22 25 25 32 36 26 25
]
NO2
02/20 20 20 21 18 16 12 14 15 24 27 24 12 9.7# 8.5 12 12 13 17 17 19 23 23 25 25
]
NO2
02/21 21 23 19 19 15 16 16 14 11 14 16 20 18 11 8.8 8.2 12 16 13 11 14 15 17 15
]
NO2
02/22 11 8.9 10 11 9 7.9 8.8 16 16 12 14 18 17 17 15 15 15 16 14 14 14 12 8.6 7.7
]
NO2
02/23 7.9 7.2 8.6 9.4 7.8 7.1 7.9 9.8 9.8 7.6 11 15 13 13 13 14 14 16 15 17 14 12 11 10
]
NO2
02/24 11 9.9 10 13 9.6 10 11 14 16 18 18 18 18 20 20 19 21 22 21 19 15 15 13 11
]
NO2
02/25 9.6 7.2 7 6.5 5.9 7.4 9.7 17 14 12 14 17 16 13 12 14 21 21 23 16 14 12 11 14
]
NO2
02/26 9.7 11 11 11 10 11 14 20 13 13 13 15 12 12# 9.7# 16 18 19 16 16 21 26 28 26
]
NO2
02/27 25 22 21 25 14 17 19 27 26 26 23 17 12 14 8.6 7.6 8.3 13 17 28 22 22 24 31
]
NO2
02/28 23 25 19 17 10 12 14 13 9.5 16 14 14 12 12 13 13 11 13 22 15 13 13 11 10
]
NO2
菏代~るG2019/03A 代浮G]摺A 代兜GNO2]ppb^
]
NO2
ら戳 00 01 02 03 04 05 06 07 08 09 10 11 12 13 14 15 16 17 18 19 20 21 22 23
]
NO2
03/01 11 12 12 11 11 9.9 14 16 11 9.2 15 15 12 10 11 8.1 10 17 17 22 21 21 20 18
]
NO2
03/02 17 12 13 14 11 12 11 11 11 12 13 10 9.8 9.7 10 14 19 17 25 27 37 27 28 27
]
NO2
03/03 26 23 27 20 22 23 23 21 22 20 9.3 12 13 7.2 7.1 11 16 11 25 24 16 16 15 16
]
NO2
03/04 17 14 18 12 12 10 16 23 15 15 14 14# 18# 15# 14 17 15 20 20 21 22 21 18 19
]
NO2
03/05 20 12 11 13 17 21 24 24 21 21 14 15 15 20 17 13 15 16 13 9.9 13 18 20 9.5
]
NO2
03/06 7.8 13 13 15 6.4 14 16 24 21 15 15 17# 18# 18 14 15 18 18 14 18 14 13 11 13
]
NO2
03/07 11 7.1 6.7 6.9 9.8 9.5 8.2 11 12 11 12 13 15 13 14 11 17 23 16 15 11 12 11 11
]
NO2
03/08 11 7.6 8.9 9.6 9.7 11 14 20 22 23 20 22 26 17 20 27 28 28 25 29 29 32 24 27
]
NO2
03/09 25 16 12 10 11 16 15 17 17 19 17 19 20 21 24 26 20 20 23 14 9 23 24 27
]
NO2
03/10 26 8.9 4.1 4.7 3.7 3.9 6.8 13 13 13 9.6 13 13 13 13 15 17 16 16 18 16 14 15 12
]
NO2
03/11 13 12 10 7.2 6.2 10 14 17 20 20 18 16 15 16 15 13 15 17 18 20 22 24 23 20
]
NO2
03/12 22 26 24 18 14 20 18 18 12 12 19 14 12 13 10 7.9 9.7 16 24 35 33 25 19 13
]
NO2
03/13 11 9.9 6.9 13 18 19 30 25 22 19 20 12 9.9 13 9.7 10 13 25 30 35 29 33 23 14
]
NO2
03/14 13 15 18 18 16 18 27 30 28 12 10 11 9.3 8.8 11 9.8 14 13 14 14 13 9.9 9.8 10
]
NO2
03/15 9.9 8.3 7.9 7.1 5.9 5.3 7.2 12 12 15 14 12 9.7 11 11 12 12 14 17 22 20 17 15 12
]
NO2
03/16 11 11 15 13 10 12 15 23 26 31 28 15 10 19 19 28 23 29 28 34 38 35 33 32
]
NO2
03/17 34 29 22 14 13 17 15 22 25 25 20 21 12 12 14 13 13 9.3 10 13 19 26 28 25
]
NO2
03/18 17 18 14 10 8.8 10 11 15 15 13 13 15 11 9 8.1# 9.6 13 17 26 32 24 22 19 21
]
NO2
03/19 25 21 16 15 16 15 15 17 11 11 11 18 15 17 15 15 20 25 33 38 42 29 20 17
]
NO2
03/20 18 20 17 15 14 18 19 21 18 10 10 11 13 11 8 7.9 8.1 9.2 6.9 8 8.4 8.3 8.3 8.7
]
NO2
03/21 7.4 8.4 10 12 12 14 14 15 7.8 10 9.1 9.5 8.1 7.9 8.4 9 7.5 11 18 18 18 22 14 17
]
NO2
03/22 19 20 17 7.3 5.4 7.4 11 15 13 13 15 17 15 14 13 15 19 23 20 20 18 15 14 12
]
NO2
03/23 8.1 9.3 10 8.7 8.3 7 9.3 11 12 12 15 14 12 13 11 12 14 13 12 9.1 10 9 7.4 6.7
]
NO2
03/24 6.9 6.8 8 7.2 6.3 7.1 8.2 9.3 13 15 17 22 20 17 18 18 25 28 29 25 25 26 27 24
]
NO2
03/25 21 18 16 15 12 11 13 18 25 17 23 18 9 13 12 15 22 28 30 21 21 20 15 13
]
NO2
03/26 12 11 11 9.1 10 8.3 14 20 11 15 19 17 12 15 13 19 17 23 25 26 36 30 27 20
]
NO2
03/27 17 19 22 14 13 18 22 18 11 14 11 8.6 8.7 8.8 5.9 6 6.9 9.4 10 13 12 18 18 13
]
NO2
03/28 13 14 14 11 9.1 9 13 13 13 6.4 7 6.6 7.8 7.7 8.1 7.4 9.3 15 13 11 8.7 7.2 7 7.1
]
NO2
03/29 7 5.5 4.9 4.1 5.1 6.3 6.1 8.9 8.1 9.3 7.3 6.7 6.2 5.9 6.7 6.4 8.2 11 9.9 14 13 8.8 11 7.3
]
NO2
03/30 5.7 6.4 8.9 9.3 11 13 14 10 9 8.5 7.8 11 13 11 11 9.8 12 15 14 16 15 16 13 14
]
NO2
03/31 13 11 9.7 6.6 4.7 4.7 5.6 7.8 7.6 5.4 5.6 8.8 11 9.7 8 8 7.8 8.2 11 11 10 12 10 9.6
]
NO2
菏代~るG2019/04A 代浮G]摺A 代兜GNO2]ppb^
]
NO2
ら戳 00 01 02 03 04 05 06 07 08 09 10 11 12 13 14 15 16 17 18 19 20 21 22 23
]
NO2
04/01 6.2 5.6 5.2 5.1 5.4 6.2 8.3 13 14 14 12 12 10# 9.9# 8.4# 9.7 12 17 16 15 13 15 15 12
]
NO2
04/02 13 10 19 17 16 17 18 21 22 23 26 20 16 15 13 11 12 15 15 15 12 17 12 9.9
]
NO2
04/03 7 7.6 6.9 9.6 7.8 6.9 10 11 13 12 14 14 13 15 12 15 11 18 22 25 27 30 32 31
]
NO2
04/04 32 22 20 19 17 18 16 12 8.5 5.8 6.7 7.4 6.5 6.9 7.8 8.6 7.8 9 13 12 10 12 12 9.1
]
NO2
04/05 8.3 9.1 8.7 5.7 5.7 9.7 12 8.4 11 10 9.3 9.5 6.8 7.9 8.7 6.4 9.9 12 19 23 19 21 22 20
]
NO2
04/06 15 15 12 13 13 12 13 9.7 6.6 9.5 13 7.4 8.1 6.9 7 8 7 9.3 16 18 25 25 16 10
]
NO2
04/07 7.9 15 12 13 9.6 9.1 6.9 6.2 6.4 7.3 6.4 6.9 6.4 5.8 5.9 6.9 9.7 8.9 8.5 12 14 14 17 17
]
NO2
04/08 13 9 14 13 8.4 9.4 17 15 19 12 7.5 6.7 8.9 8.2 8.6 9 10 9.4 8.9 10 15 15 17 13
]
NO2
04/09 12 16 16 14 9.7 17 19 13 8.5 10 8.1 7.6 7.2 7.3 5.6 7.3 8.4 7.5 13 9.3 8.1 6.8 6.6 5.2
]
NO2
04/10 5.5 5.4 7.2 8.3 7.1 6.2 5.1 6.1 9.1 10 8.3 6.7 5.8 5.7 6.6 5.8 10 9.7 9.6 15 16 15 17 12
]
NO2
04/11 11 8.6 8.3 9 7.6 7.4 9.4 15 15 11 11 10 8.8 6.2 6.2 8.5 11 14 14 11 10 11 15 11
]
NO2
04/12 11 8.8 7.9 7.6 6.7 8.8 11 11 11 9.6 9.4 9.5 8.2 9.5 9.7 10 15 18 20 18 20 20 15 14
]
NO2
04/13 18 15 17 11 13 16 15 16 11 13 16 13 12 8.3 10 11 9.7 17 19 20 23 24 20 14
]
NO2
04/14 12 12 13 13 13 13 12 8.9 7.6 9.6 9.7 9.2 9.5 6.6 6.6 6.3 12 13 11 11 9.4 8.2 8.7 9.2
]
NO2
04/15 7.8 7.1 5 5 4.5 5.8 7.2 12 11 9.7 8.9 11 13# 11 11# 13# 13 17 20 17 19 17 14 12
]
NO2
04/16 11 12 16 16 11 9.2 14 23 22 22 20 19 19 20 22 21 24 26 18 17 19 16 12 13
]
NO2
04/17 16 11 11 9 7.2 8.2 10 11 9.2 7.7 8.2 11 13 13 12 12 16 23 27 32 36 38 21 13
]
NO2
04/18 14 18 19 18 11 17 15 17 13 11 9.7 9.4 8.6 11 7.9 8.4 13 15 20 22 18 20 20 13
]
NO2
04/19 16 11 12 12 14 14 8.1 10 NA NA 12# 12 11 13 18 15 16 20 23 20 21 27 20 25
]
NO2
04/20 16 11 13 11 13 14 18 17 9.8 12 9.3 11 11 9.8 11 12 13 12 17 16 14 8.6 9.9 10
]
NO2
04/21 8.8 9 7.6 4.8 4.3 4.5 5 8.3 8.8 8.9 5.6 5.9 5.6 5.4 6.6 7 7.1 8 10 8.5 9.6 6 4.3 5.6
]
NO2
04/22 5.9 4.9 3.7 4.5 5 5.8 6.2 10 6.9 5 10 10 8.9 8.3 6.7 8.3 8.7 7.7 6.3 7.9 17 12 7.3 6.7
]
NO2
04/23 4.8 5.6 8.3 9.3 9.9 12 11 9.6 6.3 6.8 7.1 6.7 6.4 6.8 7.1 6.3 7.5# 8# 12 13 13 13 9.6 6.5
]
NO2
04/24 5.2 4 6.8 5.9 9 9.9 14 8.8 8.9 7 6.2 6.2 6.8 5.8 6.2 8.6 8.7 11 12 12 11 8.7 8.5 7.8
]
NO2
04/25 11 9.6 13 12 8 7.8 6.8 5.8 5.3 6.6 6.2 6.8 6.8 6.3 6.5 5.9 6.4 8.5 9.5 12 9.4 14 16 14
]
NO2
04/26 13 12 12 15 11 14 11 11 8.2 11 12 11 9.5 10 8.7 12 16 18 14 18 16 20 23 15
]
NO2
04/27 16 11 8.7 7.4 7.1 8.5 9 9.5 9.6 8.5 8.6 9.1 9.4 9 8.5 12 14 22 20 16 17 17 22 17
]
NO2
04/28 17 17 13 9.2 11 15 13 9.8 7.4 9.3 8.3 8.5 8 9.1 7.9 7.5 8.4 11 19 23 26 20 20 17
]
NO2
04/29 18 14 11 9.6 5.8 7.7 13 16 12 11 10 9.4 7.2# 6# 3.7# 5.2 7.2 9.3 7.6 9.5 14 17 14 15
]
NO2
04/30 10 7.6 5.4 6.9 7.6 8.1 9.7 12 6.5 6.6 7.2 6.3 5.3 5.3 4.2 4.1 5.4 10 14 7.1 12 11 5.8 4.6
]
NO2
菏代~るG2019/05A 代浮G]摺A 代兜GNO2]ppb^
]
NO2
ら戳 00 01 02 03 04 05 06 07 08 09 10 11 12 13 14 15 16 17 18 19 20 21 22 23
]
NO2
05/01 6.2 3.6 3.8 3.4 3.4 5.2 6.5 9.9 11 11 11 12 12 11 9.9 11 18 20 15 11 12 9.1 13 9.7
]
NO2
05/02 9.2 5.7 4.3 3.4 3.4 4.4 11 15 11 8.3 14 15 12 15 14 18 25 25 23 20 17 14 11 9.1
]
NO2
05/03 7.6 7 8 7.4 4.7 5.8 7.3 12 14 12 10 9.6 7.8 7 6.9 8.8 9.5 13 15 18 20 22 18 26
]
NO2
05/04 18 15 19 17 9.6 7.2 12 16 17 21 12 16 13 13 10 8.7 7.9 11 15 22 18 19 23 11
]
NO2
05/05 7.2 11 12 9.8 8 7.4 9.2 9.3 11 11 10 7.1 5.9 7.6 9.5 8.6 8.7 9.7 12 16 15 15 13 13
]
NO2
05/06 13 13 13 7.6 8.3 8.5 10 12 13 13 20 16 14 11 14 10 11 13 12 8.7 7.2 6.8 6.4 5.7
]
NO2
05/07 6.2 5.3 4.7 4.4 5.8 7 9.5 12 9.1 9.4 10 11 8.8 8.5 8# 9.3# 12 13 13 12 11 11 8.9 9.1
]
NO2
05/08 12 11 9.8 9.9 6.9 7.6 9.9 16 17 10 9.9 14 13 16 18 15 18 19 19 19 21 18 16 14
]
NO2
05/09 16 14 15 15 14 14 18 18 19 21 17 18 18 14 14 17 25 25 26 24 25 23 19 20
]
NO2
05/10 20 18 14 15 16 15 16 19 9.1 8.1 16 18 12 8.5 11 20 26 19 16 21 25 24 20 16
]
NO2
05/11 14 16 17 12 13 13 13 12 11 13 14 10 9.4 9.2 11 13 14 19 19 23 19 17 17 17
]
NO2
05/12 15 12 15 16 13 12 8.8 8.7 8.4 9 9.9 9.7 7 8.2 5.6 5.6 6.5 6.8 9.4 10 15 17 16 14
]
NO2
05/13 15 8.8 14 13 12 8.6 9 12 9.1 8.7 7.6 6.6# 6.1 6.7 6.6 7.9 8.5 13 16 20 14 22 18 21
]
NO2
05/14 21 15 15 17 16 13 14 12 11 11 7.8 7.1 6.8 5.8 5.3 5 5.1 6.4 11 13 13 16 15 12
]
NO2
05/15 9.4 14 11 13 19 15 16 14 10 8 8.1 7.5 5 6.1 4.5 4.8 5 6.8 7.7 11 11 11 6.4 6.5
]
NO2
05/16 9.6 9.2 6.7 6.6 6.3 4.6 5.7 5.1 5.5 6.8 6.9 6.4 5.1 5.3 6.2 5.8 7.1 9.3 7.4 6.5 5.5 5.2 7.4 5
]
NO2
05/17 5.6 4.4 3.4 2.8 2.9 3.1 3.9 6.8 7 8.6 8.5 7.5 5.7 5.2 4.7 4.2 4.8 5.4 5.7 5.9 9.4 6 3.2 3.1
]
NO2
05/18 3.5 3.9 3.7 3.8 4 4.3 6.3 8.3 11 8.3 3.8 4.1 3.6 4.4 5.3 5.8 8.8 8.1 6.8 6.7 10 5.3 5.4 4.5
]
NO2
05/19 3.8 2.8 2.9 3.1 2.6 2.8 2.7 3.2 3.5 3.8 3.6 4.4 4.7 4.4 3.7 3.4 3.8 4.3 4.5 5.4 5.7 4.6 8.1 7
]
NO2
05/20 5.3 5.2 4.9 3.4 4.8 4.7 3.9 5.2 5.4 5.8 9.2# 9 12 13 17 15 14 15 15 14 8.9 8.5 7.2 8.3
]
NO2
05/21 7.6 10 11 7.6 9.2 7.9 11 12 11 11 13 16 14 12 9.2 12 13 17 24 24 19 22 18 17
]
NO2
05/22 19 15 15 21 21 19 20 22 20 18 15 19 19 19 23 24 23 26 26 23 21 14 11 11
]
NO2
05/23 18 17 18 13 11 7.8 6.3 14 16 14 15 11 8.7 8.3 10 16 18 20 16 18 23 25 20 13
]
NO2
05/24 14 12 10 20 18 19 16 17 16 11 12 13 10 9.6 8.5 8.3 9.2 11 15 14 11 11 12 8.9
]
NO2
05/25 9.6 9.9 12 11 9.4 10 11 11 15 15 9.2 11 8.4 6.7 6.7 6.5 14 9.7 11 14 23 22 16 12
]
NO2
05/26 10 8.9 10 12 7.3 7.4 7.1 6.7 7.2 6.8 7.9 7.5 8.3 6.7 4.8 7.1 8 11 12 11 14 16 11 9.2
]
NO2
05/27 9.8 10 12 11 11 10 7.4 17 14 16 13 8.1 8 8.7 7.8 8.7 9.2 13 13 22 22 21 19 14
]
NO2
05/28 8.4 9.4 12 10 9.5 9 14 16 14 19 13 17 12 8.6 7.8 14 17 17 18 18 14 13 12 12
]
NO2
05/29 11 6.1 7 7.4 6 8.2 9.7 12 13 11 13 15 13 12# 12 11 14 17 15 15 14 15 16 13
]
NO2
05/30 10 8.3 5.7 6 5.8 7.3 9.6 12 11 12 10 11 7.7 6.1 7.4 6.2 6.5 8.3 8.3 8.9 10 10 7.9 6.8
