雲林
PM10
01/01 33 32 35 32 30 31 34 23 21 26 24 31 43 37 42 48 61 50 61 40 27 28 25 24
雲林
PM10
01/02 27 18 12 13 15 14 19 18 16 17 41 32 41 41 45 51 61 63 45 46 42 35 32 25
雲林
PM10
01/03 24 25 26 24 24 21 25 26 22 32 35 41 46 61 47 45 47 59 47 39 37 38 36 39
雲林
PM10
01/04 49 58 61 55 59 42 56 54 72 61 1000# 56 52 63 82 93 95 92 103 116 112 96 84 73
雲林
PM10
01/05 65 58 58 55 58 57 55 78 100 88 113 67 49 60 57 49* 78 116 101 102 79 64 58 57
雲林
PM10
01/06 55 53 40 18 14 13 11 16 21 32 31 33 32 36 33 35 37 42 42 42 42 41 38 37
雲林
PM10
01/07 36 33 40 40 32 31 32 42 52 55 50 39 50 51 64 68 69 76 73 57 57 53 57 64
雲林
PM10
01/08 61 55 59 63 51 53 44 45 48 47 49 59 53 58 50 49 66 68 45 37 34 38 27 26
雲林
PM10
01/09 28 30 32 27 26 29 28 26 32 39 52 55 51 60 60# 65 79 83 57 54 50 47 50 49
雲林
PM10
01/10 47 42 42 39 40 44 53 62 72 80 98 88 87 86 78 90 96 98 111 103 111 100 111 111
雲林
PM10
01/11 111 102 99 91 98 78 68 85 95 94 79 74 75 68 84 75 102 90 88 110 121 115 115 101
雲林
PM10
01/12 70 52 58 62 57 47 51 54 62 63 68 66 70 79 48 48 53 93 90 74 68 57 51 56
雲林
PM10
01/13 45 33 35 33 31 31 37 41 34 38 49 55 51 71 73 75 82 82 67 64 58 44 36 35
雲林
PM10
01/14 35 32 32 26 23 27 31 50 37 45 41 45 1000# 68 106 87 88 69 63 62 63 61 63 56
雲林
PM10
01/15 54 58 53 64 68 70 71 73 85 95 93 91 104 104 82 92 113 102 98 82 77 71 69 60
雲林
PM10
01/16 42 32 31 37 34 28 29 30 29 24 28 35 30 36 38 36 27 24 27 33 38 29 29 23
雲林
PM10
01/17 21 16 10 13 12 16 17 19 25 31 33 1000# 35 38 1000# 41 42 45 48 49 53 65 59 55
雲林
PM10
01/18 54 69 75 51 49 42 57 57 60 55 55 60 62 56 50 54 87 76 79 69 80 79 87 88
雲林
PM10
01/19 91 89 96 100 111 115 75 93 110 115 113 114 99 90 86 80 100 77 65 129 140 151 134 134
雲林
PM10
01/20 120 129 134 139 134 110 121 133 137 139 138 118 105 101 88 96 100 115 126 110 102 94 77 66
雲林
PM10
01/21 40 36 27 29 26 28 26 29 33 32 27 32 37 35 39 67 72 62 56 43 41 36 41 42
雲林
PM10
01/22 43 40 35 34 39 39 46 45 45 45 50 60 55 52 55 1000# 59 76 64 58 63 62 63 63
雲林
PM10
01/23 58 62 52 59 60 54 47 55 66 66 69 63 55 63 85 101 106 113 105 97 87 94 97 94
雲林
PM10
01/24 92 89 92 87 90 85 80 90 98 95 85 71 66 63 85 94 97 93 108 104 99 99 96 101
雲林
PM10
01/25 102 99 101 100 97 79 82 89 62 82 78 84 76 80 80 101 117 100 115 129 124 119 116 99
雲林
PM10
01/26 96 95 95 91 83 64 68 62 54 47 46 55 84 138 194 150 109 82 62 49 46 41 34 36
雲林
PM10
01/27 34 30 29 28 28 25 26 33 42 42 41 47 56 61 72 67 71 64 64 65 73 60 65 55
雲林
PM10
01/28 49 53 55 57 53 49 55 59 72 62 81 78 78 54 72 68 67 66 80 85 81 75 81 79
雲林
PM10
01/29 66 58 63 68 57 45 53 57 69 63 80 71 57 66 67 74 85 89 90 89 95 91 84 82
雲林
PM10
01/30 92 92 89 87 90 119 95 84 108 119 126 107 82 73 53 45 58 90 132 168 109 51* 43* 35
雲林
PM10
01/31 35 33 31 32 27 29 30 57 54 55 59 1000# 73 50 44 70 67 60 73 84 61 58 58 65
雲林
PM10
監測年月：2019/02， 測站：斗六， 測項：PM10（μg/m3）
雲林
PM10
日期 00 01 02 03 04 05 06 07 08 09 10 11 12 13 14 15 16 17 18 19 20 21 22 23
雲林
PM10
02/01 52 36 24 21 23 20 24 32 34 36 33 41 53 84 86 73 73 77 76 75 79 51 43 47
雲林
PM10
02/02 42 45 49 49 48 48 58 62 75 75 79 97 72 66 94 104 97 122 119 122 119 119 148 139
雲林
PM10
02/03 134 116 93 56 49 39 38 49 71 37 43 54 47 43 93 69 85 90 87 74 76 75 77 55
雲林
PM10
02/04 32 33 30 30 24 30 51 43 41 1000# 71 67 52 54 51 71 77 70 68 74 70 62 63 67
雲林
PM10
02/05 61 67 73 73 79 75 71 74 85 90 80 78 74 53 50 43 82 99 100 104 132 135 115 111
雲林
PM10
02/06 107 104 79 53 40 40 71 69 56 58 63 53 56 61 59 53 49 65 62 72 74 84 79 68
雲林
PM10
02/07 70 58 54 48 42 36 37 37 33 37 29 20 13 15 16 19 69 70 67 73 76 70 67 62
雲林
PM10
02/08 59 65 67 60 63 59 50 54 60 48 42 35 36 67 63 45 43 45 45 28 30 31 32 32
雲林
PM10
02/09 33 42 39 42 37 37 35 42 40 50 46 42 40 47 38 42 59 51 43 37 30 32 30 27
雲林
PM10
02/10 23 21 19 17 19 20 25 24 28 34 43 46 40 36 39 52 77 57 53 48 48 42 40 47
雲林
PM10
02/11 41 35 32 32 32 31 33 31 55 19 26 31 40 58 74 63 75 52 40 37 35 34 33 23
雲林
PM10
02/12 24 28 25 26 27 26 32 34 44 47 1000# 32 39 54 63 61 69 63 47 41 41 41 43 48
雲林
PM10
02/13 74 70 70 73 73 63 61 73 72 67 49 43 68 51 71 74 69 75 63 66 47 36 34 35
雲林
PM10
02/14 35* 32 34 39 37 38 39 55 48 48 59 50 41 72 103 73 60 90 70 78 73 67 68 66
雲林
PM10
02/15 61 67 68 61 65 63 62 77 71 60 69 60 44 49 55 52 68 84 82 97 118 93 78 44
雲林
PM10
02/16 38 38 73 64 53 54 59 51 44 52 58 46 94 84 77 71 60 53 58 71 61 48 35 39
雲林
PM10
02/17 35 32 23 21 24 20 28 31 32 34 40 46 47 46 53 63 70 62 60 53 53 38 36 35
雲林
PM10
02/18 35 38 40 42 48 40 40 50 66 78 90 66 67 57 69 80 77 87 75 66 71 71 78 78
雲林
PM10
02/19 77 94 34* 39 28* 27 37 45 57 55 63 1000* 67 71 81 78 81 86 77 92 113 123 131 124
雲林
PM10
02/20 116 102 79 74 67 52 57 91 126 118 81 76 59 99 115 101 111 104 93 105 112 131 138 117
雲林
PM10
02/21 107 97 78 74 82 58 92 98 100 109 114 101 90 99 73 63 84 94 75 81 52 51 53 50
雲林
PM10
02/22 38 34 43 68 58 51 60 70 81 75 70 87 84 115 80 99 71 70 42 39 29 26 25 24
雲林
PM10
02/23 27 17 13 21 23 33 38 34 39 41 51 56 67 61 69 77 69 61 52 44 36 34 35 33
雲林
PM10
02/24 30 28 32 21 23 23 30 33 25 19 23 34 27 24 18* 23* 28 14* 16 15 21 26 31 29
雲林
PM10
02/25 21* 32 27 23 22 24 28 24 22 24 32 30 30 35 46 57 59 67 56 52 56 57 51 49
雲林
PM10
02/26 55 54 38 38 39 51 50 53 55 59 1000# 70 72 67 71 74 97 98 80 79 76 56 58 60
雲林
PM10
02/27 62 62 64 68 77 105 103 102 100 101 93 81 82 75 70 57 59 56 48 66 59 54 51 54
雲林
PM10
02/28 50 58 60 63 68 81 83 108 125 97 79 93 89 84 63 63 74 68 70 70 44 48 49 46
雲林
PM10
監測年月：2019/03， 測站：斗六， 測項：PM10（μg/m3）
雲林
PM10
日期 00 01 02 03 04 05 06 07 08 09 10 11 12 13 14 15 16 17 18 19 20 21 22 23
雲林
PM10
03/01 52 43 38 38 39 37 40 44 43 46 53 59 66 60 73 81 89 98 90 89 90 87 88 81
雲林
PM10
03/02 92 101 87 111 129 137 135 121 120 104 103 99 119 107 91 84 75 91 103 110 108 126 129 114
雲林
PM10
03/03 101 93 80 63 68 65 40 46 42 35 28 56 13 9 6 13 14 10 13 19 22 26 31 30
雲林
PM10
03/04 27 34 37 37 34 33 34 38 33 35 32 42 45 50 57 63 64 67 74 70 83 84 89 99
雲林
PM10
03/05 85 84 87 82 73 62 63 72 83 93 87 86 90 85 74 79 80 76 106 105 50 23 26 33
雲林
PM10
03/06 27 28 26 28 24 23 22 20 24 19 29 19 20 45 68 34 33 27 30 26 32 29 34 35
雲林
PM10
03/07 30 25 22 16 15 13 15 16 22 21 25 22 18 17 16 24 30 44 44 40 40 46 41 41
雲林
PM10
03/08 35 36 33 27 31 19 19 27 26 25 28 1000# 36 19 9 32 34 28 36 33 40 41 33 32
雲林
PM10
03/09 35 29 23 20 15 11 10 12 15 17 25 21 25 27 27 31 30 17 13 21 16 20 20 26
雲林
PM10
03/10 21 23 15 7* 6 8 6 6 7 13 11 41 43 37 27 24 31 32 31 28 26 33 32 28
雲林
PM10
03/11 33 30 29 32 33 29 26 25 27 34 39 38 52 55 67 68 68 68 80 73 68 67 71 51
雲林
PM10
03/12 51 52 50 47 42 50 44 48 63 68 47 50 40 36 63 70 71 83 76 75 75 77 85 82
雲林
PM10
03/13 74 66 54 56 59 55 51 67 62 60 70 1000# 46 1000# 66 72 77 69 90 87 91 88 82 88
雲林
PM10
03/14 75 78 77 69 78 78 81 86 103 96 91 87 87 71 59 81 86 95 87 88 84 78 65 67
雲林
PM10
03/15 58 51 47 43 41 39 25 20 21 29 38 32 32 41 39 40 44 43 47 38 34 33 38 42
雲林
PM10
03/16 36 41 43 46 52 52 62 77 88 78 55 54 56 59 59 46 43 56 61 96 71 62 63 80
雲林
PM10
03/17 70 63 70 67 62 53 70 86 93 100 68 58 57 53 61 59 62 62 56 74 60 53 50 54
雲林
PM10
03/18 63 65 60 62 72 74 82 89 93 94 100 91 73 63 68 76 78 63 68 77 96 102 107 102
雲林
PM10
03/19 95 97 81 77 74 60 92 105 82 66 70 59 68 69 75 67 70 93 96 103 93 110 110 111
雲林
PM10
03/20 101 93 102 105 105 96 106 114 123 121 99 1000# 76 73 77 59 57 54 56 39 36 29 32 33
雲林
PM10
03/21 37 37 46 47 47 43 40 50 32 28 0* 45 35 43 35 27 31 35 31 35 34 38 34 1000*
雲林
PM10
03/22 1000* 1000* 1000* 1000* 1000* 1000* 1000* 1000* 1000* 1000* 1000* 1000# 86 70 73 74 77 78 83 69 65 52 48 46
雲林
PM10
03/23 42 44 38 34 32 27 26 19 21 16 18 22 27 37 35 39 35 32 25 24 17 21 23 23
雲林
PM10
03/24 25 22 19 20 16 24 19 28 23 27 21 20 19 24 32 33 31 33 34 42 49 43 43 38
雲林
PM10
03/25 46 38 29 27 29 42 35 29 40 41 45 1000# 51 53 56 59 63 50 57 60 60 45 44 41
雲林
PM10
03/26 41 48 35 36 34 24 19 29 36 43 49 45* 45 44 43 42 64 69 66 70 70 74 71 75
雲林
PM10
03/27 75 85 84 84 86 83 81 81 49 65 45 40 45 48 63 65 65 55 57 58 62 61 71 63
雲林
PM10
03/28 65 67 64 59 51 54 49 56 67 44 27* 34 31 32 34 34 34 31 27 29 32 34 35 33
雲林
PM10
03/29 27 34 35 29 36 31 40 37 29 27 24 31 33 32 33 39 37 41 43 47 40 43 49 19
雲林
PM10
03/30 10 10 9 14 12 17 23 22 20 27 33 33 30 23 38 46 58 62 71 75 81 85 85 98
雲林
PM10
03/31 91 89 82 64 59 74 57 60 70 70 68 63 58 68 100 88 99 91 83 75 44 40 38 30
雲林
PM10
監測年月：2019/04， 測站：斗六， 測項：PM10（μg/m3）
雲林
PM10
日期 00 01 02 03 04 05 06 07 08 09 10 11 12 13 14 15 16 17 18 19 20 21 22 23
雲林
PM10
04/01 26 28 32 34 25 22 26 46 33 28 24 1000# 21 30 25 28 30 33 30 30 32 38 42 44
雲林
PM10
04/02 44 50 61 58 54 63 71 66 73 63 51 56 59 52 55 53 48 64 67 73 78 80 77 83
雲林
PM10
04/03 83 86 69 66 67 58 60 51 45 51 53 42 37 40 46 48 71 55 39 50 50 48 47 50
雲林
PM10
04/04 41 45 47 52 49 50 49 57 58 54 58 65 61 58 62 61 69 60 69 53 66 62 54 60
雲林
PM10
04/05 61 55 51 57 53 57 74 75 67 65 75 71 79 78 64 49* 43* 47* 46 46 63 70 68 63
雲林
PM10
04/06 66 71 74 70 61 66 79 80 70 63 66 76 68 43* 47 41 41 38 43 49 61 61 64 52
雲林
PM10
04/07 45 43 41 50 45 43 39 50 45 43 45 42 37 42 39 45 50 50 69 73 74 75 80 74
雲林
PM10
04/08 71 67 64 56 50 40 45 51 47 36 45 38 38 38 38 39 45 40 37 43 44 42 37 42
雲林
PM10
04/09 32 34 37 38 36 39 44 57 48 46 44 42 49 44 39 29 24 24 31 35 34 23 35 36
雲林
PM10
04/10 29 30 33 35 27 32 26 32 35 37 41 37 31 27 30 24 30 23 31 32 34 39 40 48
雲林
PM10
04/11 36 44 51 52 53 57 59 55 47 30 34 1000# 34 34 23 35 63 59 44 48 33 30 37 33
雲林
PM10
04/12 15 14 13 16 23 23 22 28 34 46 41 49 44 65 71 82 71 61 57 56 51 55 47 33
雲林
PM10
04/13 47 56 59 64 55 63 63 77 58 47 41 41 44 46 63 92 53 47 49 39 42 34 39 45
雲林
PM10
04/14 50 42 40 40 44 44 53 46 43 43 30 31 36 27 18 26 24 44 45 42 41 27 28 33
雲林
PM10
04/15 34 31 23 34 38 43 38 44 44 50 58 60 60 59 1000# 53 80 66 57 60 55 51 56 60
雲林
PM10
04/16 50 58 61 56 42 41 45 43 27 19 27 29 34 36 48 40 39 34 47 49 51 52 57 53
雲林
PM10
04/17 64 64 54 44 49 48 54 58 47 42 39 1000# 37 41 46 42 46 53 52 62 66 71 70 75
雲林
PM10
04/18 64 65 65 58 63 60 66 59 63 49 44 50 46 60 67 62 60 52 49 52 61 69 72 70
雲林
PM10
04/19 64 68 72 70 64 42 13 12 22 27 15 17 21 20 39 16 9 8 13 20 16 19 17 13
雲林
PM10
04/20 13 14 17 21 22 22 19 16 18 18 15 9 11 14 20# 20 19 61 53 63 70 74 50 58
雲林
PM10
04/21 56 58 36 19 23 14 12 13 22 26 26 18 19 12 20 21 19 24 32 34 30 27 31 29
雲林
PM10
04/22 28 22 30 30 29 30 33 23 24 18 27 28 28 29 31 24 22 26 26 28 26 24 21 24
雲林
PM10
04/23 21 18 28 27 28 29 30 28 26 19 25 31 25 25 18 16 19 27 21 30 23 20 18 15
雲林
PM10
04/24 12 19 21 23 27 22 27 25 20 24 27 26 16 17 1000# 21 21 22 25 24 23 28 21 16
雲林
PM10
04/25 24 18 16 27 23 28 28 27 26 23 28 29 24 20 18 17 19 22 25 24 24 33 34 26
雲林
PM10
04/26 22 19 26 18 17 15 21 31 19 22 33 27 28 41 60 60 56 52 58 45 41 36 37 38
雲林
PM10
04/27 42 39 48 46 41 41 50 43 46 48 73 102 89 99 74 81 67 73 65 57 47 53 40 41
雲林
PM10
04/28 48 45 48 53 59 53 53 63 69 73 70 78 65 57 69 56 42 42 47 57 64 69 72 69
雲林
PM10
04/29 56 54 63 61 57 58 54 43 33 37 38 32 33 32 37 29 35 36 49 53 59 65 73 65
雲林
PM10
04/30 49 49 40 39 29 29 28 29 29 28 33 39 35 26 30 33 27 25 27 30 26 24 25 25
雲林
PM10
監測年月：2019/05， 測站：斗六， 測項：PM10（μg/m3）
雲林
PM10
日期 00 01 02 03 04 05 06 07 08 09 10 11 12 13 14 15 16 17 18 19 20 21 22 23
雲林
PM10
05/01 27 19 25 21 20 19 20 15 5 5 7 12 11 18 15 13 17 14 20 16 21 24 27 27
雲林
PM10
05/02 16 24 34 33 34 29 32 29 36 34 43 55 50 42 38 40 46 49 37 30 29 25 26 42
雲林
PM10
05/03 43 35 37 36 33 30 26 25 24 28 25 34 31 1000# 33 40 50 59 72 77 78 67 70 68
雲林
PM10
05/04 66 75 67 51 43 35 25 21 14 14 14 17 18 27 37 35 31 35 48 64 67 74 58 68
雲林
PM10
05/05 64 50 49 33 35 31 32 34 38 43 32 28 42 45 34 48 52 54 53 44 52 46 48 47
雲林
PM10
05/06 45 52 42 45 46 41 38 31 26 25 25 23 14 12 13 20 20 35 35 22 18 19 22 21
雲林
PM10
05/07 21 19 16 10 12 14 15 10 15 21 17# 24 20 31 34 24 32 29 34 31 37 36 47 51
雲林
PM10
05/08 43 44 44 38 45 50 53 56 45 46 52 30 44 68 64 45 39 41 50 58 74 69 70 70
雲林
PM10
05/09 66 62 64 66 61 58 53 53 63 48 41 39 43 47 47 41 29 39 41 36 37 32 31 23
雲林
PM10
05/10 21 14 16 20 19 27 25 21 21 26 25 35 33 32 27 16 20 29 41 62 61 46 49 55
雲林
PM10
05/11 69 63 61 63 64 67 82 79 69 60 57 47 38 44 39 42 40 38 59 56 67 61 71 61
雲林
PM10
05/12 66 69 82 79 76 81 81 68 47 38 46 44 44 57 61 57 55 49 44 44 48 58 49 49
雲林
PM10
05/13 50 51 57 66 74 65 69 59 66 67 45 40 32 50 39 23 23 33 33 40 39 39 42 46
雲林
PM10
05/14 42 32 43 37 31 24 26 23 27 17 21 28 28 22 20 19 27 33 32 30 27 28 34 32
雲林
PM10
05/15 19 28 35 34 36 24 22 21 19 28 31 19 31 18 8 13 17 19 26 42 38 40 44 37
雲林
PM10
05/16 31 26 23 28 17 18 21 10 14 21 24 23 24 25 28 22 25 34 21 22 29 28 29 25
雲林
PM10
05/17 22 23 23 20 21 21 22 27 32 34 1000# 11 18 21 17 15 15 21 29 23 23 25 23 24
雲林
PM10
05/18 15 22 22 15 20 10 14 20 12 12 27 28 32 27 25 25 24 26 21 26 21 17 16 22
雲林
PM10
05/19 17 18 17 21 23 25 19 20 17 21 17 13 15 18 17 19 21 21 23 29 22 29 27 25
雲林
PM10
05/20 21 23 24 23 22 22 23 21 25 27 26 9 23 11 6 4 10 15 25 33 40 54 35 39
雲林
PM10
05/21 30 40 45 40 41 35 39 45 39 38 1000# 54 68 64 57 51 61 67 74 80 70 66 82 93
雲林
PM10
05/22 68 77 85 81 83 84 88 84 71 69 65 71 1000# 71 74 71 74 69 60 72 65 72 76 84
雲林
PM10
05/23 81 77 87 83 88 79 58* 65 68 35 23 25 21 16* 14 21 19 40 37 35 42 56 60 87
雲林
PM10
05/24 63 65 60 61 63 58 59 53 55 67 54 41 37 42 29 22* 27 25 27 24 33 34 29 31
雲林
PM10
05/25 26 25 29 28 33 36 33 29 27 31 27 29 32 23 24 29 24 23 30 47 48 50 60 62
雲林
PM10
05/26 49 50 52 48 49 39 52 60 53 36 45 40 40 40 33 33 32 40 61 52 67 68 67 76
雲林
PM10
05/27 69 76 46 52 44 37 NA NA NA NA 1000# 52 35* 5* 4 3 9 14 16* 15 16 11 22 12
雲林
PM10
05/28 20 13 13 17 21 17 17 15 15 16 22 21 11 11 8 6 8 18 25 29 41 44 46 44
雲林
PM10
05/29 35 41 34 41 38 33 36 36 43 61 59 47 42 37 39 59 63 53 55 50 45 41 42 41
雲林
PM10
05/30 39 33 35 38 49 49 43 61 68 72 59 43 51 40 26* 26 25 38 40 51 53 61 69 66