xF
SO2
01/01 1.4 1.3 1.3 1.3 1.3 1.4 1.4 1.5 1.5 1.5 1.4 1.2 1.2 1.3 1.2 1.2 1.2 1.2 1.2 1.2 1.2 1.1 1.2 1.1
xF
SO2
01/02 1.1 1.1 1 1.1 1.1 1.1 1 1.1 1.2 1.3 1.3 1.3 1.3 1.2 1.2 1.2 1.3 1.3 1.2 1.1# 1 1 0.9 0.9
xF
SO2
01/03 1 1 0.9 1 1.1 1 1.1 1.2 1.2 1.2 1.2 1.2 1.2 1.2# 1.2 1.1 1.1 1.2 1.3 1.3 1.3 1.4 1.4 1.3
xF
SO2
01/04 1 1 1 0.9 1 0.9 1 1 1.1 1.1 1.1 1 0.9 1 0.9 1.3# 1.3 1.4 1.7 1.6 1.5 1.5 1.4 1.2
xF
SO2
01/05 1.4 0.9 0.9 0.8 0.8 0.8 0.9 0.8 1 1.1 1.1 1.2 1 0.9 0.9 0.9 1 1.1 1.1 1 0.9 0.8 0.8 0.8
xF
SO2
01/06 0.7 1.1 1 1 1.1 1.1 1.2 1.2 1.2 1.1 1.1 1.1 1.2 1.2 1.1 1.1 1.1 1.2 1.2 1.2 1.2 1.2 1.2 1.2
xF
SO2
01/07 1.2 1 0.9 0.9 1 1.1 1.1 1.1 1.3 1.2 1.1 1.1 1.2 1.2 1.6 1.2 1 1.1 1 0.9 1 0.9 1 0.9
xF
SO2
01/08 1 1.3 1.3 1.3 1.3 1.2 1.3 1.3 1.4 1.5 1.5 1.7 1.6 1.5 1.3 1.3 1.3 1.4 1.3 1.3 1.3 1.4 1.4 1.3
xF
SO2
01/09 1.2 1.3 1.2 1.2 1.3 1.2 1.2 1.3 1.2 1.3 1.2 1.3 1.3 1.3 1.3 1.3 1.3 1.3 1.2 1.4 1.3 1.3 1.4 1.4
xF
SO2
01/10 1.5 1.1 1 0.9 1 0.9 0.9 0.9 1 1 1 1 1.1# 1.1 1 1 1 1 1 1.1 1.2 1.2 1.1 1
xF
SO2
01/11 0.9 1 1.1 1.1 1.1 1.1 1.1 1.1 1.2 1.1 1.2 1.2 1.1 1.2 1.2 1.6 1.4 1.5 1.4 1.3 1.3 1.3 1.2 1.3
xF
SO2
01/12 1.3 0.9 1 0.9 1 0.9 0.9 0.9 1 1.2 1.1 1.1 1.1 1.1 1.2 1.1 1 1 1 1 0.9 0.9 1 1
xF
SO2
01/13 1 1.3 1.3 1.3 1.2 1.3 1.3 1.3 1.2 1.3 1.4 1.4 1.3 1.2 1.2 1.2 1.2 1.2 1.2 1.2 1.2 1.2 1.2 1.1
xF
SO2
01/14 1 1.1 1.1 1 1.1 1 1.1 1.1 1.2 1.2 1.1 1.1 1.1 1.1 1.2 1.3 1.2 1.2 1.2 1.2 1.1 1.1 1.1 1.1
xF
SO2
01/15 1.2 1.5 1.5 1.5 1.6 1.5 1.7 1.6 1.8 1.7 1.8 1.7 1.7 1.6 1.6 1.7 1.6 1.7 1.7 1.6 1.6 1.6 1.5 1.5
xF
SO2
01/16 1.5 1 1 1 0.9 1 1 1.1 1.1 1.1 1.1 1.1 1.1 1 1 1 1.1 1.1 1.1 1.1 1.1 1.1 1.1 1.1
xF
SO2
01/17 1 1.1 1.1 1.1 1.2 1.3 1.2 1.3 1.2 1.4 1.2 1.2 1.2 1.1 1.1 1.1 1.1 1.2 1.1 1.1 1.1 1.1 1 1
xF
SO2
01/18 1 1 1 0.9 0.9 1 1 1.1 1.1 1.2 1.1 1.1 1.1 1.1 1 1 1 1 1 1 1 1 1 0.9
xF
SO2
01/19 0.9 1 0.9 0.9 0.9 0.9 0.9 0.9 1 1 1.1 1 1 1 1.1 1.2 1.1 1.1 1.1 1.1 1 1 0.9 0.8
xF
SO2
01/20 0.6 0.8 0.7 0.7 0.8 0.7 0.8 0.7 0.8 0.8 0.8 0.8 0.8 0.9 0.8 0.8 0.8 0.9 0.8 0.8 0.8 0.8 0.8 0.8
xF
SO2
01/21 1.1 1 1 1 0.9 1 1 1.1 1.2 1.1 1.1 1.2 1.1 1.1 1.1 1.2 1.2 1.2 1.1 1.1 1.5 1.2 1.1 1.1
xF
SO2
01/22 1 1.5 1.4 1.4 1.4 1.4 1.3 1.4 1.5 1.4 1.5 1.5 1.5 1.4 1.4 1.3 1.3 1.4 1.4 1.4 1.4 1.4 1.4 1.5
xF
SO2
01/23 1.7 1.6 1.6 1.5 1.6 1.6 1.5 1.5 1.7 1.8 2 1.9 2 2 2 1.7 1.6 1.7 1.8 1.8 1.8 1.8 1.9 1.9
xF
SO2
01/24 1.7 1.1 1 1 1 0.9 0.9 1 0.9 1.1 1.1 1.1 1.1 1.1 0.9# 1# 1# 0.9# 0.9 0.8 1# 1.2 1.1 1.2
xF
SO2
01/25 1.1 0.9 0.8 0.6 0.6 0.6 0.6 0.6 0.6 0.7 0.7 0.7 0.6# 0.8# 0.7# 0.2 0.1 0.6 0.7 0.6 0.6 0.5 0.5 0.6
xF
SO2
01/26 0.4 1.1 1.1 1 1 1 1.1 1.1 1# 1.1 1.1 1.1 1 1.1 1 1 1 1 1 1 1 0.9 0.9 0.9
xF
SO2
01/27 1.3 1.4 1.4 1.4 1.4 1.4 1.4 1.4 1.5 1.5 1.5 1.5 1.6 1.4 1.4 1.5 1.5 1.4 1.5 1.5 1.6 1.6 1.6 1.6
xF
SO2
01/28 1.3 1.5 1.5 1.5 1.4 1.3 1.3 1.5 1.4 1.4 1.4 1.4 1.4 1.4 1.3 1.4 1.3 1.5 1.3 1.3 1.4 1.4 1.4 1.4
xF
SO2
01/29 1.3 0.7 0.6 0.6 0.7 0.6 0.7 0.7 0.8 0.7 0.8 0.7 0.7 0.7 0.7 0.8 0.7 0.7 0.8 0.8 0.7 0.7 0.8 0.7
xF
SO2
01/30 0.6 1.1 1.1 1.1 1.1 1.1 1.1 1.2 1.2 1.4 1.3 1.3 1.4 1.4 1.3 1.3 1.5 1.4 1.4 1.3 1.3 1.4 1.2 1.3
xF
SO2
01/31 1.1 1.1 1 1 1 1.1 1 1.1 1.2 1.2 1.3 1.3 1.3 1.3 1.4 1.3 1.6# 1.4 1.3 1.2 1.2 1.2 1.1 1
xF
SO2
菏代~るG2019/02A 代浮GOFA 代兜GSO2]ppb^
xF
SO2
ら戳 00 01 02 03 04 05 06 07 08 09 10 11 12 13 14 15 16 17 18 19 20 21 22 23
xF
SO2
02/01 0.9 1.2 1 1.1 1.1 1.1 1.1 1.1 1.2 1.2 1.3 1.3 1.3 1.3 1.4 1.4 1.5 1.4 1.3 1.2 1.2 1.2 1.2 1.1
xF
SO2
02/02 1.1 1.2 1.2 1.2 1.2 1.3 1.2 1.2 1.2 1.3 1.4 1.5 1.4 1.4 1.3 1.3 1.4 1.3 1.4 1.5 1.5 1.4 1.6 1.4
xF
SO2
02/03 1.5 1 0.9 0.9 0.9 1 1 1 1.2 1.7 1.3 1.2 1.2 1.2 1.1 1.1 1.1 1.2 1.3 1.1 1.1 1.2 1.1 1.1
xF
SO2
02/04 1 1.2 1.1 1.2 1.2 1.2 1.2 1.2 1.2 1.2 1.3 1.3 1.3 1.3 1.3 1.4# 1.5 1.6 1.4 1.3 1.2 1.2 1.2 1.2
xF
SO2
02/05 2.1 1.4 1.3 1.3 1.3 1.3 1.3 1.4 1.5 1.4 1.4 1.4 1.4 1.4 1.5 1.5 1.5 1.5 1.4 1.3 1.4 1.4 1.4 1.3
xF
SO2
02/06 1.4 1.1 1 1 1.1 1 1 1.1 1.1 1.2 1.3 1.6 1.3 1.3 1.4 1.4 1.5 1.7 1.4 1.5 1.9 1.8 1.5 1.4
xF
SO2
02/07 1.2 1 1 1 0.9 0.9 0.8 0.9 1 0.9 1 1 1 1 1 1.1 1.4 2.3 1.7 1.6 1.3 1.1 1 0.9
xF
SO2
02/08 1.1 1.1 1.1 1.1 1.1 1 1.1 1.1 1.2 1.2 1.3 1.2 1.2 1.1 1.2 1.1 1.2 1.1 1.1 1.1 1.1 1.1 1.1 1.1
xF
SO2
02/09 0.8 1.5 1.3 1.1 1.1 1 1.1 1.1 1.1 1.2 1.2 1.2 1.3 1.2 1.2 1.3 1.2 1.2 1.4 1.1 1.1 1.1 1.1 1
xF
SO2
02/10 1.1 1.2 1.1 1.2 1.1 1.1 1.2 1.1 1.2 1.2 1.3 1.4 1.4 1.3 1.3 1.2 1.2 1.2 1.2 1.2 1.3 1.3 1.2 1.2
xF
SO2
02/11 1.2 1.5 1.4 1.4 1.5 1.5 1.6 1.7 1.9 1.8 1.7 1.6 1.5 1.5 1.5 1.4 1.4 1.3 1.4 1.4 1.4 1.4 1.2 1.4
xF
SO2
02/12 1.4 1.2 1.1 1.1 1.1 1.1 1.1 1.1 1.2 1.2 1.3 1.4 1.5 1.3 1.3 1.2 1.2 1.3 1.2 1.3 1.2 1.6 1.9 1.7
xF
SO2
02/13 1.7 1.4 1.1 1.1 1 1 1 1 1.1 1 1.1 1.1 1.1 1.1# 1.1 1.1 1.2 1.1 1 1 1 1 0.9 0.9
xF
SO2
02/14 0.8 0.9 0.9 0.9 0.9 0.9 0.9 0.9 0.9 1 1 1.1 1.1 1.1 1 1.1 1 1 1.1 1 1 1 0.9 1
xF
SO2
02/15 0.9 1.5 1.4 1.4 1.4 1.3 1.4 1.4 1.6 1.6 1.6 1.7 1.6 1.7 1.7 1.6 1.5 1.6 1.7 1.9 2.5 2.2 1.7 1.5
xF
SO2
02/16 1.7 1.1 1.1 1.1 1.1 1.1 1 1.1 1.1 1.1 1.3 1.3 1.4 1.2 1.2 1.2 1.2 1.2 1.2 1.1 1.2 1.1 1.1 1
xF
SO2
02/17 0.9 1.1 1 1 1.1 1.1 1.1 1.1 1.1 1.2 1.1 1.2 1.1 1.1 1.2 1.2 1.2 1.2 2 1.3 2.5 1.3 1.2 1.2
xF
SO2
02/18 1.3 1 0.9 1 1 0.9 1 1.1 1 1.1 1.2 1.1 1.1 1.1 1.1 1.1 1.2 1.1 1.2 1.2 1.2 1.1 1 1
xF
SO2
02/19 0.9 1.1 1 1 1 1.1 1.2 1.4 1.7 1.7 1.6 1.3 1.4 1.2 1.3 3.1 2.4 1.7 1.4 1.5 1.4 1.4 1.4 1.4
xF
SO2
02/20 1.5 1 1.2 1.2 1.2 1.2 1.2 1.2 1.2 2 1.4 2 8.9 1.3 1.6 1.7 1.7 1.2 1.5# 1.9 1.1 4 7 1.6
xF
SO2
02/21 1 1.1 0.9 1 0.9 0.9 0.9 1 1.1 1.2 1.1 1 1.1 1.1 1.2 1.2 1.2 1.2 1.2 1.1 1.3 1.3 1.4 1.1
xF
SO2
02/22 0.9 1.1 0.9 0.9 1 1 0.9 1.1 1.1 1.1 1.3 1.2 1.2 1.3 1.2 1.2 1.1 1.3 1.1 1 0.9 0.9 0.9 0.9
xF
SO2
02/23 1 0.7 0.7 0.7 0.7 0.7 0.7 0.7 0.8 0.8 0.8 0.8 0.8 0.8 0.8 0.8 0.8 0.9 0.8 0.8 0.8 0.8 0.8 0.8
xF
SO2
02/24 0.6 1.1 1 0.9 1.1 1 1 1.1 1.1 1 1.1 1.1 1.1 1.1 1.1 1.1 1.1 1.1 1.1 1 1 1.1 1 1
xF
SO2
02/25 1.2 1.4 1.3 1.4 1.4 1.4 1.4 1.5 1.6 1.5 1.5 1.5 1.5 1.5 1.5 1.5 1.4 1.5 1.4 1.4 1.4 1.4 1.4 1.3
xF
SO2
02/26 1.3 0.9 0.9 0.9 0.9 1 0.9 1 1.1 1.1 1.1 1.2 1.3 1.2 1.3 1.2 1.1 1.1 1 0.9 1 1 1 0.9
xF
SO2
02/27 0.9 0.9 0.9 0.9 0.9 0.9 1 1 1.1 1 1 1.1 1.2 1.2 1.2 1.2 1.3 1.1 1.1 1.2 1.1 1.4 1.1 1.1
xF
SO2
02/28 1.1 1.4 1.7 1.8 1.6 1.5 1.5 1.4 1.5 1.6 1.4 1.4 1.4 1.5 1.4 1.4 1.3 1.4 1.3 1.3 1.3 1.3 1.4 1.3
xF
SO2
菏代~るG2019/03A 代浮GOFA 代兜GSO2]ppb^
xF
SO2
ら戳 00 01 02 03 04 05 06 07 08 09 10 11 12 13 14 15 16 17 18 19 20 21 22 23
xF
SO2
03/01 1.4 1 0.9 1 0.9 0.9 1 1 1 1.1 1.1 1.1 1.1 1.2 1.2 1.1 1.2 1.1 1 1.1 1 1 1 1
xF
SO2
03/02 1 0.7 0.7 0.7 0.7 0.7 0.8 0.8 1 0.9 1 0.9 1 1 0.9 0.9 1 0.9 1.1 1.1 1 1.2 1.9 1.4
xF
SO2
03/03 1.4 6.8 2.9 1.1 1 1 1.1 1.1 3.5 1.7 1.4 1.2 1.1 1.1 1 1 1.1 0.9 1 1 1 1 1 1
xF
SO2
03/04 0.9 1.1 1 1.1 1.1 1 1 1.1 1.2 1.2 1.2 1.3 1.3 1.2 1.3 1.4 1.2 1.1 1.2 1.2 1.1 1.1 1.1 1
xF
SO2
03/05 1 1 1 1 1 1 1.1 1.1 1.1 1.2 1.1 1.2 1.2 1.2 1.2 1.3 1.3 1.2 1.4 1.6 1.4 1.2 1.1 1.1
xF
SO2
03/06 1.1 1.3 1.3 1.2 1.3 1.3 1.2 1.2 1.3 1.4 1.4 1.5 1.4 1.4 1.3 1.4 1.4 1.3 1.3 1.2 1.2 1.2 1.1 1.1
xF
SO2
03/07 1.4 1 0.9 0.9 0.9 0.9 0.9 0.9 1# 1.1 1.1 1.1 1# 1.1 1.1 1.1 1.1 1.1 1.1 1.1 1 1 1 0.9
xF
SO2
03/08 1.1 1 0.9 0.9 0.9 0.9 0.9 0.9 1 1.1 1 1.1 1.1 1.1 1.1 1.1 1.2 1.3 1.3 1.1 1.1 1.1 1 1.1
xF
SO2
03/09 0.7 0.9 0.8 0.8 0.8 0.7 0.8 0.8 1 1.2 1.4 1.3 0.9 0.9 0.9 0.9 1 0.9 0.9 0.9 0.8 0.8 0.9 0.9
xF
SO2
03/10 1 1.3 1.2 1.2 1.1 1.1 1.1 1 1.1 1.1 1.2 1.2 1.2 1.2 1.1 1.1 1 1.1 1.1 1 1.1 1.1 1 1
xF
SO2
03/11 1.2 0.6 0.6 0.6 0.6 0.6 0.7 0.7 0.7 0.7 0.8 0.8 0.9 0.9 0.9 0.8 0.8 0.7 0.9 0.7 0.7 0.7 0.7 0.7
xF
SO2
03/12 0.6 0.8 0.7 0.7 0.7 0.7 0.8 0.8 0.9 1 1.2 1.5 1.5 1.5 1.3 1.3 1.3 1.3 1.1 1 1 0.8 0.8 0.7
xF
SO2
03/13 0.7 0.9 1 0.9 0.9 0.9 0.9 0.9 1 0.9 0.9 1 1 1 1 1.2 1.1 1.1 0.9# 0.9 0.9 0.9 0.9 0.9
xF
SO2
03/14 0.7 1 1 1 1 1 1 1.1 1.2 1.2 1.3 1.3 1.3 1.2 1.2 1.2 1.3 1.3 1.3 1.3 1.2 1.2 1.2 1.1
xF
SO2
03/15 1.1 1 0.8 0.9 0.9 0.9 0.9 0.9 0.9 0.9 0.9 1.1 0.9 1.1 1 0.9 0.9 0.9 1 0.9 1 0.9 1.1 1.3
xF
SO2
03/16 1.4 1.3 1.2 1.2 1.2 1.2 1.1 1.2 1.4 1.6 1.8 1.9 1.7 1.8 1.7 1.7 1.7 1.7 1.6 1.5 1.5 1.4 1.4 1.3
xF
SO2
03/17 0.9 1.5 1.4 1.4 1.4 1.3 1.3 1.3 1.4 1.4 1.5 1.5 1.5 1.4 1.5 1.5 1.5 1.5 1.5 1.4 1.5 1.5 1.4 1.4
xF
SO2
03/18 1.5 1.2 1.1 1 1 1.1 1 1 1.2 1.2 1.2 1.2 1.2 1.2 1.2 1.2 1.2 1.2# 1.1 1.1 1 1 1 0.9
xF
SO2
03/19 1.2 0.9 0.9 1 0.9 1 1 1.1 1.1 1 1 1 1.1 1 0.9 0.9 0.9 0.9 0.9 0.9 0.9 1 1 0.8
xF
SO2
03/20 0.7 1.1 1.2 1.2 1.1 1.1 1.2 1.3 1.4 1.4 1.3 1.3 1.3 1.3# 1.3 1.5 1.4 1.4 1.4 1.4 1.3 1.2 1.3 1.4
xF
SO2
03/21 1.3 1.1 1 0.9 1 0.9 1 1.1 1.1 1.1 1.1 1.1 1.1 1.1 1.1 1.1 1.2 1.3 1.7 1.2 1.2 1.4 1.3 1.2
xF
SO2
03/22 1.1 0.7 0.6 0.7 0.7 0.8 0.8 0.8 1 1 0.8 0.8 0.7 0.8 0.7 0.7 0.6 0.7 0.7 0.6 0.6 0.6 0.6 0.6
xF
SO2
03/23 0.6 1.1 1 1 1 1 1 1 1.1 1.1 1.1 1.1 1.1 1 1 1.1 1.1 1 1 1.1 1 1 1 0.9
xF
SO2
03/24 1.1 1.2 1.2 1.1 1.2 1.3 1.3 1.3 1.4 1.5 1.4 1.3 1.3 1.3 1.3 1.3 1.4 1.3 1.3 1.4 1.3 1.4 1.4 1.3
xF
SO2
03/25 1.3 1.1 1.1 1.1 1.1 1.1 1.2 1.2 1.7 1.8 1.4 1.2 1.2 1.2 1.3 1.3 1.2 1.3 1.2 1.2 1.3 1.2 1.2 1.4
xF
SO2
03/26 1.2 1.2 1.1 1.1 1.2 1.1 1.2 1.2 1.2 1.1 1.2 1.2 1.2 1.2 1.2 1.2 1.2 1.2 1.2 1.2 1.1 1.1 1.1 1
xF
SO2
03/27 1.1 1 0.9 0.9 1 0.9 0.9 1 1.1 1.1 1.2 1.1 1 1.1 1.2 1.1 1.1 1.2 1.4 1.2 1.6 1.2 1.1 1.1
xF
SO2
03/28 1 1.3 1.2 1.4 1.5 1.3 1.4 1.3 1.4 1.4 1.6 1.5 1.4 1.5 1.5 1.4 1.4 1.5 1.5 1.4 1.3 1.3 1.5 1.4
xF
SO2
03/29 1.1 1.2 1.1 1.1 1.1 1.1 1.1 1.2 1.3 1.5 1.5 1.4 1.4 1.4 1.4 1.3 1.3 1.4 1.5 1.3 1.3 1.3 1.3 1.2
xF
SO2
03/30 1.5 1.4 1.3 1.2 1.2 1.2 1.2 1.2 1.3 1.3 1.3 1.3 1.4 1.4 1.3 1.4 1.4 1.4 1.5 1.5 1.5 1.3 1.3 1.3
xF
SO2
03/31 1.2 1 1 1 1.1 1.1 1 1 1.1 1 1.1 1.1 1.1 1.1 1.1 1.1 1 1.1 1.1 1.2 1.2 1.2 1.1 1.1
xF
SO2
菏代~るG2019/04A 代浮GOFA 代兜GSO2]ppb^
xF
SO2
ら戳 00 01 02 03 04 05 06 07 08 09 10 11 12 13 14 15 16 17 18 19 20 21 22 23
xF
SO2
04/01 1.4 1.3 1.3 1.2 1.1 1.2 1.2 1.2 1.3 1.3 1.3 1.3 1.3 1.3 1.3 1.3 1.3# 1.4 -0.1# 1.2# 1.3# 1.3 1.3 1.3
xF
SO2
04/02 1 0.8 0.8 0.8 0.8 0.8 0.8 0.9 1 0.9 1.1 1 0.9 0.9 0.9 0.9 1 0.9 0.9 0.9 0.9 0.9 0.9 0.9
xF
SO2
04/03 1 0.9 0.9 0.9 0.9 0.9 0.8 1 1 0.9 0.9 0.9 0.9 0.9 0.8 0.9 0.9 0.9 0.9 0.8 0.9 0.8 0.8 0.8
xF
SO2
04/04 0.9 0.9 0.9 0.9 0.9 0.9 1 1 1 1 1.1 1.2 1.2 1.2 1.2 1.2 1.1 1.2 1.3 1.2 1.3 1.2 1.1 1.1
xF
SO2
04/05 0.7 1 0.9 1 1.1 2.3 1.5 1.2 1.2 1.4 1.6 1.5 1.3 1.1 1.3 1.1 1.1 1.1 1 1 1 1 0.9 1
xF
SO2
04/06 1.2 1.2 1.2 1.2 1.2 1.2 1.2 1.2 1.2 1.3 1.3 1.3 1.4 1.4 2.2 1.5 1.7 1.8 2 1.7 1.5 1.5 1.4 1.2
xF
SO2
04/07 1.2 1.1 1 1.1 1 1 1.1 1.2 1.2 1.3 1.3 1.2 1.3 1.5 1.6 1.3 1.4 1.2 1.2 1.2 1.1 1.2 1.2 1.2
xF
SO2
04/08 1.3 1.3 1.1 1.1 1.1 1.1 1.1 1.2 1.2 1.4 1.4 1.6 1.7 1.5 1.4 1.4 1.4 1.3 1.4 1.4 1.4 1.8 1.7 1.3
xF
SO2
04/09 1.2 1.1 1 1.5 1.3 1.2 1.1 1.2 1.8 1.3 1.2 1.3 1.3 1.4 1.3 1.2 1.3 1.2 1.3 1.2 1.2 1.2 2 1.3
xF
SO2
04/10 0.9 1.5 1.5 1.6 1.6 2.3 1.9 1.6 2.2 2.5 2.5 2.3 2.2 1.7 1.7 1.6 1.7 1.7 1.6 1.5 1.5 1.5 1.4 1.5
xF
SO2
04/11 1.6 1.1 1 1.1 1.1 1.2 1.2 1.2 1.2 1.2 1.2 1.2 1.2 1.3 1.4 1.4 1.4 1.3 1.2 1.2 1.2 1.1 1.1 1.1
xF
SO2
04/12 1.2 1.1 1 1 1 1 1 1.1 1.1 1.1 1.2 1.1 1.2 1.1 1.1 1.1 1.1 1.2 1 1.1 1.1 1.1 1.1 1.1
xF
SO2
04/13 1.1 1.1 1.1 1.1 1 1.1 1.1 1.2 1.2 1.2 1.2 1.2 1.2 1.1 1.1 1.1 1.2 1.2 1.3 1.2 1.2 1.3 1.4 1.4
xF
SO2
04/14 1.2 1.4 1.4 1.4 1.4 1.3 1.3 1.3 1.3 1.4 1.4 1.5 2.2 1.7 1.5 1.3 1.4 1.3 1.3 1.3 1.3 1.2 1.2 1.2
xF
SO2
04/15 1.3 1# 1 1 1 1 1 1 1.1 1.1 1.1 1.2 1.1 1.2 1.2 1.1 1.2# 1.2# 1.1 1.1 1.1 1.1 1 1.2
xF
SO2
04/16 1.3 0.8 0.7 0.8 0.7 0.8 0.8 0.9 1 1 1.1 1.1 1 1.2 1 0.9 0.9 0.9 0.8 0.8 0.9 0.8 0.9 0.9
xF
SO2
04/17 0.7 1.4 1.3 1.2 1.3 1.2 1.3 1.3 1.2 1.3 1.3 1.4 1.4 1.3 1.2 1.2 1.2 1.3 1.3 1.2 1.2 1.2 1.2 1.2
xF
SO2
04/18 1.2 1.1 1.1 1.2 1.1 1.1 1.1 1.2 1.2 1.3 1.3 1.3 1.5 1.6 1.5 1.4 1.5 1.3 1.3 1.3 1.3 1.3 1.2 1.2
xF
SO2
04/19 1.4 1.2 1.2 1.2 1.2 1.1 1.1 1.2 1.2 1.4 1.3 1.3 1.3 1.3 1.2 1.3 1.4 1.8 1.6 1.5 3.2 1.9 1.5 1.4
xF
SO2
04/20 1.4 1.2 1.1 1 1 1 1 1 1.1 1.1 1.4 1.7 1.7 1.5 1.4 1.5 1.6 1.5 1.4 1.4 1.4 1.3 1.5 1.1
xF
SO2
04/21 1.3 1.2 1.2 1.2 1.2 1.2 1.2 1.3 1.2 1.2 1.3 1.5 1.4 1.2 1.3 1.3 1.4 1.4 1.4 1.3 1.3 1.7 2 1.4
xF
SO2
04/22 1.3 1.2 1.2 1.1 1.2 1.1 1.2 1.3 1.4 1.4 1.8 1.5 1.4 1.3 1.4 1.4 1.4 1.3 1.3 1.3 1.2 1.8 1.5 1.5
xF
SO2
04/23 1.3 0.9 0.9 0.9 0.9 0.9 1 1.1 1.2 1.1 1.2 1.2 1.2 1.4 2.1 1.9 1.6 1.5 1.3 1 1.1 1.2 1.2 1.2
xF
SO2
04/24 0.9 0.8 0.8 0.8 0.8 0.8 0.9 0.9 1.1 1.2 1.3 1.1 1.3 1.4 1.2 1.2 1.2 1.2 1.1 1.1 1.1 1 1 1
xF
SO2
04/25 1.2 1.2 1.1 1.1 1.1 1.1 1.2 1.2 1.3 1.4# 1.5 1.4 1.3 1.4 1.2 1.1# 1.2 1.2# 1.1# 1.8# NA 1.2 1.3 1.3
xF
SO2
04/26 1.3 1.4 1.3 1.4 1.3 1.3 1.3 1.4 1.6 1.5 1.6 1.6 1.6 1.6 1.5# 1.6# 1.5 1.5 1.4# 1.4# 1.2 1.3 1.2 1.3
xF
SO2
04/27 1.2 1.1 1.2 1.2 1.2 1.1 1 1.1 1.2 1.2 1.2 1.1 1.1 1 1 1 1 1 1 1 1 1.1 1.1 1
xF
SO2
04/28 1.1 1.1 1 1 1 1 1.1 1.5 1.4 1.2 1.1 1.1 1.1 1.1 1.3 1.3 1.8 1.4 1.6 1.5 1.5 1.3 1.3 1.2
xF
SO2
04/29 1.2 1.1 1.1 1.1 1.1 1.1 1.2 1.3 1.4 1.2 1.3 1.4 1.5 1.3 1.3 1.3 1.2 1.3 1.4 1.3 1.3 1.5 1.4 1.3
xF
SO2
04/30 1.2 1.5 1.4 1.5 1.5 1.4 1.6 1.6 1.8 1.8 1.7 1.6 1.5 1.6 1.5 1.5 1.6# 1.6 1.5 1.6 1.5 1.6 1.5 1.5
xF
SO2
菏代~るG2019/05A 代浮GOFA 代兜GSO2]ppb^
xF
SO2
ら戳 00 01 02 03 04 05 06 07 08 09 10 11 12 13 14 15 16 17 18 19 20 21 22 23
xF
SO2
05/01 1.5 1.5 1.2 1.1 1.1 1.3 1.2 1.1 1.2 1.2 1.3 1.2 1.1 1.1 1.1 1 1 1.1 1 1.1 1 1 1 1
xF
SO2
05/02 1 1.2 1.1 1.1 1.1 1.2 1.2 1.2 1.2 1.3 1.3 1.3 1.3 1.3 1.3 1.3 1.3 1.3 1.2 1.3 1.2 1.2 1.2 1.1
xF
SO2
05/03 1 1.1 1 1 1 1.1 1 1.1 1.1 1.2 1.1 1.1 1.1 1.1 1.1 1.2 1.2 1.2 1.1 1.2 1.3 1.2 1.1 1
xF
SO2
05/04 0.9 1 1 0.9 0.9 0.9 0.9 0.9 0.9 1 1 1.1 1.1 1.1 1.1 1.1 1.1 1 1.1 1.1 1 1 1 1
xF
SO2
05/05 1 1.4 1.3 1.3 1.3 1.3 1.3 1.4 1.4 1.5 1.5 1.5 1.6 1.5 1.5 1.4 1.6 1.8 1.5 1.5 1.4 1.4 1.3 1.3
xF
SO2
05/06 1.3 0.8 0.7 0.7 0.7 0.7 0.8 0.7 0.8 0.8 0.8 0.8 0.8 0.8 0.8 0.8 0.8 0.9 0.8 0.9 0.8 0.8 0.7 0.7
xF
SO2
05/07 0.7 1.1 1.1 1.1 1.1 1.1 1.1 1.2 1.2 1.2 1.2 1.3 1.2 1.1 1.2 1.2 1.3 1.3 1.2 1.2 1.2 1.2 1.1 1.1
xF
SO2
05/08 1.1 1 1 0.9 0.9 0.9 1 1 1 1.1 1 1 1 1 1.2 1.2 1.2 1.1 1.1 1.1 1.1 1.2 1.1 1.2
xF
SO2
05/09 1 1.4 1.3 1.2 1.3 1.2 1.3 1.3 1.3 1.4 1.4 1.4 1.4 1.4 1.3 1.4 1.4 1.4 1.4 1.3 1.3 1.3 1.3 1.3
xF
SO2
05/10 1.2 1 1 1 1 1 1 1.1 1.2 1.3 1.1 1.1 1.1 1.1 1.1 1.1 1 1.1 1.1 1.1 1.1 1 1.1 1.1
xF
SO2
05/11 0.9 1.4 1.3 1.3 1.4 1.3 1.4 1.4 1.4 1.4 1.4 1.4 1.5 1.6 1.5 1.4 1.4 1.8 1.5 1.4 1.4 1.4 1.4 1.4
xF
SO2
05/12 1.5 1.3 1.2 1.2 1.2 1.3 1.2 1.3 1.3 1.4 1.6 1.5 1.5 1.5 1.5 1.3 1.3 1.3 1.4 1.3 1.2 1.3 1.3 1.2
xF
SO2
05/13 1.2 1.3 1.3 1.3 1.3 1.3 1.3 1.4 1.4 1.4 1.5 1.6 1.5 1.6 1.4 1.3 1.4 1.4 1.3 1.4 1.4 1.4 1.3 1.4
xF
SO2
05/14 1.3 1.1 1 1 1 1 1 1 1.2 1.1 1.3 1.2 1.2 1.2 1.3 1 1.1 1.1 1.2 1.3 1.6 1.4 1.1 1.3
xF
SO2
05/15 1.1 1.2 1.1 1 1 1 1 1 1.2 1.1 1.1 1.1 1.1 1 1 1.1 1.1 1.2 1.1# 1# 1.1 1 1 1
xF
SO2
05/16 0.8 1.1 1 1 1 1.1 1.1 1.1 1.2 1.1 1.1 1.1 1.1 1.1 1 1.2 1.2 1.3 1.3 1.2 1.2 1.2 1.1 1.1
xF
SO2
05/17 1.3 1.2 1.1 1.1 1.1 1.2 1.2 1.2 1.2 1.2 1.3 1.2 1.2 1.3 1.4 1.5 1.4 1.3 1.4 1.4 1.6 1.6 1.4 1.3
xF
SO2
05/18 1.2 1.1 1 1 1 1 1 1.1 1.1 1.2 1.1 1.1 1.1 1.1 1.1 1.1 1.1 1.1 1.1 1.1 1.1 1.1 1.2 1.1
xF
SO2
05/19 0.9 1.2 1.2 1.1 1.1 1.1 1.2 1.2 1.3 1.4 1.3 1.4 1.3 1.4 1.5 1.4 1.3 1.3 1.4 1.3 1.4 1.3 1.3 1.3
xF
SO2
05/20 1.3 0.9 0.9 0.8 0.8 0.8 0.9 1 1.1 1.1 1.2 1.1 1 0.9 1 0.9 1 1 1.1 1 0.8 0.8 0.8 0.8
xF
SO2
05/21 0.8 1.2 1.2 1.2 1.2 1.2 1.2 1.3 1.4 1.4 1.4 1.6 1.5 1.5 1.5 1.5 1.6 1.5 1.6 1.4 1.4 1.3 1.3 1.5
xF
SO2
05/22 1.4 1.2 1.1 1.1 1 1 1.1 1.1 1.4 1.5 1.5 1.6 1.6 1.6 1.5 1.5 1.6# 1.6 1.2 1.1 1 1 1 0.9
xF
SO2
05/23 1.1 1.1 1 1 1 1 1.1 1.1 1.1 1.1 1.2 1.1 1.1 1.2 1.1 1.1 1.2 1.3 1.3 1.2 1.3 1.2 1.1 1.1
xF
SO2
05/24 0.9 1.5 1.4 1.5 1.5 1.5 1.5 1.5 1.6 1.6 1.6 1.6 1.6 1.6 1.7 1.6 1.6 1.7 1.6 1.6 1.5 1.5 1.5 1.4
xF
SO2
05/25 1.3 0.8 0.8 0.8 0.8 0.8 0.8 0.9 0.9 0.9 0.9 1 1 1 1 1 1 0.9 0.9 0.9 0.9 0.9 1 1
xF
SO2
05/26 1.2 1.1 1.1 1.2 1.1 1.2 1.2 1.2 1.2 1.2 1.4 1.4 1.4 1.2 1.5 1.3 1.3 1.3 1.2 1.1 1.1 1.1 1.1 1.2
xF
SO2
05/27 1 0.9 0.8 0.9 0.9 0.9 1 1 1.1 1 1 1.1 1 1.1 1.1 1.1 1.2 1.1 1 0.9 1.3 2.3 1.5 1.3
xF
SO2
05/28 1.1 0.9 0.9 0.8 0.8 0.8 0.8 0.8 0.9 0.8 0.8 0.8 0.8 0.9# 0.7 0.9 1.1 0.8 0.8 0.8 0.7 0.6 0.7 0.6
xF
SO2
05/29 0.7 0.7 0.7 0.6 0.6 0.6 0.6 0.7 0.7 0.8 0.8 0.8 0.7 0.7 0.6 0.6 0.8 0.7# 0.7# 0.7 0.7 0.7 0.6 0.6
xF
SO2
05/30 0.5 1 1 1 1 1 1 1 1.1 1.1 1.1 1.1 1 1.1 1.1 1.1 1.2 1.2 1.1 1.1 1.1 1.1 1.1 1