蔼动
O3
01/01 3 2.4 4 8.6 6 2.7 2.5 3.8 8.4 12 16 29 36 46 49 43 54 47 30 18 17 13 9.3 5.9
蔼动
O3
01/02 4.1 2.9 2.5 2.4 2.5 5.5 4.9 3.6 3.5 6.9 13 14 24 33 40 35 25 17 13 5.6 3.2 4 4.1 3.7
蔼动
O3
01/03 4.6 4.2 3.9 2.5 2.3 2.6 2.5 3 5.4 6 9.7 26 39 46 41# 34 32 15 11 3.9 3.6 2.8 2.6 2.6
蔼动
O3
01/04 2.3 2.7 2.3 2.5 2.4 2.7 2.7 3.6 5 14 24 36 44 51 44 46 50 37 20 15 14 4.2 3.1 6
蔼动
O3
01/05 8.3 8.8 11 16 10 4.3 3.4 6.2 19 46 37 22 27 42 48 38 33 32 31 21 10 14 8.4 3.1
蔼动
O3
01/06 3.5 2.7 2.6 4.7 3.4 2.8 2.1 3.2 8.7 12 19 29 38 53 66 63 45 45 42 32 23 19 13 7.7
蔼动
O3
01/07 4 8 12 6.1 3.3 4.1 2.9 3.8 5.4 15 28 36 55 56 53 55 53 43 3.8 11 11 11 12 12
蔼动
O3
01/08 4.3 2.9 4.9 5.3 2.4 3.7 2.6 3.5 11 22 33 37 55 59 37 40 46 29 12 14 15 5.4 2.7 5.3
蔼动
O3
01/09 6.3 8.9 6.8 5.3 4.6 5.9 4.2 5.5 9.3 11 34 30 59 75 79 62 46 43 35 31 20 19 16 8.2
蔼动
O3
01/10 7.8 2.9 2.7 3.2 6.6 2.8 2.5 4 8.1 25 27 46 69 65 55 57 57 47 32 14 12 5.5 2.7 2.6
蔼动
O3
01/11 2.7 2.5 7.7 11 9.2 2.7 2.4 3.6 14 40 49 48# 77 90 78 75 62 43 31 19 23 5.4 4.8 8.1
蔼动
O3
01/12 12 10 19 19 26 20 4.9 7.8 23 27 39 26 78 55 47 53 57 45 35 32 19 11 6.9 6
蔼动
O3
01/13 3.8 2.6 3.8 2.8 2.5 2.7 2.5 4.4 6.8 16 30 48 44 51 55 52 51 51 37 27 24 14 7.6 5.6
蔼动
O3
01/14 2.8 2.5 2.6 5.3 6.8 5.1 2.5 3.2 6.1 18 29 29 55 68 68 71 64 51 51 38 21 5.8 2.6 2.7
蔼动
O3
01/15 2.6 2.6 2.8 5.7 3.3 3.2 2.8 3.1 4.4 10 19 29 62 67 75 70 54 53 31 15 4.7 5.9 10 8.1
蔼动
O3
01/16 11 10 5.3 13 13 8.3 8.7 3.7 6.9 6.5 14 19 24 32 33 31 21 14 7.1 11 11 13 12 5.4
蔼动
O3
01/17 7.9 9 4.1 6.3 12 11 4.5 2.9 4.6 9 13 19 31 40 44 44 40 25 24 21 12 7.7 9.2 11
蔼动
O3
01/18 11 13 6.2 6.6 5.4 3.1 2.7 4.3 12 22 34 39 54 49 57 63 62 56 63 61 52 28 17 15
蔼动
O3
01/19 27 27 28 27 27 10 2.9 4.8 7.2 13 29 48 59 64 58 51 50 40 33 37 43 43 41 38
蔼动
O3
01/20 37 37 36 30 30 23 14 19 21 24 27 44 58 53 47 65 64 47 37 21 22 14 11 9.9
蔼动
O3
01/21 7.1 2.8 5.8 13 16 22 21 14 9.9 12 8.6 19 18 22 27 26 21 24 20 14 15 11 6.3 4.4
蔼动
O3
01/22 6.9 13 18 23 21 13 10 10 13 19 27 37 44 44 42 44 43 35 29 26 22 18 17 17
蔼动
O3
01/23 10 5.9 13 14 17 2.8 2.9 3.6 7.2 13 22 37 41 51 56 65 67 60 46 38 40 26 20 22
蔼动
O3
01/24 14 11 25 20 12 3.3 3.2 3.8 6.2 21 34 52 69 77 70 60# 61 59 44 28 12 18 16 6
蔼动
O3
01/25 6.5 9.2 8.3 6.9 3.3 3.4 5.7 4.8 15 24 51 60 77 81 69 70 79 70 49 39 39 27 10 5.5
蔼动
O3
01/26 6.3 6.3 9.5 15 5.6 7.8 8.4 5.8 6.5 12 21 29 41 55 62 58 51 43 37 31 27 22 17 16
蔼动
O3
01/27 17 20 19 16 15 14 6.2 5 8.7 12 21 28 47 54 58 59 60 56 53 47 27 11 6.7 3.9
蔼动
O3
01/28 5.9 6.9 5.7 5.4 5.1 2.9 2.8 3.6 8.2 31 49 43 62 57 63 58 51 45 43 35 16 10 5.9 4.7
蔼动
O3
01/29 12 21 31 33 34 35 23 16 25 33 50 60 NA 121# 1.9# 71 65 56 54 28 12 7.8 5.3 4.1
蔼动
O3
01/30 6.7 20 29 27 29 27 21 13 23 39 48# 45 68 81 68 63 56# 54 55 36 31 41 48 17
蔼动
O3
01/31 28 34 38 37 37 33 25 12 14 25 35 50 67 78 68 60 51 50 46 35 29 32 30 19
蔼动
O3
菏代~るG2019/02A 代浮Gp翠A 代兜GO3]ppb^
蔼动
O3
ら戳 00 01 02 03 04 05 06 07 08 09 10 11 12 13 14 15 16 17 18 19 20 21 22 23
蔼动
O3
02/01 24 28 25 19 17 10 9.6 10 13 23 31 42 55 59 60 64 64 61 62 53 35 22 9.6 7
蔼动
O3
02/02 12 11 3.8 2.9 2.8 3.1 2.9 4.9 22 23 36 63 80 89 95 89 76 69 59 48 36 25 21 11
蔼动
O3
02/03 27 35 31 27 36 27 11 19 30 37 31 31 34 33 35 37 35 32 30 26 19 15 13 25
蔼动
O3
02/04 19 13 14 14 16 13 9.7 9.1 19 27 28 25 35 41 53 52 41 32 32 31 27 22 11 24
蔼动
O3
02/05 20 11 9.1 10 13 12 15 14 23 19 30 38 45 53 58 40 46 46 50 42 28 33 31 31
蔼动
O3
02/06 35 32 29 26 16 17 23 21 30 36 42 34 50 57 54# 61 62 58 48 42 39 33 28 23
蔼动
O3
02/07 26 23 24 23 23 19 13 17 27 40 47 50 51 50 49 50 43 45 44 47 38 34 36 30
蔼动
O3
02/08 26 26 30 26 34 9.7 7.4 7.1 18 30 36 44 66 63 67 67 58 53 47 39 36 26 20 27
蔼动
O3
02/09 20 20 17 23 24 15 16 15 25 39 53 59 58 64 63 60 58 50 40 38 27 22 15 12
蔼动
O3
02/10 14 13 13 17 15 7.6 7.9 9.6 14 22 43 59 64 58 61 53 53 46 41 35 27 26 21 19
蔼动
O3
02/11 11 5.7 12 12 16 10 6.5 6.3 8.2 15 22 25 52 57 55 59 49 45 40 32 28 24 14 9.1
蔼动
O3
02/12 5.6 4 4.1 3.3 11 10 4 6.4 12 29 49 34 54 61 60 52 44 49 39 28 15 9.1 9.6 7.6
蔼动
O3
02/13 6 9.9 11 16 16 13 6.8 4.7 15 38 47# 393# 149# 62# 59 54 45 29 23 30 27 16 19 21
蔼动
O3
02/14 20 16 9.1 5.6 7.7 3 2.8 6.3 12 25 47 60 70 71 56 51 40 34 31 24 20 12 15 19
蔼动
O3
02/15 26 24 14 8.5 4 3 2.6 4.6 12 18 28 30 39 63 63 56 53 39 36 30 27 18 15 19
蔼动
O3
02/16 18 9 11 9.7 6.6 4.6 3 7.2 21 31 41 44 49 47 46 42 38 43 42 36 26 15 8.8 17
蔼动
O3
02/17 17 16 12 13 14 14 6.1 7.9 21 40 52 55 60 63 59 60 61 58 50 41 36 33 30 27
蔼动
O3
02/18 29 27 26 22 23 16 9.2 7 18 33 34 42 60 59 55 26 20 21 19 15 18 18 21 28
蔼动
O3
02/19 27 24 20 17 19 14 3.6 3.5 6.1 16 21 33 32 31 29 28 25 19 24 19 21 18 20 13
蔼动
O3
02/20 11 8.1 17 12 12 3.5 2.7 4.2 7# NA 7.7x 18 20 17 18 18 18 17 11 15 21 16 15 8.8
蔼动
O3
02/21 17 13 11 8.9 7.4 6.4 3.6 3.3 14 25 30 26 29 27 25 27 22 21 27 24 28 23 21 27
蔼动
O3
02/22 9.5 13 10 10 2.9 2.8 2.9 5.2 13 26 37 51 59 58 52 50 47 39 32 27 21 21 17 17
蔼动
O3
02/23 18 8.3 12 10 13 18 5.8 7.6 14 15 27 56# 65 60 58 61 64 57 52 44 37 33 15 3.2
蔼动
O3
02/24 3.1 3.1 3 3.5 8.8 3.3 5 11 17 20 24 36 46 62 60 56 41 30 27 26 33 24 19 20
蔼动
O3
02/25 17 13 14 17 18 8 4.7 6.7 14 21 34 49 57 65 65 57 56 56 51 43 31 34 31 27
蔼动
O3
02/26 26 21 20 14 16 5.5 5.8 4.3 19 30 44 43 65 64 58 51 58 53 38 51 51 53 42 30
蔼动
O3
02/27 29 41 26 26 20 7.1 8.9 6.6 20 31 51 61 69 73 62 67 63 52 43 50 53 44 36 18
蔼动
O3
02/28 34 29 35 29 36 33 33 30 29 40 56 60 70 67 55 48 47 54 48 38 31 30 30 25
蔼动
O3
菏代~るG2019/03A 代浮Gp翠A 代兜GO3]ppb^
蔼动
O3
ら戳 00 01 02 03 04 05 06 07 08 09 10 11 12 13 14 15 16 17 18 19 20 21 22 23
蔼动
O3
03/01 21 11 11 8.3 11 5 5.2 6.1 11 15 33 55 69 68 61 56 53 50 43 39 30 21 22 23
蔼动
O3
03/02 18 17 21 15 13 7.1 3.4 11 24 33 25 44 58 58 61 54 29 32 33 35 32 33 30 22
蔼动
O3
03/03 13 6.9 12 12 14 17 8.2 16 20 24 28 26 27 29 40 42 42 36 29 23 20 13 6 27
蔼动
O3
03/04 37 20 23 22 20 14 7.7 5.9 12 7.3 22 42 61 61 63 65 56 49 46 48 51 41 43 21
蔼动
O3
03/05 24 43 38 47 39 36 25 21 27 30 39 42 33 28 31 31 23 20 25 20 19 25 25 14
蔼动
O3
03/06 16 7.6 5.3 16 11 13 8.2 12 17 28 33 42 50 52 54 59 59 54 43 43 34 26 23 23
蔼动
O3
03/07 20 15 19 15 7.6 8.9 3.2 3.7 5.1 7 17 22 26 32 30 21 12 5.2 4.5 11 6 3.2 4.1 9.2
蔼动
O3
03/08 12 13 19 15 9 6.7 5.5 4.6 3.5 5.1 7.6# 9.3# 15 30 40 43 30 19 14 5.9 14 10 14 11
蔼动
O3
03/09 12 7.3 6.7 8.5 9.8 7.5 4.2 7.6 8.6 9.8 24 28 33 32 32 38 32 29 36 29 23 14 12 6.4
蔼动
O3
03/10 3.5 3.1 8 12 35 36 32 12 7.8 16 24 41 49 52 56 53 46 31 28 31 26 30 28 27
蔼动
O3
03/11 20 25 22 22 19 11 15 6.1 9 16 23 28 49 49 50 37 23 13 3.8 2.9 3.1 2.8 2.6 5
蔼动
O3
03/12 2.8 2.8 2.9 2.9 3 3.2 2.9 3.7 7.7 20 46 55 67 76 80 73 65 56 55 56 57 52 48 43
蔼动
O3
03/13 33 31 40 45 43 34 19 9.4 34 51 64 68 83 76 79 75 67 60 60 60 51 45 26 20
蔼动
O3
03/14 17 27 32 23 21 35 36 26 27 31 60 74 75 70 69 69 68 55 60 54 41 38 37 37
蔼动
O3
03/15 33 37 32 33 30 36 21 10 18 28 37 45 52 53 44 39 42 26 28 26 19 13 9.7 2.9
蔼动
O3
03/16 8.9 13 9.5 40 37 9.8 8.7 16 25 39 53 52 51 60 68 66 67 62 61 57 56 54 42 46
蔼动
O3
03/17 39 29 24 23 23 25 23 29 37 49 52 69 74 70 71 66 63 65 54 63 57 35 28 18
蔼动
O3
03/18 24 27 23 14 18 14 4.5 11 29 47 51 62 59 47 37 31 34 32 32 30 23 15 31 27
蔼动
O3
03/19 28 23 38 36 26 18 7.2 10 21 33 44 41 75 82 85 75 70 74 68 59 58 56 49 36
蔼动
O3
03/20 20 10 4.9 12 18 7.5 7.7 7.9 30 43 55 58 44 25 21 15 16 9.7 13 15 13 8.2 9 9.4
蔼动
O3
03/21 14 12 6.8 3.1 6.6 7.3 5.7 8.8 18 13 11 28 47 33 15# 19 18 16 14 15 13 12 13 14
蔼动
O3
03/22 9.8 8.1 9.4 10 6.6 3 3.1 8.4 20 28# 28 23 27 28 32 39 27 26 26 20 23 26 23 23
蔼动
O3
03/23 18 10 6.1 5.1 6.9 5 3.4 7.8 10 6.6 6.6 11 10 12 14 16 13 4.7 3.2 5.5 12 9.4 14 15
蔼动
O3
03/24 19 18 14 13 9.6 6.6 6.1 5.6 8 16 26 35 41 46 43 29 31 25 20 14 12 2.9 2.5 8
蔼动
O3
03/25 9.5 11 11 9 13 6.5 4.2 7.7 20 34 41 57 71 75 70 63 62 48 32 17 9.1 7.7 2.8 4.9
蔼动
O3
03/26 5.3 7.3 7.7 2.6 6.5 2.9 3.8 9.6 22 36 48 52 54 57 53 47 51 51 54 48 47 40 45 38
蔼动
O3
03/27 30 35 29 20 24 15 12 17 32 39 31 72 77 75 59 40 29 28 30 25 27 28 27 18
蔼动
O3
03/28 20 21 16 10 7 7.8 11 15 18 23 26 23 31 37 34 29 24 17 19 20 15 9.5 15 18
蔼动
O3
03/29 17 19 17 14 5 3.5 3.7 9.3 16 24 29 27 29 27 30 26 22 25 25 21 26 30 29 28
蔼动
O3
03/30 24 32 34 33 33 17 16 22 28 37 35 41 58 63 60 51 47 48 51 51 54 52 48 35
蔼动
O3
03/31 34 34 34 37 49 33 39 44 51 36 51 57 74 77 73 77 72 70 64 60 52 45 40 33
蔼动
O3
菏代~るG2019/04A 代浮Gp翠A 代兜GO3]ppb^
蔼动
O3
ら戳 00 01 02 03 04 05 06 07 08 09 10 11 12 13 14 15 16 17 18 19 20 21 22 23
蔼动
O3
04/01 28 26 27 30 28 26 19 15 16 24 33 55 65 65 42 39 28 21 19 26 14 3.4 4.8 3.4
蔼动
O3
04/02 3.8 7.3 8.5 7.5 7.1 8.3 6.1 13 24 29 45 45 55 57 60 55 57 55 54 50 53 54 48 42
蔼动
O3
04/03 44 29 28 29 20 14 8.9 20 34 32 45 61 78 77 68 40# 47 44 40 28 22 18 14 24
蔼动
O3
04/04 21 12 12 17 7.9 4.3 5.8 15 26 35 49 54 61 62 64 56 47 45 49 56 50 37 27 27
蔼动
O3
04/05 33 25 32 28 33 27 29 22 31 44 59 62 70 61 69 71 68 66 62 58 55 49 43 41
蔼动
O3
04/06 44 44 42 37 32 26 31 36 46 45 55 57 61 68 70 60 55 52 46 33 38 48 45 53
蔼动
O3
04/07 48 47 42 44 30 19 20 26 47 56 64 66 62 63 69 65 67 65 63 64 61 63 52 62
蔼动
O3
04/08 63 61 45 25 26 25 20 23 38 40 50 62 75 61 53 45 43 40 39 38 35 34 34 31
蔼动
O3
04/09 30 31 22 18 21 6.9 8.6 13 19 24 23 21 19 22 19 15 16 16 13 8.6 11 14 10 8.7
蔼动
O3
04/10 5 2.9 1.6 2.4 7.3 2.9 3 5.7 13 18 27 29 28 24 18 14 15 11 13 7.1 2.2 2.3 7.1 13
蔼动
O3
04/11 12 9.4 6.8 9.2 5.7 3.9 4 7.6 15 22 22 28 32 30 32 31 32 27 29 20 19 18 8.9 15
蔼动
O3
04/12 14 12 13 18 17 14 9.1 6 17 28 38 45 56 64 67 62 59 57 55 44 46 43 34 24
蔼动
O3
04/13 30 37 33 27 12 21 28 25 35 55 67 70 76 71 72 68 61 58 48 38 33 30 21 17
蔼动
O3
04/14 33 54 39 35 17 22 15 26 46 46 43 60 65 58 62 49 44 36 36 44 33 27 18 8.6
蔼动
O3
04/15 23 22 23 20 13 12 9.8 7.5 8.6 26 37 41 54 57 56 57 57 53 58 50 57 54 56 55
蔼动
O3
04/16 55 49 43 50 29 10 13 12 9.7 13 35 38 46 31 38 38 35 25 24 26 11 14 26 27
蔼动
O3
04/17 22 27 26 26 34 28 20 22 26 40 57 65 81 68 65 70 66 57 47 47 53 44 47 43
蔼动
O3
04/18 49 52 55 48 41 33 42 53 60 48 57 68 81 74 64 63 64 61 67 52 31 35 19 20
蔼动
O3
04/19 43 28 37 38 40 35 41 30 26 27 35 30 32 19 19# 35 28 39 23 5.7 8.3 25 37 23
蔼动
O3
04/20 39 25 25 22 23 19 9.2 12 22 44 49 53 41 34 39 38 33 47 26 34 52 54 51 49
蔼动
O3
04/21 40 34 28 20 13 7.7 5.3 5.6 9.9 13 16 25 13 18 33 29 24 26 23 18 20 20 20 19
蔼动
O3
04/22 23 22 15 13 12 9.5 5.3 7.3 18 25 30 33 27 25 22 20 18 13 16 14 16 17 16 12
蔼动
O3
04/23 14 15 4 2.4 9 7.6 3.4 10 20 14 19 28 24 20 23 22 19 17 17 12 18 16 12 7.4
蔼动
O3
04/24 12 11 8 3.7 2.9 3.2 5.7 18 22 22 25# 17# 390# 24# 20 11 13 11 12 13 12 12 11 12
蔼动
O3
04/25 15 13 13 5 2.5 3.5 3.5 7.9 18 19 22# 25 27 21 23 22 21 18 14 12 6.7 6.1 12 4.8
蔼动
O3
04/26 8.7 9.5 3.7 4.8 5.7 4.1 5.7 9.2 18 21 29 32 47 26 23 24 23 22 24 20 22 16 24 24
蔼动
O3
04/27 10 14 16 18 13 8 8.2 8.5 13 13 28 31 44 49 59 81 69 61 57 51 48 42 36 31
蔼动
O3
04/28 25 21 20 25 25 19 17 22 32 38 48 58 58 56 52 47 45 43 31 26 24 12 8.2 13
蔼动
O3
04/29 15 14 15 14 11 15 11 16 24 23 21 9.6# 19 15 12 11 7.9 13 14 12 13 18 20 22
蔼动
O3
04/30 24 24 17 22 25 24 23 24 19 24 23 27 28 26 27 24 19 21 19 17 18 15 10 8.2
蔼动
O3
菏代~るG2019/05A 代浮Gp翠A 代兜GO3]ppb^
蔼动
O3
ら戳 00 01 02 03 04 05 06 07 08 09 10 11 12 13 14 15 16 17 18 19 20 21 22 23
蔼动
O3
05/01 9.3 9.7 23 18 21 16 13 13 14 7.9 16 20 24 28 27 12 27 33 40 35 29 27 32 41
蔼动
O3
05/02 41 18 16 12 8.2 22 10 10 27 31 34 44 53 56 61 56 51 31 27 21 34 30 30 32
蔼动
O3
05/03 32 34 30 24 14 21 16 20 23 29 47# 75# 73 74 63 50 44 43 39 32 28 19 20 21
蔼动
O3
05/04 28 53 51 43 45 36 27 28 23 9.9 29 46 55 57 55 58 54 40 42 38 31 25 18 13
蔼动
O3
05/05 25 33 30 28 25 19 16 17 43 49 47 62 74 64 64 66 61 58 50 48 38 32 29 37
蔼动
O3
05/06 33 38 39 38 34 33 18 9.9 12 11 16 24 30 29 22 26 21 13 14 20 20 19 23 21
蔼动
O3
05/07 15 13 7.9 8.5 14 11 7.9 6.4 5 13 15# 22 37 38 47 36 27 29 17 8.2 5 2.8 3.2 11
蔼动
O3
05/08 19 22 21 21 14 7.3 4.3 5.6 8.8 20 39 60 45 47 67 71 57 50 46 39 36 31 23 24
蔼动
O3
05/09 21 20 21 5.2 6.6 4.2 11 12 21 20 31 42 40 49 40A 51 43 74 60 52 43 33 28 21
蔼动
O3
05/10 18 16 17 20 17 12 8.4 4.6 7.4 17 22 39 70 58 54 57 63 54 43 33 32 30 16 14
蔼动
O3
05/11 14 19 12 14 13 14 11 15 28 47 55 67 62 65 88 58 47 46 57 55 45 32 32 20
蔼动
O3
05/12 37 32 24 22 20 18 17 24 36 44 50 49 61 59 65 68 66 61 55 50 42 33 32 26
蔼动
O3
05/13 38 37 31 23 22 18 11 24 43 48 50 44# 72# 39# 37 40 32 30 26 13 5.2 14 30 12
蔼动
O3
05/14 24 20 16 6.8 6.4 6.7 11 20 36 28 28 28 33 38 37 33 27 25 24 23 22 11 9.9 10
蔼动
O3
05/15 12 8.8 7.7 13 5.4 6.9 9.3 7.2 8.3 10 11 23 23 21 19 11 7.9 10 5.3 3.7 8.5 3.3 3.4 13
蔼动
O3
05/16 12 5.2 4.9 6.3 6.6 13 10 13 17 21 24 22 20 20 19 16 15 14 11 9.6 11 11 12 13
蔼动
O3
05/17 6.1 6.7 6.6 6.5 6.1 4.1 4 7.8 15 17 18# 15# 15# 17 17 18 16 14 13 10 10 4.6 8.7 13
蔼动
O3
05/18 6 4.9 9.6 12 11 12 8 12 15 14 15 17 16 15 15 16 16 10 13 13 13 6.3 9.7 11
蔼动
O3
05/19 14 15 14 11 10 11 13 20 25 25 22 27 27 26 22 23 22 18 18 17 6.8 8.6 9 4.1
蔼动
O3
05/20 6.5 6 6.8 7 6.8 4.5 4.3 4.9 9.4 17 15 20 24 21 18 15 34 48 43 37 25 16 16 20
蔼动
O3
05/21 20 29 34 30 24 17 12 11 15 12 17 18 30 19 52 57 51 30 26 39 51 51 54 55
蔼动
O3
05/22 58 58 64 56 49 35 58 54 53 53 62 70 82 72 91 91 72 66 66 63 54 36 23 30
蔼动
O3
05/23 31 23 24 35 34 30 26 29 41 49 56 69 81 74 92 86 78 52 34 62 46 43 53 49
蔼动
O3
05/24 31 39 38 28 20 26 26 27 21 41 53 56 51 48 52 62 58 43 41 39 38 37 35 36
蔼动
O3
05/25 43 39 30 24 21 22 19 24 41 31 60 77 69 71 62 56 61 68 59 43 36 33 29 33
蔼动
O3
05/26 29 29 22 22 23 18 17 19 30 40 52 62 68 40 40 34 30 25 24 23 22 12 12 26
蔼动
O3
05/27 27 31 30 21 15 21 23 13 9.3 6.6 5.9 11 16 22 22 29 29 9.6 6.3 4.8 3.5 9.1 11 12
蔼动
O3
05/28 8.5 9.5 8.5 4.4 3.8 4.6 6.2 14 13 8.8 25# 25 20 14 22 25 18 13 2.2 7.5 4.5 4.9 8.5 11
蔼动
O3
05/29 11 11 10 9.1 8.4 6.5 8.5 16 17 25 26 25 28 48 62 60 52 42 37 33 36 39 36 40
蔼动
O3
05/30 22 24 28 19 11 13 14 22 35 29 69 80 68 58 59 53 52 45 40 37 32 18 21 19