蔼动
PM10
01/01 54 48 43 46 42 43 45 47 43 53 61 72 67 64 79 53 55 59 71 76 92 89 79 72
蔼动
PM10
01/02 71 53 53 52 46 50 43 58 68 79 95 109 99 83 69 90 96 85 83 79 73 67 62 56
蔼动
PM10
01/03 52 50 46 49 48 50 47 72 66 82 80 73 71 55 1000# 55 61 62 67 73 73 78 78 79
蔼动
PM10
01/04 73 60 57 63 62 71 78 88 95 97 77 55 60 50 1000# 63# 63 59 74 76 67 75 83 80
蔼动
PM10
01/05 113 82 80 70 65 81 76 81 81 64 63 41 33 55 63 42 49 49 47 51 59 62 50 60
蔼动
PM10
01/06 90 83 89 83 79 65 73 71 56 57 56 58 43 49 63 73 75 80 82 78 82 76 70 70
蔼动
PM10
01/07 74 66 56 51 61 61 69 77 86 79 78 100 82 62 59 62 64 58 78 81 83 90 75 76
蔼动
PM10
01/08 88 88 89 89 97 105 103 100 88 74 86 95 89 90 91 59 58 72 77 80 68 87 85 91
蔼动
PM10
01/09 76 57 50 52 51 47 52 57 69 86 69 108 110 103 90 93 97 103 99 99 113 97 95 88
蔼动
PM10
01/10 91 86 87 88 74 78 77 109 116 131 141 100 100 86 87 86 68 70 83 109 116 109 115 113
蔼动
PM10
01/11 119 110 107 108 112 115 105 123 111 80 80# 1000# 99 102 70 80 58 55 45 71 54 53 61 57
蔼动
PM10
01/12 63 68 78 95 89 71 79 82 78 73 53 97 95 81 88 59 54 61 68 66 61 58 61 86
蔼动
PM10
01/13 85 70 91 68 64 56 57 51 58 58 65 70 79 83 79 91 95 96 98 123 113 104 119 111
蔼动
PM10
01/14 99 84 73 70 63 52 52 75 72 75 80 125 94 80 63 70 64 66 71 77 91 100 111 112
蔼动
PM10
01/15 112 101 88 85 89 83 73 97 113 116 110 120 96 91 94 1000# 89 88 85 95 106 116 116 114
蔼动
PM10
01/16 117 104 97 81 70 76 68 59 52 66 58 60 54 61 58 54 68 76 54 42 31 28 18 31
蔼动
PM10
01/17 44 44 42 32 26 26 32 40 38 35 54 56 56 53 51 56 60 70 67 67 67 68 63 68
蔼动
PM10
01/18 75 73 81 74 77 72 75 81 76 82 59 68 61 57 63 66 54 54 54 59 57 81 82 89
蔼动
PM10
01/19 81 82 84 77 67 73 76 92 95 100 89 55 56 60 99 94 79 62 61 66 77 73 71 78
蔼动
PM10
01/20 70 35 48 38 35 34 27 33 53 67 69 82 82 69 52 87 93 90 78 95 127 141 145 130
蔼动
PM10
01/21 127 128 117 101 74 60 51 56 63 62 69 62 57 60 74 78 68 77 95 94 75 65 60 61
蔼动
PM10
01/22 56 53 60 49 47 54 61 67 61 84 80 70 69 72 87 81 69 76 76 86 86 84 76 72
蔼动
PM10
01/23 86 76 81 82 74 84 84 88 97 115 96 87 100 63 66 82 84 87 93 101 87 104 106 108
蔼动
PM10
01/24 120 120 109 115 123 120 119 122 108 84 73 84 96 75 1000# 66 75 67 77 92 113 122 114 121
蔼动
PM10
01/25 128 115 112 121 106 94 82 93 89 79 88 78 111 95 88 62 64 73 78 97 92 107 122 124
蔼动
PM10
01/26 138 140 133 129 122 110 101 101 99 98 101 96 88 69 84 132 229 253 268 218 168 137 111 94
蔼动
PM10
01/27 75 60 49 55 53 54 56 59 70 77 98 119 106 79 75 67 69 78 80 82 90 110 110 101
蔼动
PM10
01/28 102 100 97 94 96 85 91 101 117 99 92 130 80 82 146 69 51 55 53 56 58 75 87 85
蔼动
PM10
01/29 101 96 73 64 43 42 49 53 52 74 64 68 58 61 1000# 43# 51 52 49 60 89 103 107 106
蔼动
PM10
01/30 105 104 91 81 67 67 64 80 74 100 67 86 104 97 74 57 77 58 52 43 39 38 34 70
蔼动
PM10
01/31 89 84 74 68 60 50 44 42 50 55 72 45 65 57 86 58 38 64 46 47 46 58 61 53
蔼动
PM10
菏代~るG2019/02A 代浮Gp翠A 代兜GPM10]gg/m3^
蔼动
PM10
ら戳 00 01 02 03 04 05 06 07 08 09 10 11 12 13 14 15 16 17 18 19 20 21 22 23
蔼动
PM10
02/01 55 53 64 68 77 79 67 60 69 70 70 70 66 64 65 78 88 76 77 78 99 118 121 118
蔼动
PM10
02/02 108 99 91 90 92 95 102 106 112 119 114 108 90 90 85 72 62 59 56 65 74 85 94 105
蔼动
PM10
02/03 97 91 88 79 65 60 67 56 61 72 126 126 85 85 53 49 48 43 36 33 56 30 33 25
蔼动
PM10
02/04 42 45 36 31 26 30 27 26 25 32 34 44 27 42 57 52 40 22 16 52 32 55 61 81
蔼动
PM10
02/05 78 80 81 79 72 78 60 52 55 57 51 48 43 38 44 50 61 54 53 61 72 83 93 89
蔼动
PM10
02/06 89 86 80 74 78 66 57 66 61 62 58 48 34 39 1000# 61# 61 59 49 44 45 50 58 57
蔼动
PM10
02/07 76 79 61 47 41 33 34 32 33 52 40 30 19 18 24 21 25 29 28 32 31 46 45 48
蔼动
PM10
02/08 52 57 48 50 62 69 84 88 76 56 66 76 74 52 48 46 38 39 44 51 55 50 49 49
蔼动
PM10
02/09 58 55 55 49 50 53 53 49 46 43 43 51 42 40 42 40 38 37 47 54 52 54 53 50
蔼动
PM10
02/10 45 41 38 45 39 46 53 45 55 56 82 42 55 54 51 47 52 54 54 55 65 60 57 55
蔼动
PM10
02/11 64 59 51 53 52 55 54 58 59 71 75 87 66 46 52 77 102 106 99 105 91 76 81 63
蔼动
PM10
02/12 59 52 48 52 52 42 41 62 75 81 76 1000# 61 57 64 58 53 52 53 57 70 55 51 54
蔼动
PM10
02/13 79 69 74 69 68 69 73 84 88 75 47 65 59 59 1000# 52 54 46 42 32 25 19 19 33
蔼动
PM10
02/14 64 72 67 68 73 76 74 72 74 73 56 59 75 64 60 60 53 42 51 55 63 70 72 65
蔼动
PM10
02/15 66 75 85 85 84 89 90 99 94 83 88 49 40 44 47 42 48 33 36 39 41 49 56 59
蔼动
PM10
02/16 61 54 25 26 34 34 51 61 54 53 42 53 40 37 23 28 37 38 66 77 72 73 80 79
蔼动
PM10
02/17 71 68 65 63 60 51 51 54 58 56 45 67 57 42 38 65 69 58 60 60 47 54 55 48
蔼动
PM10
02/18 36 30 32 40 43 53 56 74 71 70 84 68 70 51 42 37 68 94 57 59 40 44 54 28
蔼动
PM10
02/19 31 25 20 20 28 35 38 62 65 51 55 53 41 34 28 29 30 30 23 20 20 20 25 27
蔼动
PM10
02/20 26 34 35 35 41 33 44 50 NA NA 1000# 89 33 37 52 37 35 24 23 20 14 15 14 18
蔼动
PM10
02/21 21 26 50 43 42 33 26 50 40 28 42 37 46 39 53 42 57 23 21 20 21 14 20 13
蔼动
PM10
02/22 39 40 42 35 54 83 64 62 53 43 65 81 75 91 53 56 52 60 53 48 52 53 50 55
蔼动
PM10
02/23 56 55 53 52 47 54 49 68 75 91 91 1000# 43# 37# 40 45 53 60 67 79 79 84 84 86
蔼动
PM10
02/24 87 69 64 66 76 58 74 70 77 76 84 75 65 62 67 53 48 42 24 21 13 13 19 19
蔼动
PM10
02/25 19 33 28 25 13 22 29 41 46 53 48 38 47 44 47 71 71 74 66 67 74 80 81 74
蔼动
PM10
02/26 79 80 80 86 84 84 89 104 95 102 77 100 95 55 47 1000# 57 47 50 53 50 49 58 71
蔼动
PM10
02/27 85 57 65 63 60 77 67 87 74 86 80 87 100 62 58 52 60 58 57 62 59 64 71 67
蔼动
PM10
02/28 51 57 66 66 67 67 56 55 64 68 49 74 67 62 75 61 85 50 56 70 60 53 53 57
蔼动
PM10
菏代~るG2019/03A 代浮Gp翠A 代兜GPM10]gg/m3^
蔼动
PM10
ら戳 00 01 02 03 04 05 06 07 08 09 10 11 12 13 14 15 16 17 18 19 20 21 22 23
蔼动
PM10
03/01 68 71 71 66 68 74 71 74 74 119 89 76 53 62 51 50 69 50 53 52 65 75 77 84
蔼动
PM10
03/02 91 91 95 104 116 109 109 105 119 84 95 78 61 58 65 64 62 73 24 26 23 19 22 37
蔼动
PM10
03/03 44 49 33 33 38 40 51 38 32 31 27 29 29 21 24 45 29 25 23 25 24 30 35 24
蔼动
PM10
03/04 13 21 28 32 37 44 44 63 55 88 71 32 38 29 24 39 38 36 31 30 28 22 31 52
蔼动
PM10
03/05 68 59 67 57 58 49 51 64 62 65 69 112 146 147 104 99 136 102 67 68 59 43 39 74
蔼动
PM10
03/06 82 64 63 69 64 51 46 48 50 49 41 38 31 22 25 36 31 42 59 53 36 36 34 39
蔼动
PM10
03/07 34 50 40 42 42 46 54 72 79 76 60 62 56 37 31 36 33 40 38 28 31 35 37 44
蔼动
PM10
03/08 43 32 20 26 41 37 44 52 44 35 1000# 38# 34 19 18 29 42 45 41 53 49 61 58 58
蔼动
PM10
03/09 67 57 67 61 64 69 63 69 83 127 80 107 57 51 33 22 35 28 20 30 29 22 16 23
蔼动
PM10
03/10 35 37 24 20 15 7 12 17 30 23 38 17 11 9 19 26 31 30 27 20 14 19 16 17
蔼动
PM10
03/11 29 30 40 35 38 45 29 32 1000* 44A 43 49 47 35 33 41 48 50 55 59 65 86 82 87
蔼动
PM10
03/12 97 85 85 77 79 82 87 111 97 82 40 47 50 47 47 41 50 46 41 42 46 47 54 57
蔼动
PM10
03/13 78 69 61 51 50 47 53 72 71 60 51 73 68 56 52 48 41 51 40 63 79 82 97 99
蔼动
PM10
03/14 106 97 82 69 64 77 77 90 90 68 63 73 58 62 57 67 63 63 60 67 76 66 81 93
蔼动
PM10
03/15 109 95 85 85 76 67 55 68 72 86 84 1000# 72 70 88 68 77 96 76 73 68 70 70 71
蔼动
PM10
03/16 80 69 70 44 45 67 67 67 87 61 49 46 37 43 53 43 40 46 46 41 43 37 50 52
蔼动
PM10
03/17 48 65 67 64 61 64 58 56 92 42 57 61 54 46 50 49 49 63 63 67 53 55 58 61
蔼动
PM10
03/18 66 63 71 68 66 67 76 86 74 71 87 73 48 45 52 50 47 39 36 45 55 56 70 78
蔼动
PM10
03/19 79 79 74 76 82 74 68 74 72 67 67 104 98 87 78 72 64 69 59 53 55 49 58 64
蔼动
PM10
03/20 81 87 86 89 85 103 91 103 77 70 63 56 49 32 33 40 31 29 26 26 27 33 32 20
蔼动
PM10
03/21 21 28 37 31 31 32 38 49 74 33 33 44 43 1000# 19 19 26 28 24 26 24 23 16 21
蔼动
PM10
03/22 31 36 25 23 34 41 40 39 40 1000# 29 32 28 26 34 53 43 43 39 50 64 67 72 74
蔼动
PM10
03/23 69 80 82 81 78 79 71 67 72 75 76 72 46 39 30 23 46 56 65 60 57 55 49 43
蔼动
PM10
03/24 40 44 37 44 42 44 42 51 59 50 40 37 34 44 49 53 50 45 44 43 47 49 49 37
蔼动
PM10
03/25 39 35 33 31 26 26 37 50 55 54 47 51 49 43 33 59 56 58 49 54 65 56 54 47
蔼动
PM10
03/26 48 54 56 61 50 58 54 47 46 38 40 41 26 26 40 1000# 31 33 32 32 37 43 40 48
蔼动
PM10
03/27 86 80 79 81 79 84 89 81 63 54 68 81 93 65 45 32 36 27 35 34 29 29 29 35
蔼动
PM10
03/28 31 33 35 36 42 40 46 51 50 54 31 38 47 46 48 42 51 38 26 22 23 24 18 13
蔼动
PM10
03/29 17 24 17 21 36 47 49 45 41 38 41 36 30 33 39 38 37 37 31 28 28 31 29 29
蔼动
PM10
03/30 30 33 16 24 23 29 31 29 32 38 45 62 39 37 35 29 32 30 25 24 43 30 39 57
蔼动
PM10
03/31 64 62 65 62 47 56 44 41 42 81 70 59 60 56 52 57 53 51 66 94 89 122 97 92
蔼动
PM10
菏代~るG2019/04A 代浮Gp翠A 代兜GPM10]gg/m3^
蔼动
PM10
ら戳 00 01 02 03 04 05 06 07 08 09 10 11 12 13 14 15 16 17 18 19 20 21 22 23
蔼动
PM10
04/01 81 78 76 67 62 62 72 64 70 72 70 68 76 58 66 60 67 52 48 51 48 52 49 50
蔼动
PM10
04/02 51 60 55 57 59 55 59 67 62 90 47 50 33 38 55 62 47 39 45 43 42 42 49 73
蔼动
PM10
04/03 78 84 83 82 78 80 84 79 88 116 80 80 72 84 1000# 61 52 54 53 47 60 62 64 53
蔼动
PM10
04/04 54 64 55 55 63 58 66 69 73 69 50 40 39 46 61 38 40 40 39 38 45 49 55 63
蔼动
PM10
04/05 57 73 53 53 62 61 52 62 59 59 57 67 61 34 38 39 38 43 48 42 45 51 42 47
蔼动
PM10
04/06 54 50 49 51 51 57 45 39 35 117 38 42 26 33 28 34 25 33 29 34 49 32 33 30
蔼动
PM10
04/07 31 40 36 41 46 56 55 53 48 103 39 42 38 42 48 44 39 39 48 43 39 42 48 49
蔼动
PM10
04/08 43 54 62 77 75 74 68 71 59 58 55 65 57 55 47 46 56 39 38 32 31 29 35 35
蔼动
PM10
04/09 41 48 59 67 63 69 64 66 58 40 32 36 36 48 59 37 33 27 24 21 15 16 14 21
蔼动
PM10
04/10 23 27 18 24 24 32 40 46 27 90 41 31 30 38 32 30 28 25 26 16 24 16 16 15
蔼动
PM10
04/11 18 26 39 37 38 50 45 52 58 35 40 35 31 37 38 34 34 39 34 29 47 37 39 36
蔼动
PM10
04/12 43 55 54 37 37 32 35 49 44 67 1000# 33 38 36 47 39 39 48 58 68 67 67 70 78
蔼动
PM10
04/13 71 66 67 73 74 77 70 72 60 54 67 56 48 53 50 44 39 36 68 68 66 65 76 76
蔼动
PM10
04/14 81 54 75 76 77 66 60 68 58 106 88 81 55 42 41 34 26 22 22 31 26 34 45 47
蔼动
PM10
04/15 47 50 53 50 43 42 60 74 55 48 52 63 50 39 44 38 52 50 52 51 57 58 65 65
蔼动
PM10
04/16 60 60 62 52 71 82 74 60 47 47 24 18 26 34 53 63 52 42 47 32 30 32 38 40
蔼动
PM10
04/17 53 45 45 57 46 47 56 58 46 61 80 69 57 49 53 49 49 43 41 31 20 24 21 10
蔼动
PM10
04/18 25 21 26 34 41 35 37 33 26 37 44 41 44 42 38 40 31 32 32 30 39 35 43 58
蔼动
PM10
04/19 32 51 32 30 36 34 6 6 12 37 41 43 30 25 1000# 22 14 11 15 33 38 25 18 22
蔼动
PM10
04/20 18 20 17 25 19 21 30 27 37 27 30 28 14 23 50 29 25 23 26 20 26 28 25 24
蔼动
PM10
04/21 28 33 34 34 35 28 32 35 44 27 24 19 33 31 26 29 30 23 24 20 18 23 23 20
蔼动
PM10
04/22 25 20 22 23 28 23 29 34 29 26 34 29 23 26 36 25 29 25 21 16 21 19 21 21
蔼动
PM10
04/23 27 22 48 27 20 22 32 26 18 69 39 37 29 23 25 33 25 22 15 16 19 12 26 31
蔼动
PM10
04/24 36 26 29 48 33 23 48 16 18 110x 30 28 31 22 1000# 19# 23 19 21 13 16 16 12 13
蔼动
PM10
04/25 19 13 11 28 32 31 34 40 36 21 20 24 18 24 24 29 31 23 24 27 21 26 21 26
蔼动
PM10
04/26 25 30 56 46 25 51 34 50 290* 145x 44 42 40 26 28 28 25 28 23 18 25 32 33 34
蔼动
PM10
04/27 40 36 30 23 31 37 41 53 63 119 742* 97 49 55 69 65 50 48 48 61 66 59 65 58
蔼动
PM10
04/28 67 65 59 57 58 54 58 51 33 25 38 45 42 39 39 30 31 33 22 31 23 22 16 20
蔼动
PM10
04/29 29 22 23 36 44 47 39 45 46 78 1000# 29 27 42 53 41 56 17 18 16 18 17 17 13
蔼动
PM10
04/30 23 27 12 11 17 20 21 22 32 47 40 31 25 26 42 27 34 23 26 23 21 26 26 28
蔼动
PM10
菏代~るG2019/05A 代浮Gp翠A 代兜GPM10]gg/m3^
蔼动
PM10
ら戳 00 01 02 03 04 05 06 07 08 09 10 11 12 13 14 15 16 17 18 19 20 21 22 23
蔼动
PM10
05/01 25 24 17 8 12 14 18 20 26 29 21 20 15 13 25 50 32 41 32 28 26 38 21 14
蔼动
PM10
05/02 18 33 38 40 45 30 34 35 22 34 34 35 41 41 37 40 51 62 46 38 26 25 22 22
蔼动
PM10
05/03 26 27 29 29 39 42 36 33 37 47 32 27 32 51 42 43 38 49 43 28 27 30 31 29
蔼动
PM10
05/04 40 31 17 20 19 18 23 21 32 42 40 24 19 20 28 26 25 21 23 21 21 38 34 45
蔼动
PM10
05/05 45 39 44 38 42 40 41 37 36 155x 42 60 50 44 45 38 29 24 23 36 41 49 46 36
蔼动
PM10
05/06 47 34 39 44 31 32 33 39 43 1000* 1000* 1000* 1000* 1000# 1000# 0# 14 15 19 8 11 18 19 18
蔼动
PM10
05/07 26 27 42 35 34 27 25 24 34 53 1000# 49 49 51 53 61 62 48 54 57 57 57 54 40
蔼动
PM10
05/08 29 22 21 17 29 34 39 52 48 91 67 47 44 31 45 39 41 44 42 39 58 67 66 70
蔼动
PM10
05/09 68 64 62 60 69 73 65 55 52 49 42 30 23 25 1000* 28A 19 45 32 34 34 48 45 50
蔼动
PM10
05/10 53 66 67 52 42 41 33 39 41 41 69 65 35 27 23 25 26 25 32 34 32 34 28 39
蔼动
PM10
05/11 70 79 75 73 61 64 54 56 45 38 65 66 49 58 59 43 47 37 48 35 35 41 26 33
蔼动
PM10
05/12 36 52 56 60 50 48 46 59 63 72 47 55 39 34 38 41 39 39 35 33 26 40 58 53
蔼动
PM10
05/13 58 53 62 60 47 49 47 48 45 51 39 47 38 35 42 35 1000# 33 23 27 29 38 25 27
蔼动
PM10
05/14 26 23 29 52 46 44 44 48 28 41 29 23 20 19 20 15 18 17 15 16 19 16 18 11
蔼动
PM10
05/15 12 19 19 21 16 30 32 45 38 32 30 21 26 20 22 18 21 15 17 10 8 8 9 6
蔼动
PM10
05/16 8 12 21 22 18 13 13 25 20 27 27 27 26 22 25 21 30 28 27 23 23 24 20 20
蔼动
PM10
05/17 28 25 25 25 29 28 33 34 32 24 1000# 24 28 27 31 29 24 23 22 18 18 22 22 19
蔼动
PM10
05/18 28 24 23 25 22 17 27 19 21 21 22 28 25 20 24 26 28 27 21 23 21 20 22 26
蔼动
PM10
05/19 24 23 23 25 19 21 22 24 27 23 36 26 24 24 25 26 27 22 24 19 31 23 17 31
蔼动
PM10
05/20 26 30 27 25 31 23 30 38 37 29 1000# 1000# 27# 26 32 38 23 12 9 13 12 19 18 24
蔼动
PM10
05/21 31 23 20 25 22 21 36 38 33 28 18 22 31 41 64 73 76 65 48 38 42 41 24 33
蔼动
PM10
05/22 34 25 25 31 37 38 31 43 41 45 81 66 71 58 76 70 68 54 40 26 41 54 59 44
蔼动
PM10
05/23 33 60 54 45 47 48 58 60 58 65 69 87 80 65 78 89 93 53 13 44 33 35 39 38
蔼动
PM10
05/24 55 52 47 58 59 55 58 61 73 82 72 80 38 37 38 53 45 30 11 15 8 12 12 14
蔼动
PM10
05/25 13 13 18 24 25 20 26 25 27 63 40 53 28 52 48 42 49 37 40 36 24 30 33 35
蔼动
PM10
05/26 37 41 31 30 39 33 28 38 44 51 56 110 42 65 52 32 39 27 36 41 53 43 38 32
蔼动
PM10
05/27 32 27 16 22 31 30 10 18 31 26 24 30 33 36 32 30 30 41 22 30 16 15 11 11
蔼动
PM10
05/28 11 11 19 37 39 32 37 54 24 21 23 24 1000# 23 1000# 73 58 24 36 50 43 35 32 23
蔼动
PM10
05/29 33 34 41 37 35 39 33 17 19 16 16 16 15 38 44 45 37 35 27 29 38 37 32 26
蔼动
PM10
05/30 23 53 70 46 37 47 38 51 48 52 68 59 44 37 34 26 29 25 24 24 31 34 33 26