xい
SO2
01/01 1.5 2.2 1.9 1.9 1.8 1.8 1.6 1.7 1.9 2 1.7 1.7 1.8 1.7 1.5 1.7 1.7 1.6 1.6 1.7 1.9 1.9 2.2 2.2
xい
SO2
01/02 2.7 1.4 1.5 1.2 1.2 1.4 1.3 1.4 1.8 2.2 1.9 2.1 1.9 1.8 1.9 2.1 2 2.1 2.2 2.3 2.5 2.4 2.5 2.6
xい
SO2
01/03 1.3 1.4 1.1 0.9 0.7 0.7 0.6 0.9 0.9 0.9 1.2 1.4 1.3 1.2 1.3 1.3 1.4 1.5 1.6 1.6 2 2.4 2.6 2.8
xい
SO2
01/04 2.9 1.9 1.6 1.3 1 0.8 0.8 1 1.6 2.1 2.9 3 2.7 3.3 2.1 0.7 0.5 0.3 0.5 1.1 1.4 1.9 2.4 3
xい
SO2
01/05 1.6 1.3 1.1 1 1 1.1 1.3 0.8 1.1 1.6 1.9 1.7 1.1 0.8 0.6 0.2 0.6 0.8 1 1.3 1.3 1.7 2 2.5
xい
SO2
01/06 2 1.4 0.9 0.5 0.4 0.4 0.1 0.3 0.3 0.7 0.5 0.1 -0.1 0.2 0.1 0 0 0.2 0.3 0.4 0.6 0.6 0.7 0.6
xい
SO2
01/07 2.2 1.9 1.9 1.8 1.9 1.8 2.1 2.6 2.9 3.2 3.3 2.9 2.6 2.4 1.8 1.7 1.4 1.4 1.4 1.4 1.3 1.3 1.3 1.2
xい
SO2
01/08 1.2 1.1 1 0.9 0.8 0.9 0.9 1.1 1.2 1.7 1.7 1.4 1.5 1.5# 1.6 1.5 1.6 1.6 1.9 2 2.1 2.3 2.2 2.3
xい
SO2
01/09 1.9 1.3 1.1 0.9 0.9 1 0.9 1 1.2 1.5 1.5 1.7 1.7 1.4 1.2 1.4 1.4 1.2 1.3 1.5 1.8 2.3 2.5 2.6
xい
SO2
01/10 2.6 2.6 2.5 2.7 2.6 2.7 2.8 3.2 4.1 2.7 3 2.9 1.9 1.6# 1.4 1.4 1.2 1.2 1.3 1.5 1.6 1.9 2.7 2.7
xい
SO2
01/11 2.3 1.6 1.4 1.5 1.3 1.2 1.3 2.2 3.5 3.2 2.9 3 2.3 2 2 5.3 2.6 2.3 2.9 4 4.8 6.1 7.1 7.3
xい
SO2
01/12 3.8 2.6 1.9 1.6 2.2 2.2 0.3 -0.5x -0.6* -0.9* 1.5# 1.2 0.7 0.6 0.1 0.5 0.4 0.6 0.8 0.8 1.1 1.1 1.6 1.6
xい
SO2
01/13 4.6# 0# -1.8* -1.8* -2* -2.2* -2* -2.1* -2* -2* -2# 1.7 1.7 1.7 1.7 1.6 1.7 1.6 1.8 1.9 2 2 1.8 1.9
xい
SO2
01/14 2.1 1.7 1.5 1.4 1.4 1.4 1.4 1.8 1.9 2.5 2.3 2.1 2.3 2.1 1.8 1.5 1.5 1.7 1.9 2.3 2.5 2.8 2.8 2.5
xい
SO2
01/15 2 1.8 1.3 1 0.9 0.9 1.5 1.6 1.8 2.6 2.9 2.3 1.9 2 1.4 1.1 1 1 1.2 1.2 1.3 1.3 1.5 1.3
xい
SO2
01/16 1.4 1.4 1.4 1.4 1.2 1.1 0.9 1 1.3 1.4 1.6 1.7 1.5 1.4 1.7 1.6 1.5 1.6 1.8 2.1 2 1.9 1.7 1.5
xい
SO2
01/17 1.1 1 1 0.9 0.7 0.9 0.9 0.8 1.1 1.3 1.4 1.6 1.7 1.5 1.5 1.4 1.4 1.5 1.7 1.9 1.9 1.6 1.7 2
xい
SO2
01/18 2 1.7 1.7 1.4 1.3 1.2 1.6 2.8 3.1 3.5 3.4 3.6 2.9 3 3.3 3.1 3.3 4.4 4 3.4 5.6 5.4 5.3 5.3
xい
SO2
01/19 4.1 3.3 2.7 1.8 1.3 1 1 1.3 2.1 2.9 2.8 2.2 1.6 1.4 1.2 1.3 1.4 2.1 2.6 2.8 3.6 4.3 5 4.6
xい
SO2
01/20 2 2.9 3.2 3.3 4.8 4.2 2.9 1.9 2.4 2.6 1.8 1.6 1.1 0.5 -0.1x -0.3x -0.3x -0.2x 0.2x -0.3x -0.3x -0.1x -0.2x -0.6*
xい
SO2
01/21 2 2 1.5 1.4 1.5 1.6 1.7 1.5 1.7 2 1.8 2 2 2.1 2.2 2 1.9 1.9 2 2.3 2.6 2.6 2.7 2.4
xい
SO2
01/22 2 1.7 1.4 1.3 1 1.1 1.3 1.2 1.6 2.2 1.9 2 2.4 2.2 2.5 1.9# 2.1# 2 2.3 2.7 2.9 3 2.9 2.3
xい
SO2
01/23 2.4 2.1 1.7 1.9 2.5 2.2 2.2 2.2 2.5 3.1 3.4 2.7 2.9 2.5 2.3# 2.1 2.3 2.2 2.5 2.9 3.1 3 3.2 3.5
xい
SO2
01/24 2.7 2.3 1.5 1.5 1.3 1.4 1.4 1.2 1.7 1.7 1.3 1.1 0.6 0.9 0.8 0.8 0.9 1.1 1.5 2.2 2.9 3.3 3.4 3.7
xい
SO2
01/25 3.3 2.6 2.4 2.3 1.7 1.8 1.8 1.7 2.1 2.4 2.1 2 1.7 0.9 0.9 0.4 0.2 0.5 0.6 0.8 1 0.9 1.1 1.1
xい
SO2
01/26 2.4 1.7 2.1 2.7 1.2 1.2 1.5 1.5 1.2 1.5 1 0.6 0.6 0.5 0.6 0.8 0.8 0.9 1.1 1.2 1.2 1.5 1.3 1.6
xい
SO2
01/27 1.2 1.6 1.8 0.9 1.1 1 1.6 1.7 2.3 2.4 1.5 1.4 1.4 1.3 1.3 1.2 1.7 1.8 1.9 1.9 2.2 2.4 2.6 2.8
xい
SO2
01/28 2.9 1.8 2.2 2.5 2.9 2.3 2 1.8 2.8 2.8 2.7 2.2 2.3 1.7 2.3 2 0.9 1 1.2 2.1 2.6 2.6 3 3.6
xい
SO2
01/29 2.3 3.3 2.6 2.1 1.9 2 1.9 2.8 3.7 3.4 3 2.5 2.1 1.1 0.7 0.4 0.5 0.4 0.3 0.5 0.9 1.5 2.3 2.9
xい
SO2
01/30 3.1 2.6 2.9 2.4 1.5 0.7 0.1 -0.1 0.2 0.5 0.7 0.5 0.3 0.4 5.6 7.2 0.6 -0.7* 0.1 1.4 2.8 4.7 4.7 5.1
xい
SO2
01/31 2.2 1.7 0.8 0x -0.6* -0.9* -1* -1.1* 1.7# 2.2 2.3 2.4 2.1 1.7 2.4# 7.7# 2.2 2.1 2.5 2.7 3 3 2.5 1.9
xい
SO2
菏代~るG2019/02A 代浮G┚A 代兜GSO2]ppb^
xい
SO2
ら戳 00 01 02 03 04 05 06 07 08 09 10 11 12 13 14 15 16 17 18 19 20 21 22 23
xい
SO2
02/01 1.7 1.3 1.1 1.1 1.3 1.3 1.1 1.3 1.3 1.5 1.4 1.4 1.2 1.2 1.2 1.5 1.3 1.7 1.9 1.8 1.7 1.8 1.9 1.9
xい
SO2
02/02 1.7 2.6 2.7 2.1 1.9 2.1 2.5 2.9 3.6 4.2 4 3.2 2.4 2.1 1.8 1.5 1.7 1.5 1.4 2.1 2.9 2.8 3.2 3.6
xい
SO2
02/03 3 2 2.2 2.3 2.4 2.8 3.5 3.6 3.9 3.8 3 1.8 1.9 4.9 5.7 2 1.4 1.2 1.2 1.2 1.5 1.7 1.9 2.3
xい
SO2
02/04 3.3 3.2 3.4 3.9 3.3 2.1 1.4 0.5 0.2x 0x 0x 0x -0.2x -0.3x -0.6* -0.6* -0.5x 1.5# 1.4 1.6 1.5 1.6 1.6 1.6
xい
SO2
02/05 3.9 2.3 2.1 2 1.8 1.6 1.7 1.7 1.9 2.4 2.5 2.4 2 2.3 2.5 1.8 1.5 1.3 1.4 1.7 1.6 1.7 1.8 4.1
xい
SO2
02/06 2.9 1.5 1.6 1.7 1.8 1.9 1.9 1.9 1.7 1.8 1.7 1.8# 2 1.9 107# 1.4# 0.7# 0.8 0.8 0.8 1 1.3 1.6 2.1
xい
SO2
02/07 1.5 1.6 1.6 1.5 1.4 1.3 1.4 2 2.4 2.2 1.8 1.1 0.7 0.3 0.2 0.4 0.8 1.1 1 0.8 0.8 1 1.1 1.2
xい
SO2
02/08 1.5 1.4 1.3 1.3 1.1 1.2 1.3 1.5 1.3 1.1 1.1 1.2 1.1 1.2 1.2 1.2 1 1.2 1.1 1.1 1.2 1.2 1.4 1.4
xい
SO2
02/09 1.6 1.4 1.5 1.7 1.8 1.6 1.3 1.4 1.5 1.3 1 1 0.9 1.2 1.3 1.3 1.3 1.2 1.2 1.2 1.2 1.2 1.2 1.2
xい
SO2
02/10 1.2 0.9 0.9 0.9 0.9 0.7 0.6 0.7 0.7 0.8 1.1 1 0.9 0.8 0.8 0.8 0.7 0.7 0.7 0.8 0.8 0.8 0.9 1.1
xい
SO2
02/11 0.8 1.3 1.3 1.3 1.3 1.1 1 1.1 1.4 1.6 1.5 1.5 1.4 1.4 1.4 1.5 1.6 1.5 1.7 1.8 2 2.1 2 1.9
xい
SO2
02/12 1.7 2 1.9 1.8 1.7 1.7 1.7 2 2.3 2.2 2.2 2.1 2.1 1.9 1.9 2.4 2.1 2 2 2.1 2.2 2.4 2.5 3
xい
SO2
02/13 3.2 2.2 2.4 2 1.5 1.1 0.9 1.4 1.8 1.9 1.4 0.8 0.8 0.5 0.5 0.4 0.4 0.5 0.8 0.9 0.8 0.8 0.8 0.7
xい
SO2
02/14 0.8 1.5 1.4 2 1.6 1.5 1.2 1.6 1.9 2 2.1 1.6 1.5 1.3 1.2 1.2 0.9 1 1.1 1.3 1.4 1.5 1.4 1.4
xい
SO2
02/15 1.4 1.3 1.3 1.3 1.3 1.3 1.5 1.7 2.4 2.4 1.9 1.6 1.8 2.9 1.6 1.7 1.6 1.6 2.9 3.2 3.5 4.5 5.6 5.4
xい
SO2
02/16 2.7 1.3 0.9 0.3 -0.1 -0.3 -0.2 2.1# 2.4 3 3 2 1.3 1.1 1 1 0.8 0.8 1.2 1.5 1.4 1.5 1.2 1.1
xい
SO2
02/17 3.4 0.7 0.7 0.7 0.9 0.9 0.9 1 1.1 1.1 0.6 0.5 0.5 0.5 0.7 0.8 0.9 0.7 0.7 0.9 0.9 0.9 0.9 1
xい
SO2
02/18 1.4 2 1.6 1.6 1.9 1.9 1.9 2.1 2.8 3.2 3.2 2.3 2.1 1.9 1.6 1.7 1.7 1.7 1.9 2.3 2.9 3.3 3.9 4.5
xい
SO2
02/19 3.1 1.2 0.4 -0.1 -0.3 -0.3 -0.2 0.6 1.7 3 3.5 3.8 4.7 4 3.5 4.4 3.1 3 2.8 2.7 2.8 3.5 4.7 5.6
xい
SO2
02/20 3.3 3.6 3.3 3.2 3.8 3.6 2.1 0.7 2.1 1.5 0.5# -0.3x -0.4x -1.3* -1.2* -0.9* -0.3x 0.3# -1.3* -0.8* -0.5x 0.3x -0.2x -0.8*
xい
SO2
02/21 2.1 2 1.9 1.4 1.3 1 1 1.5 1.9 2.1 2.4 1.9 1.7 1.7 2.9 1.3# 1.5 1.3 1.5 1.4 1.5 1.8 2.1 2.2
xい
SO2
02/22 2.4 1.4 1.2 0.9 0.9 0.9 1 1.2 1.2 1.4 1.6 1.3 1.1 1.1 1 1 1 1.1 1.2 1.3 1.5 1.5 1.5 1.5
xい
SO2
02/23 1.9 1.3 1.1 1.1 1.2 1 1.2 1.3 1.9 2 1.3 1.3 1.4 1.3 1.3 1.2 1.2 1.4 1.4 1.8 2 2 2.1 1.7
xい
SO2
02/24 1.8 1.3 1.1 0.9 0.7 0.6 0.6 0.6 0.6 0.8 0.8 1 0.9 0.7 0.8 0.9 0.9 1.1 1 1 1.2 1 1.1 1
xい
SO2
02/25 1.2 1.2 1.2 1 0.9 0.9 1.1 1 1.2 1.5 1.2 1.2 1.2 1.3 1.3 1.3 1.2 1.3 1.6 2 1.9 1.9 1.8 1.7
xい
SO2
02/26 1.5 1.7 1.6 1.6 1.6 1.6 1.5 2.1 2.8 3.4 2.6 2.3 2 1.7 1.5 1.5 2.1 2.1 1.9 2.2 2.2 2.6 3 3.2
xい
SO2
02/27 2.9 2.4 2.3 2.4 2.1 1.5 0.8 1.1 1.7 2.6 1.2 0.9 0.9 1 1 4.7 4.1 5.4 3.9 1.4 1.5 2 2.9 3.9
xい
SO2
02/28 2.8 2.2 3 1.8 0.8 0.3 -0.2 -0.2 0.5 0.4 -0.2 -1.1* -1.4* -1.4* -1.8* -1.9* -1.8* -1.7* -1.9* -1.7* -1.3* -1.5* -1.4* -1.1*
xい
SO2
菏代~るG2019/03A 代浮G┚A 代兜GSO2]ppb^
xい
SO2
ら戳 00 01 02 03 04 05 06 07 08 09 10 11 12 13 14 15 16 17 18 19 20 21 22 23
xい
SO2
03/01 0.9 1.9 1.8 1.6 1.4 1.7 1.7 1.8 1.8 1.9 1.5 1.4 1.3 1.2 0.9 0.9 1.1 1.4 1.4 1.8 2 2.1 1.8 2.4
xい
SO2
03/02 3.2 2.1 2 1.9 1.7 1.8 1.8 2.8 2.8 3 2.8 1.9 1.4 1.3 1.2 2.2 2.8 2.6 2.5 3.5 3.8 3.9 4.3 4
xい
SO2
03/03 2.1 1.6 1.5 1.4 1.3 1.1 1 1.7 2.2 2.4 1.4 0.5 0.3 0.1 0 0.3 0.3 0.4 0.5 0.8 1.1 0.9 1 1
xい
SO2
03/04 2 1.6 1.8 1.9 1.6 1.8 1.4 1.4 2.1 2.4 1.8 1.8 1.5 1.4 1.4 1.7 1.9 2.3 2.3 2.8 3.2 4.1 5.1 5.7
xい
SO2
03/05 2.8 1.9 1.5 2.1 2 1.8 1.3 1.3 2.1 3.1 2.1 0.9# 0.9# 1.6 2.1 2.4 2 1.3 1.1 1.1 1 0.9 1 1.3
xい
SO2
03/06 1.8 1.1 1 0.8 0.6 0.7 0.7 1.4 1.9 2.3 2.7 2.7 2.2 1.8 1.5 1.2 1.1 1.2 1.3 1.2 1.2 1.1 1.3 1.5
xい
SO2
03/07 1.4 1.3 1 0.8 0.6 0.7 0.5 0.6 0.7 1 1 1.2 1 1.2 1 1.2 1.2 1.2 1.2 1.3 1.3 1.3 1 1
xい
SO2
03/08 1.4 0.7 0.7 0.5 0.6 0.7 0.6 0.7 1.2 1.8 2.2 2.5 2.2 2.4 2.7 2.1 1.9 2.2 1.9 1.9 2.1 2 2 2.3
xい
SO2
03/09 2.4 1.9 1.9 2 1.9 1.8 2.1 1.8 1.7 1.5 1.4 1.6 1.6 1.6 1.7 1.8 1.6 1.5 1.4 1.7 2.4 2.9 3.4 3.9
xい
SO2
03/10 4 1x 0.2x -0.5x -0.9* -1.4* -1.4* -1.3* -1.1* -0.9# 1.3 0.8 0.9 0.6 1 1.1 1.1 1 1.3 1.6 1.6 1.5 1.6 1.6
xい
SO2
03/11 2 1.3 1.1 0.8 0.5 0.4 0.2 0.2 -0.6* -0.2# NA NA NA NA NA NA NA 41# 1.7 2.2 2.6 2.6 2.7 2.4
xい
SO2
03/12 1.6 1.5 1.6 1.8 1.6 1.4 1.7 2.1 2.7 2.6 2.1 1.4 2.1 1.2 1 0.5 0.4 0.4 0.9 1.7 2.2 2.7 3.3 4.1
xい
SO2
03/13 2.7 2.6 2.7 3.2 3 3.2 2.6 2.8 3.6 3.3 1.7 0.9 1.4 3.1 2.4 2.1 1.6 3.9 4.1 3.9 4.5 4.4 4.2 3.7
xい
SO2
03/14 3.4 2.3 2.1 2.1 2 1.8 1.2 1.4 1.8 8.9 5.5 3.1 1.7 1 2 0.3 0.3 0.3 2.2# 2.3 2.9 2.4 2.3 2.2
xい
SO2
03/15 4.9 2.2 2.2 1.9 1.8 1.6 2 2.1 2.1 2.2 2.4 2.3 2.2 2.2 2.3 2.6 2.7 2.6 3.2 3.5 3.4 3.4 3.4 3.6
xい
SO2
03/16 3 2.8 3.2 3.1 3 3.1 3.4 3.9 5.2 6.1 5.1 4.1 3.9 3.7 3.3 3.8 3.7 3.8 4.1 4.3 3.9 4.8 4.7 4.6
xい
SO2
03/17 3.6 3 3 3.1 2.4 2.5 2.7 2.5 2.7 3.1 2.3 2.5 2.3 1.8 1.7 1.4 0.9 0.9 1.1 0.9 0.7 0.8 1 1
xい
SO2
03/18 2.1 2.7 2.8 2.7 2.8 2.9 3.2 3.6 4.3 4.4 4.4 4.5 3.9 3.3 3.3 2.6 4.9 5.2 5.5 8.3 8.6 7.7 7.5 8.1
xい
SO2
03/19 4.1 2.4 2.2 2.3 2.1 2.2 2.1 1.3 1.6 1.2 0.6 0.4 -0.5 -1* -1.2* -1.1* -0.9* -0.8* -0.2 0.2 0.4 0.8 2 2.4x
xい
SO2
03/20 5.6 5.8 4.8 4.2 4.2 4.6 3.1 3.8 4.9 4.3 4.1 3.2 2.1 1.3 1.2 1.2# 2.8# 2.9 3.4 3.9 3.9 3.3 3 3.5
xい
SO2
03/21 5.1 2.6 2.9 2.9 2.4 1.9 1.7 1.8 2.5 3 2.8 2.4 2.3 2 1.8 2 2.6 2.5 3.3 3.7 3.4 3.1 3.5 3.6
xい
SO2
03/22 3.3 3.2 2.6 2.6 3.1 3.3 2.7 2 4 3.7 3.3 2.1 1.7 1.5 1.6 1.7 2 1.8 2 2.3 2.4 2.6 2.5 2.1
xい
SO2
03/23 2.6 2.2 2.2 2 1.7 1.8 1.7 1.9 2.2 1.7 1.8 1.9 1.9 1.7 1.9 1.7 1.7 1.9 1.9 1.8 1.6 1.7 1.6 1.4
xい
SO2
03/24 1.5 2.8 2.6 2.3 2.8 2.2 2.2 2.2 2.4 2.8 3.1 3.2 3.5 3.6 3.6 3.7 3.8 3.5 4 4.1 3.7 3.8 4.1 4.3
xい
SO2
03/25 3.3 2 1.9 1.5 1.3 1.5 1.5 2 3.1 3.1 3.8 4.3 4.8 3.7 2.9 2.8 2.9 2.6 2.6 2.7 2.8 2.6 2.8 2.2
xい
SO2
03/26 1.6 1.7 1.3 1 0.7 0.6 0.5 1 1.6 1.2 1 1 0.8 0.6 0.5 0.6 0.8 0.9 1.1 1.4 2 2.3 2.9 3.4
xい
SO2
03/27 3.2 2.4 2.4 2.2 2.1 2.3 2.1 2 2.1 2.3 1.3 0.8 2.1 2.8 3.9 3.4 1.2 1.3 4.5 4 2.1 1.3 1.4 2.1
xい
SO2
03/28 4.6 3.4 3.1 2.6 2.4 2.4 2.1 2.4 2.5 2.4 2.5 1.6 1.2 0.9 0.7 0.7 1.5 1.4 1.3 1.6 1.6 1.3 1.5 1.2
xい
SO2
03/29 1.8 1.7 1.5 2.2 2.3 2.4 1.5 1.9 2.1 2.3 2.1 2.6 1.9 1.5 1.6 1.6 1.5 1.5 1.9 2.3 2.4 2.3 1.4 1.2
xい
SO2
03/30 1.5 1.5 1.6 1.8 1.9 1.7 1.9 2.5 2.4 2.5 2.1 1.8 1.8 2.1 1.8 1.8 2 2 2.4 2.8 3.3 3.7 4 4
xい
SO2
03/31 2.4 2.2 1.9 1.5 1.6 1.4 1.5 0.7 0.7 1.1 0.8 0.7 0.9 0.8 0.3 0.3 0 -0.1 -0.1 0 0.2 0.3 0.4 0.3
xい
SO2
菏代~るG2019/04A 代浮G┚A 代兜GSO2]ppb^
xい
SO2
ら戳 00 01 02 03 04 05 06 07 08 09 10 11 12 13 14 15 16 17 18 19 20 21 22 23
xい
SO2
04/01 2.2 2 1.4 1.4 1.3 1.2 1.4 1.4 1.6 1.9 2 2.2 2.3 2 2 3.3# 2 2.1 2.3 2.6 3.1 3.3 3.5 3.8
xい
SO2
04/02 2.5 2.1 2.4 2.9 3.3 3.6 3.6 3.9 3.9 4.9 5.1 5.1 5 4.9 2.8 2.4 0.9 0.3 0.5 0.8 1.1 1.3 1.7 1.6
xい
SO2
04/03 1.7 1.8 1.5 1.3 1.1 0.9 0.9 1 1.5 1.9 1.9 1.8 1.5 2 1.5 1.1 0.9 1.1 1.3 1.7 2.4 2.3 2 2.2
xい
SO2
04/04 2.7 2.8 2.7 2.8 3.1 2.8 3.2 4.1 4.2 3.7 3.1 2.6 2.1 1.6 1.5 1.6 1.3 1.3 1.4 1.5 1.6 1.7 1.8 2
xい
SO2
04/05 2.5 2 2.1 2.1 1.9 2 1.9 1.6 1.6 1.5 1.4 1.5 1.2 1 1 1.2 1.2 1 1.2 1.8 2.2 2.6 3.2 4.1
xい
SO2
04/06 3.1 2.9 2.8 2.4 2.2 2.4 2 2 2.8 2 1.3 1.3 2.1 5.2 6.5 2.4 0.6 0.6 0.3 0.6 0.7 1 1.3 1.8
xい
SO2
04/07 3.1 2.9 3.1 2.9 2.2 2 1.9 1.8 1.7 1.5 1.2 1.1 1.2 1.2 0.9 0.8 0.7 1 1.4 1.3 1.4 2.1 2.7 2.6
xい
SO2
04/08 3.8 3 2.6 2.6 2.2 2 1.9 2.3 3.1 3 3.2 2.6 2.5 2.4 2.4 2.2 2.2 2.6 2.7 2.4 2.9 3.6 3.1 3
xい
SO2
04/09 2.6 2.5 2.3 2 2 2.1 2.1 2.5 3 3.2 3.4 3.5 3.2 3.1 3 2.8 2.6 2.1 2.2 2.5 2.9 2.4 2.1 2.1
xい
SO2
04/10 2.6 1.9 2.3 2.3 2.3 1.9 2 2.3 3.1 2.9 2.8 2.9 2.7 2.7 3 3.1 3.2 6.2 8.1 3 2.7 2.7 3.6 4.4
xい
SO2
04/11 2.9 2.5 2.9 3.7 3.3 3 3.2 4.1 4 3.7 3.7 3.3 3.8 3.9 3.5 2.6 2 2.1 2.2 2.7 2.6 2.5 2.3 2.5
xい
SO2
04/12 2.9 2.2 2.3 2.1 1.7 1.6 1.7 2 2.3 2.3 2 1.9 1.8 1.7 1.8 2 2.3 2.5 2.6 2.7 2.6 2.8 2.7 2.4
xい
SO2
04/13 2.7 3 3.4 3.9 2.8 2.8 2.7 2.3 2.7 2.8 2.4 2.4 2.3 2 1.6 1.3 1.6 1.9 2.3 3 3.5 3.4 3.5 3.4
xい
SO2
04/14 2.8 2.4 1.9 1.7 1.3 1.2 1.3 1.6 2.5 2.2 1.3 1.1 0.9 0.6 0.5 0.4 0.7 0.7 1 0.9 1.5 1.6 1.6 1.3
xい
SO2
04/15 2.5 1.9 2.3 2.1 2.3 2.5 2 1.8 2.4 2.5 2.6 2.4 2.3 2.4 2.4 2.5 2.6 3 2.8 3.3 3.5 3.6 3.3 3.7
xい
SO2
04/16 2.4 2 2.7 1.4 0.8 0.3 0.2 0.2 0.3 1 1.8 2.1# 2.5# 2.4 2.7 3.2 3.8 4.5 6 5.4 4.6 4 3.4 2.9
xい
SO2
04/17 2.3 1.9 1.4 1.1 0.7 0.8 0.9 1.1 1.1 1.1 0.7 0.7# 0.8 1.1 0.7 0.7 0.8 0.8 1.2 2 2.5 3.4 4.6 5.5
xい
SO2
04/18 3.3 2.5 2.2 1.9 1 1.4 2.2 2.7 2.1 1 0 0.8 0.2 1.1 4.5 3.4 3.2 1.9 1.9 1.8 2.7 2.8 2.9 3.3
xい
SO2
04/19 3.8 3.9 2.8 2.1 0.6 -0.4x -0.7* -0.8* -0.5x 2.5 2.9 3.2 3.1 2.8 2.5 3.5 4.4 2.4 2.7 3.1 3.7 3.4 3.1 2.8
xい
SO2
04/20 4.1 1.4 1.4 1.4 1.3 1.4 2.1 2.7 2.9 2.2 1.9 1.4 1.3 1.4 1.2 1.5 1.5 2.5 2.9 3.3 3.9 3 2.3 2.1
xい
SO2
04/21 2.2 2.4 2 1.5 1.2 1.1 1.3 1.5 1.9 2.1 2.5 2.2 1.7 1.3 1.3 1.3 1.6 2.3 3.5 4.2 4.3 4.1 3.6 2.8
xい
SO2
04/22 2.1 2.6 2.5 2.3 2.4 2.4 2.5 2.5 2.6 3 2.4 3.2 2.8 2.7 2.5 2.7 2.3 2.1 2.6 2.7 3.1 2.8 2.7 2.7
xい
SO2
04/23 3.1 1.8 1.6 2.1 2.5 2.5 2.4 3 2.5 2.6 2.3 2 1.9 1.7 2 2.6 2.8 2.7 2.8 3.4 2.9 2.6 2.7 2.4
xい
SO2
04/24 2.1 1.6 1.4 1.3 1.5 1.9 1.8 2.4 3 2.5 2 2.2 1.9 1.7 1.6 1.9 1.6 1.7 1.9 2 2 2.1 2 1.7
xい
SO2
04/25 1.5 2.1 1.7 1.9 2.8 2.8 2.3 2.7 2.4 2.5 2.5 2.4 2.3 2.2 2.2 2.1 2 2.2 2.3 2.7 2.6 3.4 3.7 3.4
xい
SO2
04/26 2.8 2.7 2.8 2.7 2.4 1.9 1.8 1.5 2.2 2.4 2.8 2.8 2.3 1.6 2.2 3.6 2 2.6 2.1 2.1 2 2.3 2.5 2.1
xい
SO2
04/27 1.8 2.1 2.2 2.1 1.7 1.6 2 2.1 1.7 1.5 1.3 1 0.8 0.6 0.5 0.5 0.7 0.4 0.6 0.7 1.2 1.4 1.6 1.9
xい
SO2
04/28 3.2 3.3 3.5 3.4 3.3 3.8 4.4 3.7 2.9 2.4 2.2 2.1 1.9 1.9 3.2 2 1.7 1.9 2.5 2.9 2.9 3.6 4.2 4.7
xい
SO2
04/29 4.1 2.7 2.6 2.1 2.1 1.2 1.3 1.7 2.5 3.1 3.7 2.6 1.9 1.8 0.9 0.8 1 1.5 2.5 2.5 2.6 3.1 3.7 3.6
xい
SO2
04/30 3 3 2.2 2.2 2.7 1.5 1.2 1.4 1.9 1.9 1.9 1.5 2.1 1.6 1.3# 1.1# 1.1 1.6 1.8 2.6 1.8 1.6 1.5 1.6
xい
SO2
菏代~るG2019/05A 代浮G┚A 代兜GSO2]ppb^
xい
SO2
ら戳 00 01 02 03 04 05 06 07 08 09 10 11 12 13 14 15 16 17 18 19 20 21 22 23
xい
SO2
05/01 1.8 1.8 1.6 1.3 1.3 1.2 1.3 1.4 1.4 1.6 1.5 1.5 1.6 1.7 1.7 1.8 1.7 1.6 2.3 1.8 2.5 2.4 2.2 2.9
xい
SO2
05/02 2.5 3.4 3.3 3.8 3.9 3.3 3.2 3.6 3.2 4.6 5.1 5.5 5.1 4.2 4 3.9 3.7 3.7 4 4 4.1 4.2 4.3 4.5
xい
SO2
05/03 3.5 2.3 2.4 1.8 1.5 1.2 0.9 1.6 2.2 1.9 2.2 1.8 1.7 1.4 1.1 1.1 1 1.1 1.1 1.5 2.2 2.2 2.8 4.1
xい
SO2
05/04 3.6 3.7 4 3.6 4.2 4 3.7 3.5 2.7 1.8 1 0.6 0.5 1.2 0.7 0.9 1.2 2.1 2.1 2.1 2.3 1.5 1.4 1.4
xい
SO2
05/05 2.6 2.3 2.2 2.4 2.5 2.9 2.8 3 3.2 3.2 3.1 3 2.9 2.6 2.9 2.1 5.8 7.8 6 5.6 5.2 4.2 4.1 3.9
xい
SO2
05/06 3.5 3 2.8 2.3 1.9 1.6 1.7 2.3 2.4 2.4 2.5 2.5 2.5 2.4 2.3 2.3 3.1# 2.4 1.7 1.9 2 2.1 1.6 2
xい
SO2
05/07 2.2 1.5 1.5 1.5 1.4 1.4 1.1 1.1 1.7 2 1.4 1.5 1.7 1.9 2 1.6 1.4 1.9 3.8 4 2.5 3.2 4.3 4
xい
SO2
05/08 3 3.2 3.7 3.7 3.3 3.2 3.3 3.7 6.6 4.7 4.1 3.5 2.8 1.6 1.5 1.4 1.3 1.6 1.8 1.9 2.3 2.9 2.6 3.2
xい
SO2
05/09 2.2 2.8 2.4 2.4 2.3 2 2.3 3.2 3.3 3.7 3.2 2 1.9 1.7 1.8 2 2.1 2.3 2.4 2.6 2.6 2.5 2.6 3.3
xい
SO2
05/10 2.6 2.3 2.4 1.6 1.3 1.3 1 1.4 2 2.2 1.8 1.3 1.1 1 0.7 0.3 0.8 1 1 1.4 1.4 1.8 2 2.7
xい
SO2
05/11 3.1 2.8 2.5 2.6 2.2 1.9 1.6 1.6 2.3 2.5 1.9 1.5 1.2 1 0.7 0.7 0.9 0.8 1.3 1.8 2.1 2.4 2.5 2.8
xい
SO2
05/12 3.2 4.7 4.6 4.6 3.6 3.7 3.6 3.3 3.5 3.3 3 3.6 3.3 2.5 3.3 4.7 3.1 3.1 3.2 2.8 3 3.5 6 6.5
xい
SO2
05/13 5.3 4.5 3.3 2.6 2 1.9 1.8 2.1 2.3 3 2.6 2.6 2.6 2.3 2.2 2 1.6 1.6 2.2 2.8 4.6 4.9 4.5 3.6
xい
SO2
05/14 3.1 4 2.7 2.1 1.9 1.7 1.6 1.8 3.1 2.4 1.8 2.3 1.7 1.4 1 1 0.8 2 2.2 2.3 3.5 2.7 3.1 3.5
xい
SO2
05/15 3.4 2.6 2.6 2.9 3.4 3.8 3.4 3.1 2.6 2.3 1.9 2.3 1.8 1.6 1.2 1.3 1.8 2.5 2.6 3 2.8 2.8 3.2 2.5
xい
SO2
05/16 3 1.7 1.6 1.4 1.5 1.1 1 1.3 1.7 1.7 2.3 2 1.6 1.5 1.6 1.8 1.9 2.2 2.8 3.5 3.8 4.2 3.9 3.5
xい
SO2
05/17 2 2.3 1.8 1.5 1.3 1.1 1 1.5 2.3 2.9# 3.3 2.9 2.7 2.4 2 1.5 1.5 2 3.1 2.9 3.4 3.1 3.1 2.3
xい
SO2
05/18 3 2.5 2.2 2.1 2 1.7 1.9 1.9 2.3 2.5 2.6# 2.2 2.1 2 2.1 2.1 2.3 2.2 2.5 2.2 2 2 2.3 2.2
xい
SO2
05/19 2.7 1.8 2 1.9 2.3 2.4 2.4 2.4 2.3 2.2 2.2 2 2.1 2 1.9 2.1 2.2 2.7 2.9 3.2 3.7 4.5 4.4 3.9
xい
SO2
05/20 2.5 2.3 2 1.7 1.4 1.3 1.3 2.1 2.9 2.9 2.6 2.5 2.1 1.9 2.3 2.8 2.4 2.6 2.7 2.7 2.7 2.4 2 1.9
xい
SO2
05/21 2.6 1.9 1.9 2.1 2.1 2 1.8 2.2 2.5 3 3.4# 2.3# 2.5 2.7 2.5 3 2.9 2.6 3.1 3.7 3.5 4.3 5.1 5.8
xい
SO2
05/22 3.2 2.7 3 3.4 2.7 2 1.9 2.3 2.4 1.9 1.2 1.1 0.9 0.7 0.4 1.1 0.8 0.9 0.9 0.2 1 1.3 1.8 2.1
xい
SO2
05/23 3.2 2.8 2.9 2.5 2.6 1.6 0.3 -0.1 -0.2 0 0.4 0.5# 0.6 0.6 0.6 0.3 0 -0.2 0 0.4 1.2 1.2 1.2 1.7
xい
SO2
05/24 2.8 2.1 2.1 2.1 2 1.7 1.7 1.7 1.9 1.7 1.4 1 1.5 1.1 8.2 6.6 0 3.5 16 2.4 1.4 2.9 2.7 2.4
xい
SO2
05/25 1.8 2.6 2.7 2.8 2.4 2.3 2.4 2.3 2.1 2.3 1.6 1.4 0.8 0.7 0.4 0.1 0.1 0.1 0.4 1.2 1.5 2 2 2.4
xい
SO2
05/26 2.9 2.3 2.1 2.2 2.1 1.8 1.8 2 2.4 2.3 1.7 1.4 1.1 0.9 0.7 0.6 0.5 1.6 2.1 1.8 1.4 2 3.4 3.9
xい
SO2
05/27 4.4 5.9 5.1 4.7 2.6 2.7 2.5 3.1 3.7 3.6 2.8 1.8 1.6 1.8# 0.7 0.4 1 1.1 1.2 1.8 2.2 2 1.9 1.6
xい
SO2
05/28 1.9 1.8 1.7 1.5 1.3 1.4 1.5 1.9 3.2 3.8 3.6 2.3 2 2.1 3 2.7 1.7 1.2 1.3 1.2 1.5 1.8 2 1.9
xい
SO2
05/29 2.4 2.5 2.6 2.4 2.1 2.1 2.1 2.3 2.9 3.5 2.9 2.5 2.5 2.5 2.6 2.4 2.2 2.1 2.4 2.7 2.9 3 2.9 2.6
xい
SO2
05/30 2.8 2.4 2.4 2.2 2.1 2.3 2.7 3.1 3.5 3.4 3.6 3.2 3 2.8 2.3 2.1 2.3 6.2 5 2.3 2.4 3.3 4.7 6.1
