©yÄõ
SO2
01/01 1.7 1.4 1.4 1.4 1.3 1.3 1.3 1.3 1.5 1.5 1.5 1.6 1.6 1.5 1.5 1.5 1.6 1.7 1.5 1.4 1.5 1.5 1.5 1.3
©yÄõ
SO2
01/02 1.6 1.6 1.6 1.5 1.5 1.5 1.5 1.5 1.8 2 1.8 1.9 2 2 2.1 2.1 2.1 2.1 2.3 2.3 2.3 2.4 2.4 2
©yÄõ
SO2
01/03 1.6 1.6 1.6 1.6 1.5 1.4 1.4 1.4 1.8 1.9 2.3 2.3 2.2 2.1 2 2.3 2.2 2.1 2.2 2.2 2.2 2.5 2.4 2
©yÄõ
SO2
01/04 1.8 1.4 1.5 1.4 1.3 1.2 1.2 1.8 2.7 2.4 2.7 2.9 2.6 2.6 2.9 2.8 2.6 2.6 3.1 4.9 4.5 4.5 4.4 4.2
©yÄõ
SO2
01/05 1.9 2 1.8 1.7 1.4 1.1 1 1.3 2.5 1.5 1.8 1.6 1.5 1.2 0.8 0.7 0.2 0.2 0.2 0.3 0.3 0.2 0.1 0.2
©yÄõ
SO2
01/06 2 1.6 1.7 2.6 1.6 1.4 1.5 1.4 1.5 1.4 1.4 1.5 1.3 1.2 1.3 1.3 1.3 1.4 1.4 1.4 1.5 1.5 1.4 1.2
©yÄõ
SO2
01/07 1.6 1.6 1.6 1.5 1.5 1.4 1.6 1.8 1.9 2.8 2.2 2 2.2 2.1 2.1 2.8 2.3 2.5 2.8 3.4 3.8 3.6 3.8 3.6
©yÄõ
SO2
01/08 2.1 1.6 1.8 1.4 1.3 1.1 2 2.1 2.2 2.1 1.9 1.6 1.4 1.2 1.1 1 0.9 0.9 0.8 1 0.9 0.8 0.7 0.5
©yÄõ
SO2
01/09 1.6 1.7 1.6 1.5 1.4 1.4 1.8 1.7 1.8 2.1 2.1 2 1.8 1.8 1.7 1.7# 1.7 1.8 1.9 2.1 2.2 2.1 2 1.9
©yÄõ
SO2
01/10 2 1.6 1.4 1.5 1.5 1.6 1.4 1.5 1.7 1.8 1.8 1.8 1.8 1.8 1.8 2 2.4 2.8 2.8 2.8 3 2.7 3.4 4
©yÄõ
SO2
01/11 2.7 2.3 1.9 1.4 1.3 1.3 1.2 1.1 1.2 1.3 1 1.2 1.3 1.4 1.6 1.3 1.3 1.4 1.6 1.8 2.5 1.6 3 2.4
©yÄõ
SO2
01/12 2.3 2 1.7 1.7 1.4 1.2 1.3 1.7 1.5 1.9 1.7 1.5 1.3 1.1 1.3 1.2 1.1 1.1 1.2 1.2 1.1 1.2 1 1
©yÄõ
SO2
01/13 1.7 1.2 1.3 1.2 1 1.1 1 1.1 1.1 0.9 0.9 0.9 1 1 1 1 1 1.1 1.1 1.1 1.1 1.1 1.1 0.9
©yÄõ
SO2
01/14 1.3 1.2 1.1 1.1 1 1.1 1.1 1.3 1.2 1.1 1.3 1.4 1.3 1.2 1.4 1.4 3.1 5.2 3.7 2.2 2.4 3.2 2.2 2.1
©yÄõ
SO2
01/15 1.4 1.4 1.2 1.5 1 1 0.9 1.1 1.2 1.2 1.6 1.8 1.9 3.1 2 2 1.9 1.4 1.7 1.6 1.3 1.3 1.2 1.1
©yÄõ
SO2
01/16 1.3 1.4 1.4 1.3 1.4 1.3 1.4 1.6 1.7 1.8 1.6 1.8 1.7 1.6 1.6 1.7 1.5 1.6 1.6 1.5 1.4 1.4 1.3 1.3
©yÄõ
SO2
01/17 1.6 1.1 1.1 1 1.1 1 1.1 1.6 4.7 1.8 1.8 1.8 1.6 1.6 1.8 1.5 1.8 1.6 1.6 1.6 1.5 1.6 1.6 1.5
©yÄõ
SO2
01/18 0.9 2.2 2.2 2.2 2.4 2.8 3.3 2.3 2.4 2.2 2.2 2.1 2 2 2 2 2.1 2.2 2.5 3.2 2.9 2.9 4.4 4.4
©yÄõ
SO2
01/19 2.2 1.9 1.8 1.6 1.4 1.4 1.3 1.3 1.3 1.4 1.6 1.7 1.7 1.7 1.6 1.9 1.9 1.9 1.8 1.9 2.6 2.3 1.9 1.7
©yÄõ
SO2
01/20 2.1 1.4 1.9 1.5 1.3 1.8 2 2.7 1.8 2.1 2 2 1.6 1.8 1.7 1.8 1.7 1.5 1.5 1.5 1.5 1.5 1.4 1.4
©yÄõ
SO2
01/21 1.8 1.6 1.5 1.5 1.4 1.4 1.4 1.3 1.4 1.4 1.5 1.4 1.5 1.8 2 2.7 2.1 2.4 2.1 1.8 1.8 1.6 1.6 1.5
©yÄõ
SO2
01/22 1.4 2.4 2.3 1.3 1.5 1.5 2.2 3.2 1.8# 2 3 3 2.7 2.8 3.2 3.4 3.1 3.1 2.7 2.6 3.1 3.5 4.9 4.5
©yÄõ
SO2
01/23 2.5 5.1 5.7 4.7 4.3 2.9 3 4.3 3.7 2.4 2.7 2.5 2.6 2.5 2.4 2.6 2.4 2.7 4.7 5.4 2.5 3.1 4 3
©yÄõ
SO2
01/24 4.7 2 1.9 1.7 1.7 1.9 2.6 2.4 2.2 2.1 2.7 2.6 2.5 2.6 2.5 2.5 7.4 3.3 3.3 7.2 3.6 2.8 2.7 2.3
©yÄõ
SO2
01/25 1.6 1.2 1.2 1.2 1 0.9 0.8 1 1 1.1 1.7 1.5 1.7 1.6 1.5 1.5 1.5 2.1 1.6 1.5 1.4 1.5 1.5 1.5
©yÄõ
SO2
01/26 3 3.2 2 1.7 1.5 1.3 1.4 1.3 1.4 1.3 1.4 1.2 1.2 1.2 1.3 1.3 1.2 1.3 1.3 1.8 2.6 6 5.1 7
©yÄõ
SO2
01/27 2.8 4.5 3.1 2 1.9 2.5 2.9 1.9 2.8 2.1 2.3 2.3 2.2 2.1 2.1 2.1 2.2 2.4 2.4 2.2 2.1 2.2 2.1 2.1
©yÄõ
SO2
01/28 1.6 1.2 1.2 1.2 1.2 1.2 1.2 1.2 1.3 1.5 1.7 1.8 1.7 1.8 1.8 1.9 2 2 2.1 2.6 3 2.2 2.2 2.2
©yÄõ
SO2
01/29 1.9 1.7 1.5 1.8 1.6 1.6 1.6 1.4 1.6 1.7 1.7 1.7 1.8 1.7 1.9 2.4 2.4 2.3 2.5 2.8 2.8 2.6 2.6 2.4
©yÄõ
SO2
01/30 1.7 1.6 1.4 1.4 1.2 1.2 1.1 1.2 1.4 1.8 2.3 2.1 2.7 3.2# 2.7 2.9 2.7 2.3 2.4 2.7 2.7 2.7 2.5 2.4
©yÄõ
SO2
01/31 2.1 0.7 0.6 0.5 0.5 0.3 0.2 0.2 0.4 0.3 0.7 0.8 0.5 1.1 1.3 1.4 1.7 2 0.9 0.3 0.2 0.2 0.1 0
©yÄõ
SO2
ºÊ´ú¦~¤ë¡G2019/02¡A ´ú¯¸¡G©yÄõ¡A ´ú¶µ¡GSO2¡]ppb¡^
©yÄõ
SO2
¤é´Á 00 01 02 03 04 05 06 07 08 09 10 11 12 13 14 15 16 17 18 19 20 21 22 23
©yÄõ
SO2
02/01 0.5 1.1 1 1 1.1 1.1 0.9 0.9 1 1 0.9 1 1.1 1.1 1.2 1.3 1.4 1.3 1.4 1.4 1.3 1.3 1.3 1.5
©yÄõ
SO2
02/02 1.5 1.6 1.5 1.5 1.3 1.4 1.4 1.5 1.6 2.1 2.5 2.6 2.2 1.7 1.6 1.7 1.7 1.8 1.9 2 2.1 2.1 2.2 2.2
©yÄõ
SO2
02/03 1.3 1.5 1.3 1.3 1.2 1.1 1 1.1 1.2 1.3 2 2.3 2.1 1.7 1.6 1.5 1.5 1.7 2.4 2.4 2.1 2.2 2.2 2
©yÄõ
SO2
02/04 1.9 1.6 1.4 1.4 1.5 1.2 1.1 1 0.9 1 1 0.9# 1 0.9 1.2 1.1 1.1 1.1 1.1 1.1 1.7 1.7 1.3 1.3
©yÄõ
SO2
02/05 1.3 2 1.8 1.7 1.7 1.5 1.6 1.8 1.8 1.6 1.5 1.5 1.4 1.4 1.3 1.3 1.4 1.3 1.5 1.4 1.5 5 2.1 1.7
©yÄõ
SO2
02/06 1.7 1.4 1.4 1.2 1.2 1.3 1.3 1.4 1.5 1.4 1.8 2.3 2.8 2.3 2 1.8 1.7 1.8 1.7 2 2.4 2 1.8 1.9
©yÄõ
SO2
02/07 1.4 1.2 1.2 1.1 1.1 1.1 1.1 1.2 1.2 1.1 1.2 1.4 1.3 1.2 1.1 1.4 1.2 1.7 1.9 1.2 1.1 1.2 1 1
©yÄõ
SO2
02/08 1.5 1.7 1.6 1.6 1.4 1.5 1.5 1.5 1.5 1.5 1.6 1.4 1.6 1.5 1.6 1.6 1.7 1.7 1.8 1.6 1.6 1.7 1.7 1.6
©yÄõ
SO2
02/09 1.7 1.4 1.5 1.6 1.6 1.5 1.6 1.7 1.7 1.8 1.8 1.8 1.9 2 1.9 1.7 1.7 2 1.9 1.8 1.7 1.7 1.7 1.7
©yÄõ
SO2
02/10 1.6 1.2 1.3 1.1 1.1 1.1 1 1.1 1.1 1.1 1.2 1.2 1.1 1.2 1.3 1.3 1.2 1.3 1.4 1.4 1.5 1.7 1.5 1.4
©yÄõ
SO2
02/11 1.4 1.4 1.4 1.4 1.3 1.2 1.7 1.7 1.7 1.8 1.6 1.8 1.6 1.6 1.5 1.5 1.7 1.6 1.6 1.6 1.6 1.6 1.6 1.5
©yÄõ
SO2
02/12 1.2 1.4 1.4 1.3 1.3 1.3 1.3 1.5 1.6 1.7 2.1 1.8 1.8 1.8 1.7 1.7 1.7 1.8 1.9 1.8 1.9 2 2 2
©yÄõ
SO2
02/13 1.9 1.7 1.5 1.5 1.6 1.6 1.7 1.9 2.2 2.3 1.9 1.8 1.5 1.3 1.3 1.2 1.3 1.3 1.4 1.3 1.2 1.3 1.2 1.2
©yÄõ
SO2
02/14 1.8 1.6 1.7 1.6 1.7 1.8 1.9 2.4 2.7 2.5 2.8 2.6 2.5 2.2 2.1 2 2.2 2.3 2.3 2.3 2.3 2.4 2.2 2.4
©yÄõ
SO2
02/15 2 1.9 1.7 1.7 1.6 1.6 1.7 1.7 1.7 1.7 1.9 2.3 2.3 2.2 2.2 2 2.2 2.3 2.8 2.7 2.2 2.2 2.3 2.3
©yÄõ
SO2
02/16 2 1.4 1.3 1.3 1.2 1.4 1.2 1.1 1.2 1.3 1.4 1.3 1.3 1.3 1.5 1.3 1.3 1.3 1.4 1.3 1.4 1.3 1.3 1.3
©yÄõ
SO2
02/17 1.6 1.2 1.1 1.1 1.1 1 0.9 1.2 1.1 1.1 1.2 1.1 1.2 1.2 1.1 1.2 1.2 1.1 1.2 1.1 1.2 1.2 1.2 1.3
©yÄõ
SO2
02/18 1.3 1.2 1.2 1.2 1.1 1.2 1.6 1.8 1.9 2.2 2 2.1 2 2.2 2.1 2.2 2.1 2.2 2.3 2.4 2.4 2.5 2.7 2.7
©yÄõ
SO2
02/19 1.3 1.7 1.5 1.4 1.2 1.1 1.4 1.6 2.7 1.9# 1.5# 159# 1.6# 1.5# 1.6 1.8 1.6 1.8 1.8 1.4 1.4 1.4 1.3 1.3
©yÄõ
SO2
02/20 2.2 1.5 1.4 1.3 1.3 1.4 1.5 1.7 2 1.9 1.7 1.6 1.7 1.8 1.8 1.8 1.9 1.9 1.7 1.9 2 2.1 2.2 2.1
©yÄõ
SO2
02/21 1.6 2.1 2 1.8 1.4 1.1 1 1.2 1.1 1.3 1.2 1.4 1.4 1.6 1.4 1.3 1.4 1.4 1.5 1.5 1.6 2.3 2 1.8
©yÄõ
SO2
02/22 1.9 2 1.9 1.9 1.9 1.7 2.5 2.2 2.3# 2.4# 2.4# 2.8 2.3 2 2.1 2.1 1.9 1.7 1.6 1.5 1.4 1.4 1.4 1.3
©yÄõ
SO2
02/23 2.1 1.3 1.3 1.2 1.2 1.2 1.2 1.3 1.6 1.5 1.4 1.5 1.4 1.4 1.4 1.4 1.5 1.4 1.4 1.4 1.4 1.4 1.3 1.4
©yÄõ
SO2
02/24 0.8 1.4 1.4 1.3 1.2 1.3 1.3 1.3 1.4 1.4 1.5 1.4 1.4 1.5 1.5 1.5 1.6 1.7 1.6 1.8 1.9 1.9 1.9 1.8
©yÄõ
SO2
02/25 1.5 1.2 1.2 1.1 1.3 1.2 1.1 1.3 1.5 1.4 1.3 1.4 1.4 1.5 1.4 1.3 1.4 1.5 1.5 1.4 1.5 1.7 1.5 1.5
©yÄõ
SO2
02/26 1.7 1.4 1.4 1.3 1.2 1.2 1.1 1.3 1.5 1.4 1.4 1.5 1.4 1.5 1.5 1.5 1.5 1.6 1.7 1.8 1.6 1.7 1.7 1.7
©yÄõ
SO2
02/27 1.5 1.9 1.8 1.7 1.8 1.7 1.7 2.4 2.7 2.6 3.7 4 3.8 3 2.8 5.6 4.1 3.2 2.8 2.7 2.6 2.8 2.8 3
©yÄõ
SO2
02/28 2.4 1.2 1.2 1.2 1.1 0.9 1.1 1.1 1 0.9 0.7 0.6 0.5 0.3 0.4 0.3 0.3 0.3 0.4 0.4 0.3 0.3 0.3 0.4
©yÄõ
SO2
ºÊ´ú¦~¤ë¡G2019/03¡A ´ú¯¸¡G©yÄõ¡A ´ú¶µ¡GSO2¡]ppb¡^
©yÄõ
SO2
¤é´Á 00 01 02 03 04 05 06 07 08 09 10 11 12 13 14 15 16 17 18 19 20 21 22 23
©yÄõ
SO2
03/01 0.8 1.4 1.3 1.2 1.1 1.2 1.2 1.2 1.4 1.4 1.4 1.5 1.4 1.4 1.5 1.5 1.5 1.6 1.6 1.7 2.4 2.2 2.1 2
©yÄõ
SO2
03/02 1.7 1.5 1.5 1.3 1.5 1.4 1.4 1.7 1.8 2.3 1.9 2.5 2.7 2.1 2.1 1.9 1.8 2.6 2.4 2.4 2.5 2 2 1.9
©yÄõ
SO2
03/03 1.8 1.2 1 1 0.8 0.8 0.7 0.6 0.7 0.6 0.6 0.7 0.6 0.5 0.3 0.4 0.1 0.5 0.8 0.7 0.9 1 0.7 0.7
©yÄõ
SO2
03/04 1.1 1.3 1.2 1.2 1.1 1.3 2.1 2 2 1.9 1.9 1.6 1.5 1.6 1.6 1.6 1.5 1.7 1.7 1.7 1.6 1.5 1.4 1.4
©yÄõ
SO2
03/05 1.3 1.6 1.5 1.5 1.5 1.5 1.4 1.5 1.5 1.8 2.2 2.5 2.5 2.3 2.3 2.3 2.7 2.4 2.2 2.2 2.1 1.9 1.9 1.8
©yÄõ
SO2
03/06 1.7 1.3 1.2 1.2 1.2 1.1 1 1 1.2 1.5 1.9 1.8 1.8 1.5 1.4 1.6 1.3 1.4 1.3 1.2 1.2 1.4 1.3 1.3
©yÄõ
SO2
03/07 1.2 1.6 1.6 1.5 1.4 1.3 1.3 1.5 1.7 1.8 1.6 1.6 1.6 1.8# 1.7# 1.7# 1.6 1.5 2.2 2.3 2.3 2.2 2.2 2.3
©yÄõ
SO2
03/08 2.6 1.4 1.4 1.3 1.3 1.2 1.2 1.5 1.6 1.8 1.8 1.8 1.9 1.8 1.8 1.9 1.9 2 2.3 2.4 2.6 2.6 2.8 2.9
©yÄõ
SO2
03/09 1.9 1.4 1.2 1.2 1.1 1.1 0.9 0.9 1.1 1.4 1.4 1.2 1.3 1.5 1.4 1.6 1.6 1.2 1.2 1.6 1.5 1.6 1.6 1.5
©yÄõ
SO2
03/10 1.5 1.5 1.3 1 0.9 0.7 0.7 0.7 1.1 0.9 0.7 0.8 0.7 0.8 0.9 0.8 1 1 0.9 1 1 0.8 0.8 0.6
©yÄõ
SO2
03/11 1.6 1.5 1.4 1.5 1.3 1.4 2.1 1.5 1.5 1.5 1.5 1.5 1.7 1.7 1.9 1.8 1.7 1.8 1.9 1.8 1.8 1.9 1.8 1.9
©yÄõ
SO2
03/12 1.4 1.2 1.1 1 0.9 1 0.8 1.2 1.3 1.5 1.5 1.6 1.4 1.4 1.3 1.2 1.3 1.3 1.7 1.7 1.6 1.9 1.8 1.6
©yÄõ
SO2
03/13 1 1.2 1.1 1.1 0.9 0.9 1 1.2 1.9 2.2 1.5 1.7 1.6 1.7 1.5 1.7 1.4 1.5 1.4 1.5 1.5 1.4 1.4 1.3
©yÄõ
SO2
03/14 1.3 1.7 1.9 1.6 1.6 1.5 1.4 1.5 1.9 3.1 2.5 2.4 1.9 2.2 2.2 2.1 1.9 1.8 1.8 1.6 1.6 1.4 1.4 1.3
©yÄõ
SO2
03/15 1.3 1.5 1.5 1.6 1.3 1.3 1.8 1.7 1.4 1.7 2.3 1.8 2.2 2 1.8 1.5 1.5 1.8 1.8 1.8 1.7 1.6 1.5 1.3
©yÄõ
SO2
03/16 1.9 2.2 2.3 2.3 2.3 2.3 2.2 2.4 2.5 2.9 3.2 3.3 3.1 3 3.1 3.1 3 3.2 3.1 3.2 3.3 3.3 3.1 3.1
©yÄõ
SO2
03/17 2.4 1.4 1.3 1.3 1.2 1.1 1.1 1.1 1.2 1.4 2.1 2.1 1.9 1.7 1.5 1.4 1.4 1.2 1.2 1.2 1.2 1.1 1.2 1.2
©yÄõ
SO2
03/18 1.3 2 1.8 1.8 1.8 1.9 1.9 2.2 3.1 4.3 3.2 3.2 3.3 2.9 3.3 3 2.8 3.1 3.3 2.9 3 3.1 3 2.9
©yÄõ
SO2
03/19 2.2 2.4 2.3 2.3 2.2 2.2 2.1 2.2 2.3 2.3 2.3 2.2 2.2 2.4 2.3 2.3 2.1 2 2.1 2.1 2.2 2.1 2.2 2
©yÄõ
SO2
03/20 2.4 1.5 1.5 1.4 1.4 1.3 1.5 1.6 1.7 2.1 2.4 2.3 2.2 1.9 1.8 2 2.3 1.7 1.7 1.8 2 2 2 2.1
©yÄõ
SO2
03/21 1.8 1.2 1.2 1.1 1 0.9 1.1 1.2 1.5 2.1 2.3 2.3 2 1.8 1.6 1.3 1.1 1.5 1.3 1.4 1.4 1.4 1.4 1.4
©yÄõ
SO2
03/22 1.4 2 2.3 1.9 1.5 1.4 1.3 1.4 1.3 1.3 1.4 1.7 1.6 1.6# 1.5 1.4 1.5 1.5 1.5 1.5 1.5 1.6 1.5 1.4
©yÄõ
SO2
03/23 1.8 1.2 1 1 0.9 0.8 0.9 0.8 0.9 1.1 1.2 1.1 1.1 1.1 1.1 1.1 1.2 1.1 1.1 1.1 1 1 1 0.9
©yÄõ
SO2
03/24 1 1.3 1.2 1.3 1.2 1.2 1.2 1.3 1.3 1.4 1.4 1.6 1.6 1.7 1.6 1.6 1.8 1.7 1.7 1.8 1.9 1.9 1.8 1.8
©yÄõ
SO2
03/25 1.6 1.7 1.7 1.6 1.7 1.6 1.6 2 2.3 3 3.1 3.7 4.5 3.8 3.1# 3.3 3.2 3.4 2.9 3.2 3 3.3 3.3 3.2
©yÄõ
SO2
03/26 2.3 1.4 1.2 1 0.8 0.7 0.7 0.5 0.6 0.8 0.7 0.7 0.9# 0.8 0.6 0.5 0.6 0.6 0.9 0.9 0.9 0.8 1 0.9
©yÄõ
SO2
03/27 1.4 2 2.1 2 2 1.9 2.3 2.1 2.1 2.2 2.1 2.3 2.5 2.2 2.1 2.1 2.1 2.1 2.1 2.2 2.2 2.4 2.5 2.6
©yÄõ
SO2
03/28 2.2 1.7 1.7 1.6 1.5 1.5 1.3 1.6 1.6 2 4.6 2.2 2.1 2.2 2.1 1.9 1.7 1.8 1.7 1.9 2.2 2.3 2.2 2.2
©yÄõ
SO2
03/29 2.3 1.6 1.4 1.3 1.4 1.3 1.2 1.3 1.7 1.7 2 2.4 2.2 2 2.3 3 2.1 2 1.9 2 2 1.9 1.8 1.3
©yÄõ
SO2
03/30 1.3 2 1.9 1.7 1.9 1.8 1.9 1.9 1.8 2 2.1 2.1 2.1 2 2 2 1.9 2 2 2 2.1 2.1 2 2.1
©yÄõ
SO2
03/31 2.1 1.2 1.2 1.1 1.1 1 1 1 1 1 1 1.1 1.3 1.2 1.3 1.3 1.4 1.6 1.2 1.2 1.2 1.3 1.2 1.3
©yÄõ
SO2
ºÊ´ú¦~¤ë¡G2019/04¡A ´ú¯¸¡G©yÄõ¡A ´ú¶µ¡GSO2¡]ppb¡^
©yÄõ
SO2
¤é´Á 00 01 02 03 04 05 06 07 08 09 10 11 12 13 14 15 16 17 18 19 20 21 22 23
©yÄõ
SO2
04/01 1.2 1.2 1.2 1.2 1.2 1.2 1.4 1.1 1.3 1.2 1.4 1.6 1.6 1.6 1.6 1.6 1.7 1.6 1.6 1.5 1.5 1.5 1.4 1.4
©yÄõ
SO2
04/02 1.3 1.5 1.5 1.6 1.5 1.5 1.7 1.9 2.4 2.5 3.6 2.9 2.6 2.5 2.2# 2.2 2.1 2.1 2.4 2.8 2.8 2.9 3 2.9
©yÄõ
SO2
04/03 1.2 1.7 1.5 1.4 1.3 1.3 1.4 1.6 2.1 1.7 1.4 1.4 1.5 1.4 1.3 1.4 1.2 1.1 1.3 1.4 2 1.7 1.7 1.8
©yÄõ
SO2
04/04 2.5 1.9 1.7 1.8 1.8 1.6 1.8 1.7 1.7 2 2.2 2.6 2.7 2.4 1.8 1.8 1.7 1.9 2 2.1 2 2.1 2.2 2.1
©yÄõ
SO2
04/05 1.7 2.3 2.2 2.1 2.2 2.2 2.3 2.6 2.7 2.7 2.8 2.6 2.3 2.1 1.8 2.2 2.1 2.2 2.1 2.1 2.1 2.2 2.2 2.2
©yÄõ
SO2
04/06 2.7 1.7 1.7 1.6 1.6 1.5 1.5 1.5 1.6 1.6 1.7 2 1.8 1.8 1.8A 1.8A 2A 2A 2.1A 2.1A 2.1x 2.4x 2.9x 2.8x
©yÄõ
SO2
04/07 1.8x 1.7x 1.8x 1.6x 1.4x 1.3x 1.2x 1.3x 1.5x 2.1A 2.7A 2.2A 1.8A 1.6A 1.5A 1.2A 1.3A 1.3x 1.6A 1.9A 1.7A 1.8A 1.7A 1.6A
©yÄõ
SO2
04/08 2.1A 1.5A 1.6A 1.6A 1.5A 1.5A 1.4A 1.5A 1.6A 1.8A 2.1A 2.3A 2# 0.6# NA NA NA NA NA NA NA NA NA NA
©yÄõ
SO2
04/09 NA NA NA NA NA NA NA NA NA NA NA NA 389# 2.2# 2.5 2.3 2.5 2.1 2 2 2.2 2.2 2.2 2.1
©yÄõ
SO2
04/10 2.1 1.5 1.3 1.2 1.1 1 1.1 1.1 1.9 1.4 1.6 2 1.5 1.3 1 0.2 0.4 1.6 1.6 1.5 1.3 1.3 1.1 0.9
©yÄõ
SO2
04/11 1.2 1.8 1.5 1.4 1.2 1.2 1.1 1 1.2 1.2 1.1 1.1 1 1 0.9 0.8 0.7 0.4 0.4 0.8 0.2 0.2 0.1 0.3
©yÄõ
SO2
04/12 1.5 1.7 1.7 1.5 1.4 1.4 1.7 1.7 1.4 1.3 1.3 1.2 1.2 1.1 1 1 0.9 1 0.9 0.8 0.6 0.7 0.7 0.4
©yÄõ
SO2
04/13 1.9 1.6 1.4 1.4 1.2 1.2 1.2 1.2 1.2 1.3 1.6 1.5 1.5 1.2 1.1 1.1 1.8 1.4 1.2 1.2 1.2 1.2 1.1 1.1
©yÄõ
SO2
04/14 1.8 1.1 1 0.9 0.7 0.7 0.8 0.8 0.8 0.9 1.7 1.1 2.8 1.7 1.1 0.9 0.7 0.5 0.7 0.6 0.4 0.5 0.3 0.2
©yÄõ
SO2
04/15 1 1.6 1.5 1.4 1.5 1.5 1.5 1.7 2 1.8 1.7 1.6 1.6 1.7 1.8 2 1.8 1.8 1.9 1.9 2 1.9 1.8 1.9
©yÄõ
SO2
04/16 1.6 2 1.8 1.8 1.8 1.7 1.8 1.8 2.1 2.4 2.4# 2.2# 1.9# 1.9 1.6 1.6 1.5 1.6 1.9 2.5 2.5 2.3 2.2 2.3
©yÄõ
SO2
04/17 1.3 1.5 1.3 1.1 0.9 0.7 0.7 0.9 0.7 0.7 1 1 0.6 0.5 0.5 0.5 0.6 0.6 0.7 0.8 1 0.9 0.7 0.7
©yÄõ
SO2
04/18 1.6 1.5 1.3 1.4 1.2 1.2 1.3 1.4 1.5 1.6 1.7 1.6 1.7 1.7 1.8 1.7 1.7 1.7 1.6 1.7 1.7 1.9 1.9 2
©yÄõ
SO2
04/19 1.3 1.3 1.5 1.2 1.3 1.2 1.3 1 1.1 1.7 1.8 1.8 1.9 1.7 1.5 1.4 1.2 1.4 1.6 1.7 1.8 1.9 1.8 1.7
©yÄõ
SO2
04/20 1.5 1.9 1.8 1.8 1.8 1.7 1.9 2.2 2.9 3.1 2.9 2.5 2.5 2.4 2.5 2.4 2.5 2.4 2.4 2.1 2.1 2.3 2.1 2.4
©yÄõ
SO2
04/21 2.3 2 1.9 1.9 1.7 1.9 1.9 1.8 1.9 2 2.2 2.3 2.4 2.5 2.4 2.2 2.3 2.3 2.3 2.4 2.3 2.4 2.3 2.4
©yÄõ
SO2
04/22 2 1.9 1.8 1.8 1.8 1.8 1.9 3.2 2.4 2.2 2.1 1.9 1.8 2.1 2.1 2.1 2.1 2.3 2.5 2.5 2.5 2.6 2.4 2.5
©yÄõ
SO2
04/23 2 1.8 1.8 1.7 1.8 1.7 1.8 2 2.2 2.3 2.9 2.9 2.3 2.9 2.7 2.6 2.4 2.3 2.1 2.2 2.2 2.1 2.2 2.3
©yÄõ
SO2
04/24 2.1 2.1 2 1.9 1.9 2 2 2.1 3.2 3.6# NA 3.9 3.8 3.2 2.8 2.9 2.9 2.8 2.8 2.8 2.8 2.8 2.8 2.6
©yÄõ
SO2
04/25 2.1 1.9 1.8 1.9 1.7 1.5 1.5 1.5 1.6 2 2.3 2.5 3.2 2.7 2.5 2.5 2.4 2.2 2.2 2.3 2.4 2.5 2.3 2.3
©yÄõ
SO2
04/26 1.9 1 0.8 0.8 1 0.8 0.8 0.8 0.8 0.9 0.9 0.8 0.7 0.7 0.8 0.8 0.9 0.9 1 1.1 1.2 1.2 1.1 1.2
©yÄõ
SO2
04/27 0.9 1.7 1.6 1.5 1.4 1.3 1.4 1.5 1.6 1.5 1.6 1.7 1.7 1.6 1.6 1.7 1.7 1.7 1.8 1.8 1.8 1.8 1.9 1.7
©yÄõ
SO2
04/28 1.8 1.9 1.9 1.9 1.8 1.7 1.9 1.9 2.3 2.5 2.3 2.3 2.3 2.3 2.1 2.1 2.1 2.5 2.4 2.7 2.7 2.8 2.8 2.8
©yÄõ
SO2
04/29 2 1.4 1.5 1.4 1.2 1.1 1.3 1.6 2.2 2.5 2 2# 2.1 1.6 1.4 1.5 1.5 1.5 1.3 1.6 1.5 1.8 1.7 1.7
©yÄõ
SO2
04/30 1.6 1.2 1.2 1.3 1.1 1.2 1 1.2 1.3 1.7 1.8 1.6 2.1 2 2.1 2.1 1.8 1.4 1.4 1.4 1.5 1.5 1.5 1.5
©yÄõ
SO2
ºÊ´ú¦~¤ë¡G2019/05¡A ´ú¯¸¡G©yÄõ¡A ´ú¶µ¡GSO2¡]ppb¡^
©yÄõ
SO2
¤é´Á 00 01 02 03 04 05 06 07 08 09 10 11 12 13 14 15 16 17 18 19 20 21 22 23
©yÄõ
SO2
05/01 1.1 1.7 1.5 1.5 1.5 1.4 1.5 1.6 1.6 1.9 1.9 1.5 1.3 1.2 1.4 1.4 1.3 1.3 1.4 1.4 1.4 1.5 1.5 1.5
©yÄõ
SO2
05/02 1.7 0.9 0.7 0.8 0.6 0.7 0.8 1 1.4 1.2 1.1 1 1.2 0.9 1 0.9 1 0.9 1 1 1 1.1 1.1 1
©yÄõ
SO2
05/03 1.1 0.9 0.9 0.9 0.8 0.7 0.8 0.9 1.3 1.2# 1.5 1.6 1.4 1.2 1.3 1.2 1.2 1.2 1.3 1.2 1.4 1.5 1.4 1.3
©yÄõ
SO2
05/04 0.8 2.1 2 2 2 2 1.9 1.8 1.8 1.9 2.1 2.1 2.1 2 2.3 2.2 2.2 2.2 2.4 2.2 2.1 2.1 2.1 2
©yÄõ
SO2
05/05 2.4 1.3 1.1 1.2 1.7 1.6 1.4 1.3 1.4 1.3 1.4 1.5 1.5 1.5 1.7 1.8 2.1 2 2 2A 2.1A 2A 1.9A 1.8A
©yÄõ
SO2
05/06 0.9A 2A 1.9A 1.9A 1.7A 1.7A 1.8A 1.8A 1.8A 1.9A 2# 1.1# 2.7# 1.8# 1.7x 1.7x 2.1x 1.9x 1.8x 1.8x 2x 2x 2.1x 2x
©yÄõ
SO2
05/07 1x 2x 1.9x 1.8A 1.8A 1.8A 1.8A 1.9A 1.9A 1.9A 2A 2.1A 2.2# 1.8# 1.3x 1.4x 1.6x 1.8x 1.6x 1.5x 1.6x 1.7x 1.8x 1.6x
©yÄõ
SO2
05/08 1.3x 0.9x 1.1x 0.9x 0.8x 0.9x 0.8x 0.9x 1x 1.5x 1.5 NA NA NA NA NA NA NA NA NA NA NA NA NA
©yÄõ
SO2
05/14 NA NA NA NA NA NA NA NA NA NA NA NA NA NA NA NA NA -0.1# 2.5x 2x 2.4x 2.7x 2.9x 2.9x
©yÄõ
SO2
05/15 1.5x 1.2x 1.2x 1.2x 1.3x 1.4x 1.4x 1.3x 1.3x 0.9x 77# NA 1.3# 1.8# NA NA 0.5# 1.9x 3.3x 2.9x 2.8x 2.8x 2.6x 2.4x
©yÄõ
SO2
05/16 2.3x 1.6x 1.6x 1.4x 1.5x 1.5x 2x 1.6x 1.6x 1.6# 1.5 1.6 1.7 1.5 1.6# 2 2.2 2.3 2.2 1.7 1.6 1.4 1.3 1.3
©yÄõ
SO2
05/17 1.8 1.7 1.7 1.6 1.6 1.6 1.6 1.7 1.7 1.7 1.9 1.9 1.9 1.6# 1.2# 1.6 1.8# 1.8 1.8 1.8 1.8 1.9 1.8 1.9
©yÄõ
SO2
05/18 2 1.8 1.8 1.8 1.8 1.8 1.8 1.7 2.1 1.8 1.8 1.8 2.1 1.8 1.7 1.9 1.7 1.8 1.8 1.8 1.7 1.7 1.9 4.4
©yÄõ
SO2
05/19 9.4 4.5 2.4 3 4.1 2.5 2.1 2.5 3.1 2.6 2.6 2.2 2.1 2.2 2 2 2 2.2 2.2 2.2 2.2 2.2 5.6 7.7
©yÄõ
SO2
05/20 2.5 3.6 2.6 2.4 3.3 2.7 3.5 4.3 2.2 2.2 2.1 2.2 1.8 1.8 2.4 1.8 1.8 1.7 1.7 1.8 1.7 1.7 1.7 1.7
©yÄõ
SO2
05/21 3.5 2 1.5 2.4 3.8 4.1 4.8 2.6 2 2 2 1.9 2 2 1.9 1.8 1.6 1.6 1.7 1.6 6.2 3.2 2.9 1.7
©yÄõ
SO2
05/22 2.6 1.6 2 4.5 1.5 2.2 4.9 3.6 4.2 4 2.8 2.3 2.1 1.9 2.3 2.2 1.9 1.6 2.3 3.6 1.7 2.1 2.9 3.1
©yÄõ
SO2
05/23 3.4 5.5 2.4 2.6 3.7 2.4 1.9 2.9 2.7 2.1 1.9 2.1 1.9 1.9 1.8 1.9 2 2 2 1.9 2 2.7 2.2 2.1
©yÄõ
SO2
05/24 2 1.4 1.4 1.4 1.5 1.5 4 2.3 1.8 1.9 2 1.7 1.7 1.8 1.7 1.7 1.8 1.7 1.8 1.7 1.6 1.9 1.7 1.6
©yÄõ
SO2
05/25 1.3 2.3 2.2 4 2.8 2 2.3 2.5 2.9 2.6 2.2 2.5 2.2 2.2 2.3 2.3 2.2 2.2 2.5 2.3 2.3 2.3 2.4 2.4
©yÄõ
SO2
05/26 2.2 5.2 8.5 6.8 6.4 5.4 5.4 2.4 2.4 2.4 2.3 2.2 2.2 1.8 1.9 1.7 1.7 1.7 1.8 1.7 1.7 2.4 2.7 1.8
©yÄõ
SO2
05/27 4.1 2.4 2.4 1.8 3.1 3.5 2.2 3 2.1 2.6 2.7 2.4 2.3 2.8 2.3 2.2 2.1 2.1 2.1 2.4 2.2 2.7 3.8 2.1
©yÄõ
SO2
05/28 1.9 6.3 9.3 3.5 2.6 2.1 3 2.8 2.4 2.4 2.1 2.3 2.3 2 2 2 2.1 1.9 2 2 2 2 2 2
©yÄõ
SO2
05/29 2.2 2 1.7 1.9 1.8 1.8 3.2 3.8 1.8 1.7 1.9 2 1.8 1.8# 1.9 1.8 1.7 1.7 1.7 1.7 1.9 1.8 1.9 7.3
©yÄõ
SO2
05/30 2.5 1.9 2.2 1.5 1.4 1.4 2.2 7.9 1.8 1.8 2 1.7 1.7 1.8 2.2 2 2.1 2.2 2.4 2.3 3.2 5.6 5.2 2.3