sλ
O3
01/01 33 34 33 33 34 34 33 32 32 35 35 36 38 38 37 35 33 32 32 32 32 34 35 35
sλ
O3
01/02 37 37 38 37 38 35 33 27 26 26 27 29 30 30 28 25 24 21 23 22 24 25 25 27
sλ
O3
01/03 27 28 30 33 34 31 30 24 24 22 24 24 21 24 25 24 21 18 19 18 17 18 19 8.7
sλ
O3
01/04 1.7 1.4 0.3 0.2 0.2 0.4 0.3 0.8 2.5 3.9 10 15 25 29 23 22 22 23 23 14 5.7 5.1 12 22
sλ
O3
01/05 22 13 9.8 8.8 5.6 9.2 9 2.9 3.5 12 16 17 23 25 22 19 9 12 10 6.9 4.7 4.1 5.6 10
sλ
O3
01/06 11 11 9.9 10 11 13 14 14 18 23 28 35 33 35 36 34 31 30 27 28 25 25 27 27
sλ
O3
01/07 30 30 27 23 24 22 13 7.4 6.9 12 19 31 45 54 57 49 34 24 20 26 24 20 8 13
sλ
O3
01/08 24 33 34 34 34 31 30 26 27 29 26 30 32 34 33 33 29 27 24 25 23 26 28 30
sλ
O3
01/09 31 31 32 31 31 30 29 23 24 28# 31 33 37 37 38 36 28 20 17 15 15 11 9.1 11
sλ
O3
01/10 8 1.2 1.9 2.1 0.6 0.5 0.4 1 3 16 18 24# 27 27 29 30 23 20 18 13 18 15 8 6
sλ
O3
01/11 9.3 19 11 12 18 20 9.1 8.1 11 15 17 17 17 12 11 9.5 7.7 9.7 6.9 1.8 1.7 0.3 0.3 0.4
sλ
O3
01/12 1.9 6.2 2.4 0.1 0.2 3.6 5.1 11 14 13 17 24 28 22 20 17 9.4 10 12 12 12 12 10 11
sλ
O3
01/13 13 14 21 26 28 27 24 22 22 23 26 26 29 28 27 27 27 24 24 24 24 22 25 27
sλ
O3
01/14 29 32 34 35 37 36 35 30 28 30 33 38 45 46 45 40 30 23 21 19 19 17 11 16
sλ
O3
01/15 6.5 1.8 5.4 11 2.2 16 3.2 1.1 7.4 18 15 27 36 37 36 38 39 37 37 38 40 40 40 40
sλ
O3
01/16 39 40 43 47 48 47 43 41 39 38 36 34 38 38 36 33 32 29 29 32 28 31 33 35
sλ
O3
01/17 32 36 36 38 37 38 35 32 31 33 33 33 33 32 31 32 31 32 34 38 40 44 43 40
sλ
O3
01/18 37 37 39 40 41 41 39 31 30 35 37 39 48 53 56 50 39 24 18 12 19 12 1.7 0.5
sλ
O3
01/19 1.4 5.6 7.9 14 9.8 12 15 18 28 30 44 48 49 53 47 47 44 34 25 13 4.1 1.7 0.9 0.6
sλ
O3
01/20 0.4 14 8.9 26 26 25 26 21 26 29 34 37 41 43 31 29 31 27 29 38 42 44 45 47
sλ
O3
01/21 46 47 47 45 44 41 39 36 34 34 34 33 35 34 32 33 29 26 29 29 31 35 34 36
sλ
O3
01/22 38 38 42 41 43 43 39 39 37 33 34 36 37 39 41 38 40 40 37 26 24 27 30 27
sλ
O3
01/23 31 36 42 43 44 42 39 33 29 38 46 49 55 57 55# 44 41 37 34 34 33 34 36 40
sλ
O3
01/24 47 49 49 46 48 48 45 42 45 50 54 57 61 64 60# 56 47 38 35 34 30 23 25 20
sλ
O3
01/25 20 22 7.7 11 15 7.7 4.8 4.3 10 19 34 51 60 62 61 61 56 50 48 49 44 42 51 48
sλ
O3
01/26 52 51 54 56 53 45 46 41 40 41 43 43 47 48 48 43 38 34 33 33 35 36 33 34
sλ
O3
01/27 34 34 34 36 36 32 32 30 29 34 36 39 40 41 41 37 35 30 25 23 26 23 18 12
sλ
O3
01/28 17 15 14 12 14 14 4.9 5 11 14 33 34# 37 43 42 39 37 33 30 23 8.9 4.3 4.6 6.6
sλ
O3
01/29 1.8 1.7 2 8.5 8.8 8.6 8.1 11 7.9 19 39 42 47 46 45 43 36 24 19 12 17 18 11 0.5
sλ
O3
01/30 0.6 0.4 0.2 1 0.4 4.5 0.6 6 13 23 29 30 41 48 44 42 43 28 9.2 2 0.7 0.3 0.1 3.2
sλ
O3
01/31 1.8 1.9 11 9.8 3.3 3.8 6 2.5 4.3 10 29 49 52 54 53 56 56 47 38 25 35 41 43 42
sλ
O3
菏代~るG2019/02A 代浮GsλA 代兜GO3]ppb^
sλ
O3
ら戳 00 01 02 03 04 05 06 07 08 09 10 11 12 13 14 15 16 17 18 19 20 21 22 23
sλ
O3
02/01 41 42 41 40 39 37 37 35 35 33 34 35 35 36 36 33 29 28 24 22 22 15 14 9.3
sλ
O3
02/02 21 14 3.1 0.2 0.5 1.5 3.3 3.9 4.9 20 29 35 44 49 50 52 51 45 43 34 23 11 13 16
sλ
O3
02/03 1.3 0.4 0.9 4.8 1.5 8.1 6.5 5.6 14 28 50 57 59 62 59 60 52 48 35 32 30 26 13 11
sλ
O3
02/04 8.1 12 10 13 20 19 22 20 21# 26 28 34 33 33 31 31 30 32 33 32 33 34 34 34
sλ
O3
02/05 35 38 39 38 38 39 38 38 36 32 34 36 39 36 36 38 36 35 29 24 17 16 13 10
sλ
O3
02/06 8.6 11 9.1 6.7 1.2 5.5 8.1 12 14 21 30 41 46 51 45 45 44 43 42 42 30 29 31 24
sλ
O3
02/07 12 8.8 9.6 7.5 9.5 11 4.7 6.4 11 27 36 39 38 38 48 50 48 42 38 41 41 35 34 33
sλ
O3
02/08 31 29 31 33 34 35 34 36 35 34 35 34 30# 33# 34 33 30 29 27 29 27 28 29 28
sλ
O3
02/09 25 23 26 25 18 13 14 14 23 20 22 23 28 29 28 25 27 28 29 31 31 32 30 30
sλ
O3
02/10 30 30 34 35 35 34 34 33 31 29 31 32 32 33 34 33 32 32 31 30 27 24 27 27
sλ
O3
02/11 29 32 32 33 33 34 33 30 30 30 29 30 31 32 30 31 29 26 25 20 20 19 22 23
sλ
O3
02/12 22 22 21 13 12 7.4 2.7 4.1 9.3 17 22 29 34 35 35 33 29 27 27 31 26 21 16 15
sλ
O3
02/13 8.8 4.9 6.5 25 27 22 21 22 21 21 22# 20 27 29 24 27 26 26 22 23 25 22 25 27
sλ
O3
02/14 27 27 25 21 15 13 12 6.2 21 25 26 29 34 36 35 32 35 37 34 36 33 31 29 23
sλ
O3
02/15 24 27 24 19 21 13 11 5.4 15 21 40 44# 56# 63# 64 63 59 55 46 38 27 13 8.5 21
sλ
O3
02/16 21 29 29 21 20 23 25 25 24 21 26 28 33 37 37 37 34 35 31 29 29 29 35 33
sλ
O3
02/17 35 35 40 40 37 32 33 34 36 35 36 39 39 40 39 35 34 33 31 27 24 28 28 28
sλ
O3
02/18 32 29 26 26 28 25 15 2.6 3.7 8.9 7 6.3# 30 34 34 32 29 30 26 19 24 21 12 9.7
sλ
O3
02/19 8.7 33 29 25 23 17 6.5 2.2 3.1 14 26 32 33 37 39 41 31 31 17 4.7 1.8 1.4 1 1.2
sλ
O3
02/20 1 0.7 0.6 0.4 0.5 0.7 0.9 2 4.1 15 40 49 49 44 52 43 25 19 17 17 17 19 19 21
sλ
O3
02/21 24 21 15 18 22 23 18 8.7 13 17 22 25 36 48 56 59 33 26 33 38 34 29 28 26
sλ
O3
02/22 30 36 39 39 38 35 33 33 34 34 35 32 33 36 35 34 35 33 34 36 33 33 33 34
sλ
O3
02/23 39 40 40 41 38 35 34 29 33 36 34 33 32 32 31 31 26 24 28 31 27 27 29 31
sλ
O3
02/24 36 34 35 37 38 40 34 34 35 33 37 40 38 38 34 41 36 37 43 44 44 41 44 44
sλ
O3
02/25 40 30 27 27 32 31 23 18 21 12 17 33 47 42 44 39 38 37 35 27 33 33 35 39
sλ
O3
02/26 44 45 47 45 43 38 33 28 28 33 33 36 37 40 47 47 43 37 29 19 17 16 13 13
sλ
O3
02/27 7.1 15 11 4.4 2.4 19 2 3.5 16 34 32 40 46 57 53 47 44 54 42 31 7.7 2.4 2 1.3
sλ
O3
02/28 14 29 17 36 37 32 31 28 27 32 33 34 36 38 37 34 30 29 26 29 33 31 35 33
sλ
O3
菏代~るG2019/03A 代浮GsλA 代兜GO3]ppb^
sλ
O3
ら戳 00 01 02 03 04 05 06 07 08 09 10 11 12 13 14 15 16 17 18 19 20 21 22 23
sλ
O3
03/01 31 31 32 33 32 32 28 29 30 34 38 45 53 52 52 48 47 41 39 34 31 30 36 38
sλ
O3
03/02 33 34 32 33 33 36 31 24 19 21 36 48 54 58 54 53 48 40 27 22 7.3 30 27 9.5
sλ
O3
03/03 2.1 8.7 31 41 26 9.2 12 19 14 14 47 45 43 39 41 36 38 23 17 30 33 29 24 20
sλ
O3
03/04 21 36 33 31 35 30 27 26 32 38 43 47 56 62 61 56 49 42 34 35 31 32 35 33
sλ
O3
03/05 36 39 37 36 37 38 34 24 22 25 38# 44 51 64 61 54 52 48 46 39 36 31 24 19
sλ
O3
03/06 13 30 25 14 17 27 11 5.1 12 7.4# 27# 32 31 28 32 39 48 41 42 45 40 41 45 44
sλ
O3
03/07 43 41 48 54 55 48 49 41 42 45 45 43 47 51 52 54 55 58 55 51 47 53 54 55
sλ
O3
03/08 57 58 57 52 49 47 44 35 31 28 28 29 27 32 35 36 34 32 31 28 31 23 7 2.1
sλ
O3
03/09 5.9 6.1 14 7.8 5.7 9.3 6.1 3.7 4 3.4 8.9 6.2 8.8 8.3 14 13 17 23 12 13 6 22 14 5.7
sλ
O3
03/10 30 40 37 43 41 40 35 27 20 32 33 33 30 25 24 26 26 22 17 26 25 15 24 40
sλ
O3
03/11 47 58 63 64 60 47 42 28 27 31 30 32 38 40 42 38 35 25 18 15 16 18 26 30
sλ
O3
03/12 27 20 24 31 22 23 29 30 35 32 42 74 85 86 75 73 73 66 49 34 34 34 40 40
sλ
O3
03/13 35 25 18 13 18 6 1.9 3.9 5.1 23 44 60 87 93 88 77 59 42 29 28 28 23 23 21
sλ
O3
03/14 11 8 16 13 9.1 5.3 5.3 12 12 36 47 52# 59# 58 52# 65# 58# 57 54 51 48 48 51 47
sλ
O3
03/15 51 52 54 54 54 49 46 36 38 44 54 60 63 64 59 57 52 57 49 48 53 53 55 59
sλ
O3
03/16 58 58 60 61 61 56 50 48 37 39 35 41 44 39 38 39 42 41 36 34 31 19 6.8 1.5
sλ
O3
03/17 8.3 4.2 1.5 8.1 4.9 1.7 6.4 5.1 4.4 8 34 57 60 59 63 61 62 54 48 36 28 29 29 27
sλ
O3
03/18 24 30 17 17 17 10 16 43 43 45 48 52 55 59 63 66 62 49 38 26 22 25 22 26
sλ
O3
03/19 11 9.5 3 2.3 9.6 2 4.9 6.2 19 28 40 51 67 73 62# 58 54 42 31 23 22 23 18 10
sλ
O3
03/20 5.5 8 5.8 4.9 3.1 5.6 1.3 1.9 3.3 22 39 46 53 63 79 82 72 47 47 43 48 48 44 35
sλ
O3
03/21 21 7.5 5.9 7.9 11 12 6.5 8.7 16 25 28 36 41 46 43 40 29 25 23 18 11 3.4 2.1 5.1
sλ
O3
03/22 19 17 21 23 27 37 41 36 34 30 36 41 48 50 48 42 38 37 34 36 38 37 42 43
sλ
O3
03/23 40 40 42 44 45 46 46 43 40 41 43 43 43 41 41 41 42 39 37 37 43 44 44 49
sλ
O3
03/24 51 51 52 52 52 53 50 44 36 32 30 23 20 23 22 17 15 2.8 1.2 3.6 1.5 0.9 1.8 0.8
sλ
O3
03/25 0.8 1.2 0.8 1.8 5.7 4.3 2 20 40 23 17 21 52 41 32 39 43 41 31 33 27 24 23 28
sλ
O3
03/26 38 45 40 39 36 35 30 28 33 35 42 49 59 62 61 59 55 43 33 31 22 23 23 7.9
sλ
O3
03/27 4 6.2 5.1 11 9 7.3 3.7 5.2 19 50 59 67 72 77 74 66 56 53 53 39 35 28 14 2.3
sλ
O3
03/28 3.5 19 23 28 36 25 17 21 23 34 40 43 43 56 37 36 39 43 41 28 15 15 14 16
sλ
O3
03/29 12 15 20 19 16 25 25 20 26 31 38 45 45 47 48 49 46 46 45 36 35 37 56 56
sλ
O3
03/30 53 47 47 40 33 26 22 12 26 38 51 59 65 67 69 62 56 51 47 43 40 42 46 49
sλ
O3
03/31 52 54 55 58 60 62 61 59 62 64 62 71 71 66 60 58 56 55 53 52 52 51 51 51
sλ
O3
菏代~るG2019/04A 代浮GsλA 代兜GO3]ppb^
sλ
O3
ら戳 00 01 02 03 04 05 06 07 08 09 10 11 12 13 14 15 16 17 18 19 20 21 22 23
sλ
O3
04/01 52 53 54 53 50 47 44 43 43 43 44 47 50 50 46 46 47 47 48 49 49 51 50 50
sλ
O3
04/02 50 47 45 42 35 40 35 24 28 26 22 25 31 50 64 77 70 51 48 48 48 40 48 53
sλ
O3
04/03 48 48 45 44 44 43 44 41 38 40 42 38# 37 29 40 51 51 32 24 9.9 8.4 39 14 26
sλ
O3
04/04 27 14 21 19 2.5 2.5 5.1 8.7 19 33 43 55 64 62 54 56 57 56 54 52 50 51 50 51
sλ
O3
04/05 49 55 54 50 37 49 51 52 48 47 48 58 58 58 55 59 59 54 45 36 30 25 19 21
sλ
O3
04/06 21 10 9.1 5.3 14 14 6.4 11 21 31 49 68 65 59 56 54 58 54 55 44 27 25 26 18
sλ
O3
04/07 5.9 5.6 7 11 23 14 18 31 60 65 68 68 70 71 72 79 75 81 78 69 78 76 52 39
sλ
O3
04/08 32 29 17 13 12 11 6.4 9 23 51 64 74 72 68 68 61 59 58 49 46 39 32 29 34
sλ
O3
04/09 27 19 13 15 12 13 8.1 16 25 38 49 59 56 43 42 32 26 29 27 26 27 25 23 20
sλ
O3
04/10 15 16 14 12 2.9 7.8 11 13 16 23 31 31 27 31 29 30 34 33 27 23 31 36 37 40
sλ
O3
04/11 41 41 42 43 43 40 32 20 20 31 47 47 51 51 50 47 45 42 39 35 31 32 32 43
sλ
O3
04/12 47 48 48 44 44 48 46 45 44 45 49 51 55 55 54 50 43 44 43 42 42 41 38 36
sλ
O3
04/13 34 27 29 16 11 5.4 8.6 12 28 41 39 45 52 53 47 47 43 33 25 21 27 17 16 28
sλ
O3
04/14 26 17 31 37 37 39 38 33 35 51 59 62 63 62 61 57 53 51 54 49 47 49 72 69
sλ
O3
04/15 62 61 65 63 59 59 55 53 58 61 58 56 56 55 54 53# 47 49 41 41 45 40 39 44
sλ
O3
04/16 43 37 38 34 21 24 16 22 20 20 13 15 17 24 22 39 53 52 54 45 39 27 25 21
sλ
O3
04/17 19 31 32 36 35 25 27 25 38 48 60 65 69 74 75 73 71 64 54 36 28 33 37 36
sλ
O3
04/18 22 16 8.2 8.8 14 3.1 6.6 23 29 57 73 83 87 91 91 87 78 66 49 41 27 28 15 19
sλ
O3
04/19 23 23 21 18 10 31 37 27 33 34 40 57 69 69 63 63 58 49 45 32 28 18 14 24
sλ
O3
04/20 19 18 5.4 21 20 17 8.4 12 26 45 57 59 65 64 66 66 63 55 46 39 31 42 39 37
sλ
O3
04/21 24 14 23 36 47 46 37 26 27 27 30 33 33 34 31 26 25 23 17 26 21 10 7.4 5.9
sλ
O3
04/22 2.3 5.6 3.3 0.7 4.1 1.9 2.8 5.2 16 24 29 31 36 31 34 34 30 21 21 17 11 6 9.2 16
sλ
O3
04/23 16 15 12 15 18 5.3 5.8 9.4 14# NA 49# 51 53 57 34 29 41 32 25 16 14 9.6 13 17
sλ
O3
04/24 18 15 12 7.5 8.8 7 5.4 9.9 18 22 25 28 30 29 28 29 31 21 18 14 8.9 7.3 6.1 5.8
sλ
O3
04/25 7.4 2.3 4.4 9.1 4.7 6.7 10 18 25 33 41 38 39 37 39 29 26 16 24 13 17 17 17 30
sλ
O3
04/26 43 25 23 20 23 24 31 30 34 49 64 73 77 82 77 68 62 54 46 37 32 33 36 38
sλ
O3
04/27 45 55 56 58 60 59 56 56 57 59 62 62 63 62 61 57 51 45 41 39 34 34 33 33
sλ
O3
04/28 31 29 31 30 27 17 11 16 36 46 46 46 51 61 62 59 51 48 41 26 15 16 1.6 5.3
sλ
O3
04/29 3.2 18 17 1.3 5.8 8.4 8.6 9.8 24 37 58 75# 77 72 63 61 52 46 30 29 30 26 29 25
sλ
O3
04/30 25 22 11 5.8 7.2 7.3 7.9 10 25 38 38 27 28 25 27 28 27 25 24 17 13 14 8.9 12
sλ
O3
菏代~るG2019/05A 代浮GsλA 代兜GO3]ppb^
sλ
O3
ら戳 00 01 02 03 04 05 06 07 08 09 10 11 12 13 14 15 16 17 18 19 20 21 22 23
sλ
O3
05/01 11 27 27 29 39 48 46 47 44 38 40 40 40 38 32 35 37 33 35 34 43 47 45 52
sλ
O3
05/02 62 69 75 79 79 79 74 67 68 65 61 60 56 52 51 48 47 48 50 56 59 59 60 59
sλ
O3
05/03 57 62 61 61 64 69 61 55 50 60 64 69 75 74 73 70 62 61 58 57 54 51 46 47
sλ
O3
05/04 46 49 48 54 50 45 41 29 25 29 36 39 43 42 42 41 37 30 24 24 22 27 29 27
sλ
O3
05/05 27 29 21 15 22 21 25 34 35 40 55 69 66 67 61 56 50 40 35 32 28 29 30 32
sλ
O3
05/06 36 35 38 35 23 33 34 31 21 36 40 34 39 48 48 41 41 34 36 42 46 45 50 51
sλ
O3
05/07 54 56 53 60 63 60 57 52 47 49 51 52 49 50 52 47 44 46 50 48 48 50 53 50
sλ
O3
05/08 49 41 36 34 32 30 27 29 32 25 32 41# 42 47 48 48 46 43 39 40 40 38 40 34
sλ
O3
05/09 41 43 43 32 22 23 32 33 37 42 45 44 43 46 42 38 30 35 28 30 30 27 19 23
sλ
O3
05/10 28 33 35 37 37 35 42 34 39 34 38 43 40 51 56 54 45 54 53 37 30 31 29 30
sλ
O3
05/11 32 32 28 30 27 20 24 20 29 43 51 56 58 64 64 58 51 40 31 26 26 22 17 16
sλ
O3
05/12 18 17 11 11 8 3.5 11 15 26 46 50 60 63 60 54 54 46 37 22 19 12 10 10 8.6
sλ
O3
05/13 10 5.1 2.9 4.3 17 11 8.5 15 24 30 38 49 53 54 53 53 52 46 36 32 16 18 23 22
sλ
O3
05/14 20 20 22 23 17 5.4 2.7 5.9 18 32 38 39 36# 32# 26 19 28 27 25 26 27 21 22 21
sλ
O3
05/15 22 16 13 9.2 2.7 2.8 6.1 8.9 16 23 40 55 33 36 42 41 34 34 25 25 29 32 39 41
sλ
O3
05/16 43 36 19 16 17 19 19 19 20 21 31 40 36 34 26 24 24 19 8.5 8.1 7.4 6.2 8.4 3.9
sλ
O3
05/17 12 13 14 14 9.2 16 21 13 19 22 16 14 22 25 26 23 23 19 15 11 11 11 13 15
sλ
O3
05/18 17 18 19 19 19 19 18 18 14 10 16 22 19 17 31 35 27 16 16 16 15 11 17 25
sλ
O3
05/19 27 31 26 25 24 22 22 22 25 28 30 37 30 31 34 33 29 24 21 19 15 11 13 12
sλ
O3
05/20 15 17 18 22 22 21 20 19 19 16 42 58 53 45 42 42 43 41 42 50 51 42 55 60
sλ
O3
05/21 58 54 55 55 59 59 61 61 64 65 71 69 78 83 75 69 63 55 52 50 45 40 33 31
sλ
O3
05/22 30 28 22 22 30 34 29 23 16 23 23 45 51 49 53 52 35 28 23 31 40 41 41 29
sλ
O3
05/23 37 49 35 29 24 6.3 18 35 36 44 48 51 49 54 101 91 66 61 43 30 24 24 27 29
sλ
O3
05/24 23 24 24 11 4.8 2.1 2.5 3.9 24 40 73 87 81 79 91 100 97 84 84 76 64 65 54 64
sλ
O3
05/25 71 55 44 36 32 21 18 29 32 44 73 79 63 67 74 59 57 57 51 49 50 27 29 18
sλ
O3
05/26 18 20 14 11 1.4 1.8 4.3 13 44 54 61 57 58 57 53 46 46 42 35 30 28 27 21 13
sλ
O3
05/27 14 11 16 22 20 16 16 17 23 28 31 43 31 33 36 42 42 43 34 30 29 11 15 5.8
sλ
O3
05/28 3.2 5 3 3.7 7.7 3.6 2.6 1.2 5.2 21 16 13# 24# 26# 46 50 47 47 48 47 49 51 52 50
sλ
O3
05/29 47 40 39 41 40 40 43 39 36 42 43 45 51 55 57 56 55 49 48 38 39 30 33 37
sλ
O3
05/30 44 44 40 38 36 38 33 23 23 25 33 70 86 83 69 70 62 54 47 46 35 21 18 18