x_
PM10
01/01 1 5 6 2 0* 3 6 4 5 5 5 8 8 7 6 6 4 5 5 11 8 3 6 4
x_
PM10
01/02 1 2 6 5 5 5 4 3 2 3 1000# 8 6 6 7 6 6 8 7 5 3 6 5 2
x_
PM10
01/03 5 5 5 9 15 10 8 10 6 4 7 7 6 6 7 4 3 6 7 6 7 6 8 8
x_
PM10
01/04 8 7 8 8 4 4 4 9 6 5 4 10 18 45 44 37 44 54 47 49 50 51 NA 53
x_
PM10
01/05 46 44 51 43 55 46 54 50 41 24* 26 33 33 37 37 30 28 27 31 23 20 26 21 18
x_
PM10
01/06 8 4 6 8 8 6 5 11 12 17 15 7 6 7 10 11 18 23 21 16 16 19 20 11
x_
PM10
01/07 8 5 6 5 15 8 8 17 16 16 15 12 13 15 16 19 23 18 16 28 18 19 22 15
x_
PM10
01/08 21 23 49 49 59 51 43 33 22 13 9 8 6 4 7 8 7 4 5 7 6 6 7 8
x_
PM10
01/09 5 3 3 3 8 8 8 14 12 14 11 10 10 11 17 18 19 15 21 28 28 22 19 17
x_
PM10
01/10 18 7 7 10 6 5 5 14 25 22 44 39 35 35# 1000# 39 51 49 56 62 66 68 70 67
x_
PM10
01/11 72 51 58 51 42 39 39 48 59 55 60 63 1000# 44 54 73 68 46 49 56 53 52 53 55
x_
PM10
01/12 52 37 38 42 35 35 35 33 35 32 19 17 40 34 26 19 14 20 14 17 11 13 14 15
x_
PM10
01/13 8 9 7 14 14 11 10 11 24 16 16 12 9 11 10 15 19 10 10 10 19 15 11 14
x_
PM10
01/14 12 12 13 16 16 23 30 30 24 24 32 35 1000# 32 32 28 35 32 25 30 30 24 24 21
x_
PM10
01/15 20 22 14 16 20 22 29 29 28 42 38 38 39 34 35 39 25 28 9 9 7 11 9* 8
x_
PM10
01/16 11 7 5 10 8 3 1 5 8 7 13 10 8 15 13 8 7 10 6 5 9 7 7 7
x_
PM10
01/17 4 9 7 6 7 4 7 14 11 9 13 14 21 18 27 27 33 40 42 43 46 47 47 48
x_
PM10
01/18 46 42 46 48 40 48 41 43 39 45 40 40 37 31 31 40 34 38 33 32 33 32 27 29
x_
PM10
01/19 27 24 27 29 24 22 27 33 47 61 53 64 55 54 45 60 62 75 78 81 37 32 27 56
x_
PM10
01/20 58 38 33 36 27 30 26 34 40 53 57 58 68 65 58 56 58 62 46 33 26 15 14 17
x_
PM10
01/21 25 29 14 10 19 23 12* 12 12 15 24 17 20 11 9 10 11 9 16 17 16 20 17 12
x_
PM10
01/22 8 6 17 17 16 24 24 30 39 37 44 44 48 1000# 54 54 54 56 54 49 45 45 41 41
x_
PM10
01/23 44 41 43 42 48 53 53 53 51 50 1000# 61 65 62 64 64 61 53 54 57 60 54 49 52
x_
PM10
01/24 58 60 57 57 52 54 52 54 53 46 49 48 47 46 48 50 48 46 48 48 47 47 47 45
x_
PM10
01/25 43 42 44 45 44 54 61 64 64 51 1000# 33 36 47 46 44 47 49 38 46 39 45 46 49
x_
PM10
01/26 41 44 41 32 27 38 34 40 42 48 50 57 65 57 48 35 36 38 38 32 30 24 23 26
x_
PM10
01/27 24 24 31 25 28 21 26 25 24 24 26 20 19 21 21 26 22 25 26 23 21 21 22 18
x_
PM10
01/28 23 20 20 20 21 24 28 42 34 42 38 21 23 21 24 19 26 21 28 24 21 17 24 22
x_
PM10
01/29 19 21 19 19 18 20 16 22 21 28 22 17 22 22 30 26 25 22 24 22 22 22 23 17
x_
PM10
01/30 17 16 20 24 20 18 15 19 25 42 38 46 65 83 70 72 74 84 115 97 98 99 73 68
x_
PM10
01/31 68 32 20 19 34 18 19 26 49 54 1000# 63 76 56 35 34 53 41 30 27 23 21 18 16
x_
PM10
菏代~るG2019/02A 代浮GhLA 代兜GPM10]gg/m3^
x_
PM10
ら戳 00 01 02 03 04 05 06 07 08 09 10 11 12 13 14 15 16 17 18 19 20 21 22 23
x_
PM10
02/01 19 19 17 14 20 24 19 21 17 25 20 18 24 22 32 32 44 47 49 40 32 44 43 40
x_
PM10
02/02 37 28 21 14 12 15 28 36 35 40 36 33 27 48 58 56 62 54 95 85 83 89 80 79
x_
PM10
02/03 79 75 79 85 74 73 62 66 40 34 37 45 55 50 52 55 55 59 81 71 66 69 60 68
x_
PM10
02/04 72 70 67 52 29 16 9 17 14 11 12 13 15 12 10 11 9 14 18 20 27 36 44 37
x_
PM10
02/05 37 38 22 26 17* 10 15 20 23 29 24 42 62 70 66 66 63 70 61 60 66 76 73 68
x_
PM10
02/06 75 78 69 59 56 49 53 44 39 43 44 42 17* 16 31 32 27 36 51 65 59 69 58 1000*
x_
PM10
02/07 66A 76 74 68 69 62 66 74 72 67 50 36 19 26 47 56 51 53 46 33 48 31 30 26
x_
PM10
02/08 27 21 20 22 21 25 22 32 27 23 17 8 13 8 7 8 6 11 15 14 14 18 19 19
x_
PM10
02/09 19 29 15 11 15 17 12 16 17 22 22 18 18 15 13 12 12 13 11 8 11 7 9 9
x_
PM10
02/10 6 4 4 7 5 4 7 6 3 1 3 5 4 4 6 12 11 13 14 16 17 10 11 10
x_
PM10
02/11 9 9 9 9 5 4 6 6 15 11 7 25 5 10 7 5 NA 8 5 6 5 12 10 7
x_
PM10
02/12 3 2 2 0 6 7 6 8 4 4 5 8 5 4 9 10 7 16 37 32 36 35 31 29
x_
PM10
02/13 35 38 28 22 13 13 13 20 17 24 25 27 36 10 11 15 23 18 22 14 18 15 15 13
x_
PM10
02/14 15 13 19 17 22 27 23 44 42 26 1000# 34 36 30 33 37 29 33 30 21 21 24 26 33
x_
PM10
02/15 32 30 34 29 34 32 51 48 62 48 32 33 42 43 52 48 53 68 50 49 56 36 35 32
x_
PM10
02/16 16 13 30 33 36 23 20 19 25 22 28 24 10 18 15 15 16 11 10 8 1000* 10A 11 8
x_
PM10
02/17 5 6 6 5 5 7 8 10 7 6 4 2 7 7 5 6 8 7 11 6 2* 4 6 4
x_
PM10
02/18 4 10 9 5 4 4 7 25 23 24 1000# 39 39 25 17 21 18 25 18 28 28 23 27 31
x_
PM10
02/19 34 36 17 14 15 16 17 21 48 56 46 33 44 35 36 37 41 48 40 33 39 43 42 37
x_
PM10
02/20 30 31 42 39 47 33 35 46 40 36 34 47 1000# 40 46 57 56 61 62 48 44 26 54 26
x_
PM10
02/21 37 41 30 23 26 14 11 12 13 16 30 18 13 18 15 20 25 43 35 31 22 15 15 17
x_
PM10
02/22 18 19 22 15 11 10 15 11 17 23 19 26 27 19 15 15 11 10 11 16 16 14 29 25
x_
PM10
02/23 21 18 20 11 19 21 25 29 30 30 34 23 21 18 22 20 19 16 21 10 10 12 12 9
x_
PM10
02/24 10 7 7 6 7 10 10 7 8 10 10 13 11 12 7 10 9 13 18 11 17 19 25 28
x_
PM10
02/25 31 37 32 33 38 40 43 45 46 47 1000# 31 34 1000# 29 31 24 26 28 32 20 22 24 21
x_
PM10
02/26 26 22 27 29 24 25 31 28 24 22 29 26 27 24 29 32 35 27 28 28 35 34 41 44
x_
PM10
02/27 50 59 51 57 54 52 44 54 67 65 52 54 56 53 73 78 83 72 74 56 57 57 58 53
x_
PM10
02/28 66 64 50 75 51 42 38 32 21 36 39 32 19 20 26 21 21 30 25 18* 17 25 30 22
x_
PM10
菏代~るG2019/03A 代浮GhLA 代兜GPM10]gg/m3^
x_
PM10
ら戳 00 01 02 03 04 05 06 07 08 09 10 11 12 13 14 15 16 17 18 19 20 21 22 23
x_
PM10
03/01 18 24 26 33 22 17 24 22 21 18 14 20 23 22 20 21 26 32 25 30 25 22 27 27
x_
PM10
03/02 26 25 30 35 39 43 47 52 53 51 63 68 100 81 88 86 93 88 109 122 114 101 104 107
x_
PM10
03/03 112 113 91 96 94 89 96 107 89 55 46 20 8 15 17 15 14 16 25 21 23 31 31 25
x_
PM10
03/04 21 28 25 27 26 26 23 30 26 22 23 30 27 24 1000# 29 31 36 32 28 31 33 45 35
x_
PM10
03/05 47 47 56 58 54 50 47 42 35 27 21 21 23 20 17 20 53 72 31 16 14 14 22 26
x_
PM10
03/06 27 31 30 21 15 14 22 18 22 32 20 23 19 13 20 17 22 24 23 25 18 21 11 18
x_
PM10
03/07 20 17 17 13 9 14 24 21 33 42 66 50 53 79 104 63 72 54 41 39 30 33 42 44
x_
PM10
03/08 42 41 21 12 11 11 12 12 12 14 10 9 11 9 7 6 8 8 9 7 6 15 7 5
x_
PM10
03/09 6 9 14 15 25 24 23 22 25 21 21 20 21 24 23 13 18 19 22 31 21 20 25 19
x_
PM10
03/10 16 13 15 13 11 11 21 11 21 8 17 20 18 10 10 21 17 24 20 30 26 38 44 56
x_
PM10
03/11 74 79 68 48 41 39 48 40 36 36 35 29 29 36 34 34 35 38 37 40 43 39 43 43
x_
PM10
03/12 42 48 47 44 45 50 52 49 56 49 54 53 47 49 53 50 52 54 50 51 45 49 49 46
x_
PM10
03/13 44 40 42 39 37 41 41 42 47 50 45 40 46 56 57 44 36 32 34 30 30 37 45 46
x_
PM10
03/14 47 53 48 48 50 44 49 51 50 48 54 77 86 88 76 69 72 51 48 56 46 37 21 22
x_
PM10
03/15 16 20 17 15 13 15 15 22 24 25 80 24 21 1000# 26 28 40 32 36 30 41 34 31 28
x_
PM10
03/16 23 34 38 34 42 39 38 42 41 41 44 39 33 42 43 44 39 33 36 37 36 41 34 35
x_
PM10
03/17 32 33 27 30 26 30 28 25 30 39 40 40 45 41 23 27 24 15 16 17 16 33 15* 9*
x_
PM10
03/18 16 13 19 18 27 32 24 34 44 56 69 70 56 53 43 48 48 55 66 54 58 61 59 63
x_
PM10
03/19 58 55 59 51 46 47 50 52 41 33 34 32 31 33 34 37 34 32 23 24 19 14 11 9
x_
PM10
03/20 8 16 19 15 14 18 27 34 42 35 47 55 75 1000# 75 85 95 85 70 60 64 63 66 63
x_
PM10
03/21 65 59 77 82 72 51 49 56 58 50 56 67 60 59 63 64 66 67 76 55 43 40 41 46
x_
PM10
03/22 44 43 44 53 60 54 42 41 35 37 40 32 18 18 14 11 16 11 15* 20 17 11 9 12
x_
PM10
03/23 8 14 12 11 7 14 18 17 11 12 12 19 21 20 14 18 24 19 22 25 26 31 35 27
x_
PM10
03/24 17 25 31 27 27 28 29 39 35 32 27 30 25 26 24 17 18 18 23 25 16 22 35 35
x_
PM10
03/25 33 28 27 28 25 29 30 41 42 40 46 35 20 23 21 25 24 21 21 29 28 36 29 36
x_
PM10
03/26 35 31 25 27 23 23 27 29 27 24 23 1000# 24 23 26 32 37 33 34 33 33 21 24 21
x_
PM10
03/27 22 19 19 21 18 21 24 29 44 55 66 53 56 60 56 58 58 54 58 62 69 49 55 55
x_
PM10
03/28 59 65 63 70 79 69 79 75 60 46 42 36 33 45 47 49 43 40 49 34 44 34 39 41
x_
PM10
03/29 32 42 38 46 49 43 46 47 46 49 44 44 1000# 38 47 48 41 57 50 46 40 39 35 15
x_
PM10
03/30 13 22 17 21 26 32 28 31 21 29 27 27 35 40 39 40 31 31 33 30 33 35 40 39
x_
PM10
03/31 43 47 54 63 58 65 65 63 68 78 75 80 53 52 47 43 48 28 22 30 28 34 34 20
x_
PM10
菏代~るG2019/04A 代浮GhLA 代兜GPM10]gg/m3^
x_
PM10
ら戳 00 01 02 03 04 05 06 07 08 09 10 11 12 13 14 15 16 17 18 19 20 21 22 23
x_
PM10
04/01 13 19 18 22 25 9 9 7 12 16 1000# 13 20 17 25 29 37 38 40 32 38 45 45 43
x_
PM10
04/02 37 45 43 41 35 29 24 24 34 31 22 19 14 11 1000# 17 21 22 25 27 17 21 24 34
x_
PM10
04/03 25 32 34 26 16 21 22 32 34 39 39 35 39 42 42 42 47 49 56 55 47 47 48 30
x_
PM10
04/04 14 16 18 9 9 11 13 14 21 10 18 24 37 47 34 41 25 29 30 31 29 28 28 34
x_
PM10
04/05 31 38 39 39 32 27 22 23 24 20 26 25 19* 20* 17 20 20 15 14 11 15 9 12 15
x_
PM10
04/06 18 26 23 21 23 22 25 24 22 24 15 24 21 16 24 26 26 51 61 54 56 53 59 58
x_
PM10
04/07 69 69 60 59 41 43 41 39 51 68 63 63 55* 56 46 61 63 65 59 66 64 56 54 53
x_
PM10
04/08 51 50 46 46 48 33 42 47 55 53 63 62 71 69 1000# 61 59 59 69 71 74 68 32 50
x_
PM10
04/09 58 51 46 37 37 49 56 54 62 65 70 62 71 78 68 66 53 60 54 50 56 49 47 45
x_
PM10
04/10 46 42 37 36 35 35 46 54 42 57 48 43 51 50 42 38 27 15 7 11 16 6 9 5
x_
PM10
04/11 4 7 19 20 7 6 7 10 6 15 11 13 27 40 43 22 21 12 9 8 19 11 13 11
x_
PM10
04/12 13 10 11 13 20 21 23 31 26 26 26 29 39 33 31 1000# 31 35 34 28 37 43 25 24
x_
PM10
04/13 22 12 14 10 15 19 16 18 18 18 21 1000* 17A 21 28 27 31 30 37 48 51 52 52 47
x_
PM10
04/14 46 40 41 40 36 43 39 40 42 33 31 28 25 23 21 27 25 28 20 28 20 31 51 43
x_
PM10
04/15 33 49 48 55 55 54 57 58 48 46 42 1000# 52 47 48 47 49 48 37 36 36 36 33 24
x_
PM10
04/16 24 35 28 32 34 21 20 17 24 22 30 39 22 29 25 30 29 53 49 48 44 37 41 38
x_
PM10
04/17 30 33 30 30 31 33 35 38 38 32 32 27 29 33 36 36 44 44 53 45 40 40 38 33
x_
PM10
04/18 30 33 32 32 36 38 35 35 69 67 70 63 46 52 57 53 42 50 47 40 38 43 43 52
x_
PM10
04/19 34 28 28 32 30 28 34 38 42 44 40 52 58 66 65 65 77 83 81 82 69 68 53 57
x_
PM10
04/20 68 51 58 58 65 68 79 91 76 39 29* 36 28 25 26 31 34 38 30 32 38 47 27 20
x_
PM10
04/21 18 23 25 28 21 11 11 17 18 22 28 29 26 29 33 31 34 32 33 29 33 32 33 34
x_
PM10
04/22 33 36 36 34 33 33 35 31 40 32 1000# 21* 33 29 33 31 40 29 38 47 39 33 29 33
x_
PM10
04/23 29 29 27 36 33 42 47 43 53 41 34 30 37 47 59 40 37 40 35 37 35 45 44 38
x_
PM10
04/24 39 39 40 42 44 41 41 46 47 40 34 39 45 49 53 47 45 41 47 46 53 52 53 46
x_
PM10
04/25 51 52 46 44 43 43 55 44 56 52 48 46 54 56 42 58 45 44 38 41 34 39 41 35
x_
PM10
04/26 34 28 28 27 28 19 18 16 17 17 14 15 18 19 24 34 27 27 25 30 31 24 39 26
x_
PM10
04/27 19 23 26 27 29 27 15 25 24 18 21 26 26 20 11 12 15 13 13 11 13 11 12 13
x_
PM10
04/28 9 10 10 11 14 20 28 16 21 32 42 43 40 43 36 33 26 31 29 29 31 29 26 25
x_
PM10
04/29 23 27 23 26 34 33 32 32 36 33 46 57 56 58 51 38 41 39 36 37 34 36 35 39
x_
PM10
04/30 46 44 43 46 50 51 58 49 52 52 1000# 55 43 41 46 45 43 39 40 43 40 36 34 33
x_
PM10
菏代~るG2019/05A 代浮GhLA 代兜GPM10]gg/m3^
x_
PM10
ら戳 00 01 02 03 04 05 06 07 08 09 10 11 12 13 14 15 16 17 18 19 20 21 22 23
x_
PM10
05/01 35 31 23 18 12 8 8 9 9 9 6 4 3 6 11 11 23 24 23 29 35 37 32 45
x_
PM10
05/02 49 55 65 73 87 113 147 119 86 87 70 52 46 51 49 58 59 37 45 46 48 39 37 33
x_
PM10
05/03 35 30 32 35 36 43 49 53 46 58 55 49 37 40 55 73 53 43 36 41 37 35 37 47
x_
PM10
05/04 43 40 39 36 32 29 31 29 31 32 31 32 37 31 32 25 27 32 31 29 35 30 34 28
x_
PM10
05/05 31 40 33 31 31 28 36 29 32 36 34 33 32 34 30 29 27 31 29 30 34 36 38 34
x_
PM10
05/06 30 26 29 23 28 20 22 29 31 29 24 29 20 18 1000# 14 11 13 21 25 25 26 30 14
x_
PM10
05/07 13 10 12 9 12 14 13 12 11 10 10 8 20 36 34 29 30 34 26 31 33 27 21 27
x_
PM10
05/08 23 26 25 23 26 27 24 14 31 26 14 21 22 26 23 20 24 17 22 19 14 19 19 23
x_
PM10
05/09 19 22 25 22 24 18 27 28 28 25 20 15 21 21 17 22 21 17 18 31 30 21 18 13
x_
PM10
05/10 17 19 18 17 10 19 17 17 13 11 15 20 24 22 21 21 19 25 29 26 25 24 21 17
x_
PM10
05/11 12 14 11 14 14 11 23 28 23 13 17 24 23 23 17 20 21 16 21 26 18 21 22 26
x_
PM10
05/12 23 17* 18* 21 30 39 39 37 22 14* 18 23 25 25 25* 24 25 26 33 20 11 17 15 19
x_
PM10
05/13 12 13 9 13 9 12 12 7 14 22 59 76 69 61 62 56 64 49 53 50 44 45 53 59
x_
PM10
05/14 57 58 64 61 61 47 50 55 60 70 64 60 41 33 32 42 40 43 36* 43 54 33 28 28
x_
PM10
05/15 20 25 30 36 45 37 39 46 44 33 1000# 42 42* 28 34 43 32 25 31 33 33 36 36 40
x_
PM10
05/16 36 36 42 49 45 40 39 43 41 31 38 39 46 42 40 41 44 32 39 32 37 42 34 33
x_
PM10
05/17 38 31 30 23 11 18 11 18 20 19 15 13 13 13 12 19 26 34 37 51 38 34 32 34
x_
PM10
05/18 31 29 28 34 34 25 29 27 28 28 20 28 28 34 45 37 32 34 28 40 34 36 33 41
x_
PM10
05/19 32 35 32 26 31 28 27 32 26 30 35 33 30 32 34* 25 35 34 32 29 36 34 30 35
x_
PM10
05/20 33 33 34 36 31 32 30 14 15 9 12 15 28 34 38 18* 21 26 21 25 27 33 33 58
x_
PM10
05/21 66 71 72 70 78 70 75 74 68 77 85 83 74 67 59 53 50 51 48 47 51 42 44 42
x_
PM10
05/22 36 44 37 35 43 38 41 42 47 39 44 42 47 42 1000# 32 40 34 37 35 33 41 37 39
x_
PM10
05/23 39 39 44 43 36 34 36 38 42 1000* 19A 17 1000# 8 9 11 14 12* 17 18 25 23 21 14
x_
PM10
05/24 23 20 14 14 19 13 13 19 21 24 30 30 29 26 31 37 29 28 32 32 29 31 26 28
x_
PM10
05/25 25 26 30 24 26 22 25 24 30 26 27 26 30 22 27 41 41 37 41 41 41 36 41 35
x_
PM10
05/26 41 37 36 31 34 28 30 36 30 37 40 39 41 42 39 39 40 43 43 41 38 32 32 34
x_
PM10
05/27 36 31 34 36 31 29 34 43 44 42 45 36 41 31 18* 20 30 36 33 30 34 35 33 40
x_
PM10
05/28 32 32 36 27 37 35 35 41 32 12 1000# 2 5 7 18 22 24 24 21 22 25 28 30 28
x_
PM10
05/29 28 35 37 41 34 33 33 34 39 34 38 38 29 28 33 31 26 26 24 22 21 26 29 33
x_
PM10
05/30 32 32 30 35 35 32 39 48 28 26 21 26 27 34 40 34 30 21 29 41 44 36 31 33
