x_
CO
01/01 0.18 0.18 0.17 0.17 0.17 0.17 0.19 0.2 0.21 0.22 0.22 0.22 0.22 0.23 0.23 0.23 0.23 0.23* 0.23 0.21 0.21 0.21 0.2 0.18
x_
CO
01/02 0.18 0.18 0.17 0.18 0.18 0.19 0.22 0.28 0.28 0.26 0.25 0.25 0.26 0.26 0.26 0.27 0.27 0.29 0.31 0.28 0.25 0.23 0.23 0.21
x_
CO
01/03 0.21 0.25 0.26 0.27 0.27 0.34 0.36 0.44 0.37 0.34 0.34 0.34 0.38 0.36 0.38 0.38 0.39 0.4 0.39 0.36 0.34 0.33 0.32 0.29
x_
CO
01/04 0.27 0.23 0.22 0.2 0.19 0.19 0.23 0.29 0.31 0.26 0.23 0.25 0.4 0.43 0.36 0.32 0.36 0.4 0.47 0.48 0.52 0.57 0.52 0.32
x_
CO
01/05 0.28 0.28 0.29 0.28 0.27 0.29 0.33 0.42 0.39 0.32 0.32 0.4 0.29 0.3 0.36 0.5 0.58 0.61 0.63 0.64 0.71 0.77 0.73 0.72
x_
CO
01/06 0.58 0.43 0.39 0.38 0.4 0.41 0.4 0.46 0.64 0.79 0.77 0.56 0.47 0.47 0.44 0.41 0.4 0.4 0.35 0.3 0.28 0.27 0.26 0.25
x_
CO
01/07 0.24 0.22 0.22 0.22 0.23 0.23 0.25 0.31 0.32 0.31 0.29 0.3 0.29 0.29 0.3 0.32 0.36 0.47 0.51 1.07 0.81 0.84 1.06 0.73
x_
CO
01/08 1.02 1.22 0.9 0.8 0.41 0.39 0.63 0.5 0.49 0.41 0.26 0.26 0.27 0.26 0.27 0.29 0.3 0.32 0.33 0.31 0.27 0.27 0.26 0.26
x_
CO
01/09 0.26 0.28 0.28 0.29 0.28 0.29 0.31 0.36 0.37 0.34 0.36 0.39 0.41 0.39 0.39 0.38 0.39 0.43 0.46 0.45 0.43 0.42 0.41 0.38
x_
CO
01/10 0.36 0.32 0.31 0.3 0.29 0.3 0.35 0.82 0.99 0.89 1.39# 0.6# 0.63 0.53 0.37 0.33# 0.38# 0.55 0.7 0.9 1.11 1.02 0.82 0.85
x_
CO
01/11 1.11 0.87 0.61 0.54 0.62 0.68 0.76 1.02 0.96 0.69 0.78 0.7 0.4 0.27 0.29 0.33 0.39 0.4 0.5 0.58 0.61 0.65 0.76 1.05
x_
CO
01/12 0.64 0.33 0.32 0.35 0.28 0.29 0.3 0.37 0.35 0.42 0.36 0.39 0.45 0.42 0.47 0.46 0.48 0.58 0.63 0.56 0.54 0.55 0.55 0.55
x_
CO
01/13 0.57 0.53 0.46 0.58 0.52 0.49 0.53 0.6 0.67 0.54 0.48 0.51 0.45 0.45 0.44 0.41 0.44 0.47 0.45 0.44 0.42 0.43 0.41 0.38
x_
CO
01/14 0.36 0.35 0.33 0.32 0.32 0.33 0.36 0.43 0.41 0.38 0.37 0.37 0.37 0.36 0.35 0.36 0.38 0.41 0.4 0.39 0.36 0.35 0.33 0.31
x_
CO
01/15 0.3 0.26 0.25 0.25 0.26 0.39 0.5 0.69 0.72 0.88 0.79 0.68 0.54 0.37 0.35 0.45 0.39 0.4 0.35 0.32 0.31 0.27 0.27 0.24
x_
CO
01/16 0.24 0.24 0.28 0.37 0.4 0.43 0.44 0.49 0.51 0.4 0.35 0.36 0.41 0.41 0.5 0.5 0.5 0.56 0.37 0.37 0.3 0.35 0.38 0.29
x_
CO
01/17 0.28 0.32 0.29 0.29 0.29 0.31 0.38 0.62 0.57 0.34 0.37 0.35 0.36 0.33 0.39 0.39 0.39 0.41 0.4 0.39 0.38 0.37 0.36 0.33
x_
CO
01/18 0.31 0.31 0.32 0.31 0.3 0.28 0.26 0.3 0.32 0.27 0.25 0.25 0.24 0.22 0.22 0.23 0.26 0.26 0.26 0.25 0.24 0.24 0.25 0.24
x_
CO
01/19 0.22 0.22 0.22 0.31 0.26 0.29 0.45 0.65 0.87 0.86 0.5 0.4 0.38 0.35 0.33 0.37 0.45 0.59 0.8 0.88 0.81 0.77 0.91 1.55
x_
CO
01/20 1.43 0.83 0.75 0.89 0.59 0.62 0.53 0.61 0.72 0.82 0.7 0.48 0.45 0.53 0.65 0.61 0.56 0.56 0.49 0.47 0.48 0.49 0.5 0.49
x_
CO
01/21 0.46 0.44 0.4 0.32 0.3 0.3 0.31 0.32 0.36 0.33 0.29 0.29 0.27 0.26 0.26 0.26 0.26 0.31 0.34 0.31 0.28 0.35 0.33 0.31
x_
CO
01/22 0.25 0.24 0.26 0.27 0.29 0.34 0.38 0.43 0.56 0.56 0.5 0.4 0.39 0.41# 0.41 0.41 0.43 0.48 0.65 0.53 0.43 0.48 0.41 0.41
x_
CO
01/23 0.36 0.3 0.3 0.3 0.31 0.32 0.35 0.39 0.36 0.33 0.34 0.35 0.36 0.37 0.36 0.35 0.36 0.37 0.37 0.36 0.33 0.32 0.33 0.31
x_
CO
01/24 0.31 0.31 0.3 0.31 0.31 0.31 0.32 0.36 0.37 0.33 0.31 0.31 0.32 0.31 0.31 0.31 0.32 0.38 0.39 0.37 0.35 0.35 0.36 0.34
x_
CO
01/25 0.33 0.31 0.3 0.31 0.35 0.48 0.56 0.9 1.01 0.75# 0.3# 0.3 0.29 0.3 0.3 0.31 0.34 0.4 0.35 0.47 0.36 0.57 0.55 0.46
x_
CO
01/26 0.31 0.31 0.28 0.23 0.17 0.19 0.18 0.19 0.22 0.3 0.3 0.33 0.36 0.33 0.24 0.2 0.2 0.23 0.21 0.2 0.19 0.19 0.18 0.17
x_
CO
01/27 0.16 0.13 0.12 0.12 0.11 0.12 0.14 0.15 0.15 0.16 0.16 0.15 0.16 0.14 0.15 0.15 0.15 0.2 0.19 0.18 0.17 0.17 0.17 0.15
x_
CO
01/28 0.14 0.17 0.17 0.16 0.2 0.31 0.49 0.87 0.65 0.7 0.57 0.18 0.2 0.2 0.19 0.2 0.24 0.29 0.26 0.29 0.26 0.23 0.21 0.18
x_
CO
01/29 0.17 0.16 0.16 0.16 0.17 0.18 0.21 0.27 0.3 0.23 0.23 0.21 0.22 0.22 0.23 0.24 0.24 0.28 0.29 0.26 0.25 0.26 0.26 0.24
x_
CO
01/30 0.23 0.22 0.31 0.47 0.45 0.27 0.35 0.6 0.87 0.78 0.8 0.66 0.47 0.45 0.41 0.42 0.45 0.64 1.1 1.18 1.42 1.43 1.11 1.32
x_
CO
01/31 1.33 0.46 0.39 0.43 0.56 0.42 0.35 0.69 0.91 0.46 0.75 0.69 0.49 0.27 0.32 0.29 0.3 0.38 0.36 0.37 0.43 0.45 0.43 0.38
x_
CO
菏代~るG2019/02A 代浮GhLA 代兜GCO]ppm^
x_
CO
ら戳 00 01 02 03 04 05 06 07 08 09 10 11 12 13 14 15 16 17 18 19 20 21 22 23
x_
CO
02/01 0.32 0.3 0.28 0.27 0.29 0.32 0.35 0.39 0.41 0.41 0.4 0.41 0.43 0.45 0.45 0.45 0.44 0.44 0.41 0.36 0.34 0.31 0.3 0.28
x_
CO
02/02 0.27 0.27 0.28 0.28 0.28 0.4 0.86 1.33 1.05 0.84 0.82 0.74 0.6 0.56 0.47 0.46 0.45 0.54 0.79 0.7 0.55 0.78 1.11 0.71
x_
CO
02/03 0.59 0.65 0.69 0.61 0.71 0.83 0.97 1.06 0.79 0.71 0.47 0.42 0.43 0.39 0.38 0.41 0.45 0.56 0.74 0.69 0.79 0.96 1.05 1.13
x_
CO
02/04 1.13 1.18 0.94 0.52 0.7 0.73 0.71 0.74 0.74 0.66 0.64 0.69 0.75 0.76 0.75 0.76 0.77 0.72 0.71 0.68 0.72 0.77 0.82 0.76
x_
CO
02/05 0.7 0.6 0.55 0.58 0.49 0.42 0.43 0.44 0.44 0.4 0.45 0.38 0.27 0.26 0.29 0.24 0.26 0.29 0.32 0.47 0.51 0.57 0.6 0.36
x_
CO
02/06 0.28 0.28 0.3 0.34 0.4 0.39 0.44 0.43 0.38 0.4 0.42 0.41 0.3 0.3 0.31 0.32 0.33 0.43 0.63 0.79 0.73 0.72 0.94 0.65#
x_
CO
02/07 1.06 0.9 0.79 0.69 0.55 0.37 0.47 0.72 0.64 0.54 0.45 0.32 0.2 0.18 0.29 0.38 0.37 0.41 0.39 0.4 0.43 0.41 0.39 0.43
x_
CO
02/08 0.45 0.39 0.34 0.34 0.31 0.29 0.3 0.33 0.33 0.31 0.27 0.21 0.25 0.19 0.2 0.18 0.19 0.24 0.28 0.28 0.31 0.32 0.26 0.25
x_
CO
02/09 0.25 0.29 0.28 0.22 0.22 0.24 0.25 0.24 0.28 0.29 0.31 0.29 0.32 0.32 0.32 0.29 0.28 0.31 0.35 0.27 0.26 0.25 0.22 0.24
x_
CO
02/10 0.19 0.19 0.2 0.19 0.19 0.19 0.22 0.23 0.21 0.23 0.25 0.26 0.26 0.28 0.3 0.34 0.39 0.37 0.35 0.34 0.34 0.37 0.35 0.33
x_
CO
02/11 0.29 0.23 0.23 0.22 0.21 0.23 0.3 0.38 0.42 0.36 0.28 0.23 0.23 0.22 0.22 0.23 NA 0.25 0.28 0.29 0.25 0.24 0.23 0.21
x_
CO
02/12 0.21 0.2 0.19 0.2 0.2 0.2 0.22 0.28 0.31 0.27 0.25 0.24 0.25 0.25 0.25 0.26 0.26 0.38 0.43 0.43 0.39 0.36 0.39 0.43
x_
CO
02/13 0.39 0.25 0.22 0.21 0.21 0.21 0.26 0.34 0.39 0.44 0.41 0.45 0.47 0.27 0.23 0.22 0.23 0.28 0.3 0.29 0.25 0.24 0.25 0.25
x_
CO
02/14 0.25 0.26 0.34 0.31 0.27 0.29 0.32 0.5 0.56 0.55 0.42 0.43 0.35 0.35 0.36 0.43 0.45 0.52 0.63 0.47 0.57 0.63 0.7 0.81
x_
CO
02/15 0.8 0.62 0.58 0.45 0.42 0.38 0.48 0.55 0.68 0.64 0.44 0.37 0.4 0.35 0.34 0.33 0.36 0.43 0.42 0.46 0.47 0.42 0.5 0.49
x_
CO
02/16 0.32 0.33 0.33 0.33 0.33 0.32 0.33 0.39 0.46 0.48 0.48 0.42 0.32 0.34 0.34 0.37 0.41 0.44 0.43 0.39 0.45 0.47 0.44 0.46
x_
CO
02/17 0.4 0.32 0.31 0.3 0.28 0.3 0.32 0.31 0.29 0.25 0.25 0.25 0.25 0.25 0.24 0.23 0.22 0.22 0.22 0.19 0.18 0.19 0.19 0.19
x_
CO
02/18 0.26 0.29 0.26 0.18 0.18 0.22 0.39 0.61 0.7 0.79 0.98# 0.6 0.67 0.4 0.27 0.24 0.32 0.45 0.36 0.36 0.37 0.33 0.37 0.55
x_
CO
02/19 0.51 0.21 0.18 0.22 0.24 0.27 0.34 0.69 1.14 1.22 0.94 0.57 0.57 0.45 0.4 0.37 0.41 0.54 0.52 0.58 0.43 0.39 0.57 0.42
x_
CO
02/20 0.31 0.5 0.42 0.4 0.38 0.35 0.45 0.61 0.45 0.41 0.42 0.4 0.29 0.25 0.25 0.24 0.28 0.39 0.46 0.37 0.35 0.38 0.48 0.43
x_
CO
02/21 0.46 0.36 0.33 0.33 0.33 0.34 0.35 0.42 0.4 0.33 0.46 0.35 0.31 0.31 0.33 0.32 0.35 0.43 0.43 0.53 0.5 0.49 0.59 0.56
x_
CO
02/22 0.48 0.36 0.3 0.3 0.29 0.3 0.35 0.45 0.53 0.41 0.35 0.36 0.47 0.37 0.38 0.4 0.4 0.5 0.66 0.58 0.46 0.42 0.42 0.44
x_
CO
02/23 0.45 0.45 0.45 0.45 0.45 0.45 0.47 0.52 0.51 0.48 0.45 0.44 0.44 0.41 0.38 0.38 0.42 0.47 0.51 0.38 0.34 0.34 0.31 0.28
x_
CO
02/24 0.27 0.24 0.23 0.22 0.24 0.25 0.24 0.29 0.37 0.42 0.41 0.44 0.43 0.46 0.42 0.45 0.42 0.53 0.51 0.47 0.53 0.6 0.64 0.68
x_
CO
02/25 0.73 0.7 0.59 0.59 0.61 0.58 0.72 0.89 0.74 1.04 1.1 0.61 0.64 0.54# 0.39 0.26 0.27 0.32 0.3 0.27 0.27 0.25 0.24 0.23
x_
CO
02/26 0.22 0.21 0.21 0.21 0.21 0.21 0.25 0.34 0.37 0.28 0.23 0.25 0.25 0.24 0.23 0.23 0.26 0.29 0.3 0.28 0.31 0.32 0.4 0.47
x_
CO
02/27 0.8 0.73 0.64 0.63 0.61 0.58 0.62 0.76 0.68 0.78 0.62 0.65 0.52 0.51 0.68 0.68 0.73 0.73 0.78 0.75 0.91 1 0.96 0.68
x_
CO
02/28 0.68 0.56 0.41 0.64 0.34 0.3 0.35 0.4 0.35 0.43 0.35 0.37 0.35 0.34 0.33 0.29 0.28 0.36 0.33 0.31 0.28 0.31 0.29 0.28
x_
CO
菏代~るG2019/03A 代浮GhLA 代兜GCO]ppm^
x_
CO
ら戳 00 01 02 03 04 05 06 07 08 09 10 11 12 13 14 15 16 17 18 19 20 21 22 23
x_
CO
03/01 0.26 0.33 0.32 0.35 0.32 0.29 0.37 0.32 0.32 0.31 0.31 0.31 0.31 0.3 0.31 0.34 0.37 0.49 0.48 0.54 0.48 0.47 0.45 0.46
x_
CO
03/02 0.44 0.37 0.42 0.42 0.41 0.42 0.44 0.47 0.53 0.51 0.53 0.49 0.46 0.42 0.46 0.48 0.5 0.58 0.82 0.89 0.95 0.62 0.58 0.65
x_
CO
03/03 0.69 0.75 0.62 0.56 0.58 0.58 0.59 0.62 0.56 0.53 0.52 0.42 0.24 0.18 0.27 0.33 0.39 0.44 0.54 0.41 0.28 0.44 0.41 0.47
x_
CO
03/04 0.47 0.44 0.39 0.39 0.37 0.41 0.54 0.5 0.53 0.53 0.48 0.47 0.5 0.5# 0.51 0.52 0.54 0.56 0.56 0.53 0.49 0.48 0.45 0.37
x_
CO
03/05 0.33 0.32 0.34 0.35 0.33 0.33 0.36 0.43 0.44 0.4 0.38 0.35 0.36 0.37 0.37 0.41 0.48 0.48 0.41 0.4 0.47 0.56 0.7 0.73
x_
CO
03/06 0.75 0.78 0.69 0.45 0.36 0.39 0.48 0.55 0.67 0.84 0.39 0.35 0.3 0.32 0.36 0.36 0.42 0.47 0.47 0.53 0.49 0.44 0.42 0.47
x_
CO
03/07 0.5 0.39 0.38 0.32 0.27 0.24 0.21 0.31 0.37 0.36 0.39 0.35 0.36 0.48 0.63 0.56 0.48 0.44 0.43 0.47 0.43 0.47 0.49 0.47
x_
CO
03/08 0.48 0.42 0.29 0.21 0.19 0.19 0.2 0.23 0.25 0.24 0.26 0.22 0.23 0.25 0.2 0.21 0.23 0.24 0.28 0.22 0.21 0.24 0.24 0.21
x_
CO
03/09 0.24 0.65 0.54 0.46 0.53 0.53 0.56 0.85 0.86 0.99 0.88 0.79 0.75 0.77 0.78 0.61 0.68 0.49 0.58 0.87 0.47 0.5 0.42 0.39
x_
CO
03/10 0.4 0.33 0.33 0.29 0.27 0.26 0.31 0.26 0.3 0.32 0.43 0.4 0.46 0.51 0.5 0.58 0.5 0.52 0.5 0.59 0.5 0.4 0.38 0.41
x_
CO
03/11 0.42 0.43 0.39 0.3 0.26 0.25 0.3 0.36 0.37 0.32 0.29 0.3 0.28 0.28 0.27 0.27 0.3 0.34 0.38 0.4 0.4 0.42 0.42 0.39
x_
CO
03/12 0.38 0.42 0.35 0.3 0.33 0.63 0.79 0.69 0.47 0.36 0.34 0.32 0.29 0.29 0.3 0.31 0.34 0.36 0.39 0.36 0.35 0.35 0.34 0.31
x_
CO
03/13 0.27 0.26 0.26 0.26 0.25 0.25 0.28 0.38 0.37 0.3 0.28 0.28 0.28 0.27 0.29 0.3 0.31 0.35 0.35 0.36 0.33 0.32 0.32 0.29
x_
CO
03/14 0.27 0.26 0.25 0.25 0.24 0.26 0.31 0.44 0.45 0.64 0.57 0.45 0.47 0.32 0.29 0.26 0.28 0.33 0.43 0.47 0.36 0.3 0.25 0.22
x_
CO
03/15 0.22 0.22 0.22 0.22 0.23 0.25 0.27 0.44 0.51 0.42 0.34 0.27 0.23 0.22 0.21 0.23 0.28 0.3 0.33 0.32 0.44 0.48 0.38 0.27
x_
CO
03/16 0.22 0.2 0.2 0.2 0.2 0.2 0.2 0.21 0.22 0.23 0.24 0.23 0.24 0.25 0.27 0.26 0.27 0.24 0.24 0.23 0.23 0.24 0.25 0.24
x_
CO
03/17 0.23 0.22 0.22 0.23 0.24 0.31 0.35 0.42 0.55 0.55 0.59 0.58 0.61 0.41 0.27 0.26 0.25 0.27 0.27 0.27 0.26 0.25 0.27 0.24
x_
CO
03/18 0.22 0.21 0.29 0.25 0.24 0.26 0.34 0.76 0.98 1.05 0.96 0.7 0.38 0.26 0.26 0.29 0.32 0.41 0.63 0.5 0.5 0.48 0.46 0.57
x_
CO
03/19 0.65 0.49 0.5 0.51 0.47 0.41 0.45 0.56 0.53 0.37 0.31 0.29 0.28 0.27 0.29 0.29 0.31 0.34 0.35 0.32 0.31 0.32 0.32 0.31
x_
CO
03/20 0.3 0.3 0.32 0.38 0.36 0.47 0.91 0.99 1.32 1.02 0.85 0.63 0.54 0.4# 0.48 0.59 0.68 0.59 0.51 0.48 0.46 0.52 0.51 0.42
x_
CO
03/21 0.43 0.44 0.98 0.83 0.71 0.38 0.52 0.89 0.76 0.5 0.52 0.59 0.46 0.29 0.3 0.26 0.32 0.48 0.92 0.68 0.33 0.32 0.34 0.31
x_
CO
03/22 0.31 0.25 0.24 0.28 0.31 0.32 0.34 0.41 0.35 0.29 0.29 0.33 0.31 0.31 0.3 0.27 0.27 0.27 0.29 0.3 0.23 0.22 0.21 0.2
x_
CO
03/23 0.19 0.18 0.18 0.17 0.17 0.17 0.17 0.18 0.19 0.19 0.19 0.19 0.18 0.18 0.18 0.18* 0.18 0.22 0.23 0.2 0.21 0.21 0.22 0.2
x_
CO
03/24 0.19 0.16 0.17 0.18 0.18 0.18 0.19 0.2 0.21 0.21 0.21 0.22 0.22 0.22 0.21 0.23 0.24 0.33 0.32 0.37 0.29 0.41 0.82 0.81
x_
CO
03/25 0.66 0.58 0.65 0.83 0.78 0.66 0.61 1.1 1.2 1.02 1.06 0.56 0.26 0.28 0.3 0.28 0.32 0.34 0.4 0.41 0.39 0.48 0.46 0.5
x_
CO
03/26 0.56 0.37 0.28 0.28 0.28 0.28 0.32 0.38 0.4 0.34 0.31 0.3 0.29 0.29 0.29 0.29 0.31 0.33 0.34 0.3 0.28 0.3 0.31 0.28
x_
CO
03/27 0.26 0.29 0.33 0.27 0.27 0.32 0.51 0.74 1.01 0.87 0.72 0.35 0.33 0.35 0.34 0.37 0.43 0.5 0.64 1.08 1.29 1.18 1.34 1.37
x_
CO
03/28 1.2 0.87 0.62 0.67 0.67 0.72 0.53 0.59 0.63 0.6 0.37 0.28 0.26 0.28 0.29 0.3 0.32 0.41 0.49 0.41 0.48 0.52 0.8 0.88
x_
CO
03/29 0.73 0.67 0.66 0.23 0.18 0.19 0.24 0.32 0.32 0.27 0.24 0.23 0.22 0.22 0.23 0.25 0.28 0.39 0.44 0.39 0.35 0.42 0.34 0.24
x_
CO
03/30 0.27 0.27 0.28 0.29 0.32 0.38 0.47 0.55 0.44 0.52 0.42 0.32 0.32 0.27 0.28 0.3 0.28 0.31 0.28 0.29 0.27 0.25 0.24 0.21
x_
CO
03/31 0.2 0.2 0.2 0.19 0.19 0.21 0.27 0.35 0.4 0.37 0.36 0.33 0.3 0.27 0.25 0.25 0.25 0.26 0.25 0.24 0.23 0.23 0.21 0.2
x_
CO
菏代~るG2019/04A 代浮GhLA 代兜GCO]ppm^
x_
CO
ら戳 00 01 02 03 04 05 06 07 08 09 10 11 12 13 14 15 16 17 18 19 20 21 22 23
x_
CO
04/01 0.2 0.19 0.19 0.19 0.19 0.2 0.23 0.27 0.3 0.25 0.24# 0.23 0.23 0.23 0.23 0.24 0.26 0.28 0.31 0.3 0.28 0.29 0.27 0.26
x_
CO
04/02 0.24 0.23 0.23 0.22 0.22 0.22 0.24 0.3 0.32 0.3 0.28 0.28 0.29 0.27# 0.3 0.34 0.38 0.47 0.5 0.6 0.55 0.61 0.86 0.94
x_
CO
04/03 1.08 0.79 0.23 0.18 0.19 0.21 0.32 0.51 0.55 0.52 0.38 0.35 0.56 0.67 0.57 0.49 0.62 0.76 1.02 1 1.04 0.84 0.95 0.49
x_
CO
04/04 0.18 0.18 0.17 0.17 0.17 0.18 0.2 0.22 0.26 0.24 0.27 0.4 0.35 0.36 0.33 0.3 0.25 0.27 0.25 0.26 0.25 0.25 0.29 0.26
x_
CO
04/05 0.24 0.23 0.22 0.21 0.21 0.21 0.24 0.26 0.27 0.25 0.26 0.25 0.27 0.29 0.3 0.31 0.32 0.3 0.32 0.3 0.3 0.33 0.32 0.3
x_
CO
04/06 0.3 0.67 0.64 0.54 0.5 0.51 0.63 0.53 0.4 0.34 0.36 0.34 0.34 0.36 0.4 0.42 0.44 0.53 0.66 0.76 0.81 0.87 0.89 1.05
x_
CO
04/07 1.31 1.07 0.86 1.04 0.74 0.59 0.65 0.69 0.85 0.56 0.65 0.54 0.39 0.36 0.35 0.39 0.44 0.49 0.56 0.51 0.46 0.5 0.45 0.53
x_
CO
04/08 0.59 0.48 0.46 0.54 0.49 0.42 0.53 0.68 0.81 0.65 0.59# 0.52# 0.51 0.48 0.46 0.45# 0.46# 0.59 0.78 0.75 0.81 0.81 0.56 0.81
x_
CO
04/09 0.93 0.84 0.62 0.45 0.58 0.74 0.85 0.89 1.02 0.98 0.72 0.65 0.61# 0.39 0.35 0.35 0.28 0.37 0.45 0.51 0.51 0.38 0.36 0.38
x_
CO
04/10 0.3 0.25 0.27 0.26 0.28 0.42 0.64 0.54 0.39 0.36 0.22 0.21 0.21 0.23 0.24 0.24 0.32 0.38 0.36 0.33 0.28 0.26 0.25 0.23
x_
CO
04/11 0.22 0.23 0.22 0.22 0.23 0.23 0.26 0.34 0.41 0.36 0.29 0.33 0.41 0.39 0.35 0.29 0.31 0.34 0.49 0.41 0.42 0.42 0.42 0.34
x_
CO
04/12 0.27 0.25 0.25 0.28 0.28 0.29 0.33 0.46 0.39 0.32 0.3 0.3 0.28 0.24 0.23 0.23 0.24 0.27 0.25 0.22 0.22 0.2 0.19 0.19
x_
CO
04/13 0.17 0.17 0.17 0.17 0.18 0.22 0.4 0.55 0.5 0.4 0.45 0.31# 0.29 0.28 0.33 0.37 0.4 0.47 0.7 0.81 0.83 0.82 0.83 0.88
x_
CO
04/14 0.82 0.64 0.63 0.57 0.5 0.46 0.46 0.44 0.44 0.34 0.32 0.27 0.25 0.21 0.23 0.23 0.24 0.27 0.29 0.33 0.35 0.34 0.32 0.29
x_
CO
04/15 0.24 0.21 0.2 0.23 0.24 0.25 0.3 0.37 0.34 0.29 0.28 0.26# 0.28 0.26 0.25 0.25 0.26 0.28 0.3 0.25 0.24 0.23 0.23 0.21
x_
CO
04/16 0.21 0.22 0.24 0.31 0.34 0.3 0.35 0.51 0.51 0.52 0.66 0.65 0.27 0.24 0.22 0.22 0.23 0.29 0.33 0.31 0.31 0.3 0.34 0.27
x_
CO
04/17 0.22 0.23 0.25 0.22 0.28 0.31 0.41 0.42 0.52 0.53 0.44 0.36 0.37 0.35 0.32 0.35 0.35 0.39 0.39 0.36 0.32 0.35 0.35 0.37
x_
CO
04/18 0.39 0.41 0.52 0.44 0.54 0.46 0.5 0.69 0.83 0.79 0.76 0.52 0.4 0.37 0.42 0.44 0.46 0.57 0.64 0.73 0.66 0.57 0.91 0.76
x_
CO
04/19 0.47 0.35 0.29 0.4 0.36 0.37 0.39 0.57 0.8 0.42 0.39 0.46 0.47 0.44 0.47 0.44 0.48 0.67 0.83 0.88 0.71 0.75 0.72 0.8
x_
CO
04/20 0.81 0.71 0.63 0.62 0.69 0.78 0.89 1.01 0.83 0.33 0.28 0.28 0.26 0.27 0.28 0.31 0.35 0.45 0.5 0.58 0.5 0.67 0.36 0.35
x_
CO
04/21 0.4 0.46 0.49 0.48 0.47 0.39 0.4 0.55 0.45 0.46 0.43 0.37 0.29 0.29 0.32 0.3 0.34 0.37 0.45 0.45 0.61 0.86 0.72 0.84
x_
CO
04/22 0.65 0.78 0.77 0.57 0.42 0.46 0.59 0.67 0.86 0.48 0.45 0.3 0.23 0.22 0.22 0.26 0.3 0.54 0.72 0.58 0.64 0.51 0.69 0.52
x_
CO
04/23 0.42 0.32 0.3 0.37 0.31 0.28 0.35 0.4 0.52 0.47 0.33 0.34 0.35 0.33 0.31 0.28 0.28 0.34 0.45 0.53 0.53 0.77 0.91 0.81
x_
CO
04/24 0.63 0.48 0.5 0.6 0.55 0.5 0.57 0.74 0.75 0.47 0.26 0.23 0.23 0.25 0.26 0.27 0.27 0.31 0.36 0.32 0.36 0.48 0.33 0.35
x_
CO
04/25 0.37 0.31 0.26 0.27 0.29 0.34 0.41 0.59 0.61 0.61 0.47 0.31 0.27 0.22 0.23 0.22 0.28 0.25 0.4 0.28 0.19 0.21 0.19 0.17
x_
CO
04/26 0.18 0.17 0.2 0.2 0.19 0.22 0.28 0.34 0.37 0.3 0.31 0.27 0.26 0.25 0.26 0.29 0.3 0.35 0.37 0.41 0.41 0.4 0.39 0.37
x_
CO
04/27 0.35 0.35 0.35 0.32 0.31 0.32 0.34 0.34 0.31 0.31 0.31 0.32 0.32 0.3 0.27 0.26 0.26 0.28 0.27 0.28 0.27 0.27 0.27 0.28
x_
CO
04/28 0.28* 0.24 0.21 0.2 0.23 0.39 0.5 0.46 0.52 0.48 0.21 0.22 0.24 0.23 0.24 0.22 0.23 0.3 0.33 0.47 0.71 0.76 0.57 0.45
x_
CO
04/29 0.55 0.31 0.28 0.28 0.24 0.28 0.35 0.35 0.36 0.43 0.53 0.62 0.43 0.37 0.29 0.24 0.27 0.33 0.35 0.4 0.47 0.56 0.64 0.71
x_
CO
04/30 0.7 0.52 0.49 0.55 0.69 0.83 0.76 0.58 0.56 0.55 0.42# 0.36 0.23 0.21 0.21 0.2 0.26 0.3 0.23 0.21 0.21 0.29 0.39 0.36
x_
CO
菏代~るG2019/05A 代浮GhLA 代兜GCO]ppm^
x_
CO
ら戳 00 01 02 03 04 05 06 07 08 09 10 11 12 13 14 15 16 17 18 19 20 21 22 23
x_
CO
05/01 0.3 0.29 0.26 0.26 0.25 0.21 0.22 0.3 0.38 0.39 0.42 0.37 0.34 0.36 0.42 0.38 0.33 0.31 0.36 0.41 0.29 0.3 0.27 0.28
x_
CO
05/02 0.3 0.34 0.37 0.41 0.42 0.47 0.49 0.51 0.44 0.45 0.37 0.3 0.3 0.31 0.34 0.39 0.4 0.39 0.38 0.36 0.31 0.3 0.29 0.25
x_
CO
05/03 0.24 0.22 0.24 0.25 0.26 0.24 0.27 0.29 0.25 0.22 0.22 0.22 0.2 0.19 0.21 0.21 0.22 0.24 0.28 0.29 0.32 0.29 0.25 0.22
x_
CO
05/04 0.2 0.18 0.18 0.16 0.16 0.16 0.17 0.21 0.21 0.21 0.23 0.24 0.24 0.21 0.21 0.2 0.21 0.24 0.25 0.24 0.23 0.22 0.22 0.2
x_
CO
05/05 0.2 0.19 0.18 0.17 0.18 0.18 0.19 0.2 0.21 0.2 0.2 0.19 0.19 0.18 0.18 0.19 0.21 0.23 0.23 0.22 0.22 0.21 0.22 0.19
x_
CO
05/06 0.17 0.16 0.16 0.16 0.16 0.17 0.19 0.33 0.37 0.23 0.28 0.35 0.21 0.21 0.21 0.21 0.24 0.25 0.26 0.26 0.23 0.24 0.23 0.21
x_
CO
05/07 0.19 0.21 0.2 0.18 0.19 0.18 0.19 0.29 0.3 0.22 0.21 0.21 0.2 0.2 0.2 0.21 0.24 0.26 0.27 0.27 0.24 0.22 0.21 0.19
x_
CO
05/08 0.18 0.16 0.15 0.16 0.16 0.17 0.19 0.27 0.7 0.77 0.36 0.5 0.45 0.41 0.37 0.3 0.32 0.42 0.46 0.43 0.45 0.42 0.37 0.46
x_
CO
05/09 0.45 0.45 0.41 0.37 0.37 0.35 0.42 0.39 0.49 0.43 0.39 0.37 0.36 0.29 0.35 0.37 0.37 0.38 0.5 0.65 0.54 0.54 0.44 0.2
x_
CO
05/10 0.21 0.16 0.16 0.17 0.18 0.26 0.31 0.51 0.29 0.24 0.24 0.28 0.26 0.26 0.24 0.24 0.25 0.32 0.31 0.23 0.21 0.23 0.23 0.19
x_
CO
05/11 0.16 0.16 0.16 0.16 0.17 0.21 0.42 0.45 0.42 0.27 0.26 0.28 0.2 0.18 0.17 0.19 0.2 0.22 0.22 0.21 0.19 0.19 0.17 0.16
x_
CO
05/12 0.15 0.14 0.14 0.14 0.22 0.38 0.4 0.39 0.21 0.17 0.18 0.18 0.17 0.17 0.16 0.16 0.17 0.19 0.19 0.19 0.18 0.17 0.19 0.16
x_
CO
05/13 0.14 0.16 0.15 0.14 0.15 0.16 0.29 0.23 0.34 0.36 0.42 0.49 0.41 0.35 0.33 0.33 0.37 0.44 0.57 0.68 0.79 0.74 0.95 0.74
x_
CO
05/14 0.55 0.51 0.56 0.5 0.45 0.33 0.34 0.5 0.57 0.42 0.32 0.29 0.22 0.22 0.21 0.21 0.22 0.3 0.36 0.39 0.4 0.27 0.29 0.25
x_
CO
05/15 0.28 0.26 0.3 0.23 0.2 0.21 0.26 0.37 0.48 0.44 0.49# 0.62 0.48 0.31 0.31 0.31 0.29 0.33 0.42 0.51 0.53 0.8 0.98 0.82
x_
CO
05/16 0.73 0.33 0.36 0.35 0.28 0.26 0.52 0.74 0.58 0.37 0.45 0.27 0.27 0.23 0.24 0.24 0.25 0.25 0.3 0.34 0.3 0.25 0.22 0.18
x_
CO
05/17 0.17 0.18 0.18 0.16 0.16 0.18 0.24 0.55 0.85 0.84 0.53 0.35 0.27 0.34 0.5 0.29 0.38 0.61 0.93 1.22 0.8 0.41 0.38 0.53
x_
CO
05/18 0.8 0.38 0.36 0.74 0.63 0.59 0.72 0.39 0.38 0.24 0.27 0.4 0.3 0.18 0.2 0.25 0.31 0.4 0.48 0.39 0.24 0.21 0.22 0.25
x_
CO
05/19 0.22 0.32 0.36 0.45 0.43 0.45 0.54 0.54 0.31 0.33 0.39 0.4 0.32 0.27 0.22 0.25 0.28 0.33 0.39 0.44 0.58 0.73 0.71 0.56
x_
CO
05/20 0.49 0.41 0.43 0.29 0.23 0.21 0.21 0.27 0.48 0.5 0.58 0.5 0.64 0.55 0.51 0.28 0.26 0.33 0.25 0.24 0.27 0.27 0.27 0.23
x_
CO
05/21 0.21 0.19 0.18 0.17 0.16 0.17 0.21 0.29 0.33 0.23 0.24 0.26 0.25 0.23 0.22 0.22 0.23 0.25 0.28 0.27 0.26 0.24 0.26 0.38
x_
CO
05/22 0.26 0.23 0.31 0.35 0.38 0.41 0.44 0.59 0.65 0.27 0.23 0.24 0.36 0.26 0.26 0.24 0.27 0.32 0.35 0.41 0.31 0.48 0.49 0.38
x_
CO
05/23 0.37 0.3 0.5 0.4 0.38 0.36 0.33 0.54 0.82 0.53 0.35 0.27 0.25# 0.22 0.2 0.2 0.21 0.24 0.27 0.24 0.21 0.2 0.19 0.18
x_
CO
05/24 0.17 0.17 0.17 0.17 0.17 0.18 0.21 0.26 0.26 0.24 0.22 0.22 0.21 0.21 0.22 0.21 0.24 0.24 0.26 0.25 0.25 0.25 0.24 0.23
x_
CO
05/25 0.2 0.17 0.16 0.16 0.17 0.17 0.19 0.21 0.2 0.2 0.19 0.21 0.21 0.21 0.22 0.23 0.23 0.24 0.25 0.28 0.26 0.27 0.26 0.23
x_
CO
05/26 0.21 0.23 0.21 0.22 0.21 0.24 0.28 0.33 0.36 0.36 0.39 0.33 0.31 0.27 0.26 0.28 0.29 0.25 0.26 0.26 0.26 0.28 0.29 0.28
x_
CO
05/27 0.24 0.24 0.24 0.25 0.24 0.28 0.43 0.51 0.67 0.56 0.56 0.38 0.3 0.22 0.27 0.3 0.35 0.44 0.56 0.5 0.54 0.43 0.56 0.58
x_
CO
05/28 0.52 0.42 0.42 0.47 0.51 0.52 0.57 0.63 0.7 0.33 0.38# 0.36 0.43 0.41 0.36 0.34 0.31 0.39 0.42 0.39 0.37 0.37 0.33 0.29
x_
CO
05/29 0.28 0.27 0.25 0.24 0.23 0.21 0.14 0.22 0.23 0.16 0.16 0.16 0.18 0.18 0.19 0.2 0.2 0.24 0.22 0.23 0.22 0.24 0.37 0.55
x_
CO
05/30 0.52 0.32 0.29 0.32 0.28 0.31 0.46 0.58 0.27 0.22 0.17 0.17 0.23 0.25 0.27 0.25 0.28 0.32 0.44 0.42 0.42 0.65 0.71 0.8
