基隆
PM10
01/01 9 11 9 9 13 8 8 12 12 12 13 11 13 11 11 11 10 11 14 14 12 9 11 11
基隆
PM10
01/02 8 6 9 11 10 10 12 9 12 9 14 20 18 22 18 18 13 17 11 12 16 9 11 11
基隆
PM10
01/03 19 8 11 9 12 12 12 11 9 6 10 10 10 11 10 12 7 7 15 15 15 13 17 18
基隆
PM10
01/04 20 16 12 7 10 7 11 13 22 13 14 1000# 9 6 1000# 52 59 60 62 63 62 72 67 71
基隆
PM10
01/05 60 59 59 56 56 63 41 32 30 31 29 30 19 16 15 17 18 14 17 29 21 29 7 13
基隆
PM10
01/06 7 6 5 9 10 9 7 8 6 10 10 11 9 11 27 21 28 28 25 22 15 25 23 16
基隆
PM10
01/07 16 15 13 19 18 19 25 19 23 21 25 21 25 27 27 28 28 19 23 20 27 32 28 24
基隆
PM10
01/08 17 13 15 18 19 16 15 18 11 9 11 7 7 9 1000# 6 9 12 13 10 12 11 9 12
基隆
PM10
01/09 17 11 14 16 17 13 20 15 7 16 9 16 21 16 26 25 22 28 36 40 42 26 38 13
基隆
PM10
01/10 27 17 21 27 10 23 7 19 31 34 15# 20 20 20 9 14 17 18 19 20 21 21 16 20
基隆
PM10
01/11 20 17 23 14 18 19 13 21 46 49 34 29 32 29 35 43 54 61 45 49 45 41 44 53
基隆
PM10
01/12 30 32 35 37 32 29 22 24 21 24 22 25 14 21 20 28 22 30 29 32 29 32 28 24
基隆
PM10
01/13 14 16 14 14 15 17 18 26 25 23 1000# 17 20 18 23 14 12 22 21 24 23 17 26 25
基隆
PM10
01/14 29 20 23 20 23 21 29 32 29 27 35 34 61 31 35 37 41 33 37 31 34 31 31 30
基隆
PM10
01/15 32 27 27 27 23 26 21 22 28 35 28 28 29 31 36 31 20 23 23 32 29 24 32 36
基隆
PM10
01/16 32 31 32 23 25 22 18 17 21 24 18 20 23 20 23 21 14 14 13 16 11 11 11 15
基隆
PM10
01/17 10 11 15 13 9 10 15 22 20 25 29 29 33 35 32 40 46 51 47 52 47 55 53 49
基隆
PM10
01/18 42 96 60 56 47 44 43 42 48 41 47 45 41 41 44 37 39 38 36 36 33 31 32 31
基隆
PM10
01/19 31 29 36 27 19 26 38 35 39 41 49 37 37 51 47 58 72 53 62 63 52 49 48 40
基隆
PM10
01/20 30 32 37 39 29 32 33 38 54 47 43 56 61 77 100 95 102 79 70 61 58 53 47 42
基隆
PM10
01/21 51 44 31 30 30 28 27 20 17 19 25 24 26 25 22 24 24 18 24 31 26 22 19 15
基隆
PM10
01/22 20 24 27 24 27 28 34 39 36 43 44 47 54 52 51 53 54 50 49 47 43 48 45 41
基隆
PM10
01/23 37 38 33 36 45 52 60 52 55 61 63 64 68 1000# 69 64 65 59 57 58 54 53 55 57
基隆
PM10
01/24 59 58 57 53 52 50 54 55 52 51 1000# 46 47 47 46 48 53 53 52 48 51 53 53 52
基隆
PM10
01/25 39 32 38 36 32 39 43 46 48 44 41 44 39 47 46 43 49 45 39 40 40 39 44 42
基隆
PM10
01/26 43 39 41 29 31 35 31 41 47 52 50 52 62 58 46 37 37 38 35 29 33 30 31 29
基隆
PM10
01/27 35 30 24 30 25 29 28 29 28 27 32 21 20 29 27 25 28 23 29 17 31 24 19 22
基隆
PM10
01/28 15 18 16 15 12 11 15 19 32 28 23 26 22 25 23 21 17 26 21 29 22 21 27 22
基隆
PM10
01/29 31 25 26 19 14 20 19 24 22 29 1000# 34 25 25 29 24 33 28 29 23 27 24 23 23
基隆
PM10
01/30 30 21 17 20 18 18 22 24 31 25 41 38 46 61 71 50 60 63 58 58 57 52 50 50
基隆
PM10
01/31 47 37 37 40 42 31 30 29 31 43 49 78 81 56 65 41 70 50 40 40 35 37 35 31
基隆
PM10
監測年月：2019/02， 測站：基隆， 測項：PM10（μg/m3）
基隆
PM10
日期 00 01 02 03 04 05 06 07 08 09 10 11 12 13 14 15 16 17 18 19 20 21 22 23
基隆
PM10
02/01 39 34 32 32 37 27 36 39 42 39 40 37 42 46 46 51 51 48 44 40 37 37 37 31
基隆
PM10
02/02 32 29 21 28 25 28 28 28 31 15 21 25 18 15 17 15 16 20 35 46 61 58 15* 17
基隆
PM10
02/03 70 51 56 56 51 58 52 54 50 45 46 38 1000# 49 38 47 46 38 41 40 42 42 48 43
基隆
PM10
02/04 57 42 53 57 31 21 18 18 31 31 38 37 36 36 45 51 56 61 56 53 45 43 39 37
基隆
PM10
02/05 62 29 25 18 17 23 28 39 40 54 65 72 75 85 72 60 57 63 67 73 77 68 66 71
基隆
PM10
02/06 70 77 65 49 48 39 40 46 76 69 71 60 49 34 37 37 34 35 44 48 64 64 63 65
基隆
PM10
02/07 67 58 52 46 51 59 44 41 54 63 44 40 34 68 57 60 61 59 56 51 35 37 36 30
基隆
PM10
02/08 26 24 23 32 42 46 43 39 34 28 19 21 21 21 23 21 29 22 18 24 28 23 26 19
基隆
PM10
02/09 11 18 20 21 18 28 24 20 22 25 22 21 18 10 11 10 12 11 13 10 9 13 12 11
基隆
PM10
02/10 10 11 8 11 11 7 8 9 8 8 12 8 7 13 11 12 10 11 10 10 7 13 15 9
基隆
PM10
02/11 20 9 9 10 9 6 5 8 9 14 12 14 19 15 16 17 15 12 10 10 12 13 14 9
基隆
PM10
02/12 8 9 10 6 9 9 11 9 6 14 11 11 13 15 22 32 36 30 26 31 36 45 45 48
基隆
PM10
02/13 53 44 42 27 25 17 21 19 20 20 24 19 18 18 25 27 29 29 27 24 25 26 21 23
基隆
PM10
02/14 29 24 25 27 26 27 10 16 20 31 33 51 39 1000# 32 31 31 23 26 18 20 25 17 11
基隆
PM10
02/15 20 19 16 18 16 21 28 30 33 33 53 48 46 41 41 44 50 70 56 56 45 32 32 31
基隆
PM10
02/16 23 23 20 25 21 11 19 19 19 19 16 21 13 9 14 21 17 16 9 10 15 12 9 9
基隆
PM10
02/17 10 9 8 7 7 15 17 12 12 12 17 19 14 15 12 14 15 13 9 13 12 15 11 13
基隆
PM10
02/18 17 11 10 12 9 9 14 11 15 21 27 11 17 18 22 15 20 16 21 24 29 35 29 32
基隆
PM10
02/19 27 33 20 20 13 16 10 19 27 32 27 21 21 1000# 21 22 33 35 41 28 26 23 40 26
基隆
PM10
02/20 24 26 25 25 27 31 26 46 40 57 32 41 38 29 37 49 65 62 61 62 64 50 40 68
基隆
PM10
02/21 54 36 29 24 16 12 17 25 21 28 26 21 14 18 21 34 32 26 25 18 19 21 31 26
基隆
PM10
02/22 34 27 27 19 18 17 9 11 14 8 14 13 12 12 12 14 10 13 17 18 21 27 27 33
基隆
PM10
02/23 34 32 36 31 29 33 30 34 36 37 33 36 26 22 23 31 29 25 21 22 22 27 24 25
基隆
PM10
02/24 22 23 19 18 14 13 15 6 21 20 21 27 20 20 17 25 28 22 21 19 21 19 17 22
基隆
PM10
02/25 22 17 14 19 20 14 24 23 23 23 24 31 30 26 24 43 37 33 35 36 32 29 34 36
基隆
PM10
02/26 35 29 35 34 32 33 38 31 33 32 32 26 1000# 44 42 44 38 35 34 33 30 32 32 32
基隆
PM10
02/27 28 23 27 30 43 37 41 41 46 59 79 72 73 89 90 87 80 72 59 53 46 51 53 47
基隆
PM10
02/28 69 54 47 33 27 21 20 25 28 29 23 23 16 23 28 29 23 28 30 23 28 29 32 21
基隆
PM10
監測年月：2019/03， 測站：基隆， 測項：PM10（μg/m3）
基隆
PM10
日期 00 01 02 03 04 05 06 07 08 09 10 11 12 13 14 15 16 17 18 19 20 21 22 23
基隆
PM10
03/01 28 21 22 20 17 25 32 30 31 27 36 33 36 36 38 38 32 30 30 32 43 42 32 35
基隆
PM10
03/02 33 29 32 30 32 39 37 36 85 75 60 71 99 139 145 108 97 116 96 88 90 96 104 88
基隆
PM10
03/03 74 67 74 74 75 72 80 57 46 33 42 29 15 12 9 11 15 16 13 18 25 24 19 16
基隆
PM10
03/04 28 16 22 22 16 21 24 21 28 21 25 27 31 27 25 34 31 36 34 33 39 42 46 42
基隆
PM10
03/05 52 59 67 62 61 62 48 43 38 36 33 27 29 1000# 23 17 16 46 68 36 24 21 21 25
基隆
PM10
03/06 19 17 21 17 18 17 16 15 20 24 24 22 15 17 21 26 27 34 32 25 22 22 22 19
基隆
PM10
03/07 24 18 23 26 29 28 32 34 42 77 79 61 62 98 127 97 87 74 60 59 50 48 51 48
基隆
PM10
03/08 49 34 32 23 20 19 18 19 17 15 16 1000# 16 17 21 14 12 14 13 10 12 14 12 9
基隆
PM10
03/09 12 15 15 15 15 18 13 18 18 16 12 15 15 14 18 13 16 18 19 21 20 19 19 19
基隆
PM10
03/10 16 9 13 14 10 14 16 16 14 19 12 15 21 13 18 25 24 27 26 35 32 44 55 60
基隆
PM10
03/11 60 59 44 39 32 40 37 42 41 29 35 29 36 36 36 35 33 38 30 37 34 30 35 30
基隆
PM10
03/12 32 32 35 31 35 31 34 46 59 56 52 52 48 48 49 48 52 48 50 54 45 47 42 42
基隆
PM10
03/13 44 35 40 38 36 35 43 46 47 45 51 49 57 56 57 1000# 41 39 38 46 41 44 47 46
基隆
PM10
03/14 46 46 45 46 44 47 45 42 45 42 43 57 66 72 76 69 56 47 42 48 42 41 45 33
基隆
PM10
03/15 30 25 17 18 17 23 16 52 21 22 27 29 28 34 31 39 36 33 38 36 35 28 32 29
基隆
PM10
03/16 27 21 20 31 38 35 39 43 40 38 41 42 45 46 55 51 43 34 32 34 42 39 40 34
基隆
PM10
03/17 32 32 29 22 21 20 27 32 31 27 21 16 17 21 27 20 21 16 18 23 21 20 26 21
基隆
PM10
03/18 24 20 20 21 29 30 30 20 33 37 43 58 62 52 39 44 41 56 43 47 41 38 34 33
基隆
PM10
03/19 30 30 33 36 31 23 28 26 27 18 24 27 30 29 28 37 33 32 32 30 20 20 16 21
基隆
PM10
03/20 18 18 21 17 19 16 14 25 19 23 31 30 55 50 39 63 60 52 54 54 52 48 59 61
基隆
PM10
03/21 64 57 56 50 46 60 62 55 51 44 53 52 56 53 52 51 58 57 55 57 48 55 42 38
基隆
PM10
03/22 37 40 46 50 58 49 50 49 55 50 40 1000# 40 41 38 26 23 29 25 25 25 25 23 24
基隆
PM10
03/23 29 21 13 17 24 28 26 22 27 21 20 29 25 34 39 29 29 30 35 34 41 37 39 33
基隆
PM10
03/24 31 31 32 28 30 31 26 33 29 24 28 30 36 30 23 34 25 28 24 24 23 23 22 22
基隆
PM10
03/25 25 28 21 23 18 18 17 15 22 27 30 28 24 16 20 18 23 21 20 25 25 22 21 20
基隆
PM10
03/26 15 13 16 17 22 19 28 30 29 32 25 24 21 1000# 31 29 36 36 38 35 28 32 32 26
基隆
PM10
03/27 22 24 25 21 23 21 29 23 32 33 29 47 45 51 50 46 49 52 46 48 45 44 48 59
基隆
PM10
03/28 60 43 52 60 63 65 68 77 64 45 37 34 28 37 33 37 34 42 37 30 33 29 26 30
基隆
PM10
03/29 29 26 29 31 34 35 34 44 48 43 46 41 35 47 44 45 49 44 42 40 40 33 28 28
基隆
PM10
03/30 21 20 18 23 18 18 23 24 18 33 33 36 34 33 31 35 29 25 25 32 35 33 40 42
基隆
PM10
03/31 52 47 53 60 59 63 80 88 88 81 86 82 68 64 57 54 52 47 28 37 41 38 32 30
基隆
PM10
監測年月：2019/04， 測站：基隆， 測項：PM10（μg/m3）
基隆
PM10
日期 00 01 02 03 04 05 06 07 08 09 10 11 12 13 14 15 16 17 18 19 20 21 22 23
基隆
PM10
04/01 26 24 25 29 28 21 7 15 14 21 23 18 23 27 1000# 28 37 41 41 39 45 47 49 44
基隆
PM10
04/02 45 45 47 33 30 23 31 23 23 34 29 14 10 17 20 13 22 23 17 26 29 28 22 22
基隆
PM10
04/03 24 44 55 69 35 17 20 28 34 36 34 38 37 34 27 32 38 38 47 47 42 44 35 24
基隆
PM10
04/04 26 32 23 16 16 17 16 18 22 20 18 14 14 17 22 27 34 24 25 36 31 29 32 27
基隆
PM10
04/05 30 33 32 29 29 29 21 22 24 20 25 18 22 15 14 15 13 10 15 14 16 12 15 16
基隆
PM10
04/06 17 5 7 17 14 13 20 13 22 20 24 27 24 25 27 30 25 29 27 32 40 35 35 38
基隆
PM10
04/07 47 42 49 43 44 56 55 78 59 61 58 62 62 50 54 51 54 60 61 59 55 56 47 50
基隆
PM10
04/08 46 52 47 43 40 43 50 56 49 52 41 43 1000# 42 47 45 25 32 22 31 27 29 25 33
基隆
PM10
04/09 25 25 25 24 31 50 48 55 61 62 58 66 62 62 60 56 59 52 56 56 59 63 60 56
基隆
PM10
04/10 48 43 38 44 34 36 43 40 44 47 50 43 49 57 43 1000# 33 33 32 23 25 14 11 10
基隆
PM10
04/11 12 10 10 8 10 9 16 16 17 20 12 9 14 23 21 10 12 17 14 10 9 12 11 10
基隆
PM10
04/12 15 15 20 30 21 29 26 27 36 NA NA 1000* 29A 35 30 29 39 31 27 34 33 34 27 25
基隆
PM10
04/13 20 16 10 12 13 14 18 24 17 21 22 27 22 21 17 24 35 30 39 36 35 33 34 35
基隆
PM10
04/14 26 27 15 17 17 15 15 22 21 16 14 14 13 11 17 18 15 19 22 17 31 61 60 43
基隆
PM10
04/15 35 41 49 52 46 52 55 55 47 41 43 51 50 44 42 45 39 42 33 27 31 24 29 23
基隆
PM10
04/16 25 30 23 25 27 19 13 16 15 15 19 15 17 19 22 28 34 44 52 48 37 33 36 34
基隆
PM10
04/17 27 32 22 28 25 28 35 28 23 17 21 19 23 25 1000# 18 26 31 31 28 38 33 34 43
基隆
PM10
04/18 37 29 30 28 29 25 37 34 42 42 38 30 33 31 NA 1000# 46 32 38 33 35 29 31 33
基隆
PM10
04/19 22 23 32 29 27 34 27 31 37 34 31 39 43 50 56 61 54 50 52 53 60 55 46 43
基隆
PM10
04/20 43 55 61 57 53 46 51 61 55 36 32 25 19 20 23 19 18 17 23 34 29 27 25 26
基隆
PM10
04/21 26 30 26 24 11 9 9 15 12 14 12 15 12 18 15 24 18 18 21 28 23 28 27 33
基隆
PM10
04/22 29 30 29 27 27 29 31 32 23 26 29 22 20 20 15 18 17 32 31 37 42 27 26 34
基隆
PM10
04/23 30 28 27 29 34 33 33 47 47 37 41 39 42 37 33 31 31 39 44 53 49 47 50 46
基隆
PM10
04/24 39 33 35 32 39 35 40 41 49 47 51 43 40 42 42 37 37 35 47 47 48 42 39 44
基隆
PM10
04/25 38 42 35 39 32 35 46 58 51 51 56 48 37 1000# 35 34 44 48 56 52 44 40 29 20
基隆
PM10
04/26 15 23 21 19 11 11 15 15 15 8 15 13 11 9 21 26 23 32 34 35 39 36 40 31
基隆
PM10
04/27 37 41 40 36 38 33 41 45 39 38 41 42 42 35 31 28 30 29 28 26 24 24 21 23
基隆
PM10
04/28 26 23 23 21 16 21 25 19 19 21 33 57 47 44 42 31 36 39 49 48 42 38 32 29
基隆
PM10
04/29 26 28 27 28 33 38 42 42 37 33 50 20 21 20 1000# 25 35 31 30 36 36 35 36 34
基隆
PM10
04/30 39 38 39 40 41 39 44 47 50 40 37 30 32 31 40 40 37 38 32 47 44 33 33 29
基隆
PM10
監測年月：2019/05， 測站：基隆， 測項：PM10（μg/m3）
基隆
PM10
日期 00 01 02 03 04 05 06 07 08 09 10 11 12 13 14 15 16 17 18 19 20 21 22 23
基隆
PM10
05/01 28 29 24 25 13 10 10 15 8 9 7 15 14 11 13 21 21 29 24 32 34 38 32 41
基隆
PM10
05/02 45 39 53 53 89 118 150 120 89 71 56 48 50 36 44 49 46 53 48 43 40 32 29 30
基隆
PM10
05/03 20 24 24 26 24 30 49 55 50 54 47 43 32 38 73 63 45 42 39 34 23 29 27 32
基隆
PM10
05/04 33 31 26 29 31 29 23 26 32 26 25 26 24 29 23 22 27 24 25 23 29 25 29 23
基隆
PM10
05/05 23 19 27 22 21 25 30 27 26 28 27 30 26 23 24 27 25 24 28 28 33 33 29 27
基隆
PM10
05/06 29 24 18 21 20 15 22 17 22 18 22 19 18 25 15 22 21 27 24 37 35 31 28 30
基隆
PM10
05/07 22 29 32 38 29 20 24 17 14 17 20 29 31 31 31 32 31 37 34 26 27 24 19 19
基隆
PM10
05/08 13 13 21 20 18 18 18 19 20 20 1x 10 14 11 7 16 13 11 10 13 12 17 8 10
基隆
PM10
05/09 17 13 13 9 9 11 12 10 9 8 9 10 9 7 12 23 18 22 13 10 8 11 14 21
基隆
PM10
05/10 18 16 21 16 20 19 15 8 9 18 19 21 19 17 15 1000# 14 27 24 16 24 25 25 15
基隆
PM10
05/11 20 15 21 20 16 15 14 22 16 23 24 21 24 31 37 34 35 33 33 22 25 19 21 32
基隆
PM10
05/12 29 27 27 32 27 24 26 33 23 21 23 16 19 23 26 27 27 31 24 4 11 11 17 11
基隆
PM10
05/13 7 10 9 7 10 12 16 16 9 16 10 23 22 21 19 16 11 28 53 49 35 34 29 34
基隆
PM10
05/14 33 29 36 44 40 46 52 50 46 36 41 47 38 36 1000# 35 44 44 44 55 47 30 32 41
基隆
PM10
05/15 38 37 40 40 31 32 32 21 32 25 22 21 24 26 22 20 25 32 31 31 33 40 28 29
基隆
PM10
05/16 34 31 28 33 36 34 34 38 42 31 27 36 34 31 36 32 37 34 32 33 35 25 26 28
基隆
PM10
05/17 33 37 34 33 30 18 17 21 17 25 19 16 11 13 10 6 15 17 10 24 21 26 23 41
基隆
PM10
05/18 32 33 34 19 26 30 28 22 20 26 24 22 19 32 28 41 29 31 34 33 33 40 37 38
基隆
PM10
05/19 36 32 30 24 25 26 25 27 21 21 22 30 13 18 23 34 32 24 31 31 36 39 36 32
基隆
PM10
05/20 34 28 32 32 28 30 25 10 14 8 15 42 54 27 1000# 38 24 28 27 29 35 31 59 60
基隆
PM10
05/21 77 67 67 73 72 72 75 69 75 72 74 67 66 53 49 49 50 45 51 42 39 44 39 35
基隆
PM10
05/22 30 33 30 30 24 28 38 39 37 34 40 1000# 37 32 40 39 37 33 37 32 40 30 29 34
基隆
PM10
05/23 29 25 27 30 28 27 27 31 20 16 14 11 7 11 14 12 7 18 22 25 23 26 22 19
基隆
PM10
05/24 14 13 22 24 23 14 22 24 23 27 NA 23 32 34 39 28 34 34 31 34 29 29 27 31
基隆
PM10
05/25 30 25 25 29 30 26 26 23 23 23 23 24 47 36 45 44 48 42 35 43 36 40 34 53
基隆
PM10
05/26 27 29 32 35 32 31 37 32 36 32 28 36 32 32 34 38 36 39 37 25 32 24 30 33
基隆
PM10
05/27 28 27 25 25 27 30 24 32 37 39 37 1000# 32 38 33 24 27 29 32 35 25 24 29 29
基隆
PM10
05/28 28 27 30 27 34 31 30 26 18 17 19 12 23 27 29 31 34 40 41 37 33 32 38 32
基隆
PM10
05/29 32 34 32 36 27 32 33 35 35 31 32 26 25 26 22 16 27 17 18 21 18 20 19 18
基隆
PM10
05/30 17 20 15 17 18 19 23 32 31 29 26 25 28 25 22 22 21 27 17 17 20 21 22 19