



基隆
NO2
01/01 1.1 1.6 1.5 1.5 1.4 1.3 1.5 2.1 2.3 2.6 2.5 2.5 2.5 3 2.4 2.5 2.4 3.1 3.2 2.9 2.9 3.2 2.6 2.4
基隆
NO2
01/02 2.3 2.5 1.9 1.8 2 2.2 3.8 5.1 4.5 5 5 5.8 6.5 5.7 6.5 5.4 6.1 6.1 6.2 4.6 4.4 4.1 3.7 3.3
基隆
NO2
01/03 3 1.7 1.5 1.7 1.5 1.7 3.4 5.2 4.6 6 4.9 6 4.9 5.1 5.5 5.2 6.2 5.1 5.7 5.5 4.8 4.6 3.9 3.5
基隆
NO2
01/04 3.2 3.1 3.3 4.1 5.3 8.2 25 35 37 18 5.3 3.2# 4.1# 3.7 29 34 49 37 37 38 37 36 35 30
基隆
NO2
01/05 29 24 25 20 12 11 14 19 16 16 15 17 11 16 20 18 18 21 19 20 22 18 14 21
基隆
NO2
01/06 20 12 13 14 13 11 7.4 18 16 6.9 6.5 6.3 6.1 7 6.2 7.1 9.5 12 9.5 8.2 7.4 9 7.9 6.5
基隆
NO2
01/07 4.3 1.6 1.6 1.6 2.2 1.5 3.5 7.7 9.4 17 19 9.6 7 6 6.3 7 6.7 15 20 22 25 25 20 17
基隆
NO2
01/08 13 13 15 17 17 7.4 9.8 6.3 6.8 8.3 5.2 4.4 4.4 3.9# 4.7 6 5.6 6.9 5.5 4.2 3.6 3.3 3.1 2.7
基隆
NO2
01/09 2.3 2.1 1.8 1.5 2 1.9 5 9.9 6.9 5.9 5.5 6.4 6.4 6.6# 7.8# 7.2 7.8 8.6 9 7.6 8.2 7.3 12 15
基隆
NO2
01/10 16 18 18 16 13 9.8 18 32 39 11* 8.2* 17 16 6.9 5.9 5.6 18 24 28 26 28 22 22 21
基隆
NO2
01/11 19 18 15 12 12 9.7 10 16 22 29 17 15 16 17 17 22 18 20 20 12 18* 21 22 28
基隆
NO2
01/12 21 13* 10x 14x 7.9* 8.4* 12x 16x 14# 15* 18x 17x 18x 16x 14* 17x 14x 15* 13x 12x 12* 4.5x -0.2* -0.2*
基隆
NO2
01/13 -0.2* -0.2* -0.2* -0.2* -0.2* -0.2* -0.2* -0.2* -0.2* -0.2* -0.2# 6.8# 11 11 8.1 6.5 7.7 6.6 8.8 9.9 11 9.6 7.9 9.7
基隆
NO2
01/14 6.2 4.4 4.1 3.1 3.1 7.8 13 16 26 20 10 9.2# 6.9 6.3 6.6 8.4 11 16 26 22 14 19 25 12
基隆
NO2
01/15 8 7.3 7.2 6.4 10 14 22 25 27 31 24 17 19 27 32 27 21 9.3 9.4 7.7 7.6 8.4 7.6 7
基隆
NO2
01/16 6.5 1.9 2.3 2.3 2.3 2.6 3.7 4.7 4.2 3.8 4.6 5.5 5.2 5.8 5.3 6.4 6.5 4.9 4.6 4.2 3.8 4.8 3.3 2.6
基隆
NO2
01/17 2.4 1.7 1.5 1.6 1.4 5.4 5.1 5.8 4.2 3.8 5.2 4.7 5.1 6 5.9 6 7.6 8 6.9 6.2 5.7 5.3 5.2 4.3
基隆
NO2
01/18 3.5 2.3 2 1.8 1.9 3.2 9.1 10 6.5 4.9 3.1 3.5 4.4 4.5 4.2 5.9 6.6 8.6 9.6 21 17 12 11 14
基隆
NO2
01/19 11 3.9 4.9 7.3 9.7 17 23 23 21 28 39 13 12 12 12 13 14 13 15 21 28 27 27 26
基隆
NO2
01/20 24 23 20 14 10 11 14 19 24 20 10 6.3 6.1 11 16 11 8.2 7.7 6 5.5 5.5 5.8 4.8 3.8
基隆
NO2
01/21 3.4 3.9 3.4 3.1 3.1 3.1 4.2 5.4 5.8 6.6 7 9.2 6.9 6.4 5.4 5.8 6.7 8.5 16 7 11 6.6 8.7 5.6
基隆
NO2
01/22 4.2 3 2.2 2.6 2.3 5 6.5 8.5 12 10 12 14 12 9 11 9.3 11 9.4 11 7.6 8.2 7.7 12 13
基隆
NO2
01/23 8.2 7.3 8 6.2 5.3 7.7 31 35 12 11 8.3 9.3# 12# 12# 11 11# 12 12 11 11 9.6 9.8 8.9 12
基隆
NO2
01/24 6.3 5.8 4.8 4.7 4.4 5.6 6.6 8.9 9.9 8# 7.2 200# 6.3# 5.9 7.2 7.7 9.5 12 12 9.2 8.9 9.5 12 14
基隆
NO2
01/25 16 11 9.2 4.8 6 15 32 39 40 12 5.2 4.8 4.2 4.8 5 4.3 7.4 11 9.2 6.2 5.3 5.8 6.2 4.3
基隆
NO2
01/26 3.3 3.4 3.4 2.9 2.5 2.6 3.4 4.1 4.9 5.4 5.5 5.3 5.9 5.2 4.2 4 4.2 5.5 4 4 3.9 3.7 3.6 3.8
基隆
NO2
01/27 3.2 2.6 2.2 1.9 1.8 1.9 3.3 3.6 3.9 4.2 5.9 8.2 10 7.2 6.7 6 6.4 8.3 16 21 19 12 14 20
基隆
NO2
01/28 11 8.6 7.8 6 5.7 9.6 17 21 29 22 7.1 4.6 3.2 2.8 4 3.9 5.1 16 25 26 28 28 26 14
基隆
NO2
01/29 4.1 2.9 5.3 4 5 6.7 15 26 22 19 10 5.1 4.3 5 5.2 5.8 9.7 15 21 27 24 30 16 13
基隆
NO2
01/30 8.8 2.9 5.1 4.8 4.7 9.3 21 27 27 22 23 18 21 31 32 24 32 43 46 43 40 37 37 34
基隆
NO2
01/31 33 26 29 31 32 30 25 24 25 33 27 31 32 23 25 19 19 12 6.7 6.3 6 5.8 4.9 4.3
基隆
NO2
監測年月：2019/02， 測站：基隆， 測項：NO2（ppb）
基隆
NO2
日期 00 01 02 03 04 05 06 07 08 09 10 11 12 13 14 15 16 17 18 19 20 21 22 23
基隆
NO2
02/01 3.3 2.3 2.2 2 2.1 2.5 4.5 5.7 5.7 5.9 6.6 7.3 6.4 6.6 7 7.4 17 24 16 13 13 12 12 16
基隆
NO2
02/02 22 4.7 3.7 4.4 7.9 15 24 26 29 8.4 5 6.2 4.9 4.4 4.2 4.9 4.4 7.8 17 39 22 36 11 18
基隆
NO2
02/03 23 19 32 30 27 25 24 28 27 22 18 10 29# 27 17 14 15 22 31 29 32 30 29 24
基隆
NO2
02/04 26 18 18 8.7 6 5.1 3.5 5.6 7.1 5.9 6.2 6.4 6.6 9.6 7.2 7.8 8.2 7.4 7.5 6.3 8.8 5.7 9.2 8
基隆
NO2
02/05 9.7 4 4.1 3.6 3 4.9 4.5 4.8 8 10 7.6 4.6 4.8 5.3 6.8 4.6 4.3 9.8 13 18 16 20 14 7.5
基隆
NO2
02/06 9.6 12 13 9.6 10 10 10 13 6.2 10 6.8 6.8 4.8 3.9 4.1 6 4.4 12 23 30 29 32 31 32
基隆
NO2
02/07 30 24 20 17 14 9.7 13 13 15 9.2 9.2 8.2 7.8 5.7 4.2 5.2 5.9 6.9 4.8 9.9 4.5 4.8 5.4 6.3
基隆
NO2
02/08 3.3 2.6 2.4 2 2.6 2.7 3.8 5.4 4.6 5.8 4 5.1 4.3 6.6 13 12 5.4 5.5 5.5 9.3 19 13 16 23
基隆
NO2
02/09 5.8 10 11 4.5 2.9 5.5 12 5.1 9.2 6.5 5 5.3 6.1 7.6 15 6.5 4.5 5.5 4.1 5 4.7 4.9 3.7 3.3
基隆
NO2
02/10 3.1 1.9x 2.3* 1.7x 1.3x 1.9x 2.7x 2.7x 3.7x 3.8x 4.7 15 13 9.5 12 11 18 17 14 20 21 11 9.3 12
基隆
NO2
02/11 20 13 8.9 9.5 2.7 3.2 7.2 8 5.8 7.7 5.4 6.1 5.2 5.8 4.7 5.9 7.4 6 5.2 5.6 7.4 8.1 5.3 4.3
基隆
NO2
02/12 3.3 1.7 1.7 1.8 1.8 2 4.7 8.9 12 22 6.8 5.6 5.8 7.8 15 15 15 22 25 28 22 24 15 19
基隆
NO2
02/13 20 16 6.9 9.3 9.3 8.3 22 14 17 12 7.3 7 7 5.2 6.2 5.7 6.7 7.1 8.1 7.9 6.9 13 18 25
基隆
NO2
02/14 24 26 15 15 15 14 8.8 25 17 16 9.2 7.9 5.7 4.9# 8.2# 6.7 7.7 5.9 6.9 9.4 8.2 18 11 11
基隆
NO2
02/15 7.8 12 9.2 8.6 7.5 15 20 28 22 24 21 13 12 8.6 5.7 6.9 8.9 6.6 6 6.1 6.6 6.6 5.3 4.9
基隆
NO2
02/16 3.9 3.7 3.8 3.7 2.9 3 4.5 4.1 4.9 4.9 5.8 5.7 5.4 4.8 4.9 5.4 5.3 6.3 5.6 5.1 4.9 5.5 4.2 3.8
基隆
NO2
02/17 3.4 2.2# 1.9 1.9 1.9 1.9 3.1 2.8 3.9 3.7 4.1 4 3.9 3.7 3.7 5 4.5 3.9 3.7 3.5 3.9 4.3 3.6 3.2
基隆
NO2
02/18 2.7 1.7 1.8 2 1.6 2.5 14 16 31 30 34 15 19 21 16 8.9 14 16 18 14 11 14 13 12
基隆
NO2
02/19 9.7 5.5 8.2 5.2 5.1 7.2 12 20 20 26 23 9.6 9.3 5.4# 6.8 7 8.5 8.9 11 7.9 6.9 8.4 7.6 6
基隆
NO2
02/20 4.9 2.5 2.7 2.5 4.8 8.1 17 22 14 24 15 10 8.1 8.2 8.9 10 9.7 14 19 17 8.3 7.2 7.2 4.5
基隆
NO2
02/21 3.2 3 2.5 2.3 2.4 2.5 7.2 13 12 7.9 6.6 5.3 5.7 5.4 6.3 5.7 6.8 7.2 15 8.6 5.9 7 4.3 4.4
基隆
NO2
02/22 3.2 3.5 3.5 4.2 4.7 4.8 8 11 18 17 15 18 9.1 5.9 6.1 7.6 8.1 7.8 7.1 6.2 5.2 5.5 5.3 4.6
基隆
NO2
02/23 5.1 3.7 3.7 3.5 3.8 4.1 5.5 7.6 6.5 6.7 6.9 6.5 5.7 6 6.2 6.4 7.1 7 6.5 5.2 5.3 6.3 6.3 4.8
基隆
NO2
02/24 3.6 1.7 1.1 1 0.8 0.9 2.4 7.1 3.8 3.3 3.8 3.9 3.9 4.1 3 4.4 4.6 4.9 5.4 9 23 20 15 6.6
基隆
NO2
02/25 4.9 3.4 3.9 2.5 4.2 8.8 22 20 6.2 7.9 6.2 6.6 5.9 4.9 6.7 5.2 6.6 7 6.7 4.6 6.9 7.8 5.8 4.9
基隆
NO2
02/26 4 2.7 2.3 2.4 2.6 3.1 6.3 9.7 7 8.7 6.3 5.5 5.4# 6.7 6.8 6.1 8.8# 8.1 14 19 25 24 19 24
基隆
NO2
02/27 18 14 15 13 16 17 21 25 28 27 28 25 15 10 8.4 13 16 11 16 24 24 26 24 21
基隆
NO2
02/28 21 24 10 2.3 5.7 3.2 7.6 12 5.8 5.7 6.3 4.8 4.2 6.3 4.9 5.4 5.3 5.7 5.5 4.6 4.6 5.1 9.3 10
基隆
NO2
監測年月：2019/03， 測站：基隆， 測項：NO2（ppb）
基隆
NO2
日期 00 01 02 03 04 05 06 07 08 09 10 11 12 13 14 15 16 17 18 19 20 21 22 23
基隆
NO2
03/01 8.1 4.1 3.9 2.4 1.9 2.9 3.9 3.9 6.2 6.7 6.5 5.6 5 6.1 4.9 5.8 6.8 7.6 8.1 8.7 5.3 5.9 8.6 11
基隆
NO2
03/02 10 6.8 6.2 5 5.3 6.3 20 19 14 12 9.4 15 5.5 4.9 7 9.6 8.9 16 18 9.4 9.4 14 11 12
基隆
NO2
03/03 7.5 7 6.9 6.3 6.8 4.6 6.7 8.4 8.5 7.6 11 6.3 6.4 12 7.5 17 15 20 20 23 9.2 8.4 10 6.2
基隆
NO2
03/04 4.8 6.1 6.1 6.4 6.3 5 6.5 11 8.8 8 6.1 6.5 6.2# 5.7 5.3 6.1 7.3 8.5 8.7 7.5 7.6 8 6.4 5.7
基隆
NO2
03/05 5.3 4.3 3.9 3.5 3.5 7 26 25 10 7.2 7.7 5.1 4.2 3.4# 5.1 6.2 8.5 22 17 11 16 19 21 25
基隆
NO2
03/06 24 28 27 19 15 14 18 19 17 16 9 13 12 11 7.5 5.3 5.5 6.1 6.8 5.9 6.1 7.4 6.4 5.5
基隆
NO2
03/07 4.5 2.4 2 1.6 1.9 2.2 2.9 9.9 9.4 5.4 6.5 5.3 6 7.2 7.7 6.7 7.4 6.5 6.6 6.3 5.5 5.7 6.1 7.6
基隆
NO2
03/08 4.6 3.6 3 2.6 2.5 2.8 4.5 7.3 7.8 5.8 5 5.1 6.3# 15 5.4 5.4 5.6 6.5 5.5 6.5 22 33 32 14
基隆
NO2
03/09 13 21 17 13 17 16 14 22 27 30 27 28 23 23 30 28 31 25 24 20 18 17 22 9.9
基隆
NO2
03/10 11 8.3 9.4 4.4 4.3 5.2 11 7.1 7 6.3 4.8 7.4 8.2 9.2 9.5 11 8.6 10 13 12 21 18 14 11
基隆
NO2
03/11 13 6.3 4.9 4.3 4 4.3 6.7 8.8 8.1 7.4 6.6 7.4 6.3 5.6 5.7 5.2 7.7 17 23 32 35 29 21 23
基隆
NO2
03/12 15 8 8.2 8.2 7.4 12 22 32 34 7.6 7.6 7.6 6.8 7.1 7.1 7.3 8.8 11 19 32 29 24 17 15
基隆
NO2
03/13 11 6.1 5 4.9 7.8 16 35 18 8.2 6.5 6.7 7 6.5 7.7 7.6 9 7.7 7.3 6.9 5.9 15 18 17 5.6
基隆
NO2
03/14 2.6 1.6 1.8 2 1.7 1.9 3.8 4.7 5.3 4.2 4.8 23 21 19 15 12 9.9 13 10 8.6 3.7 4.2 3.4 2.2
基隆
NO2
03/15 3 2.4 2.5 3 3.3 4.2 18 32 13 11 9.8 7.2 5.9 4.4 5.7 5.3 5.9 6.9 11 21 21 14 12 16
基隆
NO2
03/16 17 8.6 9.3 7.1 5.9 9 12 10 7.5 9.9 12 8.2 8.2 7.7 8 10 12 11 24 32 13 9 10 15
基隆
NO2
03/17 9.7 5.1 5.2 4.7 6 6.4 20 32 33 20 6 5.9 9.7 7.3 6.6 5.4 5.1 4.6 4.8 4.5 4.9 10 17 8
基隆
NO2
03/18 5.4 4.8 7.1 6.1 5.7 5.6 19 24 30 20 26 34 21 12 11 14 12 26 16 13 11 9.3 8.3 9.8
基隆
NO2
03/19 7.2 3.7 4.2 5.3 5.7 2.8 5.7 14 8.1 11 13 12 5.6 5.4 6 7.2 9.1 11 14 14 7.7 7.5 6.9 11
基隆
NO2
03/20 13 15 19 13 9 10 17 33 12 23 26 17 16 11 10 12 23 20 34 32 29 28 31 22
基隆
NO2
03/21 22 11 13 11 10 11 15 17 14 9.6 8 8.7 17 10 5.1 6.7 5.7 8.4 8.1 5.5 9.9 12 13 14
基隆
NO2
03/22 12 17 13 3.3 3.3 2.5 3.5 5 5.5 6.7 6.7 5.3# 4.7 4.9 4.1 3.6 4.5 5 4.8 4.1 3.7 4.1 4 3.2
基隆
NO2
03/23 2.8 2.9 2.4 1.8 1.9 1.8 2.5 3.1 4.1 3.8 3.8 4.6 3.8 3.8 3.3 3.3 3.3 3.9 4 3.3 3 3.5 3.9 3.7
基隆
NO2
03/24 3.1 2.5 1.9 2.1 2 3.6 8.4 16 26 11 10 18 20 13 7.1 11 16 23 24 22 27 30 28 31
基隆
NO2
03/25 29 21 16 11 14 17 18 22 24 22 26 23# 9.1 17 19 10 9.7 11 11 22 19 13 5.4 4
基隆
NO2
03/26 4.3 4.5 4.3 3.2 2.5 9 23 12 8.4 7.5 5.3 6 5.2 5.5 6.1 6.4 8.2 8.9 15 20 22 19 14 7.6
基隆
NO2
03/27 9.8 8.7 13 14 11 9.2 25 22 22 22 22 15 7.6 7.4 8.4 7.8 16 40 30 39 35 31 30 31
基隆
NO2
03/28 28 20 17 15 8 7.3 12 20 20 14 13 9.5 5.5 11 19 19 15 22 27 30 19 17 17 19
基隆
NO2
03/29 15 11 12 11 10 13 17 20 18 12 9.5 6.6 8.4 9.1 9.5 9.1 13 13 11 8 8.3 8 8.4 7.7
基隆
NO2
03/30 7.5 5.2 4.8 5.3 7.5 9.3 12 22 18 17 10 6.6 5.6 3.8 3.4 3.2 3.8 7 7.4 5.9 4.7 3.9 3.4 2.5
基隆
NO2
03/31 2 2.1 2.1 1.9 1.8 2.5 3.8 5.1 5.3 6.5 6.8 5.2 4.5 4.3 4.3 4.5 4.3 4.7 4.4 4.4 4.5 5.5 4.8 3.7
基隆
NO2
監測年月：2019/04， 測站：基隆， 測項：NO2（ppb）
基隆
NO2
日期 00 01 02 03 04 05 06 07 08 09 10 11 12 13 14 15 16 17 18 19 20 21 22 23
基隆
NO2
04/01 2.8 1.5 1.4 1.4 1.5 2.2 2.6 5.1 5.1 4.4 3.9 4.6 4.4 5 5.3# 4.8 4.9 6.1 7.5 11 9.3 7.5 7.7 6.6
基隆
NO2
04/02 4.5 3.2 3.1 3 3.9 9 22 35 30 30 30 8.4 7 6.2 7.4 6.6 18 23 24 31 29 28 27 29
基隆
NO2
04/03 34 18 12 16 9.6 6.7 9.7 19 23 23 27 29 32 24 24 24 33 33 41 42 38 38 22 3.5
基隆
NO2
04/04 2.6 0.8 0.8 0.5 0.4 0.8 2.9 4.8 7.4 10 5.3 3.2 3.9 7.3 7.8 14 9.6 8.4 13 4.9 4.8 13 13 9.2
基隆
NO2
04/05 3.8 6.6 5.4 5 4.8 7.6 5.3 14 13 10 9.4 7 7.3 8.2 6.2 5.5 3.1 3.7 15 20 18 16 17 13
基隆
NO2
04/06 10 8.4 7.3 7.6* 9.3 8.6 13 18 34 13 11 11 7.5 14 14 21 21 16 25 33 30 27 21 19
基隆
NO2
04/07 20 14 18 21 16 15 16 16 11 9.7 12 12 11 10 6.9 8.6 10 14 15 12 20 16 12 18
基隆
NO2
04/08 16 14 10 8 8.4 10 17 19 17 28 6.2 4.5 4.2# 3.6 5.9 11 7 6.7 7.3 14 16 14 19 17
基隆
NO2
04/09 15 9.3 9.7 9.6 12 15 16 20 16 14 15 13 10 8 6.7 7.1 6.1 7.4 12 22 32 26 19 15
基隆
NO2
04/10 11 10 9.4 11 8.8 11 12 15 16 20 14# 7.7# 6.3 9.9 7.4# 6.5# 9.7# -10.9# 5.1# 4.2 4.2 4.3 3.8 3.8
基隆
NO2
04/11 3.4 1.9 1.8 1.2 1.7 1.8 8.8 25 21 12 5.9# 203# 18# 24 14 15 8.3 7.7 9.9 9.2 12 6.5 3.1 2.2
基隆
NO2
04/12 1.8 2.2 2.5 2.2 2.2 2.6 4.4 6.5 5.5 NA NA 2.9* 4.5 3.8 4.3 4.5 6.6 7 9.7 11 10 9.6 8.3 9.2
基隆
NO2
04/13 5.5 3.5 3.8 4 4.4 14 18 29 28 22 29 27 22 20 13 25 33 35 37 33 27 29 27 24
基隆
NO2
04/14 17 14 8.2 7.7 4.3 8.2 18 17 14 6.9 5.6 5.4 5.5 4.7 3.9 4.9 9.4 17 14 11 6.4 7.5 7.7 5.8
基隆
NO2
04/15 5.3 3 1.8 2.1 2.5 2.7 4.7 6.4 5.8 4.3 3.7 4.5 4.6 4.2 4.3 4.4 4.7 11 16 16 18 16 13 9.8
基隆
NO2
04/16 8.7 6.2 4.7 4.9 8.7 6.2 16 28 26 29 40 23 11 12 8.5 7.6 9.2 9.6 14 16 21 22 27 15
基隆
NO2
04/17 8.8 7.9 6.3 6.2 5.6 8.9 19 21 14 13 11 7.9 5.5 5.6# 6.7# 4.5 5.4 6.4 13 23 27 19 11 26
基隆
NO2
04/18 14 8.1 11 13 8.8 11 22 23 21 12 8.9 8.6 15 15 14 18 13 8.9 21 20 20 6.4 16 16
基隆
NO2
04/19 11 8.1 14 14 13 20 20 30 36 34 18 20 14 11 9.7 22 30 24 35 30 33 30 28 21
基隆
NO2
04/20 18 19 19 16 16 17 19 22 21 15 10 7.1 10 4.5 3.7 4.2 4.7 6 11 19 22 20 20 17
基隆
NO2
04/21 13 9.7 8.7 9 8.6 10 12 15 9.2 9 7.8 7.2 5.2 4.8 5.8 4.4 5.4 7.2 15 23 24 19 19 20
基隆
NO2
04/22 23 21 16 13 11 9.8 13 18 10 13 18 6.4 2.6 2.7 1.9 2.6 8.2# 13# 19 26 28 26 23 24
基隆
NO2
04/23 19 9.3 6.6 7.3 13 12 14 17 18 19 20 21 13 5.6 4 4.6 5.5 8.6 18 41 47 43 41 30
基隆
NO2
04/24 26 17 16 15 14 13 14 19 21 23 23 11 7.5 7.5 5.6 4.9 5.7 6.9 9.5 10 13 9 8.9 7.8
基隆
NO2
04/25 6.5 6.3 6 5.5 6.7 8.6 15 15 20 15 11 8.9 5.3 4.3 4.7 4.6 5.5 7.4 13 10 12 12 8.7 5.5
基隆
NO2
04/26 3.7 2.7 1.2 1.3 0.7 1.3 2.9 3.8 2.4 1.6 1.2 0.9 1.1 0.9 0.8 2.5 2.5 3.1 2 2.1 2.5 2.4 2.3 1.4
基隆
NO2
04/27 1.1 1.5 1.6 1.5 1.4 2 2.9 2.7 2.8 3.4 3.8 4.1 4 3.7 3.7 4.1 3.8 5.7 5.6 3.3 4 4 3.3 8
基隆
NO2
04/28 3.7 6.3 5.7 5 6.2 13 19 17 15 12 12 8.7 10 10 9.1 15 19 18 27 35 27 30 29 19
基隆
NO2
04/29 11 5.5 4.5 5.8 7 11 16 14 19 16 5.7 4.5 4.3 5.5 11# 12# 15 23 21 26 20 21 17 14
基隆
NO2
04/30 11 20 13 11 13 13 18 21 18 11 6.3 6 4.7 4.1 6.3 7.7 13 23 21 22 13 5.4 4.5 6.4
基隆
NO2
監測年月：2019/05， 測站：基隆， 測項：NO2（ppb）
基隆
NO2
日期 00 01 02 03 04 05 06 07 08 09 10 11 12 13 14 15 16 17 18 19 20 21 22 23
基隆
NO2
05/01 7.1 4.8 4.5 4.2 6.1 7.7 6.5 8 7.1 7.6 11 16 11 12 11 12 11 6.9 6.4 5.7 5.7 7 6.7 9.9
基隆
NO2
05/02 6.6 5.8 3.9 3.5 5.1 8.4 6.5 11 24 14 11 12 14# 12 12 16 18 7.4 7.7 7.1 10 12 12 11
基隆
NO2
05/03 7.6 5.2 3.6 4.3 6.8 9.4 7.3 6.6 8.1 6.1 5 3.5 3 2.9 3.4 4 4.4 6.5 12 17 22 25 18 26
基隆
NO2
05/04 16 8.3 5.8 4.2 3.8 4.2 7.5 6.5 6.2 5.7 7.6 6.6 6.8 6.4 6 6 8.5 12 18 13 16 13 13 16
基隆
NO2
05/05 5.8 6.4 5.5 4.5 5.9 6.8 7.7 4.8 3.1 3.5 2.5 3 2.8 3.3 3.5 3.5 5.1 6.7 7.9 5.4 6.5 12 9.5 3.8
基隆
NO2
05/06 2.2 1.8 1.9 1.6 1.7 2.2 9.5 22 23 13 12 11 2.6 3 3.5 4.7 4.5 7.3 12 2.9 4.7 5.7 2.9 2
基隆
NO2
05/07 1.3 1.6 1.5 1.8 1.5 2.4 3.2 4.9 4.4 4.2 3.9 3.5 5.1 4.2 6.5 12 23 18 8 23 10 5.5 6.6 11
基隆
NO2
05/08 9.7 3.6 4.1 3.7 6.8 11 27 33 28 29 6.4 7.6 6.1 5.3 10 16 20 12 16 18 17 14 9.5 9.4
基隆
NO2
05/09 8.2 6.7 5 4.7 7 11 18 33 13 10 7.6 6 6 14 5.4 7.1 7.4 7.4 6.1 4.8 7.1 18 7.3 6.3
基隆
NO2
05/10 4.1 2.4 2.1 2.4 2.6 9.3 19 12 8 5.5 6.4 4.2 4.1 3.6 2.7# 3.9# 4.8 7.2 10 8.1 6.2 11 5.6 5.3
基隆
NO2
05/11 4.2 2.5 1.9 2.8 3.8 3.7 4.5 14 6.6 14 9.9 5.4 2.8 2.8 12 4.2 4.4 6.7 5.4 5.4 9.8 14 14 13
基隆
NO2
05/12 11 11 17 15 13 12 13 9 3.4 3.8 3.5 3.1 2.8 2.8 3.1 3.2 3.4 4.3 4.6 5.8 6.6 6.9 11 6.7
基隆
NO2
05/13 3.4 5.2 0.8 0.8 4.5 11 16 17 4.6 7.6 7.2 8.7 5.5 6.9 6.4 8 13 23 22 24 19 19 16 16
基隆
NO2
05/14 16 15 14 17 21 21 25 24 19 16 14 14 8.3 6.4# 20 14 9.1 7.9 6.3 5 6.9 5.7 4.3 3.8
基隆
NO2
05/15 4.4 2.4 1.9 1.8 2.5 5.2 15 7.4 6.1 5.1 4 5.2 7.3 4.3# 2.6 2.6 4 8.2 14 24 27 26 23 18
基隆
NO2
05/16 18 17 14 12 11 10 12 18 19 16 19 26 11 11 11 11 19 17 15 14 20 24 9.5 12
基隆
NO2
05/17 11 10 8.2 4.8 6.7 8.1 13 15 16 20 22 24 22 14 10 9.2 11 19 15 17 17 15 14 13
基隆
NO2
05/18 11 13 10 6.5 3.7 7.7 9.6 7.9 11 15 9.5 8.6 10 8.5 7.2 8.5 8.3 12 19 22 15 18 9.5 10
基隆
NO2
05/19 11 6.2 5.2 4.1 3.8 5.7 7.7 9.7 6 3.7 3.4 8.7 4.7 3.7 5.5 4.5 5.6 15 21 27 26 27 21 15
基隆
NO2
05/20 12 8.3 10 14 11 9.4 10 11 16 17 4.6 5.4 7.1 4.8 6# 4.9 4.5 5.1 4.8 4.2 9.3 5.4 3.6 5.3
基隆
NO2
05/21 2.2 3 2.6 1.9 1.6 3.6 5 6.8 4.7 4.7 4.1 3.6 3.9 3.4 3 4.1 4.7 5.7 17 16 14 11 8.8 10
基隆
NO2
05/22 12 8.5 8.3 5.7 6.1 14 27 34 20 9.6 8.4 5.9 5.3# 6.3 6.8 6.5 9.6 9.7 11 16 25 17 17 19
基隆
NO2
05/23 15 14 13 10 11 15 23 24 7.7 6.3 7.3 8.7 5.5 3.9 3.3 4.8 6 7.7 7.8 15 9.2 20 10 7.5
基隆
NO2
05/24 5.5 2.9 2.2 2.9 2.8 3.1 4.5 7.1 7.3# 7.1 NA 3.6 3.6 2.8 3 3.9# 4.1 4.6 3.6 4.1 3 2.2 2.2 2.1
基隆
NO2
05/25 3.4 3.1 1.8 3.3 4.4 1.9 2.2 2.8 3.2 3.4 3.7 3.2 3.2# 3 2.7 2.8 2.9 3.4 3.1 2.4 2.7 6 2.9 3.4
基隆
NO2
05/26 3.1 2.3 1.7 3.1 5.9 11 12 9.5 6.2 4 3.5 2.9 2.6 3.3 4.3 7.6 4.7 5 7.3 4.2 7.1 3.3 3.5 7.7
基隆
NO2
05/27 8.6 4.5 4.8 5.4 7.5 11 13 15 15 15 10 8.5# 4.8# 4 9.9 7.5 15 21 24 24 20 15 18 18
基隆
NO2
05/28 18 14 12 11 12 12 15 17 4.7 3.7 4 4.7 5.6 3.5 3.9 4.5 4.8 5.9 5.1 3.6 3.2 3.6 3.6 3.2
基隆
NO2
05/29 2.6 1.5 1.5 1.5 1.4 1.6 3.9 6.6 4.3 3.6 4 3.4 3.7 5 4.6 5.7 4.8 4.9 6.6 10 16 16 12 6.6
基隆
NO2
05/30 6.5 4.7 4.9 4.5 5.8 13 25 34 8.5 4.1 3.5 3 2.8 2.8 4.3 5.6 11 9.9 15 21 23 20 20 21
