花蓮
SO2
01/01 1.8 0.6 0.7 0.7 0.6 0.5 0.3 0.7 0.8 0.4 0.6 0.4 0.4 0.4 0.5 0.5 0.5 0.5 0.4 0.5 0.5 0.5 0.6 0.9
花蓮
SO2
01/02 1.1 2.2 1.9 1.9 1.6 1.2 1.4 1.7 2.1 2.6 2.2 2.5 2.4 3 3.3 1.9 2.1 2.8 1.9 1.9 1.7 1.5 1.4 1.4
花蓮
SO2
01/03 1.3 0.4 0.3 0.2 0.3 0.3 0.3 0.6 0.9 1.2 1.5 1.3 0.5 0.4 0.5 0.5 0.3 0.3 0.5 1.1 1.2 1.2 1 1.1
花蓮
SO2
01/04 0.4 0.8 0.6 0.6 0.6 0.5 0.6 0.5 0.7 4.5 5.6 2.7 1.2 0.8 0.5 0.6 1.2 0.9 0.9 0.9 0.9 0.7 0.7 0.8
花蓮
SO2
01/05 0.4 0.6 0.5 0.4 0.4 0.6 0.5 0.6 0.7 0.6 1 1.2 1.1 1 1.3 1.6 1 0.9 0.9 0.7 0.7 0.7 0.8 0.9
花蓮
SO2
01/06 1.6 2.2 2 1.8 1.8 1.7 1.7 1.8 1.6 1.2 1.1 1 1.1 1.1 1 1.1 1.1 1 1.1 1.1 1.3 1.6 1.8 2
花蓮
SO2
01/07 2.4 1.7 1.5 1.3 1.2 1.3 1.3 1.3 1.5 1.8 1.7 1.9 2.3 1.8 1.7 1.5 1.3 1.5 1.5 1.6 1.6 1.6 1.5 1.5
花蓮
SO2
01/08 1.2 0.8 0.6 0.6 0.6 0.7 0.7 0.9 0.9 1.3# 1.5# 1.2 0.8 0.7 0.8 0.7 0.8 1.3 1.2 1.1 1.1 1.2 1.2 1.1
花蓮
SO2
01/09 1.2 0.9 0.9 0.8 0.7 0.8 0.8 0.9 0.8 1 1 0.9 1 0.9 1.1 1.3 1.1 1.4 1.6 1.8 1.6 1.4 1.6 1.3
花蓮
SO2
01/10 1.4 1 1 NA 0.9 0.9 0.9 1 1.2 1.3 1.6 1.5 1 1.1 1.4 1 1.3 1.3 1.3 1.4 1.4 1.4 1.4 1.1
花蓮
SO2
01/11 1 0.7 0.5 0.5 0.5 0.5 0.5 0.6 0.8 0.7 3.2 1.3 1.1 1 1.1 0.7 1.4 1 1.4 1.3 1.2 1.5 1 0.9
花蓮
SO2
01/12 1 2.2 2.1 2.2 2.1 2 2 2 2 2.4 2.6 2.4 2.3 2.4 2.1 2.1 2 2 2 2 2 1.9 2 2.4
花蓮
SO2
01/13 2.4 1 1.1 1 1 1.6 1.5 1.3 1.5 1.5 1.5 1.6 1.2 1 1.1 0.9 0.9 1 0.9 0.8 0.9 0.9 1.1 0.9
花蓮
SO2
01/14 0.6 1.6 1.6 1.4 1.1 1.2 1.2 1.4 1.4 1.5 1.5 1.9 2 1.9 2 2.3 2.3 2.8 2.2 1.9 1.8 1.5 1.7 1.7
花蓮
SO2
01/15 1.4 1.4 1.2 1.1 1.4 1.3 1.3 1.4 1.4 1.8 2.1 1.9 2.7 1.6 1.4 1.3 4 2.7 2 1.9 2.2 1.7 1.5 1.4
花蓮
SO2
01/16 1.1 1.4 1.2 1.3 1.1 1 1.1 1.1 1.2 1.3 1.2 1.2 1.2 1.3 1.3 1.4 1.3 1.5 1.5 1.5 1.5 1.4 1.4 1.4
花蓮
SO2
01/17 1.8 1.7 1.5 1.3 1.3 1.2 1.3 1.4 1.4 1.5 1.4 1.4 1.5 1.5 1.4 1.3 1.3 1.3 1.3 1.4 1.2 1.1 1.3 1.2
花蓮
SO2
01/18 1.4 1.6 1.6 1.6 1.7 1.6 1.9 2.1 2.3 2.4 2.3 1.8 1.7 1.8 1.7 1.8 2 2 2.1 1.9 1.9 1.9 2 1.8
花蓮
SO2
01/19 1.4 0.7 0.6 0.7 0.7 0.7 0.7 0.7 0.8 1 0.9 1 1.4 1.4 1.3 1 1.2 1.2 1.9 1.7 1.4 1.3 1 1
花蓮
SO2
01/20 1.1 0.8 0.8 0.8 0.8 0.8 0.7 0.8 0.9 0.8 1 1.3 1 1 0.9 0.7 0.8 0.7 0.7 0.7 0.7 0.7 0.8 0.8
花蓮
SO2
01/21 0.7 0.9 1.1 1 1 1 0.9 1 1.1 1.1 1.5 1.6 1.6 1.5 1.3# 1.1 1.5 1.4 1.3 1.3 1.5 1.5 1.3 1.2
花蓮
SO2
01/22 0.9 1.5 1.4 1.3 1.3 1.4 1.3 1.5 1.5 1.8 1.6 1.5 1.5 1.6 1.7 1.9 1.9 1.9 2.1 2.2 2.1 2.1 2 2.2
花蓮
SO2
01/23 1.9 1.5 1.7 2.3 1.7 1.7 1.4 1.6 1.6 2.4 2.7 2.3 2.1 2 2 1.9 2.2 2.3 2.5 2.1 2 1.9 1.7 1.5
花蓮
SO2
01/24 1.4 1.5 1.4 1.5 1.4 1.4 1.3 1.3 1.5 2.2 2.6 2.2 1.8 1.8 1.9 1.9 2 2 3 4.7 3.5 3.6 3.2 2.3
花蓮
SO2
01/25 2 1.2 1 1 1 0.9 1 0.9 1.2 1.6 1.9 1.4 1.6 1.3 0.9 1 1.2 1.4 1.4 1.5 1.7 1.3 1.2 1.3
花蓮
SO2
01/26 1.3 1.4 1.4 1.3 1.4 1.4 1.2 1.4 1.3 1.2 1.3 1.3 1.4 1.3 1.3 1.4 1.3 1.2 1.3 1.4 1.5 1.4 1.5 1.5
花蓮
SO2
01/27 1.2 1.3 1.3 1.3 1.3 1.3 1.4 1.5 1.6 1.7 1.7 1.7 1.2 1.2 1.6 1.7 2.1 2 1.8 2.1 1.5 1.3 1.5 1.3
花蓮
SO2
01/28 1.3 1.1 1 0.9 1 1.2 1.2 1.3 1.3 1.1 1.7 1.7 1.3 0.9 1.3 1.2 2.2 2 1.1 1.3 1.1 1.4 1.8 2.7
花蓮
SO2
01/29 2.6 2.1 1.8 2 1.3 1 1.3 1.4 1.7 1.6 1.5 1.6 1.5 1.3 1.3 1.2 1 1.3 1.3 1.3 1 1 1 0.9
花蓮
SO2
01/30 0.9 1.1 0.9 1 0.9 0.9 1 1 1 1.1 4.6 2 1.1 1.2 1.1 1.1 1.3 1.3 1.5 1.5 1.5 1.2 1.2 1.2
花蓮
SO2
01/31 1 1.8 1.7 1.7 1.6 1.7 1.7 1.7 1.8 1.7# 1.9 2.1 2.1 2.1 2 1.9 3.1 1.9 2 2.1 1.7 1.6 1.6 1.6
花蓮
SO2
監測年月：2019/02， 測站：花蓮， 測項：SO2（ppb）
花蓮
SO2
日期 00 01 02 03 04 05 06 07 08 09 10 11 12 13 14 15 16 17 18 19 20 21 22 23
花蓮
SO2
02/01 1.8 1.2 1.1 1.2 1.1 1.2 1.2 1.2 1.5 1.5 1.6 1.5 1.5 1.5 1.5 1.4 1.5 1.6 1.6 1.5 1.4 1.3 1.3 1.3
花蓮
SO2
02/02 1.2 1.6 1.5 1.4 1.5 1.5 1.6 1.5 1.8 1.8 3.7 1.7 1.7 1.8 1.7 1.7 2.1 2.3 2 2 1.8 1.7 1.7 1.5
花蓮
SO2
02/03 1.4 0.8 0.9 0.9 0.8 0.8 0.9 0.9 1.1 2.3 3.8 2 1.1 1.3 1.2 1 0.9 1.8 1 1 1.1 1.2 1.4 1.3
花蓮
SO2
02/04 1 1.4 1.3 3 2.8 1.9 1.5 1 1.1 1# 1.1 1.1 1.1 1.3 1.3 1.1 1.2 1.2 1.1 1.3 1.5 1.4 1.3 1.4
花蓮
SO2
02/05 1.8 2.4 2.4 2 1.9 1.8 1.8 1.8 1.9 2 2.4 2.5 1.7 1.8 1.8 1.5 1.7 1.7 1.7 1.9 1.8 1.7 1.9 1.8
花蓮
SO2
02/06 1.7 2.2 2.5 2.2 2 2.1 2.1 2.2 2.1 2.2 3.8 2.3 2.6 2.3 1.9 2.3 2.2 2.1 2.4 5 2.2 2 2 1.8
花蓮
SO2
02/07 1.9 1.2 1 1.1 1 1 1.1 1 1 1.2 1.8 2.3 2.2 1.8 1.8 1.8 1.5 1.5 1.5 1.9 1.7 1.6 1.3 1.4
花蓮
SO2
02/08 0.9 1.5 1.3 1.4 1.5 1.5 1.1 1.4 1.4 1.6 1.3 1.3 1.4 1.2 1.3 1.3 1.4 1.5 1.9 1.7 1.6 1.3 1.3 1.2
花蓮
SO2
02/09 1.1 1.2 1.1 1.1 1 1.2 1.2 1.3 1.9 2.6 1.5 1.5 1.4 1.4 1.4 1.3 1.2 1.6 1.5 1.9 1.8 1.8 1.6 1.3
花蓮
SO2
02/10 1.2 2.5 2.9 2 1.5 2.2 1.4 1.5 1.7 2 2.3 2.7 2.6 1.8 1.5 1.2 1.3 1.1 1.8 2.1 2.2 1.8 1.7 1.8
花蓮
SO2
02/11 1.7 1 1 0.9 0.9 1 0.8 1.4 1.4 1.5 1 1.2 1.1 1.1 1 1.4 1.7 1.2 1.2 1.2 1.3 1.5 1.5 0.8
花蓮
SO2
02/12 0.5 1.3 1.3 1.2 1.2 1.2 1.3 1.7 1.9 2.4 3.6 1.9 1.5 1.6 1.8 1.8 1.6 3.2 2.8 2.3 1.5 1.7 1.7 1.7
花蓮
SO2
02/13 1.4 1.1 1 1.1 1 0.9 1 1.1 1.3 1.5 1.3 1.1 1.4 1.5 1.3 1.4 1.2 1.1 1.1 1.2 1.1 1.2 1.1 1
花蓮
SO2
02/14 1.1 1.1 0.9 0.9 1 1 1 1.1 1.2 1.7 2.5 2.2 2.3 1.9 1.2 1.2 1.4 1.4 1.7 2 2.1 1.9 1.5 1.4
花蓮
SO2
02/15 1.7 1.1 1 1 1.1 1 0.9 1 0.9 1.2 2.5 1.3 1.5 1.7 1.4 1.2 0.9 0.9 0.9 0.9 1.2 1.1 1 1.2
花蓮
SO2
02/16 0.9 1.1 1.1 1.2 1.2 1.3 1.5 1.6 2 2.7 1.7 1.5 1.8 1.6 1.5 1.3 1.3 1.5 1.6 1.6 1.5 1.1 0.9 1.8
花蓮
SO2
02/17 2.3 1.2 0.9 0.8 1 1.4 1.6 1.2 2 1.5 1.2 1.7 1.5 1.9 1.9 1.7 1.5 1.2 1.1 1 1.1 1.1 1 1.1
花蓮
SO2
02/18 0.8 0.9 0.9 0.9 0.9 0.9 0.9 0.9 1.1 1.2 1 0.9 0.8 0.8 0.8 1 1 1.5 1.4 1.6 1.7 1.6 1.7 1.2
花蓮
SO2
02/19 1 1.2 1.1 1.1 1.2 1.2 1.2 1.4 1.7 2 2.8 3.4 2.2# 1.9 1.4 2 1.9 1.6 1.5 1.5 1.4 1.4 1.5 2.3
花蓮
SO2
02/20 2.2 1.6 1.2 0.8 0.8 0.9 0.9 0.8 1.2 1.1 3.2 3.6 2.7 1.9 1.5 1 1.1 1 1 1.1 1.2 0.9 0.7 1.1
花蓮
SO2
02/21 1.4 1.6 1.4 1.3 1.4 1.4 1.8 2 2.1 2.2 1.7 1.2 1.2 1.4 1.3 1.2 1.5 1.6 1.6 1.5 1.7 1.5 1.2 1.1
花蓮
SO2
02/22 1.4 1.3 1.2 1.2 1.3 1.3 1.2 1.2 1.4 1.8 1.8 1.6 1.5 1.5 1.7 1.4 1.4 1.2 1.1 1 1 1 1 1
花蓮
SO2
02/23 1 1.3 1 1.1 1 1 1 1.2 1.3 1.3 1.3 1.4 1.4 1.7 1.5 1.5 2.1 2 2 2.3 2.4 2.3 2.8 2.6
花蓮
SO2
02/24 2 1.1 1 1 0.9 1 1.1 1.2 1.4 1.6 1.5 1.9 1.7 2.1 1.5 1.1 1.2 1.5 1.4 1.7 1.5 1.2 1.3 1.4
花蓮
SO2
02/25 0.8 1.5 1.5 1.6 1.5 1.5 1.5 1.5 1.6 1.7 1.8 1.5 1.5 1.7 1.8 1.7 1.6 1.5 1.4 1.6 1.8 1.9 2 2.1
花蓮
SO2
02/26 2.1 2.1 1.7 1.6 1.7 1.9 1.5 1.6 2.2 1.9 1.6 1.5 2.2 1.9 1.7 1.5 1.8 1.4 1.7 1.5 1.5 1.2 1.3 1.3
花蓮
SO2
02/27 1.2 1.1 0.9 0.8 0.9 0.8 0.9 1 0.9 0.9 3.3 1 0.8 0.9 0.9 1 2.3 1.8 1.5 1.2 1 1 0.9 1
花蓮
SO2
02/28 1.2 0.8 0.8 0.8 0.9 1 1.2 1.4 1.4 1.3 1.2 1.2 1 1 0.9 1 1.3 1.2 1.2 1 0.8 0.9 0.9 1.1
花蓮
SO2
監測年月：2019/03， 測站：花蓮， 測項：SO2（ppb）
花蓮
SO2
日期 00 01 02 03 04 05 06 07 08 09 10 11 12 13 14 15 16 17 18 19 20 21 22 23
花蓮
SO2
03/01 1.1 1.3 1.4 1.5 1.6 2.1 1.9 1.7 1.7 1.5 1.8 2.2 2.6 1.7 1.9 2.2 1.6 1.7 1.8 1.9 2.4 1.6 1.5 1.5
花蓮
SO2
03/02 1.3 1.7 1.6 1.6 1.6 1.6 1.6 1.6 1.7 2.8 3.6 2.5 2.6 2.9 2.3 2.8 2.1 2 1.9 2.3 2.1 1.9 1.7 1.8
花蓮
SO2
03/03 1.9 0.8 0.9 0.9 0.9 1 0.9 1 0.9 4.4 1.4 1.1 1.1 1.5 1.2 0.9 0.7 0.8 0.9 0.9 0.9 1 1.2 1.6
花蓮
SO2
03/04 1.1 0.8 0.8 0.9 0.8 0.8 0.9 0.9 0.9 0.9 1 0.9 1 1 1.1 1.6 1.1 1.4 1.1 1 0.9 1 1.1 1.3
花蓮
SO2
03/05 1.3 2.3 2.3 2.5 2.1 1.8 1.6 1.7 1.7 1.7 3.9 6.8 1.8# 1.8 1.5 1.5 4.1 2 1.8 1.8 1.8 1.7 1.7 1.7
花蓮
SO2
03/06 1.7 1.6 1.5 1.6 1.7 1.6 1.7 1.6 2 2.1 7.4 2.6 2.1 1.9 1.5 1.6 1.6 1.6 1.4 1.3 1.3 1.3 1.4 1.3
花蓮
SO2
03/07 1.2 1.1 1.2 1.1 1.2 1.3 1.1 1.4 2 2 2.2 2 1.6 1.5 2.1 1.9 1.3 2.1 2.4 2.2 1.7 1.9 2.6 2.6
花蓮
SO2
03/08 1.5 1.2 1.1 1.2 1.2 1.2 1.3 1.4 1.3 1.2 1.1 0.9 1 0.9 0.9 1.1 1.2 1.2 1.4 1.5 1.5 1.4 1.3 1.2
花蓮
SO2
03/09 1.4 1.3 1.2 1.1 1 1 1.1 1 1.1 1.1 1.1 1.2 1.3 1.4 1.7 2 1.9 1.9 1.9 2.1 2.2 2 1.7 1.8
花蓮
SO2
03/10 1.4 1 1 0.8 0.9 1 1 1.4 1.4 1 0.9 0.8 0.9 0.7 0.7 0.6 0.8 0.8 0.7 0.8 0.7 0.6 0.7 1
花蓮
SO2
03/11 1.6 1.9 1.7 1.6 1.6 1.7 1.7 1.8 2 2 2.3 2.9 3.1 3.4 3.2 2.6 2.2 2 2.2 2.6 2.6 2.2 2.1 1.9
花蓮
SO2
03/12 1.9 1.4 1.2 1.2 1 1 1 1 1.1 1.3 1.5 2.1 1.8 1.4 1.4 1.4 3 1.9 1.4 1.4 1.4 1.2 1.2 1.1
花蓮
SO2
03/13 1 1.1 0.9 0.9 0.9 0.9 0.9 0.9 1 1 1.6 1.1 1 1.3 1 0.9 0.9 0.9 0.9 0.9 0.9 1 0.9 0.8
花蓮
SO2
03/14 0.7 1.4 1.4 1.3 1.3 1.4 1.4 1.5 1.5 1.5 1.6# 1.8# 1.8 1.8# 1.8# 1.9 2.2 2.6 2.5 2.6 2.4 2.4 2.3 2.2
花蓮
SO2
03/15 2.2 1 1 1 0.9 0.9 1 0.9 0.8 0.8 1.1 1.1# 1.2 1.1 1.2 1 1.2 1.3 1.5 1.3 1.3 1.1 1.4 1.2
花蓮
SO2
03/16 0.6 1.3 1.2 1.3 1.3 1.3 1.1 1.3 1.3 1.7 1.9 2.1 2.3 2.2 2.2 1.9 2.2 1.7 1.4 1.4 1.4 1.4 1.3 1.2
花蓮
SO2
03/17 1.5 1.2 1.1 1 1.1 1.1 1.2 1.2 1.3 1.6 1.6 1.4 1.5 1.7 1.9 1.7 1.4 1.5 3.9 2.2 1.9 1.7 1.8 1.6
花蓮
SO2
03/18 1.2 1.2 1.2 1.1 1 1.1 1 1 1.2 1.2 1.1 2.3 1.6 1.6 1.5 1.2 1.3 1.1 1.3 1.4 1.6 1.4 1.5 1.4
花蓮
SO2
03/19 1.5 1.2 1.2 1.3 1.7 2.3 2.2 1.8 2 1.4 1.5 1.6 1.4 1.3 1.3 1.6 1.5 1.5 2.2 2 1.5 1.6 1.9 1.7
花蓮
SO2
03/20 1.1 0.9 1 0.8 0.8 0.7 0.7 0.7 1 1.6 2.4 0.9 0.7 0.7 0.7 0.7 1.2 1.1 1 1 1.3 1.5 1.4 1.1
花蓮
SO2
03/21 1.2 1.1 1.2 1.2 1.3 1.2 1.3 1.3 1.4 3.8 1.6 1.1# 1 0.7 0.6 0.9 2.8 3.1 2.8 2.6 1.5 1.6 1.6 3.9
花蓮
SO2
03/22 3.8 1.9 1.7 1.7 1.5 1.3 1.4 1.9 2.1 1.4 1.3 1.4 1.2 1.3 1.5 1.8 1.8 1.6 1.4 1.6 1.4 2.3 2 1.5
花蓮
SO2
03/23 2.3 2.4 1.5 1.1 1.1 1.1 1 1.2 1.2 1.2 1.2 1.3 1.3 1.4 1.3 1.2 1.2 1.2 1.2 1.2 1.2 1.2 1.2 1.2
花蓮
SO2
03/24 1.2 1.1 1.1 1 0.9 1.1 1.2 1.1 1.1 1 1.3 1.4 1.3 1.3 1.7 1.9 1.8 2 1.9 1.7 1.3 1.3 1.3 1.3
花蓮
SO2
03/25 1 1.2 1.3 1.2 1.1 1.1 1.1 1.1 1.4 2.4 1.7 1.6 1.7 2 1.8 2.1 1.7 2.1 1.8 1.8 1.8 1.9 1.7 1.8
花蓮
SO2
03/26 1.4 1.1 1 1.3 1.4 1.4 1.1 1.5 2.5 1.5# 1.5 1.3 1.1 1.2 1 0.9 1 1.2 1.6 1.3 1.3 1.1 0.9 0.9
花蓮
SO2
03/27 1.1 0.8 0.8 0.8 0.7 0.8 0.8 0.8 0.9 0.3# 2# 0.4 0.3 1.2 1.5 1.3 1.9 2 2.4 1.8 1.7 1.7 1.5 1.6
花蓮
SO2
03/28 0.6 0.9 0.9 0.8 0.8 0.8 0.8 0.9 0.9 5.8 2 0.6 0.6 0.6 0.7 0.8 0.8 1.2 1.6 0.7 1.4 1 0.8 0.9
花蓮
SO2
03/29 1.1 1 1 1 1.2 1 1.2 1.3 1.5 2 2.5 1.7 1.5 1.4 1.6 1.4 0.9 0.9 0.8 1 1.1 1 0.8 0.8
花蓮
SO2
03/30 1.2 1.2 1.3 1.5 1.1 1.3 1.3 1.4 1.3 3.5 5.7 2.8 2.4 3.4 2.5 1.7 1.3 1.1 1.3 1.5 1.7 2 1.9 2.4
花蓮
SO2
03/31 1.5 1.3 1.5 1.5 1.2 1.1 1 1.1 1.3 1 1 1.1 1 1.2 1.2 1.9 1.3 0.9 1 1.1 1 0.9 0.9 0.7
花蓮
SO2
監測年月：2019/04， 測站：花蓮， 測項：SO2（ppb）
花蓮
SO2
日期 00 01 02 03 04 05 06 07 08 09 10 11 12 13 14 15 16 17 18 19 20 21 22 23
花蓮
SO2
04/01 1.6 1.6 1.6 1.8 1.5 1.6 1.7 1.5 1.8 1.9 1.8 1.8 1.9 1.7 1.5 1.7 1.6 1.3 1.4 1.4 1.9 2.1 1.6 1.5
花蓮
SO2
04/02 1.2 1.9 2 1.8 1.6 1.6 1.6 2 2.1 2.3 2.1# 2.1 1.9 1.4 1.3 1.4 1.2 1.9 2.1 2 1.9 1.9 1.8 2
花蓮
SO2
04/03 1.9 1.2 1.2 1.2 1.1 1.2 1.3 1.1 1 1.1 2.2 1.8 1.6 1.7 1.3 1 1.1 1.1 1.3 1.2 1.3 1.6 1.8 1.6
花蓮
SO2
04/04 1.1 1.7 1.6 1.6 1.6 1.5 1.5 1.6 1.6 1.9 2.1 1.7 1.7 1.5 1.5 1.7 1.8 2 2.2 2.2 2.4 1.9 1.7 1.7
花蓮
SO2
04/05 1.6 1.1 1.1 1 1 1.1 1.1 1.4 1.5 1.3 1.5 1.2 1 0.9 0.9 1.2 0.9 1 1.1 1 1.2 1.3 1.2 1.3
花蓮
SO2
04/06 1.6 0.9 0.9 0.8 0.9 0.8 0.9 0.9 1 3.1 1.3 0.8 0.9 1.8 1.2 1.1 1.2 0.7 0.7 0.8 1.1 1 1.4 0.9
花蓮
SO2
04/07 0.7 1.5 1.5 1.3 1.2 1.2 1.4 1.4 1.5 4.9 1.8 1.2 1.7 1.8 3.9 1.8 1.6 1.5 1.4 1.7 1.6 1.5 1.4 1.5
花蓮
SO2
04/08 2 1.2 1.2 1.2 1.2 1.2 1.3 1.3 1.2 1.6 2.9 1.3 1.4 1.2 1 1.1 1 1 1.3 1 1 1.2 1.3 1.4
花蓮
SO2
04/09 0.7 1.2 1.1 1 1.1 1 1.1 1.2 1.1 3 1.3 1 0.9 0.8 0.6 0.5 0.8 0.9 0.9 0.9 1.2 1.8 1.4 0.8
花蓮
SO2
04/10 1.5 1 1.1 1.6 1.3 1.4 1.6 2.4 1.9 1.4 1.7 1.9 1.1 1 1.3 0.9 1 0.8 0.9 1 0.8 0.9 0.8 0.8
花蓮
SO2
04/11 1.1 1.4 1.4 1.5 1.7 1.7 1.6 1.9 2.4 1.9 3.5 5.7 4.3 1.6 1.8 1.8 1.7 1.7 1.6 1.5 1.1 1.1 1 1.1
花蓮
SO2
04/12 1.4 1.7 1.6 1.5 1.6 1.6 1.6 1.6 1.7 1.6 2 2 1.6 1.5 1.8 1.8 1.6 1.7 1.6 1.8 1.7 2 2.3 1.7
花蓮
SO2
04/13 1.9 1 1 0.9 0.9 0.8 0.9 0.8 0.9 4 5.1 0.8 1 1.3 1.5 1.8 1.4 0.8 0.8 1 0.7 0.7 0.6 0.7
花蓮
SO2
04/14 1.3 1 1.1 1.2 1.1 1.1 0.9 0.8 1.6 1.6 1.1 1.2 1.7 1.6 1.5 1.3 1 0.5 0.5 0.4 0.4 0.2 0.1 0.2
花蓮
SO2
04/15 0.7 1.1 1.1 1.1 1 1.1 1 1.1 1.3 1.6 1.5 1.5 1.2 1.3 1.5# 1# 1.8 2 1.9 1.7 2 1.6 1.3 1.5
花蓮
SO2
04/16 1.6 1.9 1.9 2 1.7 1.8 1.8 1.9 2 1.9 2 1.9 3.1 2 3.4 2.7 2.8 3.2 2.8 2.8 2.8 2.4 2.5 2.3
花蓮
SO2
04/17 2.3 1.5 1.5 1.5 1.5 1.5 1.5 1.8 2 3.3 2.8 2.4 1.7 1.6 1.4 1.2 1.1 2.2 1.2 1.2 1.1 0.9 0.9 0.7
花蓮
SO2
04/18 1.2 1.1 1 0.8 0.9 1 0.8 0.9x 1.2x 6.1x 1.2x 0.8# NA 0.3# 2.1# 1.1# 1.7# 1.4x 1.7x 1.5x 1.3x 1.1x 1x 0.8x
花蓮
SO2
04/19 0.7x 0.7x 0.6x 0.3x 0.1x -0.2x -0.3x -0.4x -0.5x -0.8* 1.3x 3.1x 0.6x 0.1x 0.2x -0.9* -1.3# 0.9x 0.5x 0x -0.5x -0.9* -1.5* -2.1*
花蓮
SO2
04/20 0.6x 0.3x -0.2x -0.5x -0.9* -1.4* -1.8* 0.1x 1.2x 1# 0.3x -0.1x -0.4x -0.8* -1.1* -1.2* -2* -2.1* -1.9* -2.3* -2.8* -3.2* -3.4* -3.8*
花蓮
SO2
04/21 0.7x 0.9x 0.8x 0.6x 0.5x 0.2x 0.1x -0.2x -0.6# 3.2x -0.9* -0.6* -0.5x -1.3* -1.9* -2.1* -2.2* -2.4* -2.5* -2.6* -2.7* -2.8* -2.7* -2.8*
花蓮
SO2
04/22 1.1x 1x 0.9x 0.8x 0.7x 0.7x 0.6x 0.4x 0.4# 0.5# NA 362# 0.9# 0.8x 1.7x 1.6x 2.1x 2.1x 2.3x 2.8x 3.1x 3.4x 3.8x 3.9x
花蓮
SO2
04/23 4.6x 4.9x 5.5x 6.3x 6.7x 7.1x 7.6x 8.2x 8.7# 10x 9.4x 9.6x 9.7x 10x 11x 12x 15x 15x 16x 17x 18x 18x 18x 19x
花蓮
SO2
04/24 5.6x 4.7x 5.4x 6.1x 6.9x 7.7x 8.4x 8.8x 9.6x 18x 7.2# 7.8x 7.5# 4.3x 4.3# 2.2x 3.7x 4.5x 4.3x 5x 7.8x 6.1x 6.4x 6.8x
花蓮
SO2
04/25 1.6x 1.4x 1.8x 2.1x 2.6x 2.9x 3.4x 4x 4# 8x 4.4x 4.5x 5x 5.6x 6x 6.9x 7.2x 7.4x 7.7x 7.9x 8.1x 8.3x 8.7x 8.6x
花蓮
SO2
04/26 2.5x 1.1x 1.4x 1.6x 1.9x 2x 2.4x 2.6x 2.8# 2.8x 1.1# 1.2x 1.3x 1.5 1.4 1.4 1.4 1.6 1.6 2.2 2.4 2.3 2.7 2.5
花蓮
SO2
04/27 1.7 1.4 1.1 1.6 1.4 1.2 1.3 1.5 2.4 1.6 1.5 1.7 1.7 1.6 1.6 1.7 2 2 2.2 2.1 2 2.5 2.1 2.3
花蓮
SO2
04/28 1 1.3 1.4 1.6 1.6 1.6 1.8 1.5 1.5 1.9 1.5 2.1 2 3 2.5 1.8 2.2 1.9 2.2 1.8 1.6 1.8 2 1.7
花蓮
SO2
04/29 1.5 1.5 1.5 1.4 1.4 1.4 1.5 1.5 2.4# 2.9 2 1.6 1.4 1.4 1.9 1.5 2.8# 1.2 0.7 0.7 1 1 0.7 0.7
花蓮
SO2
04/30 0.2 1.4 1.3 1.3 1.4 1.5 1.5 1.5 5.3 3# 1.4 1.7 1.5 1.5# 1.4 1.9 12 4.5 2.8 2.3 2.2 2 1.9 1.8
花蓮
SO2
監測年月：2019/05， 測站：花蓮， 測項：SO2（ppb）
花蓮
SO2
日期 00 01 02 03 04 05 06 07 08 09 10 11 12 13 14 15 16 17 18 19 20 21 22 23
花蓮
SO2
05/01 1.6 0.7 0.7 0.7 0.8 0.6 0.6 0.8 0.9 0.9 0.7 0.9 0.8 0.8 0.7 0.8 0.8 0.8 0.7 0.6 0.6 0.6 0.6 0.8
花蓮
SO2
05/02 1.1 1 0.9 1 0.9 1 1 1.1 1.2 1.9 2 1.5# 1.3 1.5 1.4 1.1 1.2 1.2 1.3 1.2 1.2 1.4 1.4 1.3
花蓮
SO2
05/03 0.9 1.5 1.4 1.5 1.5 1.5 1.5 1.6 1.7 1.7 2 1.7 1.7 1.8 1.8 1.8 1.9 1.8 2.3 2 1.7 1.6 1.6 1.6
花蓮
SO2
05/04 1.8 1.6 1.5 1.5 1.6 1.5 1.6 1.8 1.7 1.8 1.7 1.7 1.6 1.7 1.7 1.7 1.6 2 2.1 2.1 1.9 1.7 1.7 1.6
花蓮
SO2
05/05 1.1 1.5 1.4 1.4 1.5 1.5 1.6 1.6 1.7 1.7 1.8 1.8 1.8 2.2 1.7 1.7 1.6 1.7 1.6 1.5 1.6 1.5 1.5 1.4
花蓮
SO2
05/06 1.8 1.2 1.2 1.1 1.2 1.1 1.1 1.2 1.2 1.3 1.3 1.3 1.3 1.2 1.4 1.4 1.5 1.2 1.2 1.3 1.3 1.3 1.2 1.1
花蓮
SO2
05/07 0.8 0.9 0.8 0.9 0.9 1.4 1.3 1.3 1.1 1.2 1.1 1 0.9 1.1 0.9 1 1.1 1.1 1.4 1.3 1.2 1.1 1.1 1.2
花蓮
SO2
05/08 0.9 1 1 0.9 0.9 0.9 1.1 1 1.4 1.6 2.2 2.3 1.8 1.2 1.3 1.3 1.6 1 1.1 1.2 1.4 1.4 1.5 1.3
花蓮
SO2
05/09 1.2 1.2 1.2 1.1 1.2 1.1 1.4 1.5 1.8 1.6 1.8 1.4 1.1 1.3 1.7 1.3 1.3 1.2 1 1.3 1.8 1.5 1.2 1.3
花蓮
SO2
05/10 1.2 1.3 1.4 1.7 1.7 1.7 2.1 1.7 1.5 1.9 1.7 1.7 1.5 1.6 1.5 2.2 2.2 1.6 1.6 1.7 1.5 1.8 1.7 1.6
花蓮
SO2
05/11 1.6 1.6 1.5 1.6 1.5 1.5 1.6 1.5 1.7 2 1.9 1.9 1.7 1.5 1.4 1.7 1.5 1.6 1.5 1.6 1.9 2 2.6 2.8
花蓮
SO2
05/12 1.7 1.2 1.2 1.2 1.2 1.2 1.2 1.3 1.3 1.3 1 1.1 1 1.2 1.1 1.1 1.3 1 1 1.1 1.2 1.1 1.1 1.2
花蓮
SO2
05/13 1.3 1.4 1.5 1.4 1.6 1.4 1.7 1.7 2.7 2.8 2.8 2.8 2.1 2.3 3 3.1 2 1.7 3.1 2 2.1 1.4 1.9 1.8
花蓮
SO2
05/14 1.5 1.5 1.4 1.4 1.4 1.4 1.4 1.3 1.6 1.7 1.7 1.5 1.5 1.6 1.5# 1.7 1.8 1.7 1.7 1.8 1.8 1.5 1.6 1.5
花蓮
SO2
05/15 1.7 1 1 1.1 0.9 1 1 1 1.3 1.5 1.5 1.6 1.7 1 1.2 1.1 1 1.1 1.1 1.4 1.2 1.2 1.1 1.1
花蓮
SO2
05/16 0.6 1.1 1 1.1 1 1 1.1 1.2 2 4.5 4.3 2.5 1.6 1.4 1.2 1.2 2.9 2.3 1.9 1.4 1.5 1.6 1.5 1.3
花蓮
SO2
05/17 1.3 1.2 1.2 1.3 1.3 1.2 1.4 1.6 1.4 1.6 1.9 2.2 1.8 1.5 1.4 1.5 2.5 1.8 2.2 2.4 2.2 2.1 1.8 1.7
花蓮
SO2
05/18 1.8 1.2 1.3 1.2 1.3 1.2 1.3 1.1 1.3 1.3 1.3 1.2 1.1 1 1 1 1.1 1 1.1 1 1 1.9 1.3 1.3
花蓮
SO2
05/19 1 1.3 1.3 1.4 1.3 1.3 1.3 1.3 1.9 2.7 1.9 1.7 1.7 2.1 2.4 3.7 3.4 3.5 2 2.1 1.8 1.7 1.9 1.6
花蓮
SO2
05/20 1.4 1.5 1.7 1.5 1.5 1.3 1.3 1.3 5.1 2.8 1.9 2.3 1.5 1.3 1.6 1.4 1.3 1.2 1.2 1.1 1.1 1 0.9 1.2
花蓮
SO2
05/21 1.8 1.5 1.4 1.4 1.5 1.8 1.7 1.6 1.9 2.1 2.1 1.8 2.1 2.1 2.2 2.4 2.2 2.1 2 1.9 1.9 1.8 1.7 1.5
花蓮
SO2
05/22 1.6 1.6 1.5 1.5 1.6 1.3 1.6 1.7 1.9 2.2 2.8 4.1 2.1 2.1 2.1 1.9 2.2 2.1 1.9 1.8 1.8 1.7 1.5 1.3
花蓮
SO2
05/23 1.8 1.3 1.4 1.4 1.2 1.2 1.3 1.4 1.6 1.6 1.7 1.5 1.5 1.6 1.6 2.2 1.6 1.5 1.7 1.7 1.6 1.6 1.6 1.6
花蓮
SO2
05/24 1.1 1.2 1.1 1.1 1 1 1 1 1.1 1.2 0.9 1.6 1 1.1 1 1.2 1.1 0.9 1.1 0.9 1 0.9 1 1.1
花蓮
SO2
05/25 1.3 1.2 1 1.1 1.1 0.9 1 1 1.2 2.1 2.1 1.5 2 2.5 2.1 1.4 1.4 1.4 1.4 1.3 1.4 1.3 1.3 1.1
花蓮
SO2
05/26 1.4 1.3 1.4 1.3 1.3 1.3 1.3 1.3 1.4 5.6 1.9 1.6 1.6 1.9 1.9 1.7 1.5 1.5 1.5 1.5 1.5 1.5 1.4 1.4
花蓮
SO2
05/27 1.2 1.9 1.7 1.7 1.6 1.6 1.6 2.3 6.4 4.9 1.8 1.6 1.5 1.5 1.7 1.9 1.8 1.7 1.6 1.6 1.6 1.7 2 2.2
花蓮
SO2
05/28 2.6 0.8 1 0.9 0.7 0.7 0.9 1.8 2.8 2.2 1.8 1.4 1.1 0.9 0.9# 0.6 0.6 0.5 0.6 0.4 0.7 0.7 0.6 0.6
花蓮
SO2
05/29 0.3 0.8 1 1.1 0.8 1 1.2 1.4 1.3 1.2 1.2 1.6 1.7 1.5 1.2 1.4 1.3 1.3 1.1 0.9 1.1 1.6 2.3 1.4
花蓮
SO2
05/30 1.2 1.3 1.1 1.8 1.8 1.4 1.3 1.3 1.2 1.4 1.3 1.5 1.5 1.4 1.3 1.2 1.1 1.1 1.3 1.2 1.3 1.2 1.2 1.2