屏東
O3
01/01 9.1 5.4 4.8 5.1 4.3 4 5.2 5.6 9.9 13 21 34 43 54 61 58 58 53 43 41 39 23 12 11
屏東
O3
01/02 10 15 12 11 8 5.7 3.4 3.6 4.8 9.8 20 33 46 45 49 61 57 35 23 23 15 10 7.2 3.6
屏東
O3
01/03 2.3 2.5 2.3 2.6 2.5 2.1 2.1 4 7.4 11 18 34 50 63 68 56 66 55 45 43 40 34 30 25
屏東
O3
01/04 21 13 3.3 6.7 8.3 4 1.9 3.2 7.8 21 37 48 57 57 55 60 59 50 37 23 9.6 15 19 14
屏東
O3
01/05 9.9 7.6 6.5 7 5.6 4 5.5 10 17 33 43 44 38 35 33 33 29 27 22 17 9.8 7.1 4.3 11
屏東
O3
01/06 13 9.5 6.2 5 4.5 2.2 1.9 4.3 9.2 17 21 44 65 78 78 64 60 54 45 40 30 26 20 14
屏東
O3
01/07 12 7.2 7.4 5.1 3.6 2.3 1.8 3.9 8.1 21 45 64 87 82# 73 73 71 59 45 44 51 52 38 12
屏東
O3
01/08 11 12 12 10 9.6 11 9 7.6 9.7 15 31 48# 51 76 80 75 68 61 52 41 33 31 22 23
屏東
O3
01/09 12 7.2 4.3 2.7 4.4 3.7 1.9 4.1 10 23 43 60 75 107 103 93 84 75 65 62 59 53 43 34
屏東
O3
01/10 15 10 7 8.1 3.8 2.3 2.4 3.7 12 41 61 79 98 104 119 86 64 65 73 55 56 54 44 34
屏東
O3
01/11 29 22 17 11 11 5.6 3.5 5.3 16 38 66 70 72 75 65 72 67 66 48 35 33 29 21 16
屏東
O3
01/12 11 6.7 4.3 4.9 4.2 8.9 7.4 8.4 20 44 60 64 68 87 95 69 54 36 30 27 32 24 20 17
屏東
O3
01/13 8.1 12 12 11 4 2.9 2.5 5.2 12 15 29 45 61 80 72 74 71 64 57 50 43 25 16 8.5
屏東
O3
01/14 7.6 5 3.5 3.3 2 2.8 2.3 3.5 11 26 46 59 74 85 89 88 76 66 54 46 40 44 33 31
屏東
O3
01/15 14 11 11 8.2 6.3 3.3 5.6 4.3 8.5 21 47 64 84 92 85 86 70 55 45 41 34 40 17 12
屏東
O3
01/16 7.9 6.5 11 12 8.3 6.9 9.1 8.3 7.4 9.3 16 24 30 33 33 36 35 27 20 21 16 14 13 9.8
屏東
O3
01/17 8.9 8 8.1 5.9 5.7 5.7 5.2 3.9 6.2 8.5 15 25 32 38 50 54 49 42 32 25 21 17 14 13
屏東
O3
01/18 12 8.4 6.1 5.8 6.9 5.7 3.1 3.6 10 20 35# 172# 16# 64# 69 75 72 74 58 49 38 32 30 30
屏東
O3
01/19 25 25 23 17 14 8.2 7.2 9 20 26 50 56 66 71 76 70 71 67 60 57 51 48 44 38
屏東
O3
01/20 38 34 27 21 22 19 18 18 27 29 32 35 42 48 58 64 58 51 42 33 17 22 9.4 8.1
屏東
O3
01/21 7.3 5.7 7.7 7.4 7 4.9 7.4 11 12 11 16 23 31# 27 26 31 35 17 22 23 18 16 13 13
屏東
O3
01/22 13 10 10 9.3 11 15 12 11 13 17 22 34 48 50 47 53 52 43 32 26 20 23 20 17
屏東
O3
01/23 15 13 13 12 8.8 6.4 3.8 4.3 6 13 23 44 57 69 69 71 67 60 46 52 45 47 45 41
屏東
O3
01/24 33 24 19 20 12 15 9.1 8.4 14 35 53 62 72 102 105 94 82 73 58 43 45 50 46 40
屏東
O3
01/25 38 22 18 16 12 9.7 6.9 9.3 17 34 46 61 73 99 110 95 84 75 70 65 44 39 32 36
屏東
O3
01/26 25 15 8.7 7.1 8.3 9.4 8.3 9.3 19 25 30 39 61 39 44 61 50 41 42 38 33 27 23 18
屏東
O3
01/27 19 21 22 22 19 18 16 16 15 17 32 46 64 71 73 74 68 60 53 43 40 36 36 29
屏東
O3
01/28 14 9.5 13 11 12 5.7 4.9 5 16 41 55 63 68 93 87 85 81 76 62 51 54 51 48 44
屏東
O3
01/29 31 20 15 15 17 19 15 19 31 54 63 64 71 86 91 88 81 71 62 47 48 50 53 49
屏東
O3
01/30 44 41 29 19 13 18 16 15 27 48 57 54 72 101 103 83 78 68 58 51 53 54 52 52
屏東
O3
01/31 53 52 51 42 38 29 32 30 23 18 31 40 47# 53 56 67 44 51 54 52 41 31 33 32
屏東
O3
監測年月：2019/02， 測站：潮州， 測項：O3（ppb）
屏東
O3
日期 00 01 02 03 04 05 06 07 08 09 10 11 12 13 14 15 16 17 18 19 20 21 22 23
屏東
O3
02/01 30 26 23 19 13 7.1 4.5 7.1 12 22 38 45 63 74 71 70 81 74 65 55 44 49 48 42
屏東
O3
02/02 34 18 14 15 13 9.7 9.5 9.8 17 38 50 71 91 70 75 66 81 70 54 57 42 40 25 24
屏東
O3
02/03 19 17 11 11 19 14 11 15 30 46 46 40 41 41 39 38 37 36 33 26 22 20 22 21
屏東
O3
02/04 21 21 18 11 8.9 5.6 5 6.4 14 21 29 34 34 36 39 35 34 35 34 31 23 22 20 20
屏東
O3
02/05 19 16 17 14 15 14 7.9 9.2 14 20 35 38 41 43 42 40 39 36 40 39 35 30 32 28
屏東
O3
02/06 25 20 21 17 14 9.6 12 6.2 15 24 37 60 68# 64 67 65 63 59 50 44 42 32 28 19
屏東
O3
02/07 19 11 7.4 7.1 8.7 5.8 8.5 13 21 31 39 43 45 46 49 53 49 39 37 29 28 23 16 21
屏東
O3
02/08 15 17 12 8.2 12 7.7 13 20 27 33 43 48 54 54 59 59 58 57 53 48 40 41 36 32
屏東
O3
02/09 24 22 19 13 17 14 6.5 6.7 21 40 52 57 61 73 81 77 63 55 50 47 38 31 22 19
屏東
O3
02/10 15 13 12 14 13 11 8.7 8.5 16 27 44 56 62 74 101 98 71 57 52 48 43 45 32 21
屏東
O3
02/11 18 14 9.7 10 12 8.4 8.2 9.9 13 16 26 47 73 59 70 71 66 61 58 53 43 32 22 18
屏東
O3
02/12 17 13 11 9.2 8.8 4.9 5.6 9 19 37 52 62 104 84 61 65 70 67 62 56 49 46 40 23
屏東
O3
02/13 15 12 17 16 17 12 10 11 23 31 45 52 47 82 91 65 68 66 62 33 27 27 27 24
屏東
O3
02/14 19 19 19 19 17 13 7.9 5.9 14 33 48 56 74 72 56 65 66 61 52 45 38 39 34 22
屏東
O3
02/15 19 19 20 16 9.6 6.9 6.9 8.3 18 35 50 49 38 34 30 28 32 29 23 16 17 18 16 18
屏東
O3
02/16 20 21 21 18 10 6.5 9.3 10 18 35 41 43 47 63 53 57 48 46 40 50 44 37 33 27
屏東
O3
02/17 22 17 14 13 11 10 8.1 8.9 15 27 43 49 68 79 67 62 62 60 53 48 42 38 34 31
屏東
O3
02/18 31 28 25 23 20 18 16 14 28 38 55 61 63 37 31 30 28 27 27 26 25 26 28 27
屏東
O3
02/19 26 22 24 21 18 20 20 19 31 36 44 55 57 50# 40 33 32 31 25 21 18 16 15 12
屏東
O3
02/20 14 15 16 18 17 15 13 14 24 33 37 36 36 33 30 29 29 30 27 25 21 16 14 12
屏東
O3
02/21 9.8 11 10 8.7 9.6 9.1 12 13 23 33 41 34 35 34 32 32 34 31 30 20 20 13 16 20
屏東
O3
02/22 18 17 18 8.9 8.7 8.6 6 7.6 15 23 35 46 54 72 82 61 53 51 43 36 31 27 23 20
屏東
O3
02/23 17 16 14 12 11 11 12 13 16 35 51 73 69 70 71 69 68 69 60 55 49 47 39 26
屏東
O3
02/24 23 25 23 19 18 17 12 13 32 50 61 72 67 72 70 62 52 38 32 29 29 24 21 18
屏東
O3
02/25 15 13 9.6 11 11 12 9.1 7.2 10 15 26 35 46 62 62 70 73 69 61 46 33 32 32 34
屏東
O3
02/26 28 29 26 19 16 11 6.4 11 22 38 58 70 86 82 76 74 75 76 68 58 54 50 44 41
屏東
O3
02/27 41 33 32 25 20 14 12 10 21 37 57 65 81 86 89 83 82 79 72 69 66 58 46 43
屏東
O3
02/28 35 25 24 18 17 15 16 18 38 58 55 49 42 52 50 41 38 30 25 41 43 34 30 29
屏東
O3
監測年月：2019/03， 測站：潮州， 測項：O3（ppb）
屏東
O3
日期 00 01 02 03 04 05 06 07 08 09 10 11 12 13 14 15 16 17 18 19 20 21 22 23
屏東
O3
03/01 24 22 24 23 20 13 8.3 7.9 20 38 60 61 68 65 69 61 55 51 46 45 41 29 19 16
屏東
O3
03/02 14 10 8.7 13 10 11 6.5 11 18 35 59 65 58 53 46 42 39 40 34 28 22 22 21 22
屏東
O3
03/03 24 25 26 26 24 28 27 25 32 34 40 39 40 39 37 49 47 42 36 33 28 23 15 14
屏東
O3
03/04 13 16 16 12 11 6.6 8.2 11 21 32 46 57 58# 71# 68 65 66 66 60 46 46 44 38 34
屏東
O3
03/05 24 22 17 15 16 26 27 25 39 50 51 51 50 49 47 47 46 43 42 41 37 35 34 30
屏東
O3
03/06 28 28 24 21 13 17 13 10 15 27 39 49 51 54 56 55 55 58 48 44 40 33 28 23
屏東
O3
03/07 19 18 15 13 12 9.3 9.9 5.2 4.3 9.8 25 29 21 31 33 32 36 30 18 16 12 9.7 6.8 5
屏東
O3
03/08 7.4 7.9 12 11 8.1 8.6 6.4 6.3 5.5 6 5.6 7.6 11 24 46 52 50 49 40 35 28 18 8 8.4
屏東
O3
03/09 6.5 3.4 3.4 2.9 3.2 2.9 3.3 7.8 18 21 37 47 45 43 41 41 42 40 37 32 31 28 24 15
屏東
O3
03/10 11 10 9.8 23 21 30 30 24 22 21 22 35 53 56 58 56 50 40 31 31 31 38 36 29
屏東
O3
03/11 27 25 24 23 21 19 18 17 20 23 34 45 57# 46 47 48# 31 34 27 18 20 16 4.5 2.4
屏東
O3
03/12 1.4 1.8 1.8 2.6 1.6 1.3 2.1 6.3 21 29 50 75 96 85# 76# 85 82 75 70# 0# 0# 0# 0# 0#
屏東
O3
03/13 0# 0# 0# 0# 0# 35 24 20 27 44 61 69 95 89 87 87 70 55 50 41 39 38 38 36
屏東
O3
03/14 36 29 28 32 24 16 11 17 43 46 59 72 97 96 105 90 76 71 66 59 59 54 41 36
屏東
O3
03/15 32 24 21 18 20 16 22 21 23 35 51 67 70 64 60 50 48 44 38 29 28 24 21 18
屏東
O3
03/16 15 14 12 12 12 9.3 11 26 39 49 63 60 66 65 66 69 66 59 56 56 52 47 40 33
屏東
O3
03/17 28 27 25 19 20 13 13 27 44 59 67 70 72 78 78 72 70 71 67 60 57 52 40 31
屏東
O3
03/18 25 29 18 15 17 16 11 12 27 45 59 60 77 76 93 74 63 41 34 35 43 41 38 32
屏東
O3
03/19 26 15 17 17 14 9.8 8.1 13 20 30 51 67 82 70 81 86 82 80 75 64 45 41 36 29
屏東
O3
03/20 29 24 25 28 29 25 18 22 42 53 68 83 85 47 29 27 24 21 18 15 13 9.6 8.7 12
屏東
O3
03/21 18 15 17 19 15 4.4 3.5 10 20 31 42 55 75 65 56 36 34 25 18 15 9.8 6.3 3.3 3.2
屏東
O3
03/22 3.3 2.5 1.7 2.5 4 2.6 3.9 9.2 22 30 38 37# 70 45 35 31 36 30 37 37 34 35 32 23
屏東
O3
03/23 22 19 12 12 12 6.1 5.3 7.5 7.1 14 16 16 14 12 12 10 19 19 13 3.3 8.9 9 11 11
屏東
O3
03/24 15 12 10 8.6 8.5 6.8 5 7.7 14 19 19 26 29 31 37 37 37 31 31 24 16 11 3.9 5.3
屏東
O3
03/25 3.7 2.7 2.1 2.3 3.7 1.9 2.7 8.5 21 33 42 49 58 58 63 59 57 49 38 30 22 18 14 13
屏東
O3
03/26 15 18 11 8.3 4.2 1.8 2.4 7.2 15 30 50 67 80 81 76 80 83 75 62 53 38 27 22 17
屏東
O3
03/27 19 16 14 13 9.1 12 7.3 16 33 53 66 70 65 58 53 43 40 38 35 34 26 16 17 16
屏東
O3
03/28 14 17 12 8.8 17 5.8 7.5 17 31 34 36 35 32 30 34 34 30 25 21 13 11 6.5 3.8 11
屏東
O3
03/29 14 14 14 14 13 11 13 13 28 40 49 58 50 44 41 43 31 21 17 20 18 12 20 18
屏東
O3
03/30 17 20 32 28 22 16 12 15 26 36 48 52 55 73 64 65 62 56 49 44 42 40 29 30
屏東
O3
03/31 27 23 19 12 13 17 16 19 37 48 58 73 78 79 69 62 72 69 64 44 34 34 36 41
屏東
O3
監測年月：2019/04， 測站：潮州， 測項：O3（ppb）
屏東
O3
日期 00 01 02 03 04 05 06 07 08 09 10 11 12 13 14 15 16 17 18 19 20 21 22 23
屏東
O3
04/01 36 33 35 27 23 17 13 18 23 38 55 74 95 84 76 71 34 24 52 24 21 16 10 10
屏東
O3
04/02 8.1 6 4.4 5.8 2.9 4.3 3.2 11 28 51 66 79 84 87 77 72 67 66 61 57 60 61 57 52
屏東
O3
04/03 46 40 37 27 24 21 20 27 45 56 59 46# 74 71 73 65 68 59 75 44 43 36 21 17
屏東
O3
04/04 16 18 19 15 8.9 9.8 9.2 16 40 56 76 82 98 85 92 79 70 67 60 56 52 45 42 39
屏東
O3
04/05 40 35 29 25 21 15 20 27 39 48 58 61 76 82 79 71 72 72 60 49 37 28 21 19
屏東
O3
04/06 23 19 19 14 14 12 7.7 19 39 56 71 75 78 68 66 70 70 59 51 36 34 33 34 34
屏東
O3
04/07 21 15 17 23 27 22 18 25 49 60 70 81 96 78 71 72 72 68 61 55 49 46 38 26
屏東
O3
04/08 27 27 30 25 23 23 22 31 50 62 68 76 80 83 77 69 59 56 47 41 29 33 32 33
屏東
O3
04/09 35 35 36 39 36 37 26 30 48 54 49 29 30 28 26 22 21 20 16 12 8 6.5 11 11
屏東
O3
04/10 13 13 12 9.7 11 3.3 3.9 10 23 35 46 51 60 55 55 40 28 8.1 8.4 12 11 7.9 5.9 4.7
屏東
O3
04/11 9.3 11 10 12 11 10 12 17 28 35 41 51 51 46 43 40 32 31 29 25 23 25 21 17
屏東
O3
04/12 11 11 9.5 9.3 8.4 5.9 7.7 14 27 50 64 66 67 67 66 68 62 60 53 48 53 49 42 39
屏東
O3
04/13 36 38 32 28 21 17 17 25 34 47 62 74 102 111 94 85 75 71 68 65 55 45 42 39
屏東
O3
04/14 43 45 37 28 27 25 20 35 55 63 70 85 97 100 68 77 61 49 48 45 45 39 26 23
屏東
O3
04/15 22 20 18 15 11 7.4 8.1 8.4 20 37 60 57 54 63 67 68 66 66 62 60 61 61 52 38
屏東
O3
04/16 39 36 34 35 35 29 19 13 14 28 44 42 42 44 44 47 42 34 28 24 16 15 11 8.6
屏東
O3
04/17 8.8 17 16 14 17 21 18 17 19 31 51 72 93 78 83 82 80 77 73 69 67 65 50 40
屏東
O3
04/18 31 35 27 18 14 10 17 39 55 63 67 56# 63 65 63 60 59 55 52 46 31 26 25 24
屏東
O3
04/19 22 22 27 24 16 25 38 42 33 22 39 43 39 35 31 36 52 46 37 22 16 17 21 32
屏東
O3
04/20 28 23 16 15 16 12 9.4 17 25 41 54 51 50 64 49 40 46 49 51 49 49 40 23 18
屏東
O3
04/21 17 16 16 13 7.9 7.3 11 13 16 20 22 29 31 35 42 45 39 32 26 24 22 18 18 13
屏東
O3
04/22 7.5 6 5.1 4 5.5 3.1 5.6 11 22 29 40 45 41 34 26 21 19 21 17 13 11 9.9 16 13
屏東
O3
04/23 14 11 9.7 10 8 7.2 9.8 17 20 29 39 45 45# 36# 28 27 27 19 18 16 14 11 12 12
屏東
O3
04/24 8.4 6.1 8.5 5.7 4.6 5.4 7.5 15 25 41 59 54 67 61 51 35 23 15 10 8.2 5.4 3.3 2.7 2.2
屏東
O3
04/25 3.8 8 11 12 10 12 9.6 16 28 37 47 63 63 55 50 37 33 30 22 17 13 6.8 3.8 14
屏東
O3
04/26 16 16 16 15 12 11 8.8 18 30 41 54 58 59 47 43 35 32 25 19 19 21 21 17 18
屏東
O3
04/27 8.9 14 14 9.8 9.6 11 8.7 16 24 23 29 41 50 52 64 65 65 65 56 44 36 30 33 35
屏東
O3
04/28 40 33 22 14 13 6.3 9.6 29 45 51 56 62 70 59 48 47 44 41 39 32 26 19 13 12
屏東
O3
04/29 11 8.5 8.8 10 6.6 8.3 12 19 29 38 39 38# 33 25 24 24 25 23 20 19 17 13 12 13
屏東
O3
04/30 11 12 16 18 17 15 17 27 34 35 37 36 37 38 40 35 31 26 21 19 16 17 15 14
屏東
O3
監測年月：2019/05， 測站：潮州， 測項：O3（ppb）
屏東
O3
日期 00 01 02 03 04 05 06 07 08 09 10 11 12 13 14 15 16 17 18 19 20 21 22 23
屏東
O3
05/01 8.8 15 15 24 21 17 16 17 21 28 29 33 35 31 30 34 36 35 27 30 22 36 40 34
屏東
O3
05/02 29 26 25 24 34 30 27 25 29 39 39 39 44 50# 56 55 48 39 31 32 30 27 31 23
屏東
O3
05/03 17 15 15 14 11 8.7 9.7 18 27 42 54 63 64 67 67 47 42 36 29 23 21 22 27 25
屏東
O3
05/04 23 26 36 43 45 44 37 38 41 42 50 64 64 59 57 58 55 58 53 47 39 30 23 25
屏東
O3
05/05 19 19 24 14 12 20 17 28 37 51 58 60 82 87 74 71 71 67 54 45 41 37 34 32
屏東
O3
05/06 26 26 27 28 28 21 19 20 27 31 34 37 40 39 37 39 36 36 36 34 36 33 26 29
屏東
O3
05/07 28 29 27 25 22 18 20 21 25 26 37 49 56 52 59 30 32 32 32 38 30 27 32 34
屏東
O3
05/08 32 28 25 24 22 20 19 22 27 37 42 51 56 73 86 79 62 58 56 44 45 42 37 32
屏東
O3
05/09 23 17 17 16 11 8.9 14 26 37 50 53 56 59 55 57 51 49 43 36 42 47 43 39 33
屏東
O3
05/10 33 29 14 9.8 13 11 7.4 7.8 14 21 32 38 59 74 75 62 59 56 54 47 33 30 27 23
屏東
O3
05/11 17 15 11 7.4 6.7 14 12 17 32 54 58 69 96 90 82 81 82 82 70 56 46 43 37 24
屏東
O3
05/12 18 17 18 14 12 19 18 28 40 59 68 70 76 79 68 64 61 60 56 50 43 44 30 20
屏東
O3
05/13 15 10 13 12 13 12 15 34 45 55 68 93 79# 53 70 59 53 45 33 23 26 24 16 15
屏東
O3
05/14 15 15 15 13 4.2 4.1 8.5 23 39 47 57 65 81 92 60 38 23 25 24 24 25 22 20 12
屏東
O3
05/15 6.8 4.2 4.8 3.5 3.7 6.2 9.8 22 28 32 34 36 33 41 51 59 59 29 27 21 16 13 6.7 5.1
屏東
O3
05/16 6 2.7 4.7 5.1 7 4.5 7.2 15 21 29 38 47 32 35 32 33 34 29 24 18 14 13 10 6.7
屏東
O3
05/17 5.9 5 6.6 5.6 5.4 3.4 5 9 20 32 34 29 27 25 23 19 19 20 14 11 10 9.9 7.8 6.4
屏東
O3
05/18 6.9 4.4 2.3 2 2.3 14 7.4 12 15 18 19 22 22 23 21 20 20 19 15 11 12 17 19 17
屏東
O3
05/19 9.6 4.5 6.3 6.7 5.7 6.3 6.4 11 24 30 30 31 28 29 28 29 28 28 21 16 11 7.3 6.9 4.8
屏東
O3
05/20 2.2 1.5 3.4 3.6 3.5 3.2 5.9 9.8 15 19 30 27 29 28 25 24 52 57 56 50 42 33 26 26
屏東
O3
05/21 22 23 22 17 15 14 14 17 24 30 30 36 39 44 47 45 41 42 42 39 39 41 42 23
屏東
O3
05/22 24 24 18 14 17 15 19 39 61 66 70 72 85 79 72 66 68 74 74 76 73 67 48 34
屏東
O3
05/23 32 28 34 36 34 30 23 28 39 48 65 78 85 66 58 55 48 45 40 31 25 43 35 28
屏東
O3
05/24 27 25 18 10 8.9 11 12 29 48 54 60 73 73 70# 68 52 42 38 39 37 36 36 26 17
屏東
O3
05/25 14 17 13 11 17 11 17 28 46 54 59 73 91 89 84 81 86 82 64 49 45 42 28 19
屏東
O3
05/26 16 18 18 18 14 8 13 21 34 47 55 57 60 57 57 49 38 36 26 23 22 32 30 24
屏東
O3
05/27 18 16 16 16 13 15 18 24 30 32 28 28 30# 31 27 33 33 34 30 26 32 25 16 9.1
屏東
O3
05/28 9.6 8.7 7.3 7.4 7.4 7.7 8.5 18 25 30 28 32 41 42 38 35 38 31 25 16 15 11 11 10
屏東
O3
05/29 12 8 8.5 8.5 5.8 6.7 5.9 15 19 32 41 39 40 39 38 38 38 32 23 22 22 18 15 15
屏東
O3
05/30 12 14 12 9.1 9.3 7.1 11 27 43 51 56 81 103 88 73 67 69 63 55 46 40 31 22 16