基隆
CO
01/01 0.18 0.19 0.18 0.18 0.18* 0.19 0.2 0.22 0.23 0.24 0.24 0.24 0.25 0.25 0.24 0.23 0.23 0.24 0.23 0.22 0.22 0.21 0.21 0.21
基隆
CO
01/02 0.2 0.2 0.19 0.19 0.19 0.22 0.23 0.28 0.27 0.26 0.27 0.28 0.3 0.28 0.28 0.28 0.28 0.3 0.31 0.25 0.24 0.25 0.23 0.24
基隆
CO
01/03 0.23 0.19 0.19 0.21 0.21 0.21 0.26 0.32 0.31 0.31 0.31 0.33 0.32 0.32 0.34 0.34 0.34 0.34 0.35 0.33 0.31 0.31 0.29 0.26
基隆
CO
01/04 0.24 0.26 0.26 0.24 0.21 0.33 0.63 1.59 2.11 0.69 0.27 0.21# 0.25 0.23 0.52 0.57 0.68 0.6 0.62 0.73 0.84 0.89 0.94 0.84
基隆
CO
01/05 0.69 0.42 0.45 0.24 0.23 0.23 0.2 0.25 0.22 0.33 0.46 0.4 0.22 0.27 0.4 0.39 0.37 0.42 0.5 0.54 0.61 0.57 0.4 0.32
基隆
CO
01/06 0.31 0.31 0.32 0.36 0.34 0.31 0.27 0.34 0.43 0.42 0.46 0.45 0.42 0.4 0.38 0.39 0.44 0.47 0.37 0.32 0.29 0.3 0.3 0.27
基隆
CO
01/07 0.23 0.25 0.25 0.26 0.27 0.27 0.3 0.41 0.46 0.66 0.7 0.39 0.36 0.36 0.34 0.35 0.36 0.6 0.82 1.15 1.43 1.23 1.44 1.21
基隆
CO
01/08 0.82 0.65 0.66 0.64 0.76 0.25 0.27 0.28 0.26 0.27 0.24 0.25 0.27 0.27# 0.24 0.24 0.27 0.32 0.28 0.26 0.24 0.25 0.25 0.26
基隆
CO
01/09 0.28# 0.27# 0.27 0.28 0.27 0.28 0.32 0.42 0.35 0.33 0.37 0.41 0.41 0.42# 0.3# 0.31 0.35 0.4 0.43# 0.39 0.42 0.39 0.47 0.53
基隆
CO
01/10 0.55 0.76 0.8 0.73 0.66 0.62 0.6 1.53 2.01 0.71 0.41 0.37 0.34 0.33 0.32 0.31 0.37 0.43 0.76 0.85 0.88 0.84 0.86 0.81
基隆
CO
01/11 0.71 0.72 0.62 0.47 0.44 0.46 0.6 0.91 0.95 0.67 0.32 0.22 0.22 0.22 0.22 0.26 0.25 0.28 0.27 0.26 0.34 0.59 0.75 0.82
基隆
CO
01/12 0.31 0.24 0.24 0.26 0.23 0.23 0.24 0.33 0.34 0.33 0.37 0.32 0.32 0.34 0.36 0.39 0.49 0.57 0.58 0.55 0.53 0.55 0.54 0.59
基隆
CO
01/13 0.57 0.45 0.41 0.41 0.42 0.44 0.47 0.6 0.64 0.6 0.6 0.44 0.52 0.53 0.45 0.42 0.42 0.43 0.45 0.48 0.48 0.44 0.43 0.43
基隆
CO
01/14 0.38 0.35 0.33 0.3 0.3 0.34 0.42 0.65 0.79 0.66 0.44 0.42# 0.39 0.36 0.34 0.38 0.44 0.54 0.79 0.65 0.47 0.55 0.92 0.44
基隆
CO
01/15 0.31 0.28 0.27 0.26 0.34 0.37 0.54 0.88 1.01 0.75 0.52 0.42 0.34 0.33 0.32 0.29 0.3 0.31 0.31 0.3 0.29 0.31 0.28 0.27
基隆
CO
01/16 0.27 0.27 0.34 0.39 0.42 0.42 0.44 0.44 0.38 0.34 0.33 0.37 0.42 0.47 0.48 0.49 0.39 0.33 0.31 0.27 0.27 0.29 0.27 0.26
基隆
CO
01/17 0.26 0.26 0.26 0.27 0.28 0.3 0.3 0.35 0.29 0.32 0.34 0.32 0.33 0.34 0.34 0.33 0.36 0.38 0.35 0.35 0.35 0.35 0.36 0.33
基隆
CO
01/18 0.31 0.29 0.28 0.26 0.24 0.25 0.3 0.34 0.3 0.22 0.22 0.21 0.21 0.2 0.21 0.23 0.23 0.29 0.32 0.5 0.41 0.32 0.32 0.33
基隆
CO
01/19 0.28 0.19 0.19 0.21 0.24 0.37 0.41 0.48 0.43 0.54 0.67 0.3 0.34 0.36 0.3 0.29 0.32 0.34 0.39 0.52 0.66 0.77 0.74 0.81
基隆
CO
01/20 0.66 0.56 0.53 0.46 0.4 0.46 0.48 0.83 0.83 0.5 0.34 0.46 0.5 0.61 0.66 0.57 0.55 0.53 0.5 0.49 0.53 0.53 0.55 0.52
基隆
CO
01/21 0.47 0.38 0.32 0.27 0.26 0.25 0.27 0.27 0.26 0.26 0.25 0.27 0.23 0.21 0.19 0.2 0.21 0.26 0.38 0.24 0.28 0.23 0.26 0.23
基隆
CO
01/22 0.2 0.24 0.25 0.28 0.28 0.33 0.32 0.39 0.42 0.4 0.45 0.41 0.41 0.39 0.39 0.41 0.42 0.43 0.43 0.39 0.37 0.35 0.44 0.42
基隆
CO
01/23 0.36 0.34 0.37 0.32 0.33 0.4 0.64 0.91 0.43 0.39 0.37# 0.38 0.4 0.38 0.38 0.39# 0.4 0.41 0.41 0.41 0.38 0.39 0.37 0.4
基隆
CO
01/24 0.33 0.32 0.31 0.3 0.3 0.33 0.34 0.38 0.36 0.32# 0.31 0.3 0.31 0.29 0.3 0.32 0.35 0.43 0.4 0.37 0.36 0.37 0.44 0.4
基隆
CO
01/25 0.42 0.42 0.37 0.3 0.32 0.36 0.52 0.79 1.22 0.42 0.3 0.29 0.28 0.28 0.28 0.28 0.32 0.39 0.36 0.32 0.3 0.32 0.34 0.31
基隆
CO
01/26 0.3 0.3 0.26 0.21 0.16 0.18 0.18 0.21 0.25 0.3 0.3 0.32 0.35 0.3 0.22 0.19 0.21 0.22 0.2 0.18 0.17 0.17 0.17 0.18
基隆
CO
01/27 0.18 0.16 0.15 0.14 0.14 0.15 0.17 0.18 0.18 0.17 0.21 0.23 0.28 0.23 0.24 0.22 0.24 0.26 0.36 0.42 0.33 0.27 0.33 0.44
基隆
CO
01/28 0.26 0.26 0.21 0.18 0.19 0.21 0.49 0.93 1.51 0.68 0.23 0.18 0.16 0.17 0.17 0.17 0.2 0.41 0.61 0.53 0.58 0.62 0.59 0.31
基隆
CO
01/29 0.19 0.17 0.17 0.16 0.17 0.21 0.31 0.5 0.62 0.47 0.3 0.22 0.21 0.23 0.21 0.22 0.29 0.44 0.57 0.65 0.6 0.78 0.47 0.39
基隆
CO
01/30 0.32 0.22 0.26 0.25 0.21 0.29 0.47 0.9 0.91 0.51 0.39 0.35 0.36 0.38 0.39 0.35 0.38 0.58 0.87 0.95 1.03 1.08 1.23 1.24
基隆
CO
01/31 0.83 0.69 0.77 0.87 0.93 0.65 0.58 0.88 0.65 0.77 0.58 0.66 0.66 0.54 0.51 0.4 0.39 0.38 0.35 0.42 0.46 0.47 0.43 0.38
基隆
CO
監測年月：2019/02， 測站：基隆， 測項：CO（ppm）
基隆
CO
日期 00 01 02 03 04 05 06 07 08 09 10 11 12 13 14 15 16 17 18 19 20 21 22 23
基隆
CO
02/01 0.33 0.29 0.26 0.27 0.29 0.32 0.37 0.41 0.42 0.4 0.42 0.44 0.43 0.43 0.44 0.43 0.56 0.71 0.57 0.48 0.46 0.45 0.44 0.47
基隆
CO
02/02 0.61 0.29 0.28 0.27 0.33 0.47 0.59 0.82 1.17 0.42 0.32 0.33 0.31 0.28 0.26 0.26 0.26 0.33 0.45 0.53 0.52 0.7 0.36 0.44
基隆
CO
02/03 0.44 0.42 0.87 1.09 1.06 1.1 1.01 1.14 0.91 0.79 0.58 0.43 0.66# 0.53 0.41 0.43 0.5 0.47 0.66 0.71 0.81 0.81 0.86 0.76
基隆
CO
02/04 0.78 0.68 0.53 0.69 0.7 0.65 0.62 0.65 0.72 0.68 0.7 0.76 0.79 0.81 0.81 0.82 0.81 0.75 0.71 0.7 0.72 0.64 0.6 0.58
基隆
CO
02/05 0.61 0.47 0.45 0.41 0.39 0.4 0.39 0.39 0.38 0.37 0.34 0.26 0.27 0.22 0.21 0.24 0.24 0.31 0.36 0.4 0.42 0.49 0.36 0.27
基隆
CO
02/06 0.31 0.36 0.36 0.33 0.35 0.37 0.4 0.47 0.35 0.36 0.36 0.36 0.36 0.34 0.34 0.34 0.32 0.42 0.61 0.97 1.11 0.98 0.88 0.82
基隆
CO
02/07 0.99 0.98 0.87 0.71 0.57 0.47 0.57 0.76 0.56 0.44 0.41 0.38 0.34 0.31 0.36 0.38 0.39 0.41 0.39 0.42 0.39 0.4 0.47 0.46
基隆
CO
02/08 0.39 0.28 0.26 0.28 0.28 0.26 0.25 0.28 0.27 0.23 0.22 0.23 0.22 0.18 0.2 0.25 0.19 0.21 0.2 0.23 0.23 0.2 0.23 0.23
基隆
CO
02/09 0.22 0.19 0.19 0.19 0.19 0.2 0.25 0.24 0.23 0.24 0.22 0.22 0.24 0.21 0.21 0.2 0.2 0.2 0.19 0.19 0.19 0.2 0.18 0.17
基隆
CO
02/10 0.17 0.14 0.13 0.13 0.13 0.13 0.15 0.17 0.2 0.21 0.22 0.22 0.24 0.2 0.23 0.22 0.22 0.2 0.2 0.22 0.22 0.19 0.2 0.17
基隆
CO
02/11 0.17 0.2 0.2 0.19 0.2 0.21 0.24 0.3 0.28 0.26 0.25 0.26 0.24 0.24 0.23 0.24 0.25 0.26 0.25 0.26 0.27 0.28 0.25 0.24
基隆
CO
02/12 0.22 0.19 0.19 0.18 0.19 0.2 0.24 0.33 0.33 0.3 0.28 0.28 0.28 0.27 0.28 0.31 0.33 0.46 0.66 0.74 0.43 0.38 0.32 0.49
基隆
CO
02/13 0.41 0.26 0.21 0.19 0.19 0.22 0.31 0.34 0.42 0.28 0.23 0.23 0.27 0.23 0.21 0.22 0.24 0.28 0.28 0.25 0.25 0.37 0.41 0.46
基隆
CO
02/14 0.41 0.48 0.33 0.35 0.34 0.34 0.23 0.33 0.36 0.35 0.31 0.33 0.34 0.33 0.35 0.33 0.34 0.38 0.39 0.43 0.36 0.5 0.41 0.39
基隆
CO
02/15 0.35 0.46 0.4 0.39 0.36 0.47 0.5 0.8 0.65 0.54 0.34 0.32 0.36 0.33 0.34 0.35 0.36 0.35 0.35 0.34 0.34 0.35 0.34 0.3
基隆
CO
02/16 0.26 0.28 0.3 0.27 0.26 0.27 0.31 0.33 0.35 0.31 0.31 0.3 0.29 0.29 0.31 0.35 0.36 0.37 0.36 0.36 0.37 0.42 0.39 0.32
基隆
CO
02/17 0.29 0.29# 0.29 0.29 0.27 0.25 0.24 0.26 0.27 0.26 0.26 0.27 0.28 0.26 0.24 0.23 0.22 0.2 0.21 0.17 0.19 0.21 0.2 0.19
基隆
CO
02/18 0.17 0.19 0.19 0.19 0.19 0.2 0.36 0.48 1.07 0.78 0.76 0.26 0.4 0.49 0.32 0.28 0.32 0.29 0.29 0.24 0.22 0.28 0.33 0.34
基隆
CO
02/19 0.31 0.2 0.21 0.18 0.21 0.25 0.3 0.48 0.62 0.84 0.69 0.29 0.28 0.24# 0.26 0.28 0.3 0.35 0.36 0.3 0.27 0.29 0.27 0.25
基隆
CO
02/20 0.22 0.19 0.22 0.21 0.28 0.35 0.47 0.56 0.43 0.39 0.26 0.24 0.2 0.2 0.2 0.21 0.23 0.24 0.24 0.3 0.35 0.39 0.41 0.36
基隆
CO
02/21 0.33 0.31 0.3 0.3 0.29 0.28 0.33 0.48 0.42 0.33 0.31 0.29 0.28 0.27 0.27 0.27 0.3 0.34 0.49 0.31 0.28 0.32 0.34 0.32
基隆
CO
02/22 0.29 0.29 0.28 0.29 0.31 0.3 0.32 0.36 0.47 0.42 0.32 0.33 0.3 0.29 0.29 0.33 0.33 0.36 0.34 0.34 0.37 0.42 0.44 0.46
基隆
CO
02/23 0.46 0.47 0.46 0.45 0.45 0.46 0.48 0.53 0.52 0.47 0.45 0.41 0.39 0.37 0.37 0.38 0.39 0.39 0.33 0.3 0.31 0.3 0.31 0.27
基隆
CO
02/24 0.25 0.25 0.24 0.23 0.22 0.22 0.26 0.34 0.36 0.37 0.36 0.38 0.38 0.37 0.37 0.42 0.41 0.42 0.43 0.48 0.54 0.57 0.52 0.41
基隆
CO
02/25 0.37 0.33 0.32 0.29 0.31 0.36 0.49 0.59 0.32 0.34 0.3 0.28 0.28 0.26 0.26 0.26 0.28 0.31 0.3 0.25 0.28 0.32 0.29 0.27
基隆
CO
02/26 0.26 0.25 0.25 0.24 0.24 0.24 0.28 0.37 0.32 0.32 0.28 0.27 0.29# 0.27# 0.29# 0.29 0.31# 0.34 0.47 0.55 0.64 0.72 0.61 0.77
基隆
CO
02/27 0.69 0.61 0.55 0.51 0.5 0.6 0.63 0.67 0.98 0.77 0.62 0.53 0.42 0.39 0.42 0.5 0.48 0.48 0.62 0.79 0.82 1.17 1.32 1.18
基隆
CO
02/28 1.16 1.06 0.51 0.23 0.24 0.24 0.31 0.42 0.29 0.28 0.27 0.26 0.26 0.29 0.26 0.27 0.29 0.31 0.3 0.28 0.28 0.35 0.37 0.35
基隆
CO
監測年月：2019/03， 測站：基隆， 測項：CO（ppm）
基隆
CO
日期 00 01 02 03 04 05 06 07 08 09 10 11 12 13 14 15 16 17 18 19 20 21 22 23
基隆
CO
03/01 0.37 0.29 0.31 0.28 0.27 0.3 0.29 0.3 0.34 0.34 0.32 0.33 0.31 0.32 0.3 0.32 0.36 0.36 0.34 0.35 0.3 0.3 0.36 0.4
基隆
CO
03/02 0.39 0.32 0.35 0.35 0.42 0.39 0.5 0.62 0.56 0.48 0.47 0.44 0.44 0.45 0.44 0.47 0.48 0.63 0.63 0.5 0.47 0.49 0.49 0.49
基隆
CO
03/03 0.44 0.44 0.43 0.4 0.39 0.4 0.43 0.4 0.41 0.45 0.41 0.35 0.24 0.23 0.24 0.33 0.32 0.39 0.4 0.37 0.33 0.35 0.34 0.33
基隆
CO
03/04 0.32 0.32 0.33 0.32 0.32 0.39 0.46 0.56 0.5 0.47 0.49 0.49 0.51# 0.52 0.5 0.52 0.52 0.55 0.53 0.5 0.49 0.46 0.4 0.34
基隆
CO
03/05 0.32 0.36 0.37 0.34 0.33 0.39 0.55 0.71 0.46 0.37 0.38 0.34 0.33 0.33# 0.35 0.39 0.42 0.61 0.52 0.42 0.5 0.56 0.6 0.67
基隆
CO
03/06 0.64 0.68 0.65 0.5 0.41 0.36 0.41 0.42 0.37 0.34 0.37 0.39 0.37 0.36 0.33 0.36 0.39 0.42 0.43 0.4 0.37 0.38 0.42 0.37
基隆
CO
03/07 0.33 0.29 0.27 0.25 0.23 0.22 0.22 0.37 0.35 0.37 0.37 0.33 0.35 0.51 0.61 0.47 0.44 0.41 0.43 0.42 0.4 0.43 0.47 0.47
基隆
CO
03/08 0.46 0.33 0.24 0.2 0.19 0.2 0.23 0.29 0.27 0.21 0.21 0.22 0.26# 0.28 0.2 0.2 0.21 0.24 0.2 0.23 0.52 0.76 0.76 0.36
基隆
CO
03/09 0.39 0.51 0.38 0.36 0.46 0.41 0.39 0.54 0.68 0.8 0.57 0.53 0.44 0.5 0.58 0.53 0.57 0.48 0.31 0.3 0.29 0.37 0.52 0.32
基隆
CO
03/10 0.26 0.27 0.31 0.21 0.2 0.21 0.29 0.26 0.3 0.33 0.32 0.4 0.4 0.35 0.33 0.42 0.42 0.45 0.45 0.43 0.5 0.47 0.49 0.47
基隆
CO
03/11 0.52 0.43 0.32 0.27 0.25 0.28 0.31 0.38 0.35 0.29 0.29 0.29 0.27 0.27 0.26 0.25 0.31 0.48 0.57 0.63 0.63 0.59 0.53 0.56
基隆
CO
03/12 0.42 0.37 0.39 0.36 0.34 0.37 0.59 1.87 1.43 0.36 0.35 0.35 0.3 0.32 0.32 0.32 0.34 0.4 0.56 0.74 0.69 0.61 0.49 0.41
基隆
CO
03/13 0.37 0.3 0.27 0.26 0.36 0.39 0.6 0.46 0.31 0.29 0.28 0.28 0.27 0.28 0.31 0.34 0.32 0.33 0.31 0.3 0.41 0.53 0.54 0.28
基隆
CO
03/14 0.24 0.23 0.24 0.23 0.23 0.23 0.25 0.28 0.29 0.26 0.27 0.58 0.54 0.46 0.25 0.23 0.24 0.27 0.25 0.22 0.22 0.23 0.21 0.2
基隆
CO
03/15 0.2 0.19 0.19 0.2 0.21 0.24 0.37 0.6 0.34 0.29 0.25 0.23 0.21 0.21 0.22 0.23 0.24 0.26 0.33 0.42 0.41 0.35 0.32 0.37
基隆
CO
03/16 0.39 0.32 0.34 0.27 0.26 0.31 0.32 0.31 0.28 0.32 0.35 0.28 0.3 0.3 0.34 0.37 0.37 0.33 0.44 0.57 0.37 0.33 0.32 0.45
基隆
CO
03/17 0.32 0.22 0.23 0.22 0.25 0.28 0.42 0.68 0.84 0.63 0.27 0.29 0.36 0.29 0.28 0.25 0.25 0.25 0.24 0.24 0.24 0.3 0.34 0.26
基隆
CO
03/18 0.25 0.24 0.24 0.22 0.23 0.28 0.5 0.49 0.67 0.56 0.65 0.85 0.58 0.3 0.28 0.3 0.32 0.58 0.41 0.34 0.36 0.33 0.31 0.28
基隆
CO
03/19 0.25 0.24 0.25 0.25 0.26 0.25 0.31 0.45 0.38 0.29 0.28 0.31 0.31 0.31 0.33 0.34 0.38 0.48 0.52 0.48 0.34 0.35 0.35 0.47
基隆
CO
03/20 0.48 0.47 0.45 0.4 0.38 0.43 0.51 1.3 0.55 0.68 0.43 0.42 0.49 0.41 0.35 0.41 0.4 0.51 0.82 0.75 0.7 0.81 1.01 0.75
基隆
CO
03/21 0.79 0.59 0.71 0.64 0.58 0.55 0.51 0.57 0.53 0.43 0.41 0.42 0.41 0.37 0.28 0.28 0.25 0.34 0.32 0.25 0.37 0.31 0.23 0.24
基隆
CO
03/22 0.24 0.19 0.2 0.24 0.24 0.24 0.23 0.28 0.25 0.25 0.25 0.24# 0.25 0.25 0.25 0.22 0.21 0.22 0.21 0.19 0.2 0.2 0.19 0.16
基隆
CO
03/23 0.16 0.17 0.18 0.16 0.17 0.16 0.16 0.17 0.18 0.19 0.18 0.18 0.17 0.17 0.16 0.17 0.19 0.19 0.2 0.19 0.19 0.19 0.2 0.2
基隆
CO
03/24 0.19* 0.18 0.17 0.18 0.17 0.21 0.22 0.32 0.39 0.31 0.33 0.48 0.62 0.42 0.27 0.38 0.45 0.55 0.57 0.55 0.56 0.68 0.63 0.62
基隆
CO
03/25 0.66 0.55 0.49 0.39 0.41 0.45 0.44 0.59 0.68 0.54 0.53 0.37# 0.22 0.29 0.38 0.24 0.27 0.3 0.28 0.43 0.38 0.32 0.32 0.29
基隆
CO
03/26 0.3 0.27 0.27 0.27 0.27 0.32 0.55 0.48 0.38 0.36 0.32 0.31 0.29 0.28 0.28 0.29 0.32 0.35 0.47 0.53 0.56 0.52 0.47 0.3
基隆
CO
03/27 0.35 0.32 0.39 0.38 0.38 0.41 0.55 0.55 0.58 0.5 0.5 0.44 0.25 0.26 0.27 0.27 0.29 0.38 0.6 0.78 0.85 0.93 0.89 0.75
基隆
CO
03/28 0.65 0.59 0.61 0.54 0.42 0.41 0.44 0.58 0.62 0.47 0.45 0.35 0.3 0.3 0.31 0.31 0.31 0.37 0.64 0.67 0.54 0.52 0.54 0.5
基隆
CO
03/29 0.43 0.35 0.35 0.35 0.37 0.44 0.68 0.68 0.45 0.24 0.23 0.2 0.21 0.2 0.23 0.21 0.24 0.23 0.23 0.27 0.23 0.27 0.23 0.26
基隆
CO
03/30 0.25 0.3 0.31 0.29 0.33 0.34 0.38 0.53 0.51 0.55 0.35 0.29 0.28 0.3 0.29 0.29 0.32 0.37 0.39 0.34 0.31 0.29 0.27 0.26
基隆
CO
03/31 0.23 0.21 0.2 0.19 0.19 0.2 0.28 0.38 0.37 0.39 0.38 0.31 0.29 0.25 0.26 0.26 0.25 0.25 0.23 0.22 0.23 0.23 0.22 0.21
基隆
CO
監測年月：2019/04， 測站：基隆， 測項：CO（ppm）
基隆
CO
日期 00 01 02 03 04 05 06 07 08 09 10 11 12 13 14 15 16 17 18 19 20 21 22 23
基隆
CO
04/01 0.2 0.2 0.2 0.19 0.2 0.2 0.22 0.27 0.26 0.23 0.22 0.23 0.22 0.23 0.24# 0.26 0.26 0.31 0.34 0.38 0.36 0.33 0.33 0.3
基隆
CO
04/02 0.28 0.26 0.25 0.24 0.25 0.3 0.44 0.86 0.84 0.91 0.68 0.3 0.31 0.28 0.3 0.32 0.58 0.7 0.74 0.9 0.82 0.64 0.77 0.64
基隆
CO
04/03 0.76 0.53 0.45 0.54 0.35 0.24 0.28 0.44 0.51 0.54 0.58 0.54 0.56 0.47 0.48 0.45 0.58 0.63 0.85 1.06 1.22 0.89 0.56 0.2
基隆
CO
04/04 0.18 0.18 0.17 0.17 0.17 0.18 0.22 0.27 0.37 0.39 0.3 0.28 0.27 0.27 0.25 0.26 0.29 0.32 0.3 0.22 0.25 0.4 0.4 0.31
基隆
CO
04/05 0.21 0.22 0.2 0.21 0.2 0.18 0.18 0.19 0.23 0.25 0.24 0.23 0.23 0.26 0.25 0.23 0.24 0.24 0.41 0.49 0.48 0.48 0.46 0.43
基隆
CO
04/06 0.39 0.36 0.36 0.38 0.35 0.36 0.53 0.67 0.43 0.31 0.28 0.27 0.24 0.25 0.26 0.3 0.34 0.42 0.64 0.72 0.73 0.75 0.68 0.66
基隆
CO
04/07 0.68 0.62 0.68 0.75 0.67 0.67 0.68 0.63 0.53 0.46 0.49 0.52 0.52 0.41 0.39 0.44 0.47 0.53 0.54 0.46 0.6 0.65 0.47 0.54
基隆
CO
04/08 0.51 0.46 0.43 0.41 0.43 0.5 0.75 0.74 0.63 0.46 0.38 0.36 0.37# 0.35 0.33 0.34 0.31 0.36 0.36 0.44 0.49 0.48 0.67 0.54
基隆
CO
04/09 0.5 0.33 0.35 0.35 0.43 0.5 0.65 0.73 0.64 0.52 0.47 0.47 0.42 0.38 0.38 0.38 0.34 0.33 0.35 0.49 0.64 0.54 0.55 0.45
基隆
CO
04/10 0.39 0.34 0.36 0.35 0.26 0.29 0.33 0.4 0.45 0.46 0.35# 0.25# 0.22 0.25 0.27 0.29 0.28 0.29# 0.31# 0.25 0.25 0.25 0.23 0.22
基隆
CO
04/11 0.23 0.23 0.22 0.2 0.2 0.22 0.33 0.57 0.58 0.4 0.27 0.27 0.27 0.31 0.26 0.3 0.25 0.27 0.24 0.24 0.26 0.23 0.2 0.2
基隆
CO
04/12 0.22 0.25 0.25 0.25 0.27 0.3 0.33 0.37 0.32 NA NA 0.53 0.27 0.21 0.2 0.2 0.23 0.25 0.31 0.33 0.3 0.31 0.26 0.25
基隆
CO
04/13 0.21 0.17 0.16 0.16 0.19 0.31 0.34 0.75 0.5 0.29 0.24 0.26 0.25 0.28 0.32 0.44 0.57 0.7 0.72 0.75 0.72 0.76 0.8 0.72
基隆
CO
04/14 0.44 0.4 0.27 0.21 0.17 0.24 0.37 0.31 0.25 0.24 0.21 0.23 0.23 0.22 0.23 0.22 0.23 0.22 0.27 0.24 0.28 0.34 0.32 0.27
基隆
CO
04/15 0.26 0.22 0.22 0.23 0.24 0.25 0.31 0.35 0.31 0.28 0.27 0.27 0.29 0.27 0.27 0.25 0.26 0.37 0.45 0.36 0.35 0.41 0.39 0.33
基隆
CO
04/16 0.34 0.24 0.24 0.24 0.27 0.24 0.28 0.53 0.58 0.52 0.64 0.41 0.24 0.23 0.21 0.19 0.23 0.25 0.3 0.36 0.41 0.39 0.44 0.23
基隆
CO
04/17 0.25 0.21 0.2 0.22 0.23 0.3 0.4 0.55 0.32 0.32 0.31 0.3 0.28 0.31# 0.3 0.29 0.3 0.33 0.45 0.52 0.56 0.56 0.39 0.54
基隆
CO
04/18 0.42 0.37 0.36 0.46 0.41 0.47 0.73 0.7 0.59 0.5 0.44 0.29 0.28 0.3 0.32 0.32 0.37 0.42 0.55 0.51 0.52 0.34 0.36 0.41
基隆
CO
04/19 0.36 0.33 0.37 0.35 0.38 0.52 0.53 1.09 1.01 0.72 0.54 0.5 0.5 0.47 0.46 0.42 0.39 0.39 0.59 0.68 0.71 0.7 0.53 0.53
基隆
CO
04/20 0.54 0.6 0.65 0.59 0.56 0.59 0.71 0.92 0.82 0.47 0.31 0.27 0.28 0.27 0.26 0.26 0.3 0.3 0.38 0.52 0.53 0.52 0.44 0.45
基隆
CO
04/21 0.44 0.37 0.38 0.36 0.4 0.42 0.4 0.42 0.4 0.36 0.36 0.31 0.27 0.26 0.27 0.28 0.31 0.35 0.41 0.5 0.51 0.56 0.56 0.63
基隆
CO
04/22 0.66 0.55 0.48 0.4 0.37 0.43 0.7 0.81 0.44 0.41 0.46 0.25 0.21 0.2 0.18 0.2 0.23 0.25 0.3 0.5 0.63 0.54 0.5 0.59
基隆
CO
04/23 0.52 0.28 0.22 0.26 0.29 0.33 0.42 0.44 0.46 0.5 0.48 0.31 0.29 0.22 0.19 0.2 0.23 0.28 0.48 0.68 0.52 0.62 0.56 0.61
基隆
CO
04/24 0.6 0.44 0.42 0.44 0.42 0.46 0.62 0.66 0.61 0.59 0.6 0.33 0.29 0.28 0.2 0.17 0.17 0.24 0.34 0.43 0.4 0.25 0.26 0.21
基隆
CO
04/25 0.18 0.19 0.17 0.16 0.18 0.21 0.44 0.45 0.52 0.33 0.32 0.28 0.24 0.21 0.22 0.21 0.23 0.27 0.35 0.22 0.23 0.27 0.19 0.2
基隆
CO
04/26 0.19 0.16 0.17 0.18 0.19 0.2 0.24 0.27 0.25 0.24 0.23 0.22 0.22 0.21 0.24 0.25 0.28 0.31 0.33 0.37 0.37 0.37 0.35 0.32
基隆
CO
04/27 0.32 0.34 0.33 0.31 0.31 0.32 0.34 0.32 0.31 0.31 0.31 0.33 0.31 0.29 0.28 0.26 0.26 0.28 0.29 0.25 0.25 0.26 0.26 0.35
基隆
CO
04/28 0.29 0.32 0.3 0.27 0.27 0.34 0.48 0.52 0.44 0.42 0.29 0.2 0.21 0.21 0.21 0.22 0.32 0.44 0.56 0.66 0.61 0.59 0.43 0.35
基隆
CO
04/29 0.33 0.26 0.25 0.23 0.22 0.27 0.35 0.38 0.3 0.25 0.23 0.22 0.2 0.21 0.19# 0.24 0.28 0.32 0.34 0.51 0.5 0.57 0.5 0.39
基隆
CO
04/30 0.37 0.43 0.35 0.31 0.32 0.36 0.57 0.66 0.53 0.37 0.22 0.21 0.18 0.16 0.21 0.25 0.36 0.44 0.41 0.18 0.27 0.29 0.27 0.29
基隆
CO
監測年月：2019/05， 測站：基隆， 測項：CO（ppm）
基隆
CO
日期 00 01 02 03 04 05 06 07 08 09 10 11 12 13 14 15 16 17 18 19 20 21 22 23
基隆
CO
05/01 0.3 0.29 0.28 0.27 0.23 0.21 0.24 0.33 0.33 0.37 0.39 0.38 0.35 0.3 0.29 0.29 0.35 0.3 0.28 0.28 0.3 0.33 0.33 0.36
基隆
CO
05/02 0.34 0.36 0.37 0.39 0.48 0.56 0.46 0.54 0.77 0.47 0.35 0.37 0.4 0.35 0.36 0.41 0.47 0.35 0.35 0.31 0.33 0.34 0.33 0.36
基隆
CO
05/03 0.3 0.3 0.26 0.24 0.27 0.33 0.27 0.3 0.31 0.26 0.24 0.22 0.21 0.2 0.22 0.22 0.23 0.27 0.43 0.46 0.5 0.48 0.37 0.58
基隆
CO
05/04 0.46 0.31 0.21 0.18 0.18 0.17 0.22 0.24 0.24 0.21 0.22 0.21 0.23 0.22 0.2 0.19 0.24 0.38 0.53 0.35 0.37 0.33 0.36 0.38
基隆
CO
05/05 0.23 0.26 0.23 0.22 0.26 0.31 0.27 0.23 0.2 0.21 0.17 0.2 0.18 0.18 0.18 0.19 0.21 0.25 0.29 0.23 0.23 0.34 0.27 0.17
基隆
CO
05/06 0.15 0.16 0.16 0.16 0.16 0.17 0.26 0.51 0.63 0.34 0.24 0.19 0.17 0.17 0.18 0.19 0.19 0.26 0.35 0.19 0.21 0.22 0.19 0.17
基隆
CO
05/07 0.17 0.17 0.16 0.16 0.15 0.14 0.16 0.2 0.17 0.16 0.16 0.16 0.19 0.18 0.21 0.28 0.39 0.42 0.23 0.47 0.29 0.21 0.22 0.26
基隆
CO
05/08 0.24 0.24 0.22 0.22 0.28 0.34 0.5 0.58 0.58 0.73 0.27 0.3 0.27 0.23 0.25 0.27 0.24 0.34 0.31 0.27 0.24 0.26 0.22 0.27
基隆
CO
05/09 0.29 0.26 0.21 0.2 0.17 0.24 0.28 0.51 0.25 0.22 0.2 0.2 0.24 0.35 0.23 0.23 0.23 0.26 0.25 0.24 0.27 0.42 0.24 0.23
基隆
CO
05/10 0.19 0.17 0.17 0.19 0.19 0.25 0.34 0.37 0.31 0.26 0.25 0.23 0.24 0.23 0.23 0.24 0.25 0.29 0.35 0.29 0.24 0.35 0.22 0.19
基隆
CO
05/11 0.19 0.18 0.2 0.21 0.21 0.23 0.23 0.48 0.28 0.26 0.23 0.22 0.21 0.21 0.3 0.23 0.23 0.29 0.27 0.23 0.3 0.36 0.37 0.38
基隆
CO
05/12 0.35 0.39 0.37 0.41 0.47 0.44 0.5 0.21 0.19 0.18 0.17 0.18 0.17 0.17 0.17 0.17 0.18* 0.2 0.22 0.24 0.27 0.29 0.3 0.26
基隆
CO
05/13 0.19 0.15 0.14 0.13 0.19 0.33 0.61 0.59 0.29 0.19 0.17 0.16 0.17 0.18 0.14 0.15 0.15 0.21 0.36 0.56 0.56 0.52 0.54 0.52
基隆
CO
05/14 0.49 0.49 0.52 0.61 0.69 0.74 0.86 0.63 0.34 0.5 0.41 0.37 0.22 0.21# 0.2 0.22 0.25 0.29 0.28 0.25 0.29 0.25 0.22 0.2
基隆
CO
05/15 0.22 0.2 0.2 0.2 0.21 0.23 0.38 0.31 0.27 0.25 0.26 0.26 0.26 0.24 0.23 0.23 0.27 0.35 0.48 0.62 0.71 0.64 0.65 0.53
基隆
CO
05/16 0.52 0.49 0.47 0.41 0.42 0.51 0.59 0.69 0.61 0.47 0.52 0.45 0.35 0.34 0.3 0.33 0.47 0.41 0.39 0.37 0.42 0.34 0.3 0.35
基隆
CO
05/17 0.31 0.27 0.25 0.17 0.21 0.2 0.3 0.56 0.56 0.74 0.92 0.87 0.58 0.33 0.3 0.26 0.37 0.45 0.49 0.55 0.67 0.74 0.51 0.45
基隆
CO
05/18 0.47 0.54 0.43 0.21 0.17 0.28 0.38 0.32 0.38 0.47 0.39 0.35 0.37 0.35 0.3 0.3 0.35 0.41 0.39 0.5 0.46 0.53 0.33 0.32
基隆
CO
05/19 0.37 0.26 0.25 0.22 0.23 0.25 0.36 0.47 0.3 0.23 0.24 0.26 0.29 0.23 0.27 0.28 0.27 0.25 0.27 0.48 0.6 0.6 0.44 0.38
基隆
CO
05/20 0.31 0.23 0.29 0.32 0.27 0.22 0.27 0.25 0.37 0.36 0.32 0.39 0.38 0.27 0.23 0.2 0.21 0.22 0.23 0.21 0.26 0.22 0.2 0.22
基隆
CO
05/21 0.17 0.2 0.19 0.16 0.17 0.2 0.23 0.28 0.24 0.23 0.23 0.23 0.22 0.2 0.19 0.2 0.21 0.25 0.49 0.39 0.34 0.33 0.3 0.27
基隆
CO
05/22 0.29 0.24 0.21 0.21 0.2 0.25 0.43 0.8 0.59 0.27 0.24 0.22 0.21 0.22 0.21 0.24 0.28 0.3 0.35 0.45 0.5 0.38 0.41 0.49
基隆
CO
05/23 0.42 0.44 0.41 0.35 0.31 0.37 0.45 0.6 0.24 0.22 0.24 0.24 0.19 0.2 0.2 0.22 0.25 0.29 0.31 0.43 0.3 0.41 0.3 0.27
基隆
CO
05/24 0.26 0.19 0.19 0.18 0.19 0.2 0.23 0.28 0.32# 0.32 NA 0.22# 0.21 0.21 0.21 0.23# 0.24 0.26 0.22 0.24 0.21 0.18 0.18 0.18
基隆
CO
05/25 0.2 0.18 0.17 0.17 0.19 0.15 0.16 0.19 0.21 0.22 0.23 0.23 0.23# 0.22 0.11 0.12 0.12 0.13 0.14 0.11 0.11 0.17 0.12 0.12
基隆
CO
05/26 0.12 0.11 0.1 0.12 0.13 0.19 0.25 0.23 0.22 0.17 0.17 0.15 0.14 0.16 0.15 0.16 0.17 0.21 0.24 0.16 0.19 0.14 0.13 0.18
基隆
CO
05/27 0.22 0.14 0.12 0.15 0.18 0.21 0.24 0.34 0.39 0.34 0.28 0.27# 0.2# 0.2 0.26 0.24 0.32 0.4 0.5 0.58 0.57 0.37 0.54 0.42
基隆
CO
05/28 0.37 0.3 0.29 0.29 0.36 0.36 0.51 0.51 0.19 0.19 0.21 0.2 0.19 0.16 0.16 0.18 0.17 0.19 0.16 0.14 0.13 0.12 0.13 0.11
基隆
CO
05/29 0.09 0.07 0.06 0.07 0.07 0.07 0.1 0.16 0.11 0.1 0.09 0.09 0.08 0.1 0.1 0.12 0.12 0.14 0.18 0.24 0.27 0.28 0.23 0.15
基隆
CO
05/30 0.16 0.15 0.15 0.15 0.16 0.23 0.49 0.71 0.22 0.17 0.15 0.13 0.12 0.13 0.15 0.17 0.26 0.26 0.37 0.48 0.58 0.49 0.56 0.52