基隆
O3
01/01 40 40 41 41 40 40 40 40 39 39 40 39 40 39 40 40 41 40 41 41 42 41 42 42
基隆
O3
01/02 43 43 43 42 42 40 39 38 38 38 38 38 38 37 36 37 37 37 37 37 38 38 39 39
基隆
O3
01/03 39 41 42 41 41 41 39 36 36 36 36 34 36 36 36 36 35 36 35 35 36 36 37 37
基隆
O3
01/04 37 37 34 33 33 24 6.6 2.1 3.1 20 31 34# 34 34 27 29 9.5 13 8.3 2.4 1.2 1 1.1 1.8
基隆
O3
01/05 1 3.6 2 7.6 14 16 16 12 17 17 17 22 27 16 15 18 20 16 17 15 9.7 12 16 9.4
基隆
O3
01/06 11 14 14 12 15 24 31 21 25 41 41 42 43 41 42 40 37 34 36 37 38 37 37 38
基隆
O3
01/07 42 42 42 40 38 41 40 36 32 17 17 27 33 35 36 36 36 24 5.1 1.4 1.3 1.7 1.2 1
基隆
O3
01/08 0.9 0.6 0.7 1.8 0.8 35 32 37 36 35 39 40 40 40# 39# 38 34 36 38 39 39 41 40 41
基隆
O3
01/09 41 41 40 39 38 37 34 29 32 35 38 39 40 39# 43 42 41 42 40 40 37 38 29 15
基隆
O3
01/10 11 6.2 2.3 2.2 3.2 21 20 2.4 4.3 5.2A 0# 32 34 42 42 40 27 23 7.5 1.4 0.7 0.8 0.4 0.6
基隆
O3
01/11 0.5 0.6 0.6 0.8 0.4 1.3 0.5 1.1 2.4 7.4 22 28 22 20 16 9.1 14 12 12 17 9.7 2.6 0.8 1.2
基隆
O3
01/12 4.5 15 18 13 21 22 18 17 20 19 15 14 12 17 20 18 21 21 23 23 22 23 26 26
基隆
O3
01/13 30 34 35 34 34 32 30 16 19 22 20 25 27 26 30 31 31 34 32 31 31 34 35 34
基隆
O3
01/14 40 38 37 37 37 31 32 31 14 17 33 37# 40 42 41 39 34 31 16 13 27 10 8.8 29
基隆
O3
01/15 36 39 40 38 23 9.6 2.4 2.4 3.6 5.7 18 29 28 22 18 23 29 43 44 46 46 46 48 48
基隆
O3
01/16 49 49 52 54 56 54 53 51 48 48 47 48 52 50 50 47 44 44 42 40 40 38 40 40
基隆
O3
01/17 40 41 41 42 42 36 39 39 41 41 41 40 38 37 39 40 39 41 43 47 48 47 48 47
基隆
O3
01/18 48 48 49 48 47 46 40 40 42 44 47 46 46 46 48 46 44 42 41 28 32 38 33 27
基隆
O3
01/19 34 47 43 31 22 13 11 10 16 14 15 42 57 63 63 59 55 54 48 32 11 7.8 3.8 1.3
基隆
O3
01/20 2.8 4.6 5.9 6.7 9.4 7.6 5.2 3.8 11 26 35 41 45 40 34 41 44 46 47 47 51 54 53 51
基隆
O3
01/21 52 51 49 48 47 45 43 41 40 40 39 35 38 38 40 38 38 36 25 37 33 38 35 39
基隆
O3
01/22 44 45 47 47 49 42 43 43 38 36 33 34 37 42 43 49 51 54 55 57 57 58 49 40
基隆
O3
01/23 39 36 28 37 47 49 23 20 47 49 52 52 51# 90# 46 53# 55# 54 55 55 57 58 61 56
基隆
O3
01/24 66 68 68 68 67 66 66 63 61 60# 59 59 61 62 63 62 60 57 59 64 64 61 54 38
基隆
O3
01/25 28 24 29 40 37 28 14 7.2 6.8 50 61 62 63 63 65 65 61 56 60 62 62 61 61 62
基隆
O3
01/26 61 60 60 57 51 54 49 47 48 45 48 51 52 51 48 47 47 46 46 46 44 42 42 43
基隆
O3
01/27 43 44 44 44 45 45 43 43 42 42 39 35 31 38 36 41 40 37 28 19 20 23 17 8
基隆
O3
01/28 17 14 13 12 12 5.4 1.5 2.9 4.1 21 42 45 48 49 49 49 49 32 14 9.7 6 2.8 5.1 29
基隆
O3
01/29 47 48 46 39 29 27 31 13 11 20 38 42 49 49 50 48 41 36 24 18 23 14 32 33
基隆
O3
01/30 35 48 41 36 31 20 8.2 4.5 12 24 25 35 45 38 45 52 40 22 5.3 2.2 1.3 1.2 1.2 1.8
基隆
O3
01/31 0.9 1.1 1 1.1 1.1 3.3 5.1 8.7 10 12 35 49 62 77 75 53 48 37 47 52 55 52 49 48
基隆
O3
監測年月：2019/02， 測站：基隆， 測項：O3（ppb）
基隆
O3
日期 00 01 02 03 04 05 06 07 08 09 10 11 12 13 14 15 16 17 18 19 20 21 22 23
基隆
O3
02/01 49 48 48 46 47 46 44 44 43 42 41 40 41 42 44 44 32 22 28 29 28 29 23 14
基隆
O3
02/02 7.1 40 44 42 40 18 7.7 4.7 9.1 40 45 45 48 47 46 45 45 42 34 12 28 4.3 35 20
基隆
O3
02/03 19 16 2.5 1.2 1.5 1 1.3 4 13 30 44 60 45# 52 62 67 61 47 25 23 12 8.1 6.4 7.8
基隆
O3
02/04 4.5 11 22 27 27 31 34 31 31 36 38 36 37 37 39 39 40 42 42 43 39 41 39 38
基隆
O3
02/05 36 44 43 44 44 42 45 43 38 36 39 41 43 44 43 46 47 41 29 19 15 13 25 34
基隆
O3
02/06 29 23 22 24 16 8.4 7.6 11 27 29 36 40 50 49 49 46 46 38 15 3.5 2.7 4.7 4.8 4.4
基隆
O3
02/07 1.7 1.1 1.1 1.9 8.3 17 4.6 3.1 17 34 39 49 58 58 66 65 63 60 56 48 45 41 36 34
基隆
O3
02/08 38 40 42 43 42 42 41 39 40 39 41 39 41 39 32 33 39 38 38 33 22 29 25 20
基隆
O3
02/09 37 33 32 35 36 34 30 36 31 36 37 37 37 35 30 38 40 39 41 39 40 39 40 41
基隆
O3
02/10 42 42 41 42 42 41 40 41 38 38 38 29 31 36 34 34 26 28 29 24 22 32 32 31
基隆
O3
02/11 23 30 34 35 41 40 36 36 36 35 36 35 36 36 37 36 34 35 36 35 32 32 35 36
基隆
O3
02/12 37 39 39 39 38 38 35 30 26 19 34 35 36 35 28 27 28 19 9.6 4 13 15 25 15
基隆
O3
02/13 16 19 26 26 23 28 16 22 18 25 30 34 37 42 43 44 44 43 40 39 41 28 18 8
基隆
O3
02/14 6.5 3.7 11 11 9.7 18 34 21 28 31 37 39 41 42 39 42 49 53 50 45 44 29 32 28
基隆
O3
02/15 30 21 21 15 17 17 14 3.4 6.9 11 22 32 38 47 54 53 47 47 48 45 41 40 42 44
基隆
O3
02/16 43 40 37 36 37 40 42 42 41 41 41 42 43 46 46 45 44 43 43 43 43 42 43 44
基隆
O3
02/17 45 46# 45 44 44 43 44 43 41 43 42 48 44 42 42 42 41 41 41 41 42 41 41 41
基隆
O3
02/18 42 44 45 43 44 41 31 28 13 15 14 28 24 30 31 36 32 29 27 28 31 27 26 24
基隆
O3
02/19 21 28 24 31 30 25 21 11 6.9 4.9 14 35 36 39 44# 34 37 38 36 39 38 33 32 31
基隆
O3
02/20 34 37 35 26 16 8.5 2.4 7.3 23 18 29 38 40 40 39 37 37 30 26 26 33 33 31 32
基隆
O3
02/21 33 35 36 37 38 37 32 26 26 31 34 35 38 41 39 42 40 37 29 35 41 44 47 47
基隆
O3
02/22 46 43 44 44 42 43 42 40 33 34 36 33 41 45 46 45 46 47 48 48 48 51 49 50
基隆
O3
02/23 49 47 45 44 44 44 43 42 43 42 40 42 44 45 45 46 46 45 45 46 47 44 44 45
基隆
O3
02/24 48 48 49 49 50 52 50 44 54 56 53 53 55 55 56 54 56 56 55 47 27 29 34 48
基隆
O3
02/25 50 52 45 42 38 34 27 32 47 45 46 46 48 49 52 52 51 49 52 54 51 52 55 54
基隆
O3
02/26 55 55 55 52 52 51 47 44 46 44 49 49 44 40 46 47 45 46 40 24 11 12 16 6.3
基隆
O3
02/27 7.5 6.7 7.5 12 15 6.6 6.5 5.7 4.3 18 26 36 50 56 58 55 47 51 40 14 4.2 1.1 1.1 1.1
基隆
O3
02/28 1.2 1.5 27 48 40 42 36 29 34 35 36 41 44 44 47 47 46 45 46 47 48 46 36 26
基隆
O3
監測年月：2019/03， 測站：基隆， 測項：O3（ppb）
基隆
O3
日期 00 01 02 03 04 05 06 07 08 09 10 11 12 13 14 15 16 17 18 19 20 21 22 23
基隆
O3
03/01 30 26 25 45 50 45 47 49 45 44 45 47 49 48 50 49 46 44 42 39 46 45 41 36
基隆
O3
03/02 31 29 27 28 26 25 7.8 12 33 43 44 45 59 61 58 55 58 40 41 50 49 41 44 44
基隆
O3
03/03 47 43 39 43 44 41 37 37 39 40 36 45 43 42 44 34 34 28 23 19 39 39 37 42
基隆
O3
03/04 44 36 32 43 46 41 39 35 38 41 45 48 50# 54 55 56 57 58 56 58 57 54 58 59
基隆
O3
03/05 63 61 58 59 58 41 17 27 48 51 50 54 55 55# 52 53 51 39 42 45 40 34 28 21
基隆
O3
03/06 22 15 16 22 24 28 24 26 33 37 44 43 46 53 58 53 55 57 58 59 58 59 59 55
基隆
O3
03/07 58 62 63 65 63 59 58 50 51 62 61 62 64 70 75 71 68 67 65 66 66 67 65 59
基隆
O3
03/08 65 61 58 58 57 55 53 48 47 49 50 49# 45 40 49 49 49 48 50 49 28 9 11 36
基隆
O3
03/09 28 17 20 20 16 16 20 12 9.6 9.1 19 18 25 25 18 21 19 24 23 25 26 24 13 34
基隆
O3
03/10 37 39 31 43 42 41 30 36 35 36 37 35 34 32 33 35 40 37 36 42 27 31 38 40
基隆
O3
03/11 36 51 52 52 49 46 47 47 48 49 52 53 58 60 60 64 65 47 25 12 5 8.5 13 8.5
基隆
O3
03/12 16 18 15 13 16 10 2.3 3.6 30 69 71 70 71 73 73 73 69 65 53 28 25 31 39 40
基隆
O3
03/13 42 46 54 47 37 25 12 46 65 68 68 70 70 71 73 69 64 70 70 72 54 45 48 69
基隆
O3
03/14 74 74 72 71 71 69 66 64 62 63 64 49 52 54 52 54 56 56 57 54 57 57 58 59
基隆
O3
03/15 58 59 59 59 58 55 38 22 48 53 57 61 62 66 69 72 66 66 60 43 35 39 38 29
基隆
O3
03/16 26 35 33 52 59 54 54 59 62 60 58 63 65 67 69 64 59 59 31 18 56 61 60 44
基隆
O3
03/17 41 50 45 52 35 28 14 3.8 6.2 35 54 54 45 51 55 58 59 61 61 62 59 50 38 53
基隆
O3
03/18 55 51 44 42 39 42 22 18 6.7 19 23 30 55 55 58 56 58 41 50 55 55 56 54 47
基隆
O3
03/19 53 53 44 31 42 57 53 42 49 47 45 45 52 53 53 52 48 45 39 39 48 48 48 38
基隆
O3
03/20 22 17 6.5 10 12 31 29 12 39 30 29 50 70 73 65 82 61 56 21 22 23 15 5.5 8.5
基隆
O3
03/21 3.2 5.8 2.8 2 1.5 11 11 12 19 39 52 59 51 60 54 52 47 39 37 35 25 21 16 17
基隆
O3
03/22 19 14 20 42 45 49 53 51 49 46 48 49# 55 53 53 50 48 47 48 48 49 49 49 49
基隆
O3
03/23 50 48 49 50 51 53 52 50 50 50 49 47 48 48 48 49 50 50 52 54 57 58 58 58
基隆
O3
03/24 61 57 61 61 62 53 45 36 19 41 42 23 24 30 45 36 27 20 13 17 5.7 5.5 6.8 2.5
基隆
O3
03/25 1.8 5.1 6.8 12 12 10 9.7 5.2 2.2 8.7 5.8 7.2# 44 38 35 51 51 52 50 36 36 45 53 52
基隆
O3
03/26 45 33 31 39 52 26 18 38 42 44 48 49 54 57 55 60 58 58 42 40 27 37 43 50
基隆
O3
03/27 37 23 13 7.7 11 29 15 16 17 26 43 62 68 72 72 74 64 37 24 5 6 2.7 6.3 12
基隆
O3
03/28 16 21 31 28 38 38 31 23 28 35 45 59 54 51 45 43 45 33 13 8.6 14 12 6.4 3.2
基隆
O3
03/29 6.5 8.1 3.7 8.1 6.8 3.6 2.7 8.6 15 30 36 45 47 48 49 53 49 49 50 52 50 51 52 53
基隆
O3
03/30 51 48 43 39 35 31 27 17 24 27 47 52 56 57 59 60 56 52 51 56 57 59 60 59
基隆
O3
03/31 60 62 65 66 66 66 70 72 72 68 66 66 64 62 62 62 61 60 58 58 58 57 56 58
基隆
O3
監測年月：2019/04， 測站：基隆， 測項：O3（ppb）
基隆
O3
日期 00 01 02 03 04 05 06 07 08 09 10 11 12 13 14 15 16 17 18 19 20 21 22 23
基隆
O3
04/01 59 58 56 56 56 57 56 54 53 55 55 54 55 56 57# 49 49 57 60 56 60 64 62 59
基隆
O3
04/02 54 63 61 50 39 33 18 7.6 8.9 15 17 48 49 50 48 45 22 6.2 4.9 2.2 1.8 3.7 6.4 6.5
基隆
O3
04/03 3.7 22 31 22 27 38 37 28 25 29 24 22 20 28 29 29 23 23 11 3.2 1.2 3.8 20 50
基隆
O3
04/04 53 52 53 54 55 51 47 40 36 36 41 44 47 45 47 51 61 43 36 54 53 41 38 44
基隆
O3
04/05 51 47 48 48 49 48 51 41 41 44 46 53 54 56 58 60 64 63 38 24 18 17 14 14
基隆
O3
04/06 14 14 12 9.3 7.9 5.9 4.1 15 11 38 48 52 57 51 50 43 42 42 20 6.6 5.9 10 14 12
基隆
O3
04/07 7.3 8.6 11 5.4 6.7 15 14 27 45 63 65 76 86 79 78 78 76 67 59 59 37 32 30 13
基隆
O3
04/08 9.4 9.6 9.8 11 11 6.7 6.9 15 25 36 65 67# 72 70 66 57 40 31 26 13 7.5 7.3 1.6 2.1
基隆
O3
04/09 3.5 6.2 4.8 5.1 3.6 2.3 2.5 7.8 25 42 43 61 73 74 80 75 65 57 47 27 8.4 14 15 12
基隆
O3
04/10 9.3 7.7 3.3 1.9 7.3 6.5 8.5 9.8 16 23 33 39 38 27 35# 27# 46# 49 49 44# 52 54 56 57
基隆
O3
04/11 58 58 57 58 56 55 44 21 26 39 48 47# 27# 30 42 39 51 53 48 48 46 49 52 54
基隆
O3
04/12 57 54 52 55 55 56 56 57 58 NA NA 0x 0x 0# 0x 0x 0x 0# NA NA NA NA 0# NA
基隆
O3
04/13 NA NA NA NA NA NA 0# 0x 0x 0x 0# NA NA 35# 35 24 16 12 12 12 4.3 2.5 2.1 4
基隆
O3
04/14 13 16 28 35 49 26 15 31 39 49 51 53 57 57 57 56 53 48 47 48 62 75 70 70
基隆
O3
04/15 67 63 69 71 72 72 69 66 62 61 63 62 65 66 65 65 64 55 43 35 29 28 30 36
基隆
O3
04/16 38 49 40 37 33 44 34 24 27 23 11 34 49 49 56 60 59 61 56 50 34 29 19 45
基隆
O3
04/17 43 48 46 35 32 25 17 24 44 50 56 61 67 69# 68 72 71 73 59 31 20 37 58 25
基隆
O3
04/18 34 32 27 16 28 22 19 28 40 64 76 65 59 62 70 61 66 53 29 27 29 49 30 22
基隆
O3
04/19 39 36 18 14 23 11 10 3.5 7.2 17 41 48 73 93 91 70 46 44 25 31 21 13 15 17
基隆
O3
04/20 10 5.9 3.5 7.9 7.1 2.1 3.7 7.6 15 34 48 59 59 65 65 66 64 63 53 37 25 27 29 25
基隆
O3
04/21 24 25 24 26 24 26 24 31 39 46 51 54 63 69 71 70 63 54 40 19 17 17 11 6.7
基隆
O3
04/22 3.1 1.8 2.6 3.5 3.6 2.1 3.3 8.9 27 33 40 47 44 37 33 33 27 34 33 14 2.8 7.3 5.7 1.1
基隆
O3
04/23 2.7 6.1 6.1 3.1 3.3 2.9 5 11 16 27 41 42 57 62 58 54 52 49 32 2.9 1.7 0.6 0.6 0.8
基隆
O3
04/24 1.2 1.3 1.6 0.5 1.3 1.1 2 7.6 19 34 55 65 75 73 64 55 47 47 40 38 29 34 30 25
基隆
O3
04/25 26 21 20 16 8.3 5.3 7.1 16 22 30 56 64 64 59 55 57 66 52 31 27 17 16 33 43
基隆
O3
04/26 47 45 46 49 51 54 52 53 59 61 62 65 63 62 60 61 60 63 67 69 67 65 64 64
基隆
O3
04/27 65 69 70 67 67 65 65 64 66 65 65 63 61 58 58 55 55 51 50 54 53 54 52 47
基隆
O3
04/28 52 39 40 28 20 10 7.1 18 22 36 45 44 46 47 48 41 40 46 29 9.8 10 4.2 6.1 8.9
基隆
O3
04/29 18 18 15 16 20 11 15 29 24 33 48 51 51 48 43# 44 52 38 40 22 20 9.4 7.6 7.7
基隆
O3
04/30 11 5.1 10 7.9 5.6 4.4 5.7 15 35 51 52 57 54 53 56 58 50 29 17 14 32 41 40 31
基隆
O3
監測年月：2019/05， 測站：基隆， 測項：O3（ppb）
基隆
O3
日期 00 01 02 03 04 05 06 07 08 09 10 11 12 13 14 15 16 17 18 19 20 21 22 23
基隆
O3
05/01 27 26 30 29 31 40 48 45 46 49 46 42 46 45 46 44 45 51 52 58 61 61 61 42
基隆
O3
05/02 39 36 38 39 56 64 75 64 35 57 59 51 56 56 51 43 45 71 68 65 58 55 44 34
基隆
O3
05/03 41 39 38 34 29 28 56 60 58 63 68 69 70 69 70 70 69 67 56 44 29 26 31 15
基隆
O3
05/04 35 34 36 39 47 60 55 55 58 55 50 55 56 57 55 57 53 49 40 49 41 47 46 40
基隆
O3
05/05 54 48 50 40 34 43 43 54 58 58 59 59 59 59 58 56 54 50 47 49 48 38 40 46
基隆
O3
05/06 49 50 50 46 48 50 40 17 18 30 35 41 56 57 54 52 53 48 44 53 51 51 57 63
基隆
O3
05/07 63 64 64 68 67 65 62 61 61 61 60 60 56 58 54 48 33 44 57 37 49 58 54 38
基隆
O3
05/08 31 30 28 26 18 14 4 5.1 15 23 56 54 56 59 52 48 43 51 49 45 44 48 53 51
基隆
O3
05/09 49 46 46 46 49 45 39 25 46 50 52 53 53 43 51 51 53 51 51 49 39 24 52 56
基隆
O3
05/10 63 65 68 60 55 31 24 43 50 56 54 58 61 64 65 65 58 59 51 55 59 49 56 55
基隆
O3
05/11 54 53 49 36 26 28 35 33 43 36 42 49 53 53 43 47 42 37 39 41 31 19 12 13
基隆
O3
05/12 9.2 6.9 2.6 1.1 1.8 3.6 13 31 38 40 43 44 45 45 45 43 42 39 34 27 25 23 11 17
基隆
O3
05/13 26 22 31 30 18 4.4 5.4 16 27 26 30 27 37 40 30 30 25 18 46 18 6.5 1.8 1.7 1
基隆
O3
05/14 1.7 1.9 2.8 2.1 1.3 2.9 4.9 15 25 33 41 48 48 45 32# 36 44 48 51 49 42 44 44 45
基隆
O3
05/15 45 46 46 47 41 28 21 36 42 47 50 49 47 48 50 49 47 42 32 11 4.1 1.7 1.7 2.3
基隆
O3
05/16 1.6 3.4 2.4 3.6 2.8 2.1 4.1 6.6 12 28 42 27 43 44 38 38 28 22 16 15 11 14 27 13
基隆
O3
05/17 8.1 5.6 9.6 21 12 13 7.4 4.2 4.2 1.3 0.8 1.7 6.6 20 23 25 23 9.2 13 2.3 1.4 0.8 1.1 1.7
基隆
O3
05/18 1.4 0.5 1.8 9.9 13 6.2 9.4 17 23 27 38 30 32 41 41 40 38 36 25 12 20 7.6 14 12
基隆
O3
05/19 6.1 13 11 13 9.5 8.1 7 12 28 40 41 34 41 42 41 45 43 31 24 4.3 1.5 1.8 2.5 4.6
基隆
O3
05/20 6.8 6.5 4.7 6.3 8.9 12 12 42 44 40 67 74 58 55 48 42 39 46 54 59 50 56 62 46
基隆
O3
05/21 63 45 49 60 63 64 64 63 67 67 70 72 75 70 68 66 69 68 49 38 38 51 49 38
基隆
O3
05/22 29 30 32 35 32 24 14 9.7 35 54 58 65# 71 65 64 62 57 57 56 45 25 30 29 22
基隆
O3
05/23 23 18 18 22 19 15 9.3 9.8 63 67 63 54 56 56 57 57 58 57 53 42 49 20 32 35
基隆
O3
05/24 39 55 55 54 55 54 51 50 53 52 NA 53 52 52 50 49 45 43 44 43 44 44 44 44
基隆
O3
05/25 41 41 46 43 36 46 45 47 50 47 49 54 54# 52 50 50 50 50 50 50 49 45 48 47
基隆
O3
05/26 46 48 48 40 27 16 21 28 38 46 47 44 43 43 46 53 37 36 33 36 32 37 36 27
基隆
O3
05/27 22 24 21 16 16 13 14 19 25 35 49 63 65# 63 30# 43 35 23 13 4.1 4.9 5.6 0.7 1.5
基隆
O3
05/28 1.6 4.9 5 2.9 1 2.6 2.8 8.1 43 50 51 51 52 55 55 57 56 53 55 55 57 55 54 54
基隆
O3
05/29 55 56 56 56 56 56 53 50 53 54 57 63 67 64 61 60 60 62 61 53 35 31 36 42
基隆
O3
05/30 36 35 31 31 26 14 8.6 13 55 61 62 62 59 57 51 47 42 40 28 12 6.9 7.9 4.4 2.5