s_
O3
01/01 34 35 36 38 39 38 36 34 34 36 38 40 40 40 37 35 34 35 36 35 37 38 37 41
s_
O3
01/02 42 42 43 43 43 40 35 23 26 27 30 32 34 34 31 28 26 25 24 25 28 28 30 31
s_
O3
01/03 32 33 38 38 38 32 30 24 25 25 26 29 28 31 30 23 25 25 23 29 32 33 34 35
s_
O3
01/04 38 38 39 37 36 34 33 26 23 26 27 29 38 49 38 24 26 29 29 26 9.4 4.9 8.7 14
s_
O3
01/05 21 20 19 16 18 19 19 18 25 29 28 30 32 23 18 15 16 16 16 13 9.5 7.9 9.9 18
s_
O3
01/06 18 13 15 15 19 22 25 27 34 34 43 41 41 41 37 36 37 35 35 36 37 38 38 40
s_
O3
01/07 41 43 43 43 43 40 38 32 31 35 38 36 40 38 32 27 25 15 13 14 13 5.2 3 4.4
s_
O3
01/08 2 7.6 9.5 19 36 40 38 34 35 32 33 36 38 33 29 30 30 24 26 24 30 34 36 36
s_
O3
01/09 40 40 40 40 38 37 30 24 25 29 33 39 39 41 41# 37 38 37 38 40 39 40 41 42
s_
O3
01/10 44 45 44 44 42 38 35 27 25 31 23 40 46 48# 50 47 31 29 13 5.8 5.8 4.5 8.2 6.6
s_
O3
01/11 14 17 22 2.8 4.3 9.2 7.4 5.1 12 19 13 19 29 25 16 14 20 25 20 16 7 3.3 4.4 10
s_
O3
01/12 2.8 17 13 7.5 22 29 26 23 27 26 22 20 21 24 21 17 16 18 19 20 21 17 17 18
s_
O3
01/13 24 25 26 32 32 29 29 24 23 27 25 32 34 34 31 34 34 30 30 28 27 29 33 37
s_
O3
01/14 40 42 42 43 44 42 39 32 31 35 40 37 43 45 43 40 40 38 40 41 42 43 43 42
s_
O3
01/15 44 44 44 42 38 23 8.1 11 7 13 17 14 36 40 37 36 40 42 43 46 46 47 48 48
s_
O3
01/16 48 49 53 54 55 54 48 38 36 34 33 31 37 38 31 31 27 29 35 34 34 37 38 40
s_
O3
01/17 42 43 45 44 45 43 41 37 40 39 37 36 36 34 35 32 31 35 40 43 47 47 47 44
s_
O3
01/18 45 50 50 49 50 46 42 39 36 39 43 45 46 48 48 46 44 36 31 37 40 40 41 41
s_
O3
01/19 43 42 39 35 23 8.9 18 7.4 9.5 28 46 51 59 62 65 65 53 34 21 14 9 18 17 26
s_
O3
01/20 26 36 44 43 43 21 34 38 36 37 41 43 46 45 35 37 41 37 45 50 54 54 56 55
s_
O3
01/21 55 55 54 51 50 45 40 37 32 34 30 26 29 31 34 32 31 29 28 29 34 40 42 44
s_
O3
01/22 46 48 49 49 50 48 45 40 39 31 35 38 38 38 41 41 46 47 49 42 47 49 49 42
s_
O3
01/23 38 46 47 47 48 47 40 29 32 44 54 55 55 50# 48x 52# 49# 46# 44 41 44 48 47 52
s_
O3
01/24 59 63 65 63 59 55 54 42 39 48 56 60 59 58 48# 56# 55 52 51 49 48 55 53 50
s_
O3
01/25 51 52 54 52 42 39 24 17 25 41 51 54 63 63 65 61 61 59 53 59 58 59 61 59
s_
O3
01/26 63 63 63 62 55 55 49 44 46 44 46 47 52 52 47 44 42 43 41 43 43 42 41 41
s_
O3
01/27 41 42 43 43 43 41 37 33 37 39 38 37 39 40 41 41 40 36 33 30 28 30 31 33
s_
O3
01/28 37 40 40 40 40 32 29 23 23 24 32 37 45 47 46 43 33 26 30 33 32 36 45 40
s_
O3
01/29 39 43 46 47 44 41 35 34 31 37 42 44 45 47 46 46 40 36 33 37 39 40 39 39
s_
O3
01/30 37 40 43 41 40 39 29 18 7.9 24 32 50 61 56 42 39 46 24 12 17 16 16 11 5.1
s_
O3
01/31 9.2 8.8 20 34 33 34 30 14 20 30 41 53 65 65 59 57 58 49 29 41 51 51 50 48
s_
O3
菏代~るG2019/02A 代浮GLfA 代兜GO3]ppb^
s_
O3
ら戳 00 01 02 03 04 05 06 07 08 09 10 11 12 13 14 15 16 17 18 19 20 21 22 23
s_
O3
02/01 48 48 48 46 44 43 41 39 38 37 37 38 40 41 42 35 36 36 37 37 44 46 45 46
s_
O3
02/02 47 47 45 45 43 44 35 18 9 18 29 38 62 57 55 59 52 44 43 35 23 20 19 4.6
s_
O3
02/03 15 6.7 24 29 27 31 39 28 29 38 54 71 78 82 72 73 71 65 64 51 28 28 23 25
s_
O3
02/04 43 44 37 29 23 30 26 24 30 32 35 37 35 36 38 39 38 41 35 36 37 38 38 38
s_
O3
02/05 39 41 40 40 42 42 42 45 40 33 36 41 43 43 43 47 45 42 26 21 26 24 24 18
s_
O3
02/06 23 23 32 28 37 32 26 27 30 27 37 44 42 47 49 51 46 35 30 33 34 31 17 22
s_
O3
02/07 37 40 35 31 34 35 30 20 27 37 44 47# 33 46 67 67 61 57 56 54 46 43 40 36
s_
O3
02/08 35 38 40 41 40 41 42 42 39 39 36 37 40 41 40 38 37 36 36 32 33 36 37 38
s_
O3
02/09 37 33 27 28 33 37 36 31 30 35 37 37 37 33 30 34 35 38 36 36 37 39 35 36
s_
O3
02/10 34 37 39 39 40 39 38 31 33 35 36 37 39 39 40 37 36 36 35 36 32 33 33 33
s_
O3
02/11 37 39 41 42 41 40 36 28 27 26 27 32 35 31 23# 26 29 28 21 25 29 32 32 32
s_
O3
02/12 33 34 36 37 37 35 32 26 25 26 33 35 38 39 37 35 39 39 37 35 37 37 35 32
s_
O3
02/13 28 32 34 34 33 32 33 26 27 24 27 29 32 26 29 23 31 34 33 33 31 37 36 37
s_
O3
02/14 39 40 35 28 34 38 35 29 29 31 35 35 36 37 36 32 39 45 38 40 30 26 28 30
s_
O3
02/15 30 31 32 28 33 35 37 28 35 35 39 35 46 58 60 52 49 51 44 43 35 26 23 32
s_
O3
02/16 42 38 33 34 29 32 33 34 28 23 28 31 37 41 41 41 40 37 39 34 36 40 41 40
s_
O3
02/17 39 44 44 42 41 41 35 37 37 37 40 43 43 44 40 38 38 34 35 37 37 37 38 38
s_
O3
02/18 37 36 39 41 43 40 34 16 25 23 22 18 28 41 45 34 34 38 37 33 33 33 28 8.5
s_
O3
02/19 9 31 35 30 25 19 18 9.6 6.4 22 30 33 30 47 45 46 40 32 15 4.6 8.7 4.7 11 15
s_
O3
02/20 23 21 22 20 15 12 5.3 6.2 9.2 17 23 39 45 54 54 54 59 47 39 35 36 31 29 26
s_
O3
02/21 25 31 29 30 31 27 24 21 21 23 26 23 25 31 43 43 48 47 40 49 46 39 28 27
s_
O3
02/22 36 40 44 44 45 45 42 36 43 41 39 40 42 27# 33 38 44 44 45 44 42 40 41 47
s_
O3
02/23 46 46 45 43 42 36 33 28 35 40 37 30 33 35 29 30 25 23 30 29 33 34 37 40
s_
O3
02/24 40 43 46 47 45 46 47 46 46 44 42 44 43 46 47 45 45 50 51 48 45 48 49 47
s_
O3
02/25 42 32 35 39 35 44 39 22 34 33 36 34 39 39 30 24 28 37 37 38 38 37 41 46
s_
O3
02/26 44 50 48 46 43 39 36 24 29 34 39 42# 38 45 44 41 40 39 45 43 41 31 28 37
s_
O3
02/27 41 24 13 12 27 45 40 31 21 43 48 53 46 53 57 54 58 53 42 17 8 6.1 16 37
s_
O3
02/28 36 36 43 41 43 40 36 32 27 30 35 39 41 42 40 34 40 35 32 38 43 44 45 45
s_
O3
菏代~るG2019/03A 代浮GLfA 代兜GO3]ppb^
s_
O3
ら戳 00 01 02 03 04 05 06 07 08 09 10 11 12 13 14 15 16 17 18 19 20 21 22 23
s_
O3
03/01 46 47 41 42 39 45 38 27 42 45 46 48 51 50 46 42 43 41 38 36 37 37 42 41
s_
O3
03/02 31 34 36 38 31 37 36 35 29 26 30 56 61 64 67 61 54 56 44 39 25 44 33 18
s_
O3
03/03 18 6.1 33 31 6 21 21 34 32 16 46 50 50 48 33 31 35 33 24 40 46 42 42 40
s_
O3
03/04 42 45 46 44 44 41 36 28 37 39 34 41 52 54 52 49 50 50 50 51 51 54 54 56
s_
O3
03/05 58 60 60 58 57 54 48 42 45 45 47 52 53 53 52 70 59 54 56 54 39 34 35 43
s_
O3
03/06 27 21 28 34 34 30 24 22 19 34 43 45 52 49 51 49 49 51 52 54 43 44 49 53
s_
O3
03/07 60 62 63 63 61 56 45 37 34 35 39 40 45 34# 42# 49 54 56 58 44 55 56 62 60
s_
O3
03/08 59 61 59 54 55 52 49 41 37 32 25 30 38 40 33 33 34 28 31 34 40 41 46 44
s_
O3
03/09 45 32 31 27 27 35 32 24 22 30 20 15 33 32 27 20 29 41 19 18 31 37 38 44
s_
O3
03/10 48 44 39 46 49 49 42 39 36 37 37 37 36 38 35 37 41 40 30 31 31 26 44 56
s_
O3
03/11 61 67 69 65 53 44 29 19 29 29 37 43 49 47 43 44 34 28 36 47 52 47 45 54
s_
O3
03/12 62 65 67 69 69 64 57 49 46 57 62 71 79 80 79 79 69 60 57 48 50 55 58 61
s_
O3
03/13 65 67 65 62 62 54 50 40 42 55 61 66 69 72 70 68 67 64 64 66 65 65 66 67
s_
O3
03/14 69 69 68 65 65 59 51 36 33 36 47 44 57 66 69 60 61 59 58 53 57 58 57 57
s_
O3
03/15 58 59 60 61 60 57 47 30 44 51 57 60 54 62 62 57 55 53 55 55 52 55 57 57
s_
O3
03/16 55 58 60 63 62 65 61 58 56 56 57 56 58 60 62 61 63 63 63 61 61 60 61 64
s_
O3
03/17 63 62 60 58 58 54 49 46 42 40 43 45 46 52 54 53 51 53 53 49 51 50 49 48
s_
O3
03/18 54 55 45 37 33 18 9.5 14 15 23 47 50 57 64 68 68 61 39 52 54 45 53 50 50
s_
O3
03/19 48 51 47 42 44 46 38 31 29 20 34 48 57 54 49 48 48 48 49 50 49 48 47 48
s_
O3
03/20 50 49 46 39 38 34 36 23 13 14 28 51 61 76 83 88 79 71 63 57 51 44 38 33
s_
O3
03/21 15 12 7 5.2 5.3 11 12 13 19 25 38 56 68 59 52# 47# 49 22 17 20 21 21 20 25
s_
O3
03/22 26 24 28 39 43 48 46 32 38 39 36 41 47 51 42 38 40 37 38 41 40 44 45 44
s_
O3
03/23 43 44 46 49 51 51 48 45 40 43 43 43 44 45 44 45 44 45 48 49 51 53 53 50
s_
O3
03/24 53 57 56 57 60 58 57 54 54 53 54 54 50 48 46 48 45 40 28 36 36 42 42 32
s_
O3
03/25 30 30 28 26 24 24 12 8 8.4 5 13 37 58 57 58 54 58 62 61 60 53 52 55 56
s_
O3
03/26 52 50 46 40 43 41 33 26 36 41 46 50 51 54 48 50 50 50 51 55 56 52 51 51
s_
O3
03/27 52 51 48 38 34 18 11 13 20 37 54 66 72 78 77 76 67 55 38 31 36 43 42 35
s_
O3
03/28 34 28 35 30 34 33 30 20 24 29 39 46 49 51 53 45 41 39 31 34 31 18 12 10
s_
O3
03/29 14 15 16 23 24 25 25 25 24 28 38 43 47 49 53 53 48 45 50 50 51 50 58 61
s_
O3
03/30 56 55 50 47 42 40 21 22 48 48 46 54 61 64 61 49 50 51 54 54 56 55 56 57
s_
O3
03/31 59 60 64 66 65 63 61 63 64 70 72 70 66 63 62 61 60 59 56 57 54 53 57 58
s_
O3
菏代~るG2019/04A 代浮GLfA 代兜GO3]ppb^
s_
O3
ら戳 00 01 02 03 04 05 06 07 08 09 10 11 12 13 14 15 16 17 18 19 20 21 22 23
s_
O3
04/01 58 57 56 56 53 51 47 40 36 37 41 44 49 47 43 43 43 43 51 56 58 59 62 65
s_
O3
04/02 66 67 68 67 66 63 59 51 46 44 45 44 43 34# 28# 22 13 5.9 15 15 28 39 27 34
s_
O3
04/03 46 44 46 46 46 47 46 37 31 31 32 28 21 33 40# 34 19 12 13 23 29 27 27 7.4
s_
O3
04/04 38 47 51 52 52 48 48 39 40 39 39 50 59 65 66 54 49 58 60 59 58 56 55 52
s_
O3
04/05 53 50 52 53 53 51 52 53 52 52 56 59 59 62 61 62 62 58 45 49 55 54 51 50
s_
O3
04/06 48 46 48 46 47 48 43 36 42 43 53 63 67 64 60 58 57 55 47 55 60 58 41 40
s_
O3
04/07 32 42 47 43 45 43 47 49 55 63 73 80 82 80 82 81 83 81 76 73 72 76 68 60
s_
O3
04/08 57 52 41 32 25 15 9.5 18 37 52 63 79 88 83 81 71 67 69 72 51 22 16 26 6.9
s_
O3
04/09 14 18 21 16 9.6 4.3 7.8 11 16 39 59 70 83 74 54 41 33 23 21 20 20 22 18 17
s_
O3
04/10 18 16 16 12 8.5 5.3 6 12 18 23 33 37 38 34 34 37 33 31 32 40 44 48 49 51
s_
O3
04/11 52 52 56 55 54 51 48 38 35 32 28 24 46 48 53 55 51 49 46 29 40 52 52 53
s_
O3
04/12 54 54 51 52 53 51 48 39 35 39 47 53 56 54 51 48 49 48 48 51 50 51 53 56
s_
O3
04/13 55 55 54 54 53 48 50 45 34 30 35 46 49 43 44 44 48 34 27 21 40 42 34 46
s_
O3
04/14 50 52 52 52 51 43 32 31 38 46 50 55 59 60 62 60 57 58 59 55 57 79 76 73
s_
O3
04/15 66 63 62 59 60 58 55 53 56 51 54 54 59 61 62 58 58 50 47 52 55 56 59 62
s_
O3
04/16 62 61 59 46 47 38 22 23 30 45 42 54 57 62 64 64 69 68 67 65 59 62 54 49
s_
O3
04/17 52 54 52 48 44 37 35 39 50 52 56 63 68 65 67 60 67 59 57 49 56 60 57 58
s_
O3
04/18 60 61 56 50 27 15 15 20 37 56 75 83 90# NA 73# 83x 83# 79# 71 35 28 15 24 39
s_
O3
04/19 31 16 32 38 41 33 24 42 43 42 30 51# 71 75 74 75 67 63 53 48 45 41 35 16
s_
O3
04/20 32 27 37 45 41 29 26 26 36 46 52 57 65 69 69 71 62 54 47 48 35 28 51 39
s_
O3
04/21 27 19 26 25 32 52 42 38 46 43 40 43 57 58 52 49 36 30 26 23 17 9.2 3.2 4.1
s_
O3
04/22 14 14 19 20 18 12 14 11 25 33 41 46 41 43 47 48 46 40 35 25 17 11 9.5 9.1
s_
O3
04/23 9.1 4.6 14 6.4 15 31 24 8.3 13 24 47 96 62 74 69 59 45 40 28 16 7.5 6.7 7.8 12
s_
O3
04/24 8.5 5.2 2.3 2.1 5.4 3.4 5.1 10 20 25 34 47 53 59 51 43 40 34 23 17 8.2 10 7 4.5
s_
O3
04/25 2.7 4.2 7.2 2.4 2.2 3.1 6.9 15 26 35 47 55 60 53 53 49 40 30 18 20 25 22 24 26
s_
O3
04/26 26 33 33 39 36 34 36 38 46 52 56 59 63 62 60 57 49 41 43 56 56 56 57 58
s_
O3
04/27 61 66 69 69 67 66 59 56 53 56 59 58 58 57 58 55 51 49 43 41 46 46 44 46
s_
O3
04/28 49 49 47 45 40 28 13 23 36 44 49 49 50 52 53 60 55 47 37 24 20 22 27 16
s_
O3
04/29 9.8 22 30 19 9.3 6.6 10 9.3 16 33 46 59 88 88 63 63 58 58 50 28 16 11 5.6 4
s_
O3
04/30 7.2 14 7.9 11 21 24 13 13 28 37 46 54 41 35 29 28 28 26 23 29 30 34 31 27
s_
O3
菏代~るG2019/05A 代浮GLfA 代兜GO3]ppb^
s_
O3
ら戳 00 01 02 03 04 05 06 07 08 09 10 11 12 13 14 15 16 17 18 19 20 21 22 23
s_
O3
05/01 30 31 24 28 38 51 51 45 46 47 49 50 50 49 48 38 43 48 48 40 25 44 57 57
s_
O3
05/02 54 61 64 65 68 69 62 54 57 57 45 42# 45 47 47 51 54 48 53 58 58 60 54 55
s_
O3
05/03 59 64 61 65 61 54 45 38 50 57 62 65 66 64 64 62 63 61 62 54 50 50 53 53
s_
O3
05/04 61 62 59 58 57 59 58 55 55 56 56 58 59 55 55 56 56 51 46 47 52 56 56 60
s_
O3
05/05 61 63 63 63 62 63 58 55 59 61 60 62 58 58 58 56 53 50 48 47 47 45 46 44
s_
O3
05/06 47 48 49 50 51 51 51 37 39 39 31 30 46 42 35 26 26 35 33 35 31 38 41 50
s_
O3
05/07 55 57 62 65 64 60 55 40 33 42 44 43 48 45 47 38 36 35 43 46 46 47 56 58
s_
O3
05/08 57 58 59 61 61 56 55 41 30 26 37 40 43 48 49 44 52 54 53 51 50 53 58 54
s_
O3
05/09 43 38 45 53 50 53 50 41 47 45 47 47 38 44 41 37 24 40 36 24 31 40 39 50
s_
O3
05/10 55 60 64 62 59 44 34 28 35 40 45 41 46 49 51 46 44 44 44 50 56 60 55 54
s_
O3
05/11 54 52 53 53 52 50 46 32 31 38 43 47 45 49 51 50 45 42 36 34 36 38 42 44
s_
O3
05/12 45 44 43 40 37 35 32 32 35 39 41 36 43# 41 36 34 33 31 30 28 23 24 24 26
s_
O3
05/13 27 29 30 27 26 24 21 19 40 37 58 68 71 69 67 67 62 50 35 21 21 15 17 3.1
s_
O3
05/14 5.1 14 6 4.3 8.2 22 15 10 14 17 28 43 41 34 47 48 46 40 37 33 31 18 17 21
s_
O3
05/15 17 16 22 17 21 15 14 6.9 7.6 15 27 37 52 66 74# 82 58 41 20 4.4 7.6 9.2 4.5 15
s_
O3
05/16 23 28 24 22 19 13 13 15 19 19 23 36 47 44 40 33 26 19 20 19 14 14 14 13
s_
O3
05/17 15 12 10 18 17 15 7.5 7.3 8.1 16 20 16 20 19 21 23 29 16 11 11 13 11 5.9 5
s_
O3
05/18 9 13 17 21 21 20 17 19 20 21 16 23 30 30 37 40 40 30 24 20 23 22 20 20
s_
O3
05/19 17 18 23 24 19 17 17 20 21 29 36 38 45 36 36 40 38 31 18 15 16 18 16 7.7
s_
O3
05/20 4.6 12 13 17 18 17 13 47 44 36 55 68 NA NA NA NA NA NA NA NA NA NA NA NA
s_
O3
05/21 NA NA NA NA NA NA NA NA NA NA 58# 68 74 70# 63 54 63 54 56 58 54 57 56 54
s_
O3
05/22 53 47 54 55 53 50 50 30 35 39 31 33 35 39 38 37 40 33 26 29 17 32 33 31
s_
O3
05/23 34 43 36 42 33 16 18 23 21 9.5 25 39 50 54 55 51 50 43 45 52 53 52 51 50
s_
O3
05/24 54 57 57 56 54 51 48 45 43 49 55 56 55 54 50 46 44 40 39 38 37 36 37 35
s_
O3
05/25 38 42 42 41 42 38 36 32 36 44 51 54 56 56 54 46 42 43 41 37 35 35 32 32
s_
O3
05/26 32 33 30 31 30 28 27 25 32 51 62 64 65 60 56 54 60 65 53 35 32 23 20 18
s_
O3
05/27 16 22 27 30 23 18 13 8.2 20 33 46 52 49 40 38 38 42 33 21 14 14 6.4 2.2 4
s_
O3
05/28 28 34 32 31 31 16 17 4.5 21 20 19 24 39 48 50 47 54 50 52 54 55 55 54 49
s_
O3
05/29 48 48 43 45 43 41 36 29 35 37 42 47 51 52 52 47 52 51 45 47 53 48 46 53
s_
O3
05/30 52 53 44 50 54 50 49 37 39 43 48 48# 67 75 69 71 73 74 65 59 57 29* 12 12