嘉義
PM10
01/01 29 34 32 33 34 27 25 22 24 23 24 27 34 39 39 69 80 54 43 45 43 29 22 28
嘉義
PM10
01/02 25 20 23 20 14 17 19 53 26 32 46 40 43 45 44 52 54 66 59 44 42 44 32 27
嘉義
PM10
01/03 32 32 31 29 26 34 34 43 43 45 47 47 49 42 54 62 48 54 56 52 42 51 41 41
嘉義
PM10
01/04 47 60 62 63 55 46 46 73 56 101 68 61 49 66 1000# 60 79 81 76 94 108 121 120 128
嘉義
PM10
01/05 108 95 89 80 78 80 69 79 98 108 100 117 68* 53* 68 61 59 96 97 107 98 86 85 69
嘉義
PM10
01/06 60 56 59 47 24 15 23 13 18 31 31 32 32 42 47 43 44 54 57 45 53 42 42 36
嘉義
PM10
01/07 38 33 35 37 42 38 41 36 52 54 58 61 54 53 72 61 71 77 72 67 79 74 68 76
嘉義
PM10
01/08 80 75 87 70 71 67 53 55 52 53 51 51 51 58 60 63 69 67 60 49 44 34 34 35
嘉義
PM10
01/09 32 34 32 33 33 35 30 29 29 42 52 56 59 65 73 82 85 80 73 69 63 55 56 53
嘉義
PM10
01/10 50 48 44 45 49 52 55 58 76 98 115 1000# 106 109 113 118 102 95 116 106 110 132 119 119
嘉義
PM10
01/11 122 117 136 124 131 129 120 140 141 125 131 124 129 122 99 77 91 92 88 103 118 111 110 101
嘉義
PM10
01/12 63 54 57 81 93 58 76 64 72 101 80 79 87 70* 53* 48 49 75 88 91 92 74 61 66
嘉義
PM10
01/13 67 41 41 40 32 37 38 40 39 44 52 51 66 92 109 100 101 104 87 68 61 56 43 36
嘉義
PM10
01/14 35 29 29 28 27 29 28 28 40 49 57 59 63 71 75 1000# 88 90 77 74 1000* 1000* 1000* 956*
嘉義
PM10
01/15 65A 61x 1000* 89A 1000* 1000* 1000* 1000* 1000* 1000* 1000# 1000# 1000* 1000* 89A 1000* 1000* 1000* 1000* 1000* 1000* 109A 93 88
嘉義
PM10
01/16 75 69 43 36 41 40 36 31 32 36 36 36 36 35 49 48 40 33 29 32 37 42 36 32
嘉義
PM10
01/17 26 23 20 26 16 16 16 24 20 29 33 38 48 43 1000# 49 49 46 47 50 60 68 77 64
嘉義
PM10
01/18 65 75 73 79 63 56 56 66 68 67 67 73 61 63 67 67 95 82 71 79 85 94 96 109
嘉義
PM10
01/19 112 103 101 123 138 130 94 114 132 124 122 109 112 91 79 39 43 63 104 114 127 119 119 106
嘉義
PM10
01/20 92 110 108 124 117 144 150 121 140 147 146 120 106 122 107 118 114 113 134 131 115 109 106 89
嘉義
PM10
01/21 66 52 39 32 32 32 34 38 36 42 46 46 44 47 54 59 71 62 50 50 45 40 48 43
嘉義
PM10
01/22 45 58 55 48 46 46 45 45 60 54 53 58 62 56 60 75 75 71 68 63 60 63 62 67
嘉義
PM10
01/23 66 71 67 73 72 75 73 83 90 78 73 65 58 63 85 88 94 99 100 103 100 102 93 100
嘉義
PM10
01/24 91 91 90 99 97 100 93 101 106 103 110 1000# 71 64 89 93 87 95 97 106 129 123 121 122
嘉義
PM10
01/25 103 97 90 91 109 110 112 129 123 115 93 82 93 87 77 93 122 120 134 141 143 135 134 124
嘉義
PM10
01/26 112 111 102 97 124 118 95 78 70 52 55 52 66 164 175 174 146 129 85 78 60 48 43 40
嘉義
PM10
01/27 31 34 32 25 28 25 32 30 43 45 57 59 60 69 80 85 83 80 70 79 74 64 64 66
嘉義
PM10
01/28 60 55 63 64 57 59 71 72 73 91 100 96 76 64 77 85 79 71 78 86 94 102 104 85
嘉義
PM10
01/29 65 66 78 71 74 72 81 70 68 95 107 98 66 74 80 81 89 88 89 95 99 106 111 113
嘉義
PM10
01/30 100 118 109 79 84 89 90 109 125 152 151 134 81 68 1000# 52 47 76 111 136 118 47 45 50
嘉義
PM10
01/31 51 45 46 34 31 15 34 46 75 69 68 76 65 62 33 41 77 64 59 73 76 59 59 76
嘉義
PM10
監測年月：2019/02， 測站：嘉義， 測項：PM10（μg/m3）
嘉義
PM10
日期 00 01 02 03 04 05 06 07 08 09 10 11 12 13 14 15 16 17 18 19 20 21 22 23
嘉義
PM10
02/01 77 56 40 31 33 26 26 28 34 35 33 42 67 76 95 92 91 87 80 85 87 86 68 59
嘉義
PM10
02/02 48 51 51 57 64 60 62 59 84 92 96 92 77 79 86 88 116 121 113 109 117 134 134 117
嘉義
PM10
02/03 117 112 117 97 78 48 46 59 81 54 38 42 28 34 97 61 38 31 38 79 102 100 82 53
嘉義
PM10
02/04 27 28 25 36 37 43 32 32 47 68 105 1000# 59 61 58 86 84 78 79 77 72 63 70 69
嘉義
PM10
02/05 69 63 61 71 81 86 81 79 82 88 89 60 44 38 45 42 61 82 96 110 109 121 143 129
嘉義
PM10
02/06 133 107 81 70 62 83 84 80 72 84 87 74 58 59 68 63 57 57 52 61 72 71 69 58
嘉義
PM10
02/07 55 57 50 37 36 31 32 43 53 50 31 15* 9 12 15 19 24 49 54 63 69 69 57 37*
嘉義
PM10
02/08 44 66 79 77 68 61 63 79 66 63 45 39 41 55 60 53 50 49 46 62 30 27 30 33
嘉義
PM10
02/09 33 39 40 44 39 40 41 43 41 44 47 48 52 56 63 59 58 59 52 37 33 37 31 24
嘉義
PM10
02/10 33 28 23 24 20 18 18 26 42 41 43 49 53 53 53 47 56 52 48 54 45 45 40 38
嘉義
PM10
02/11 35 44 49 36 37 33 35 43 41 50 83 43 48 59 87 72 68 50 43 42 39 38 32 30
嘉義
PM10
02/12 32 35 31 26 28 30 32 42 43 48 39 42 47 60 1000# 53 44 43 42 54 45 44 46 44
嘉義
PM10
02/13 62 86 78 77 70 69 66 83 96 79 55 49 38 66 50 54 62 64 73 78 71 51 42 42
嘉義
PM10
02/14 40 45 40 42 35 36 41 50 48 53 48 44 47 48 46 49 49 51 73 83 73 71 78 68
嘉義
PM10
02/15 68 72 71 74 76 74 68 70 69 97 112 57 47 38 54 61 55 56 55 76 88 95 62 40
嘉義
PM10
02/16 34 40 56 74 75 77 76 70 78 83 73 67 53 83 76 57 55 61 52 54 66 58 46 38
嘉義
PM10
02/17 41 36 32 26 23 27 22 31 34 48 45 40 53 60 54 63 63 63 57 61 49 36 30 34
嘉義
PM10
02/18 36 35 41 44 42 46 50 59 69 75 72 67 59 64 69 81 72 65 60 57 71 79 73 71
嘉義
PM10
02/19 62 42 26 22 34 38 43 52 67 53 53 68 48 33 1000# 62 74 66 50 52 57 70 84 106
嘉義
PM10
02/20 96 72 97 51 42 88 109 113 105 97 75 78 74 79 146 125 102 101 102 112 108 118 138 147
嘉義
PM10
02/21 146 153 149 116 108 127 115 107 98 89 91 84 77 91 87 84 70 73 77 68 71 98 74 79
嘉義
PM10
02/22 66 67 63 56 64 70 65 77 86 88 80 74 78 61 48 42 33 46 45 42 28 33 27 35
嘉義
PM10
02/23 28 28 19 20 29 28 32 39 48 44 52 51 64 84 75 80 81 73 63 49 44 40 35 26
嘉義
PM10
02/24 37 30 31 22 26 29 29 35 41 43 29 36 33 40 26 15 16 11 26 21 29 34 24 19
嘉義
PM10
02/25 25 37 44 24 27 13 32 60 26 24 29 36 41 50 49 58 59 63 66 67 64 68 60 58
嘉義
PM10
02/26 60 72 45 47 61 73 59 59 73 72 78 70 69 73 84 1000# 80 87 84 79 74 70 76 72
嘉義
PM10
02/27 64 74 72 70 79 95 112 119 132 127 108 93 80 89 90 65 57 61 71 65 63 53 52 53
嘉義
PM10
02/28 55 62 67 59 63 81 110 115 125 126 84 79 85 100 97 88 62 63 57 68 71 64 68 61
嘉義
PM10
監測年月：2019/03， 測站：嘉義， 測項：PM10（μg/m3）
嘉義
PM10
日期 00 01 02 03 04 05 06 07 08 09 10 11 12 13 14 15 16 17 18 19 20 21 22 23
嘉義
PM10
03/01 56 62 57 51 49 43 44 47 45 54 57 52 59 74 64 61 56 72 95 105 116 112 120 109
嘉義
PM10
03/02 116 113 122 120 113 97 89 113 115 114 89 99 96 110 111 99 68 51 72 92 104 96 94 98
嘉義
PM10
03/03 92 79 65 36 35 25 35 31 35 21 22 31 19 11 8 13 10 17 26 20 29 31 33 33
嘉義
PM10
03/04 37 43 32 37 34 32 41 44 49 42 34 39 43 49 52 51 50 66 63 70 84 93 81 88
嘉義
PM10
03/05 139 98 106 121 99 91 84 91 102 76 59 50 58 89 94 106 90 80 95 120 76 41 34 43
嘉義
PM10
03/06 47 25 21 25 20 24 17 21 27 26 24 27 21 46 56 51 41 37 33 30 32 34 35 47
嘉義
PM10
03/07 35 43 32 14 18 21 24 25 22 28 19 20 20 16 15 17 27 31 30 40 45 56 40 32
嘉義
PM10
03/08 34 40 40 25 24 14 24 25 36 37 1000# 29 28 19 1000# 26 41 47 55 53 48 53 48 51
嘉義
PM10
03/09 50 46 48 40 47 44 39 50 39 41 41 31 25 31 33 42 39 34 25 24 22 38 30 30
嘉義
PM10
03/10 34 33 17 10 7 6 6 8 10 16 14 18 38 40 36 32 33 46 42 38 42 37 40 32
嘉義
PM10
03/11 31 36 40 37 45 45 32 30 38 48 42 48 41 46 63 72 65 88 87 95 101 84 79 79
嘉義
PM10
03/12 67 77 68 59 61 48 36 58 65 73 60 42 31 39 57 74 64 75 85 102 108 119 100 90
嘉義
PM10
03/13 75 82 59 47 44 48 51 72 84 60 54 52 57 70 77 68 79 73 77 84 88 91 92 78
嘉義
PM10
03/14 96 99 113 105 75 75 70 85 106 108 88 89 76 74 70 1000# 84 89 93 113 108 93 78 74
嘉義
PM10
03/15 64 68 60 49 48 46 41 30 30 33 47 38 33 44 44 45 44 44 44 45 53 49 40 46
嘉義
PM10
03/16 40 36 44 52 54 62 56 62 66 64 61 64 70 60 45 45 44 47 59 58 60 60 65 65
嘉義
PM10
03/17 60 55 55 58 61 73 63 92 89 97 82 71 71 62 56 63 65 72 66 63 72 71 69 60
嘉義
PM10
03/18 64 61 76 81 66 81 82 90 96 100 110 97 89 74 66 67 79 86 76 83 92 110 117 109
嘉義
PM10
03/19 97 89 88 81 60 54 94 87 102 103 89 83 65 67 74 72 65 70 86 86 99 122 123 102
嘉義
PM10
03/20 79 77 95 99 84 76 94 113 115 110 99 92 94 87 60 1000# 71 58 55 51 44 43 43 47
嘉義
PM10
03/21 52 37 48 42 36 39 41 44 42 27 28 38 49 44 31 25 33 42 39 32 38 42 40 37
嘉義
PM10
03/22 25 22 12 17 16 29 41 49 41 55 45 48 74 79 70 62 75 67 71 100 100 67 62 54
嘉義
PM10
03/23 53 58 40 49 36 36 34 32 31 25 24 30 29 42 45 44 46 46 39 39 28 21 28 28
嘉義
PM10
03/24 29 28 20 27 20 27 28 28 30 35 31 34 28 28 23 20 21 25 29 30 43 37 34 33
嘉義
PM10
03/25 27 24 23 27 29 37 22 45 38 39 29 48 54 50 1000# 73 74 82 79 78 74 81 69 66
嘉義
PM10
03/26 58 54 48 45 40 51 56 48 55 54 59 54 56 54 48 52 63 82 83 77 70 68 80 97
嘉義
PM10
03/27 96 102 87 93 100 111 119 121 103 64 53 52 40 48 53 59 66 64 61 53 55 62 60 78
嘉義
PM10
03/28 72 64 61 58 59 60 40 48 45 34 31 35 57 52 33 34 38 48 42 33 32 39 39 41
嘉義
PM10
03/29 39 41 30 28 39 42 42 42 38 32 40 40 38 36 38 36 37 44 52 44 42 41 45 17
嘉義
PM10
03/30 18 15 16 14 19 24 25 23 26 29 32 47 51 47 30 34 49 59 65 74 77 79 76 80
嘉義
PM10
03/31 75 76 78 93 97 93 87 76 82 71 79 75 51 72 71 88 97 115 100 81 73 68 61 59
嘉義
PM10
監測年月：2019/04， 測站：嘉義， 測項：PM10（μg/m3）
嘉義
PM10
日期 00 01 02 03 04 05 06 07 08 09 10 11 12 13 14 15 16 17 18 19 20 21 22 23
嘉義
PM10
04/01 45 42 32 34 31 35 33 29 32 37 33 34 38 42 1000# 41 44 42 43 36 39 42 44 56
嘉義
PM10
04/02 61 81 68 58 59 63 60 69 63 54 59 67 55 57 45 64 63 70 79 89 92 98 100 104
嘉義
PM10
04/03 101 100 82 80 93 113 92 71 60 63 61 41 42 41 45 45 68 69 61 54 53 50 53 53
嘉義
PM10
04/04 54 60 60 66 68 70 73 65 68 61 67 79 76 72 64 65 67 68 70 77 91 89 82 91
嘉義
PM10
04/05 94 92 63 68 69 78 86 105 95 98 106 109 105 95 73 57* 56 60 59 55 58 58 54 63
嘉義
PM10
04/06 58 62 66 57 59 56 58 65 69 79 82 87 77 53 36 30 32 40 50 42 49 38 53 59
嘉義
PM10
04/07 49 45 40 37 38 35 35 49 41 57 44 44 42 40 44 40 48 53 67 76 76 79 81 84
嘉義
PM10
04/08 63 55 45 47 40 37 56 47 41 32 35 33 37 39 34 35 36 38 31 35 32 41 49 47
嘉義
PM10
04/09 40 36 37 37 45 40 43 53 47 40 40 47 62 48 35 1000# 36 37 34 30 30 32 40 39
嘉義
PM10
04/10 26 28 28 26 23 23 27 41 41 42 46 39 36 26 22 21 24 26 27 27 27 36 34 44
嘉義
PM10
04/11 49 44 44 46 44 40 41 39 35 36 34 44 45 45 27# 22 60 64 63 67 57 34 37 48
嘉義
PM10
04/12 39 16 5 11 20 29 32 37 31 33 42 42 52 78 91 84 74 65 77 76 63 57 61 54
嘉義
PM10
04/13 55 51 46 63 66 69 71 78 68 75 66 57 63 46 53 68 64 73 65 67 57 47 44 57
嘉義
PM10
04/14 55 49 53 59 63 63 60 61 55 53 45 38 35 22 18 21 21 47 54 44 33 37 29 33
嘉義
PM10
04/15 41 39 29 21 32 42 47 43 43 50 53 63 66 63 77 67 78 81 76 62 59 56 60 64
嘉義
PM10
04/16 68 69 59 55 54 44 45 51 41 36 52 40 49 61 46 1000* 1000# 39 47 42 57 66 58 66
嘉義
PM10
04/17 50 64 63 55 51 52 53 58 46 42 45 41 29 34 1000# 31 41 36 40 45 52 52 57 53
嘉義
PM10
04/18 46 55 60 52 64 59 60 58 57 51 45 40 43 38 55 60 43 40 34 41 52 55 53 54
嘉義
PM10
04/19 54 56 56 75 63 14* 11 15 24 29 15 12 17 25 36 15 5 7 14 18 19 14 14 12
嘉義
PM10
04/20 13 11 14 17 21 23 27 13 18 22 18 20 28 24 22 23 29 38 46 53 52 51 63 55
嘉義
PM10
04/21 31 29 27 25 34 38 36 37 28 22 18 15 19 13 14 18 18 27 20 24 30 30 28 29
嘉義
PM10
04/22 31 32 32 30 32 31 28 34 22 20 17 24 23 25 22* 1000# 21 26 29 26 22 18 24 21
嘉義
PM10
04/23 22 28 23 28 29 26 38 35 25 20 26 26 22 20 14 16 18 18 20 22 24 20 18 16
嘉義
PM10
04/24 16 19 23 27 26 30 31 30 33 16 30 21 30 13 21 20 20 18 23 22 27 22 21 20
嘉義
PM10
04/25 19 19 23 25 29 23 23 31 30 18 24 1000# 21 19 22 NA 18 12 23 29 26 29 32 22
嘉義
PM10
04/26 17 20 14 19 15 21 17 19 28 26 22 25 29 1000* 27A 35 1000# 38 28 22 27 34 38 41
嘉義
PM10
04/27 42 42 57 53 36 35 34 53 60 51 68 71 62 68 69 65 64 65 63 54 57 66 58 52
嘉義
PM10
04/28 48 47 59 59 65 58 56 61 61 61 62 70 66 63 63 58 57 49 47 47 52 58 61 59
嘉義
PM10
04/29 55 52 50 49 51 43 43 40 39 35 23 23# 1000# NA 1000# 32 32 44 33 36 37 46 50 42
嘉義
PM10
04/30 31 38 37 31 31 22 25 24 35 28 30 32 32 28 26 34 31 24 30 25 33 18 21 17
嘉義
PM10
監測年月：2019/05， 測站：嘉義， 測項：PM10（μg/m3）
嘉義
PM10
日期 00 01 02 03 04 05 06 07 08 09 10 11 12 13 14 15 16 17 18 19 20 21 22 23
嘉義
PM10
05/01 26 22 12 21 15 21 16 16 21 10 11 10 21 21 21 19 17 21 20 18 18 19 18 24
嘉義
PM10
05/02 24 28 36 35 30 37 40 35 43 45 51 48 50 71 47 47 40 29 42 39 32 28 30 40
嘉義
PM10
05/03 46 36 38 27 23 29 24 32 34 32 23 31 33 41 42 34 19 43 47 88 95 93 87 85
嘉義
PM10
05/04 80 84 71 51 26 27 32 19 11 9 13 11 26 24 36 41 36 34 53 59 47 46 60 63
嘉義
PM10
05/05 32 49 43 46 42 37 39 41 45 41 32 39 41 42 42 43 46 64 53 43 32 32 30 32
嘉義
PM10
05/06 39 41 35 43 55 41 41 40 33 32 23 20 17 19 20 19 17 20 36 37 23 17 17 10
嘉義
PM10
05/07 15 19 19 16 11 11 17 12 12 20 26 24 24 35 37 1000# 37 33 26 35 44 42 36 44
嘉義
PM10
05/08 45 50 48 51 41 47 46 44 35 27 26 10 25 65 1000# 58 51 54 54 57 65 79 75 64
嘉義
PM10
05/09 68 66 71 76 82 63 60 63 60 77 63 55 38 37 42 60 59 40 40 45 34 34 34 27
嘉義
PM10
05/10 29 26 19 15 16 7 19 20 31 26 30 29 26 21 24 27 25 24 33 53 61 62 61 55
嘉義
PM10
05/11 60 67 71 65 64 76 85 110 72 76 60 45 43 46 38* 45 36 37 48 53 72 68 74 67
嘉義
PM10
05/12 70 66 72 71 80 100 110 91 74 73 53 42 27 60 59 53 54 50 48 49 47 44 49 50
嘉義
PM10
05/13 50 55 50 49 62 64 65 70 65 46 33 30 33 33 31 24 25 30 23 19 35 44 45 36
嘉義
PM10
05/14 32 36 34 34 29 28 25 31 20 13 21 22 23 22 19 12 16 15 18 11 15* 16 22 32
嘉義
PM10
05/15 26 26 22 24 22 21 19 16 13 10 17 20 15 9 12 14 15 25 36 51 49 38 38 33
嘉義
PM10
05/16 24 27 20 23 25 24 24 17 12 22 22 24 19 21 30 23 27 32 30 32 39 31 29 28
嘉義
PM10
05/17 25 23 27 24 21 18 21 33 32 24 30 23 14 19 1000# 28 18 24 28 26 30 23 23 25
嘉義
PM10
05/18 22 19 21 15 19 13 21 22 25 23 22 22 26 21 23 28 26 21 15 22 21 14 19 18
嘉義
PM10
05/19 21 22 21 26 29 28 27 29 19 18 14 12 14 20 21 32 18 20 26 26 24 31 28 31
嘉義
PM10
05/20 25 35 28 28 25 25 28 25 25 28 18 23 25 26 11 6 10 10 17 24 36 50 83 62
嘉義
PM10
05/21 59 51 66 64 65 51 63 63 62 63 60 47 56 68 1000# 69 68 59 67 84 79 77 86 85
嘉義
PM10
05/22 86 80 80 81 84 90 87 78 66 78 74 80 72 72 69 73 63 60 66 68 71 65 74 76
嘉義
PM10
05/23 78 85 81 81 76 72 58 52 41 52 56 44 46 41 35 34 31 38 41 40 47 48 51 67
嘉義
PM10
05/24 61 61 57 55 52 45 42 54 52 42 37 36 46 36 25 30 31 32 33 34 24 33 36 35
嘉義
PM10
05/25 34 35 36 27 31 34 37 41 42 29 27 36 39 36 38 32 26 32 35 34 42 42 49 51
嘉義
PM10
05/26 50 40 45 43 38 35 40 49 53 47 36 34 36 30 29 21* 28 53 53 65 67 67 69 60
嘉義
PM10
05/27 65 67 42 40 41 41 41 41 43 41 45 31 76 14 1000# 10 12 8 13 17 25 18 10 13
嘉義
PM10
05/28 13 20 24 23 18 17 19 27 22 11 18 25 21 15 18 14 17 13 22 36 35 53 58 62
嘉義
PM10
05/29 61 64 62 56 59 57 61 54 63 51 47 53 58 59 42 64 76 87 67 69 63 63 51 53
嘉義
PM10
05/30 49 42 48 44 49 49 64 71 81 80 61 52 42 46 32 31 26 32 39 48 53 47 49 42