



s_
NO2
01/01 7.2 6.3 5.6 4.4 4 4.1 5.8 8.6 8.7 6.9 7.1 5.4 5.7 5.2 7.4 9.2 10 9.9 8.8 10 8.6 8.5 8.5 6.1
s_
NO2
01/02 4.9 3 2.4 2 1.6 3.1 7.8 22 17 17 15 14 12 11 13 17 18 19 18 17 14 13 11 11
s_
NO2
01/03 6.6 4.6 3.3 3.6 4.4 9.5 13 20 19 19 18 15 16 13 14 21 17 17 18 14 10 9.7 8.8 7.3
s_
NO2
01/04 5.5 2.1 1.6 1.9 2.3 3.9 6.1 14 17 15 16 23 23 7.9 8.5 13 10 8.3 6.3 6.5 22 24 19 16
s_
NO2
01/05 8.5 11 9.7 10 7.7 9.2 10 12 8.3 6.9 8.6 7.4 7.2 11 16 18 19 19 19 19 19 18 16 10
s_
NO2
01/06 8.6 12 11 11 8.7 6.9 7 7.7 6.2 7.6 6 7 6.5 5.9 8.5 11 11 13 13 12 9.8 9.4 9.4 8.2
s_
NO2
01/07 6.2 3.8 3.3 3.4 3.1 4.5 8 15 16 13 12 12 11 13 17 23 22 30 33 30 29 35 37 33
s_
NO2
01/08 35 23 23 12 4.8 3.8 5.2 13 9.5 12 11 9.7 7.6 12 16 16 14 19 18 21 15 11 8.8 8.2
s_
NO2
01/09 6.2 4.1 3.7 3.3 3.7 4.3 9.9 16 16 12 11 9.4# 11 9.8 9.7# 14# 13 14 13 11 10 8.8 8 6
s_
NO2
01/10 4.3 2.2 1.9 1.9 3.3 5.6 8.7 17 17 13 28 11 7.9 4.9# 4 3 9.9 11 26 36 22 28 28 31
s_
NO2
01/11 14 9 11 29 21 18 24 21 14 16 25 11 7.2 7.4 15 17 11 7.8 9.4 9.3 20 27 31 23
s_
NO2
01/12 27 8.8 14 18 7.6 4.4 6.7 8.9 9.7 10 9.9 13 9.6 8.3 13 16 16 17 15 13 12 15 18 16
s_
NO2
01/13 13 9.1 6.1 4.2 3.7 5.9 5.5 9.7 11 9.4 12 6.2 6 5.8 8.2 5.8 6.2 9.8 9.2 11 16 14 11 9
s_
NO2
01/14 7.5 4.8 4.5 4.5 4 5.8 9.4 17 19 16 12 9.6 8.7 8.4 11 13 12 13 12 11 9 8.1 6.5 6.2
s_
NO2
01/15 5.2 3.1 2.9 3.1 6.9 15 32 31 31 25 19 27 8.9 7.1 12 16 9.2 8.3 6.2 4.4 4.2 4 3 2.4
s_
NO2
01/16 2.3 0.9 0.9 1.3 1.8 3.5 7.9 17 18 18 19 22 19 17 25 24 23 19 12 10 8.2 5.2 3.5 2.8
s_
NO2
01/17 1.3 2.1 1.6 1.6 1.9 3.4 6.6 11 7.6 9.3 9.4 11 9 10 11 16 16 15 13 10 9.3 7.7 6.1 7.3
s_
NO2
01/18 7.1 3.4 3.6 4.2 4.4 6.7 10 16 18 17 12 10 10 9.4 8.8 11 12 18 22 18 15 14 12 11
s_
NO2
01/19 9.4 7.7 8 8.9 19 28 21 33 34 22 14 19 9.9 6.9 6.1 5.4 13 27 40 52 54 39 34 20
s_
NO2
01/20 14 11 11 8.7 11 19 11 9.2 12 12 9.2 7.1 7.4 10 18 17 13 15 11 7.4 7.2 6.4 5.8 5.1
s_
NO2
01/21 4.9 1.9 2 1.6 2.1 4.8 8.4 9.8 16 12 16 20 17 13 9.4 11 12 12 14 11 7.5 4.5 2.7 2.4
s_
NO2
01/22 1.6 1.7 1.6 2.2 2.6 3.5 5.7 11 11 17 12 11 13 14 14 19 17 18 18 22 17 17 15 19
s_
NO2
01/23 21 14 13 13 12 13 21 32 30 23 14 14 14 NA 16# 17x 18# 22 24 25 22 19 19 17
s_
NO2
01/24 13 8.8 7.7 8.1 9.1 13 14 25 34 25 16 13 14 14# 18# 15 16 17 19 21 21 17 16 17
s_
NO2
01/25 16 12 10 8.8 15 17 34 42 35 28 20 20 11 10 8.4 12 10 9.4 14 8.9 8.8 8.4 5.9 6.6
s_
NO2
01/26 4.9 3 2.8 2.6 2.7 4.1 6.8 7.6 6.7 7.7 6.9 10 7.7 7.8 11 7.7 9.4 8 9 7.3 6.4 5.5 4.3 3.7
s_
NO2
01/27 2.6 1.8 1.5 1.6 1.5 3 6.5 11 8.5 7.6 8.5 9.3 7.6 6.6 5.5 6.6 7.3 11 13 16 17 16 15 13
s_
NO2
01/28 9.8 7.3 6.6 6.4 6 11 14 20 21 25 24 20 8.9 7.6 9.2 10 21 29 24 21 22 19 12 14
s_
NO2
01/29 15 9.2 7.1 6 6.8 8.8 14 17 21 17 13 12 13 11 12 11 15 17 20 16 13 12 12 12
s_
NO2
01/30 12 8.4 5.6 5.6 6.4 6.8 14 25 40 33 41 33 25 16 23 19 21 50 57 47 48 42 41 46
s_
NO2
01/31 42 39 27 11 11 13 18 30 29 27 23 17 12 9.9 9.9 10 11 14 19 12 7.4 6.9 5.8 4.9
s_
NO2
菏代~るG2019/02A 代浮GLfA 代兜GNO2]ppb^
s_
NO2
ら戳 00 01 02 03 04 05 06 07 08 09 10 11 12 13 14 15 16 17 18 19 20 21 22 23
s_
NO2
02/01 4.2 1.9 1.9 1.8 2.9 4.1 6.1 9.4 9 8.1 9.1 9.4 8.1 8.7 9 15 15 16 16 15 10 7.7 7.7 6.2
s_
NO2
02/02 4.9 3.8 4.1 3.7 4.6 4.2 11 24 31 24 16 16 15 12 6.1 5.5 6.6 11 6.8 9.9 22 26 24 27
s_
NO2
02/03 27 34 19 17 15 12 8.9 15 16 19 21 13 8.3 5.9 6.3 5.4 5.2 8.4 6.4 13 34 29 28 28
s_
NO2
02/04 15 15 13 7.2 6.7 5.4 6.4 10 6.6 6.8 7.1 6.5 6.8 6.2 6.5 6.7 7 6.8 12 11 7.2 6.4 6.1 6.2
s_
NO2
02/05 5.4 4.5 3.7 3.2 2.6 2.6 3.2 3.3 4 9.2 7.8 4.5 4.1 6.7 5.4 3 3.9 3.6 18 21 16 17 12 14
s_
NO2
02/06 12 14 8.7 6.5 6.1 8.7 9.7 11 8.5 13 11 9.6 6.4 5.9 7.2 11 13 22 22 17 16 19 32 27
s_
NO2
02/07 13 8.2 10 9.7 8.6 7.9 12 20 11 8.8 6.6 5.4# 3.9 2.1 3.5 4 4.4 4.8 5.9 5.1 4.2 4.8 4.6 4
s_
NO2
02/08 4.4 1.6 1 0.7 0.9 1.1 1.4 1.8 3.1 3.5 5.9 4.4 2.6 2.3 2.5 3.7 4 4.2 5 7.1 3.9 2.4 1.8 1.7
s_
NO2
02/09 2.1 4.2 5.8 6.6 4.3 3 4.7 6 6.3 6.6 4.6 4.6 4.8 8.1 8.2 7.7 6.4 4.8 6.4 6.4 5.4 3.1 4.9 4.3
s_
NO2
02/10 4.3 2 1.6 1.4 1.2 1.2 2.6 8 8.5 7.6 6.9 7.8 2.9 3.4 4 4.8 4.7 4.2 5.1 3.9 8.1 6.1 4.3 3.6
s_
NO2
02/11 2.4 0.8 0.3 0.3 0.3 2.3 5.2 14 13 13 13 8.1 4.9 4.9 7# 13# 8.5 10 17 15 10 7.3 6.9 6.7
s_
NO2
02/12 6 5.8 4.6 3.8 3.6 4.7 8.6 15 16 17 13 12 8.5 8.4 12 15 7.7 3.8 4.2 5 3.9 3.1 3.5 5
s_
NO2
02/13 7.1 3.9 3.1 3 2.7 5.3 5.7 16 10 13 9.9 10 10 16 14 24 19 16 16 14 16 11 12 10
s_
NO2
02/14 9.2 5.8 6.6 6.6 4.3 4.6 9.6 16 15 12 9.6 11 9.6 10 13 21 15 12 17 12 17 24 16 15
s_
NO2
02/15 8.9 8.6 6 7.2 4.6 9 7.6 21 11 9.2 7.6 19 17 8.9 6.6 12 9.7 8 12 8.8 14 22 17 7.3
s_
NO2
02/16 4.1 3.9 4.2 5.6 3.1 3.4 5.1 6.1 13 20 16 9.9 7.1 4.8 5.9 6.6 5.9 7.3 5.4 7.3 4.8 3.1 2.7 2.8
s_
NO2
02/17 3.1 1.1 0.9 1.1 1.2 2.8 4.7 4.8 4.7 5.6 5.6 4.7 4.7 3.6 5 7.4 6.9 10 9.4 7.2 7 7 6.4 5.5
s_
NO2
02/18 5.4 6.8 4.7 3.3 3.1 3.8 8.8 29 14 18 19 28 18 4.9 2.4 13 9.2 7.3 5.7 9.1 7.5 6.8 10 25
s_
NO2
02/19 26 5.2 4.9 8.1 12 14 17 24 28 14 13 9.3 26 10 14 18 17 20 41 46 38 38 29 24
s_
NO2
02/20 17 13 7.9 6.7 11 11 24 21 25 26 32 13 8.4 6.8 4.6 3.4 3.4 5.7 7.7 8.1 5.3 8.7 5.8 6.8
s_
NO2
02/21 8.8 3.8 3.9 4.4 4.3 6.2 13 17 18 20 21 22 21 18 9.9 10 5.8 5.6 6.7 5.2 5.1 6.9 11 9.2
s_
NO2
02/22 6.4 3.4 2.6 2.4 2.7 3.4 6.2 13 5 5.7 7.4 9.3 8.8# 12# 10 12 8.3 8.9 8.8 8.6 8.9 10 8.1 4.9
s_
NO2
02/23 6.9 5 3.5 2.9 3.5 8.7 13 20 13 10 12 16 11 12 19 20 24 25 17 14 12 15 12 9.3
s_
NO2
02/24 8.8 5.7 4.3 3.4 3.2 3.5 5.2 7.2 9.5 12 14 14 15 13 13 12 12 8.3 7.3 9.4 6.8 5.5 5.9 6.6
s_
NO2
02/25 7.5 14 12 8.3 10 9.2 13 29 17 21 16 11 10 16 24 27 24 15 14 15 14 17 13 8.9
s_
NO2
02/26 10 5.3 5.6 6 6.5 12 16 30 25 22 17 17# 18 12 14 15 16 15 11 12 14 23 28 21
s_
NO2
02/27 18 29 37 35 18 9 8.4 16 20 12 8.6 7.2 17 20 17 22 22 21 19 40 47 48 31 14
s_
NO2
02/28 10 8.7 5.6 4.3 3.5 4.6 8.7 9 13 8 7.5 5.8 6.7 6.4 8.9 16 14 18 13 13 11 10 9.2 9.2
s_
NO2
菏代~るG2019/03A 代浮GLfA 代兜GNO2]ppb^
s_
NO2
ら戳 00 01 02 03 04 05 06 07 08 09 10 11 12 13 14 15 16 17 18 19 20 21 22 23
s_
NO2
03/01 8 6 6.3 5.7 6.8 6.5 9.6 19 11 10 10 9.1 8.3 8.9 9.2 12 8.5 10 10 9.6 9.8 7 5.5 3.6
s_
NO2
03/02 4.9 11 8.5 6.6 6.6 6.7 10 13 17 20 18 6 6 5.4 4.1 4.5 15 17 19 21 18 11 13 19
s_
NO2
03/03 11 26 9.9 13 29 11 8 7.1 13 22 8.2 3.7 3.2 7.1 21 23 20 20 24 9.6 5.5 5.1 5.1 5.3
s_
NO2
03/04 7.4 4.6 3.9 3.5 3.7 6.1 10 20 11 11 17 16 11 10 13 15 14 14 15 14 13 11 9.6 7.9
s_
NO2
03/05 6 5.3 4.6 4.4 4.5 5.9 11 16 15 17 16 13 12 12 19 16 13 8.3 4.3 4.2 17 25 21 10
s_
NO2
03/06 18 26 22 15 16 20 21 31 35 23 9.7 7.5 4.9 7.5 9.9 14 9.2 10 10 8.4 15 17 14 12
s_
NO2
03/07 4.3 1 1 1.4 1.7 6.8 13 22 26 27 26 25 22 24# 26 26 20 16 13 22 11 13 8.5 9.9
s_
NO2
03/08 9.1 7.7 7.1 7.1 5.8 6.8 9.5 17 20 26 32 26 18 16 22 22 18 25 19 19 12 13 10 13
s_
NO2
03/09 7.7 16 16 11 9.1 11 16 22 25 21 30 35 20 18 24 31 22 12 31 25 12 7.9 7.7 5.3
s_
NO2
03/10 3.5 4.2 7 3.5 2.3 2.6 8.2 7.7 6.1 4.2 3.7 3.3 4.3 2.7 4.4 5.2 4.1 3.8 10 11 17 24 17 12
s_
NO2
03/11 9.1 8.3 6.8 7.2 8.7 13 26 34 29 30 24 19 14 17 24 24 33 38 32 23 20 23 23 17
s_
NO2
03/12 10 6.9 5.7 4.5 4.2 7 13 23 29 22 19 15 10 8.1 6 3.9 12 21 20 25 23 18 15 12
s_
NO2
03/13 8.9 6.2 5.5 5.8 6.2 9.4 15 28 27 17 13 11 10 8.6 11 12 11 14 14 11 13 12 11 9.8
s_
NO2
03/14 7.9 6 5.6 5.8 5.5 7.7 15 29 32 33 18 21 14 7.2 4.9 11 8.7 9.4 9.1 7.8 6.2 5.1 4.6 4.5
s_
NO2
03/15 3.6 1.4 1.3 1.1 2.1 5.6 14 27 15 13 9.2 8.7 7.3 6.6 10 15 21 22 18 17 18 14 13 13
s_
NO2
03/16 14 9.8 7.7 5.9 6.3 5.8 7.2 13 14 14 14 15 14 12 12 14 13 11 9.5 11 11 10 9 6.8
s_
NO2
03/17 6.5 5.6 4.8 4.3 4.4 5 7.5 9.1 11 13 13 14 20 14 13 12 13 11 9.9 12 13 13 13 13
s_
NO2
03/18 7.6 5.7 9.9 12 11 15 26 27 38 31 16 12 6.3 6 5.1 5.2 13 33 11 8 14 7.9 9.3 11
s_
NO2
03/19 13 8.3 7.5 7.9 6.8 12 19 27 25 36 29 19 12 12 15 15 13 12 12 11 9.8 9.6 9.6 8.5
s_
NO2
03/20 6.5 4.6 4.7 6.3 6.6 9.4 10 26 36 38 38 27 12 13 19 18 23 14 10 7.6 7.6 10 12 9.7
s_
NO2
03/21 17 18 16 18 16 13 17 18 17 18 18 18 14 9.1 8.7# 8.2 14 26 21 12 9.7 5.9 7.3 6.3
s_
NO2
03/22 5.7 4.2 6.2 4.1 3.1 3.3 8.1 20 18 19 19 16 12 10 15 14 12 14 10 8.8 7.6 6.1 5.4 4.1
s_
NO2
03/23 3.9 2.3 2.2 1.8 1.8 2.4 5.1 7.9 11 7.8 8.4 8 6.4 5.9 7.8 8.6 10 8 5.2 4.3 4.7 5.3 6.6 8.8
s_
NO2
03/24 7.3 5.1 5 4.6 4.2 5.3 6.5 8.2 9.3 9.4 8.7 8.1 10 12 12 10 11 16 26 19 19 13 13 18
s_
NO2
03/25 19 12 11 11 15 12 23 26 28 35 34 16 4.3 7.1 5.4 8.1 6.5 4.4 4.9 3.9 7.5 9.8 5.8 4.3
s_
NO2
03/26 4.7 4.4 5.7 9.7 6.8 10 19 25 17 14 12 11 10 10 12 14 15 15 14 11 11 11 11 9.5
s_
NO2
03/27 7.8 5.1 4.6 6.7 11 21 30 31 30 24 13 6.2 5.6 6.9 8.2 8 12 17 29 31 23 16 16 22
s_
NO2
03/28 20 23 18 20 17 15 18 24 23 18 9.9 6.9 5.2 5.9 6.5 7.8 11 10 14 11 11 19 22 19
s_
NO2
03/29 17 13 13 6.9 5 6 6.9 7.7 12 13 4.7 3.4 4.2 5.7 6.2 6.2 11 13 9.9 7.6 6.9 6.5 3.4 3.4
s_
NO2
03/30 6.9 4.9 5.9 7.5 15 15 32 28 10 9.9 13 9.7 5.7 6 7.8 19 15 12 9.6 8.9 7.5 7.7 8.2 7.3
s_
NO2
03/31 5.1 1.6 1.1 1.5 1.6 2.2 4.4 8.6 9.9 8.3 6.7 5.9 5.3 4.9 5 4.7 5.4 6 7.8 6.1 7.9 8 4.5 2.8
s_
NO2
菏代~るG2019/04A 代浮GLfA 代兜GNO2]ppb^
s_
NO2
ら戳 00 01 02 03 04 05 06 07 08 09 10 11 12 13 14 15 16 17 18 19 20 21 22 23
s_
NO2
04/01 2.6 3 3 2.6 3.3 5.8 11 19 24 23 19 17 12 14 19 19 19 19 16 12 11 11 9.7 6.3
s_
NO2
04/02 5.3 3.2 2.8 2.5 2.7 4 7 14 17 19 17 18 18 20# 30 35 45 52 41 44 35 26 28 18
s_
NO2
04/03 5 6.1 4.8 2.4 1.8 1.6 3.7 12 20 20 21 28 34 23 18 33# 36 44 42 28 22 17 14 41
s_
NO2
04/04 14 6.6 4.1 3.2 3 4.9 5.4 12 12 12 15 14 10 10 8.4 3.5 2.1 3.4 3.7 3.3 3.3 3.2 3.7 4.2
s_
NO2
04/05 3.9 3.5 2.4 1.9 1.3 1.5 1.6 1.8 1.5 1.7 1.7 2 1.8 2.6 2.7 3.5 4.4 5.8 15 13 8.6 8.3 9.5 9.2
s_
NO2
04/06 9 8 6.5 5.9 5.2 4.4 3.9 6.6 8.7 10 6 3.5 3.3 3.5 3.9 6.8 11 16 22 21 17 17 22 20
s_
NO2
04/07 23 15 12 9.7 10 9.6 9.3 14 11 7.1 5.5 4.1 3.8 3.6 4 3.9 5 5.7 9.4 6.7 6.8 8.5 13 12
s_
NO2
04/08 14 12 14 15 21 30 39 39 25 17 16 12 8.5 8.4 6.2 3.9 8.4 7.1 5.8 21 44 48 33 45
s_
NO2
04/09 35 23 18 19 24 30 29 32 33 20 17 16 12 9.4 7.3 9.2 8 11 13 13 11 7.6 11 11
s_
NO2
04/10 8.5 9.2 7.9 9.6 13 16 16 12 9.3 7.7 6 4.9 3.9 4.1 5.2 6.1 12 16 20 15 12 9.6 9 8.3
s_
NO2
04/11 8.5 7.3 5.8 5 5.7 7.3 10 20 23 26 32 37 19 11 7.5 4 5.4 8 11 23 12 6.6 4 3.3
s_
NO2
04/12 3.3 2.1 2.5 2.5 2.9 3.9 9.6 20 22 21 17 13 10 11 14 16 15 17 16 13 12 10 9.1 7
s_
NO2
04/13 5.9 4.6 5 4.2 4.9 7.7 7.5 11 18 22 21 9.5 8.5 9.3 9.6 9.4 6 20 20 21 6.9 9.2 12 5.2
s_
NO2
04/14 4.1 2.1 2.1 2.4 2.2 4.3 10 13 8.2 7.4 4.3 3.9 3.5 3.3 2.9 3.6 4.1 4.2 3.5 3.5 3.4 5.1 5 4.5
s_
NO2
04/15 5.5 8 7.6 7 6.3 9.9 17 22 17 18 14 15 11 12 14 16 15 20 21 17 14 13 10 7
s_
NO2
04/16 5.5 2.6 2.4 5.3 4.7 14 27 22 17 6.3 9.4 6.6 6.2 2.4 1.6 2 3.5 4.3 4.2 3.1 3.6 2.4 3.9 2.5
s_
NO2
04/17 3.1 2.5 3.1 4.4 6.4 15 18 18 8.3 8.3 8.2 5.1 7 8.1 8.4 17 12 22 26 28 20 17 18 13
s_
NO2
04/18 9.4 5.2 5.6 5.2 24 33 29 28 26 19 12 10 7.3# NA 5.5# 5.2x 7.1# 6.5 13 38 38 48 35 20
s_
NO2
04/19 19 35 19 11 7.9 18 23 16 15 19 25# 14# 10 12 12 13 15 13 21 20 12 13 19 33
s_
NO2
04/20 18 22 13 6.6 6.6 18 25 23 15 7.2 6.4 5.6 5.1 4.7 4.3 3.6 6.8 10 13 13 21 17 8.2 16
s_
NO2
04/21 20 22 16 13 9.1 6.4 15 19 9.3 10 9.1 11 5.4 5.5 5.5 6.5 9.4 7.9 18 20 20 25 33 36
s_
NO2
04/22 28 21 16 10 9.2 13 15 24 12 12 8.8 7.2 5.3 5.1 6.4 6.6 6.9 7.7 7.9 10 11 16 17 15
s_
NO2
04/23 12 21 11 15 11 5.9 12 26 16 11 7.9 13 10 6.9 7.9 7.7 8.5 8.5 16 21 27 26 23 16
s_
NO2
04/24 18 26 30 28 26 26 27 22 9.5 10 8 8.7 7.6 7 7.4 7.4 11 9.7 12 15 24 17 15 17
s_
NO2
04/25 21 16 12 18 18 20 17 16 12 16 10 7.7 6.7 6.1 12 8.4 7.9 9.5 19 12 5.2 8.9 6.2 4.8
s_
NO2
04/26 6.8 4.1 3.7 3.1 4.5 8.2 14 21 20 18 17 15 14 14 9.4 15 18 23 21 12 13 12 11 9.5
s_
NO2
04/27 7.2 3.4 4 3.7 3.2 3.5 7.8 11 15 13 11 13 11 11 10 10 11 12 15 15 11 11 12 10
s_
NO2
04/28 6.9 6.6 6.4 5.7 5.6 10 26 19 13 6.8 3.5 4.3 5 4.2 6.6 5.1 7.9 17 26 35 37 31 23 23
s_
NO2
04/29 32 20 14 18 24 23 28 26 27 22 17 16 11 7 7.4 8.2 8.6 7.9 8.8 16 24 31 37 39
s_
NO2
04/30 38 26 28 25 13 13 26 25 20 17 13 7.7 5.2 5 6.4 5.8 6.1 6.6 7.9 6.5 6.2 5.3 6 8.2
s_
NO2
菏代~るG2019/05A 代浮GLfA 代兜GNO2]ppb^
s_
NO2
ら戳 00 01 02 03 04 05 06 07 08 09 10 11 12 13 14 15 16 17 18 19 20 21 22 23
s_
NO2
05/01 7.2 7.8 12 9.8 4.5 3.3 4.5 9.9 8.7 7.5 7.3 7.1 8.1 8.3 8.4 18 12 11 10 14 26 17 11 10
s_
NO2
05/02 11 5.9 5.3 6.3 6.8 9.5 17 26 20 20 21# 23 23 22 25 22 21 25 23 17 15 13 15 13
s_
NO2
05/03 10 6.2 6.8 4.1 4.4 7.7 16 28 18 14 12 11 9.8 12 9.7 13 12 13 12 16 18 17 16 14
s_
NO2
05/04 9 6.5 6 5.8 5.7 5.3 7.3 11 11 10 10 10 8.2 11 10 8.7 10 12 16 15 11 9.4 8.2 7
s_
NO2
05/05 5.4 3.2 2.6 2.3 2.3 2.4 5.1 8.3 6.2 6.1 6.1 4.9 5.2 4.8 3.8 5 6 7.5 8.5 9.1 8.6 8.9 8 8.6
s_
NO2
05/06 6 4.4 4 3.4 3.9 4.9 7.7 21 20 21 28 26 13 17 26 33 32 22 21 18 22 16 14 9
s_
NO2
05/07 7.7 4.4 2.3 1.4 2.9 5.5 8.6 24 30 20 16 16 11 16 15 24 26 27 20 16 17 15 8.7 6.2
s_
NO2
05/08 5.3 2.7 2.4 2.1 1.8 5.8 9.8 22 26 33 26 20 15 12 9.5 17 8.5 6.5 6.2 6.7 6.3 5.3 2.8 3.4
s_
NO2
05/09 4.5 3.7 3.8 3 3.2 5.2 6.4 18 11 14 10 9.4 11 10 12 20 31 12 18 29 22 13 14 9.6
s_
NO2
05/10 7.8 4.7 4.4 4.6 4.7 10 15 23 21 20 17 20 19 17 17 19 21 19 18 15 9.1 6.8 8.7 8.5
s_
NO2
05/11 7.6 8.6 6.6 4.9 4.4 4.9 7.3 18 22 15 8.6 6.3 11 10 9 8 9.9 10 13 12 11 9.2 8.3 8.4*
s_
NO2
05/12 4.9x 1.5* 1.6* 3.5x 4.1* 4.8* 6.2* 5.7* 7.9* 5.5* 4.2# 3.2# 4.2# 3.3 3.5 4 3.6 4.5 5.3 6.1 7.9 6.5 5.8 6.3
s_
NO2
05/13 4.4 3.5 3.6 3.9 3.8 5.6 8.9 16 9.7 13 13 9 6.7 6.1 6.5 6.5 7.8 13 25 22 34 39 30 47
s_
NO2
05/14 43 29 33 31 25 15 19 22 18 20 15 8.2 7.2 6.7 3.6 2.6 5.1 8.4 12 13 11 21 25 20
s_
NO2
05/15 21 21 13 17 15 19 19 27 28 29 17 17 11 8.4 6.2 6.7# 5.2 16 34 44 39 34 36 22
s_
NO2
05/16 14 9.9 10 9.5 7.2 8.5 11 11 12 9.9 12 10 8 7.8 8.9 9.7 9.5 8.6 10 9.9 12 12 8.3 7.1
s_
NO2
05/17 5.1 5.4 5.8 5.4 4.3 8 18 18 21 17 17 18 13 14 13 22 21 39 38 15 7.5 7.5 14 16
s_
NO2
05/18 11 8.5 7.6 4.5 4.2 5.1 9.4 9.7 11 11 16 8.8 4.3 4.8 5.6 10 12 16 9.8 8.6 3.3 3.2 5.2 6.5
s_
NO2
05/19 9.5 11 8.8 6 9.2 11 9.6 8.9 10 7.6 4.5 3.4 3.4 3.8 4.4 5.2 5.3 6.6 14 17 14 11 9.2 17
s_
NO2
05/20 23 10 9.2 7.6 6.3 9 12 14 17 22 11 8.5 NA NA NA NA NA NA NA NA NA NA NA NA
s_
NO2
05/21 NA NA NA NA NA NA NA NA NA NA 8.4# 12 13 11# 16 24 16 20 18* 16* 17 14 15 15
s_
NO2
05/22 14 16 9.4 8.4 8.6 11 14 33 31 30 38 41 40 34 35 32 25 31 36 31 41 24 21 22
s_
NO2
05/23 19 10 15 8.4 13 25 18 17 33 42 36 28 20 18 16 20 16 18 15 10 8.7 8.7 8.6 7.9
s_
NO2
05/24 5.3 3.1 2.8 2.5 3.1 5.3 9.3 14 17 16 13 14 14 11 14 15 12 11 9.5 10 8.9 9.2 8.2 9.5
s_
NO2
05/25 8.5 6.2 6 5.4 5.1 8.1 13 18 16 13 10 11 9 10 9.5 11 11 10 11 13 13 11 13 12
s_
NO2
05/26 12 10 10 5.6 5.5 6.4 7.4 11 14 8.8 4.1 4.3 3.6 2.9 3 3.5 4.8 6.5 10 15 12 18 20 20
s_
NO2
05/27 22 14 8.6 5.4 13 19 23 33 27 18 9.4 8.2 8.2 7.7 16 20 20 30 40 44 39 41 43 38
s_
NO2
05/28 17 8.5 9.5 7.4 7 18 16 28 14 20 26 25 12 7 7.5 11# 7 8.2 5.5 3.6 4.4 4 4.3 5.2
s_
NO2
05/29 5.6 5.9 5.2 5.2 7.5 11 18 19 19 17 13 11 9.3 11 11 18 12 9.6 13 15 13 15 11 13
s_
NO2
05/30 12 8.8 8.8 7.7 7.3 10 13 25 26 22 17# 21 5.7 4.7 4.6 3.7 3.9 4.1 3.6 3.1 3.6 29 37 32
