s_
SO2
01/01 1.1 0.7 1 1 0.8 0.9 1 0.8 1 1.1 1 1 1.1 1 1 1 1 1 1.1 1.2 1.1 1.1 1 1
s_
SO2
01/02 0.4 1 1.1 1.1 1 1.7 1.5 1.4 1.3 1.8 2.2 2.4 2.2 2.3 2.4 2.3 2 1.8 2.2 2 1.9 1.7 1.6 1.4
s_
SO2
01/03 1.6 1.4 1.3 1.3 1.3 1.4 1.4 1.6 1.7 2.2 2.5 2.7 3 2.9 3.1 3.8 3.1 3.4 3.3 1.9 1.7 1.6 1.5 1.3
s_
SO2
01/04 1.5 1.4 1.3 1.2 1.3 1.2 1.4 1.6 1.8 1.7 1.7 3.5 3.5 2.5 2.4 2.8 1.9 1.8 1.5 1.6 2.1 3 3.4 5
s_
SO2
01/05 3.7 2.1 2.5 3.1 2.5 2.3 2.4 2.7 1.5 1.8 2.2 2.2 1.3 1.5 1.6 1.4 1.5 1.3 1.1 1.3 1.3 1.3 1.3 1.3
s_
SO2
01/06 1.3 0.9 0.8 0.8 0.8 1 0.9 1 0.9 0.8 0.9 1 1 1.1 0.9 1.1 1.2 1.5 1.8 1.6 1.5 1.6 1.7 1.5
s_
SO2
01/07 2 1.4 1.7 2 1.6 1.6 1.5 1.5 1.4 1.5 1.5 1.6 1.6 1.6 1.7 1.9 1.8 1.9 1.9 2 1.8 1.7 2.4 2.6
s_
SO2
01/08 7.3 5.3 5.1 2.9 1.8 1.7 1.6 1.8 1.7 1.7 1.9 2 1.6 1.8 1.8 1.8 1.7 1.9 1.9 2.2 1.9 1.7 1.7 1.7
s_
SO2
01/09 1.9 1.5 1.5 1.5 1.4 1.5 2 2.7 3.2 3.2 2.9 2.8# 2.6 2.9 2.1# 3 1.7 1.7 1.8 1.5 1.7 1.4 1.4 1.4
s_
SO2
01/10 1.4 1.2 1.1 1.1 1 1.2 1.3 1.4 1.7 2 3.9 3.8 2.9 2.1# 1.4 1.5 1.4 1.5 1.5 2.5 1.7 2.9 2.7 2.6
s_
SO2
01/11 1.9 1.7 1.7 2.8 2.2 2 2.4 3 2.4 2 2.7 2 2.1 1.9 2.4 2.3 1.8 1.7 2.1 1.7 2 2.4 2.9 3.2
s_
SO2
01/12 3.9 1.7 1.8 1.8 1.4 0.9 0.9 1.1 1.1 1 1.1 1.2 1.2 1 1.2 1.1 1 1.2 1.1 1 0.9 1.1 1.1 0.8
s_
SO2
01/13 0.9 1.6 1.5 1.5 1.5 1.5 1.5 1.6 1.6 1.6 1.9 1.6 1.6 1.6 1.7 1.5 1.6 1.8 1.7 1.6 1.7 1.7 1.9 2.1
s_
SO2
01/14 2.2 2.2 2.4 2.5 1.9 1.8 1.9 2.5 2.5 2.1 1.9 1.9 1.9 2 2.2 2.7 3.2 2.6 2.2 2.2 2.1 2 1.8 1.7
s_
SO2
01/15 2.1 1.4 1.4 1.3 1.6 1.8 2 2.5 2.9 2.6 2.8 2.9 2.1 2 1.9 1.7 1.5 1.6 1.4 1.4 1.3 1.3 1.3 1.1
s_
SO2
01/16 0.7 0.4 0.5 0.4 0.3 0.5 0.3 0.6 0.7 0.6 0.7 0.7 0.7 0.9 0.9 0.8 0.8 0.6 0.5 0.5 0.3 0.4 0.3 0.4
s_
SO2
01/17 0.4 0.8 0.6 0.6 0.8 0.8 0.8 0.8 1 1.5 1.4 1.1 1 1.1 1.1 1.4 1.4 1.2 1.3 1.2 1.3 1.3 1.4 1.5
s_
SO2
01/18 1.9 1.4 1.4 2.2 1.6 0.9 1 1 1.1 1.2 1 1 1.2 0.9 0.9 1 1 1 1.1 1.2 1 0.8 0.9 1
s_
SO2
01/19 0.4 1.2 1.1 1.2 2.5 3.3 2 2.6 3.6 4 3.8 4.9 4.4 4.6 3.1 2.4 2.6 2.8 3.1 3 2.7 2.2 2 1.6
s_
SO2
01/20 1.5 2.5 2.7 2.3 2.4 2.7 2.2 2.3 2.2 2.6 2.3 1.4 1.4 1.4 1.4 1.4 1.3 1.4 1.3 1.2 1.3 1.3 1.2 1
s_
SO2
01/21 0.9 1 0.9 0.8 0.7 0.7 0.7 0.9 1 0.9 1 1.3 1.2 0.9 1 1 0.8 0.8 1 0.9 0.8 0.9 0.8 0.9
s_
SO2
01/22 1 0.6 0.7 0.8 0.9 0.8 0.9 1.2 1.4 1.5 1.9 2.4 2.8 2.9 3.1 3.2 3.2 2.6 2.4 2.5 2.6 1.8 2.2 2.7
s_
SO2
01/23 2.2 2.9 3.1 3.1 2.7 2.6 2.6 3 3.5 3.7 2.8 2.8 3.4 3# 3.6# 3.9x 4.2# 4.4 3.8 3.5 3.1 2.7 2.5 2.8
s_
SO2
01/24 2.6 2 2 2.2 2.1 2.1 2.2 2.2 2.3 2.2 2.1 3.4 3.6 3.6 2.8 3.5# 3.5 2.8 2.4 2.8 3.2 3.5 4 4.1
s_
SO2
01/25 3.9 4.3 4.4 3.3 2.7 2.1 2.3 3.2 2.4 3.3 3.3 3.2 2.4 2.1 2.1 2 2 1.9 1.9 2 1.8 2 2.1 2.1
s_
SO2
01/26 2 1.8 1.6 1.6 1.4 1.5 1.4 1.4 1.3 1.4 1.4 1.3 1.7 1.7 1.5 1.2 1.2 1.3 1.3 1.2 1.4 1.1 1.2 1.1
s_
SO2
01/27 1 0.9 0.8 0.9 1 1.2 1.1 1.3 1.3 1.2 1.1 1.2 1.4 1.5 1.2 1.6 1.5 1.5 1.4 1.6 1.4 1.3 1.2 1.2
s_
SO2
01/28 0.9 2 2.3 2.8 3.2 2.5 1.7 1.8 1.9 2.3 2.2 2.5 2.2 1.9 1.8 1.9 2.3 4.5 4.9 6.1 3 3.4 4.8 2.8
s_
SO2
01/29 3.1 2.5 2.3 2.1 2.7 3.2 2.7 3.2 3.7 4.1 2.3 2.2 2.2 2.3 3 2.4 2.4 2.2 2.3 2.3 2.1 2.2 2.1 2
s_
SO2
01/30 1.7 1.4 1.3 1.4 1.5 1.5 1.5 2.6 4.2 3.3 11 8.8 6.5 4.3 4.5 3.6 3.8 4.6 5.1 4.3 3.4 2.6 2.3 2.6
s_
SO2
01/31 2.3 2.7 2.6 2.1 2.1 3.2 2.9 3.7 7.4 5.3 4.8 4.7 4.4 4.1 3.8 3.2 3.5 2.5 2.1 2.1 1.8 1.8 1.7 1.7
s_
SO2
菏代~るG2019/02A 代浮GLfA 代兜GSO2]ppb^
s_
SO2
ら戳 00 01 02 03 04 05 06 07 08 09 10 11 12 13 14 15 16 17 18 19 20 21 22 23
s_
SO2
02/01 1.4 1.1 1.1 1 1 1 1 1.2 1.1 1.2 1.1 1.2 1.2 1.2 1.2 1.4 1.4 1.9 1.5 1.9 1.2 1.2 1.2 0.9
s_
SO2
02/02 1 1.5 1.2 1.3 1.3 1.2 1.3 1.9 4 2.2 1.8 2.5 4.3 4.8 3.3 2.8 2.4 2.3 1.7 1.5 1.9 1.7 1.9 2.2
s_
SO2
02/03 2.3 3.1 3.2 2.4 2.5 2.6 2.6 2.2 2.2 3.6 3.1 3.1 4.1 4 5.4 4 3.4 3 2.7 2.4 2.4 3.8 5 3.7
s_
SO2
02/04 2.5 2.6 2.3 1.2 1.1 1 1.1 1 1 1 1.1 1.1 1.2 1.2 1.2 1.2 1.2 1.1 1.3 1.3 1.3 1.2 1.2 1.2
s_
SO2
02/05 1.4 1.1 0.9 0.9 0.9 0.8 0.8 0.8 1 1.1 1.2 1.1 1.2 1.2 1.3 0.9 0.9 0.8 0.9 1.1 2.5 2 1.4 1.8
s_
SO2
02/06 3.3 2.6 1.5 1.5 3.4 2.2 1.7 1.3 1.6 2.6 2.4 2.1 2.3 2.4 2.5 2.9 3.7 5.8 3.7 3.1 2.2 1.9 2 2.1
s_
SO2
02/07 3.3 2.8 2.9 2.9 2.3 2 2.6 4.7 2.8 2.5 2.3 1.8# 1.5 1.4 2.4 2.5 2.8 2.5 2 1.6 1.6 1.5 1.6 1.6
s_
SO2
02/08 1.3 1.3 1.2 1.1 1.2 1.1 1.3 1.2 1.2 1.2 1.2 1.2 1.2 1.2 1.4 1.6 1.5 1.5 1.2 1.2 1.2 1.1 1.2 1.3
s_
SO2
02/09 1.6 1.4 1.4 1.3 1.2 1.4 1.4 1.3 1.2 1.4 1.3 1.3 1.2 1.3 1.4 1.4 1.3 1.2 1.3 1.2 1.2 1.2 1.3 1.2
s_
SO2
02/10 1.1 1.6 1.5 1.5 1.5 1.5 1.4 1.6 1.7 1.8 2.3 2.3 1.7 1.6 1.6 1.7 1.5 1.6 1.6 1.6 1.7 1.7 1.5 1.8
s_
SO2
02/11 1.4 1.1 1.2 1.1 1.1 1.1 1 1.2 1.2 1.2 1.2 1.4 1.4 1.3 1.2# 1.4 1.1 1.2 1.3 1.5 1.6 2.1 2.1 1.5
s_
SO2
02/12 2.1 1.3 0.8 0.7 0.6 0.7 0.7 1.2 1.6 1.6 0.8 0.8 0.9 0.8 0.9 0.8 1 0.8 0.7 0.6 0.6 0.6 0.7 0.7
s_
SO2
02/13 1.4 1.2 0.8 0.8 0.8 0.9 0.8 0.9 0.9 1 0.9 1 0.8 0.9 0.9 1 1.4 1 1 1 0.8 0.8 0.9 1.1
s_
SO2
02/14 0.7 1.7 1.7 1.4 1.4 1.4 1.4 1.6 1.7 1.7 1.6 1.9 1.8 1.7 1.5 1.7 1.5 1.5 1.4 1.5 1.7 1.7 1.7 1.6
s_
SO2
02/15 2.2 2.1 1.9 2 2 1.9 1.8 2 1.8 2.2 2.5 4 4.8 3.4 2.7 2.8 2.5 2.1 2.3 2.2 2 2.6 2.4 2.2
s_
SO2
02/16 1.5 1.9 1.9 1.8 1.8 1.8 1.8 1.8 1.9 2 2.1 2 1.8 1.8 1.8 1.8 1.7 1.7 1.8 2 1.7 1.6 1.7 1.6
s_
SO2
02/17 2.1 1.4 1.3 1.4 1.3 1.5 1.4 1.5 1.4 1.5 1.8 1.9 1.8 1.6 1.7 1.8 2.1 2.4 1.7 1.9 2.4 2.8 2.3 2.2
s_
SO2
02/18 1.5 1.4 1.1 1.2 1.3 1.3 1.3 1.9 1.4 1.6 1.9 4 2.5 1.2 1.1 1.3 1.4 1.3 1.1 1.3 1.2 1.1 1.2 1.8
s_
SO2
02/19 2.1 1.7 1.4 1.6 1.6 1.7 1.6 1.9 2.5 3.5 4 3 3.6 2.7 2.9 2.9 3 2.2 3.5 4.5 6.7 5.7 3.3 2.8
s_
SO2
02/20 2.5 1.7 1.3 1.3 1.5 1.6 2.6 3.9 4.3 3.7 4.3 2.2 1.6 2.1 1.2 0.9 0.9 1 0.9 1.1 1.2 1 1 1.2
s_
SO2
02/21 0.9 1.1 1.2 1.2 1.2 1 1.2 1.5 1.6 2.3 4.2 3.9 3.5 2.9 2 2.1 1.6 1.3 1.3 1.1 1.1 1.1 1.1 1.4
s_
SO2
02/22 1.5 1.4 1.1 1.1 1.2 1.2 1.2 1.4 1.4 1.3 1.4 1.3 1.2# 1.4# 1.4 1.5 1.2 1.4 1.3 1.3 1.2 1.2 1.3 1.3
s_
SO2
02/23 1.3 1.2 1.1 1 1.1 1.1 1.1 1.4 1.5 1.3 1.3 1.4 1.3 1.1 1.5 1.3 1.3 1.3 1.3 1.2 1.2 1.2 1.3 1.4
s_
SO2
02/24 1.4 1.5 1.5 1.6 1.6 1.5 1.7 1.7 1.7 1.8 1.7 1.7 1.8 1.7 1.6 1.6 1.6 1.5 1.6 1.6 1.5 1.5 1.6 1.6
s_
SO2
02/25 1.1 1 1 0.8 0.8 0.9 1 1.4 1 1 1 1.1 1 0.9 1.1 1.6 1 1 0.9 0.8 0.9 1 1 0.9
s_
SO2
02/26 1.2 1.4 1.3 1.5 1.4 1.5 1.6 1.8 1.9 2 1.9 1.8# 1.7 2 2.9 2.6 3.4 3.6 2.7 2.4 2.7 2.7 2.8 3
s_
SO2
02/27 3.3 5.1 6.8 8.2 4.1 1.6 1.3 1.7 2.1 1.6 1.6 1.8 2.1 3.6 3 2.6 3.4 3.4 6.2 4.2 5.2 5.7 3.6 3.8
s_
SO2
02/28 3 1.8 1.5 1.2 1.2 1.2 1.4 1.5 1.3 1.6 1.4 1.2 1.2 1.3 1.3 1.3 1.2 1.5 1.4 1.3 1.2 1.3 1.1 2.1
s_
SO2
菏代~るG2019/03A 代浮GLfA 代兜GSO2]ppb^
s_
SO2
ら戳 00 01 02 03 04 05 06 07 08 09 10 11 12 13 14 15 16 17 18 19 20 21 22 23
s_
SO2
03/01 1.4 1.4 2 1.7 1.6 1.8 1.9 1.5 1.7 2 2.1 2.1 2 1.9 1.8 1.9 1.6 1.6 1.5 1.5 1.5 1.8 1.5 1.4
s_
SO2
03/02 1.4 0.8 0.8 0.8 0.7 0.8 0.9 1 0.8 0.8 1.3 1.2 1.3 1 0.9 0.7 1.7 1.1 1.3 1.4 1.2 0.8 0.9 1.1
s_
SO2
03/03 0.9 2.1 1.5 1.1 1.2 1.2 1 1 0.9 1.6 0.9 0.8 0.7 0.8 1.3 1.2 1 1 1.7 1.2 1 0.8 0.8 0.7
s_
SO2
03/04 0.8 1.2 1.3 1.3 1.4 1.5 1.3 1.6 1.5 1.5 2 2.4 2.1 1.9 1.7 1.8 1.9 2.6 5 4.9 4.5 3.7 3.2 2.9
s_
SO2
03/05 2.4 3.3 2.5 3.1 2.7 2.4 2.1 1.8 2.1 2.4 1.8 1.7 1.7 1.7 1.9 4.1 3 1.7 1.4 1.5 1.9 2.8 2.2 1.8
s_
SO2
03/06 2.6 3.1 2.6 2.4 2.5 2 2.5 2.9 2.8 1.9 1.6 1.4 1.5 1.5 1.5 1.5 1.4 1.3 1.4 1.2 1.5 1.4 1.2 1.2
s_
SO2
03/07 1 0.8 0.5 0.5 0.7 0.8 0.7 0.8 1.3 1.3 1.3 1.5 1.5 1.5# 1.5 1.3 1.2 0.9 0.9 1.2 1 0.9 1 1
s_
SO2
03/08 1.6 1.1 1.1 0.9 0.7 1.4 1.2 1.8 1.8 1.7 1.2 1.4 1.3 0.9 1.4 1.1 1 1.4 1 1.1 1 1 0.9 0.8
s_
SO2
03/09 0.9 1.1 1.5 1.2 1.1 1.2 1.2 1.3 1.2 1.2 1.3 1.8 1.7 1.8 1.7 1.8 1.7 1.3 1.6 1.5 1.3 1.4 1.2 1.3
s_
SO2
03/10 1.1 2 2.1 1.7 1.7 1.6 2.2 2.6 2.7 1.8 1.7 1.7 1.9 1.6 1.7 2 1.8 1.7 1.7 1.9 1.9 2.1 2.3 2.8
s_
SO2
03/11 2.2 2.4 2.5 2.5 2.2 2.3 2.3 2.4 2.4 2.6 2.7 2.2 2.2 2.4 2.4 2.8 3.8 3.9 4.2 2.7 3.7 2.8 2.7 2.2
s_
SO2
03/12 2.6 1.3 1.3 1.3 1.5 1.5 1.5 1.5 1.7 1.7 1.5 1.7 2.5 2.3 1.9 2 2 1.8 1.3 1.5 1.8 1.5 1.7 1.6
s_
SO2
03/13 1.3 1.6 1.5 1.5 1.5 1.7 1.7 2.2 2.3 2 1.7 1.5 1.5 1.5 1.6 1.4 1.3 1.5 1.3 1.4 1.3 1.4 1.4 1.4
s_
SO2
03/14 0.9 1.2 1.4 1.4 1.3 1.3 1.4 1.6 2.1 3.7 3.2 3.6 3.4 2.8 1.9 1.6 1.6 1.4 1.4 1.6 1.3 1.3 1.2 1.2
s_
SO2
03/15 1.6 1.4 1.4 1.4 1.4 1.5 1.6 2 1.9 1.5 1.6 1.7 1.5 1.9 2.1 2.1 2.7 2.4 2.4 2.3 2.4 2.3 2.2 2.3
s_
SO2
03/16 2.2 2.4 2.2 2.4 2.2 2.2 2.3 2.3 2.2 2.2 2.2 2.3 2.3 2.3 2.2 2.2 2.2 2 2 2.1 2.1 1.9 1.7 1.7
s_
SO2
03/17 1.6 1.3 1.5 1.2 1.4 1.4 1.6 1.5 1.4 1.6 1.8 1.7 1.7 2 2.2 1.6 1.5 1.9 1.5 2.3 2 2.1 2.1 1.6
s_
SO2
03/18 1 1.6 1.7 1.8 2.4 3.4 8.1 4.9 4.1 3.3 3 2.3 2 2.1 1.7 2 2.7 3.1 2.3 2.1 2.6 2.4 1.9 2.1
s_
SO2
03/19 2.2 1.6 1.8 1.4 1.4 1.3 1.3 1.6 2.2 2.6 2.2 2.2 3 3.2 3.3 2 1.5 1.5 1.3 1.4 1.4 1.3 1.3 1.2
s_
SO2
03/20 0.9 1.2 1.3 1.3 1.3 1.2 1.3 1.6 2.4 6.8 6.6 4.6 2.8 3.9 3.6 3.1 3.4 4.7 3.3 2.4 2 2 2.3 2.2
s_
SO2
03/21 2.8 2.6 4.3 4.5 4.5 2.5 2.1 2.5 2.7 3.2 3.6 3.1 3.7 3.4 2.9# 2.7 3.4 3.9 3.3 2.8 2.1 1.6 1.6 1.5
s_
SO2
03/22 1.7 1.8 1.8 1.7 1.7 1.7 1.7 1.9 1.8 2.5 3.3 1.9 1.7 1.6 1.7 1.6 1.5 1.5 1.5 1.5 1.5 1.4 1.5 1.3
s_
SO2
03/23 1.1 1.2 1.3 1.2 1.3 1.3 1.3 1.2 1.4 1.1 1.3 1.3 1.3 1.3 1.3 1.3 1.3 1.2 1.3 1.3 1.4 1.3 1.2 1.4
s_
SO2
03/24 1.7 1.8 1.8 1.6 1.7 2 1.8 1.7 1.8 1.7 1.8 1.7 1.6 1.9 1.7 1.9 2 1.8 1.9 1.9 2 1.9 1.9 2.3
s_
SO2
03/25 1.5 1.5 1.5 2 3.7 2.2 2.5 3.1 2.9 3.4 2.7 2.2 1.4 1.2 1.2 1.6 1.3 1.1 1.1 1.3 1.2 1.2 1.1 1.2
s_
SO2
03/26 1.8 2.1 2 2.2 2.1 2.1 2.5 3.1 2.5 2.5 2.4 2.7 2.8 2.9 2.9 3.6 3.5 2.7 2.5 2.6 2.3 2.1 2.1 2
s_
SO2
03/27 2 1.1 1.1 1.3 2.4 3.4 3.6 3.8 3.5 4.1 3.6 2.9 2.6 3.5 3.7 3.6 4 3.5 3.5 3.5 1.9 1.8 2 4.4
s_
SO2
03/28 4.5 5.3 4.1 4.4 4 3.2 2.6 3.5 3.6 3.3 2.7 1.7 1.4 2.1 2.3 2.3 2.8 2.4 3.3 2.3 2.4 3.1 3 2.6
s_
SO2
03/29 3 3.2 4 1.2 0.9 1.5 1.8 1.3 1.5 1.9 1.3 1 0.7 0.6 0.7 0.7 0.8 0.8 0.7 0.6 0.9 0.7 0.6 0.4
s_
SO2
03/30 0.3 1.1 1.3 1.1 1 1.4 1.8 1.6 1.1 1 1.3 1.2 1.5 1.3 1.5 1.5 1.3 1.1 1.7 1.5 1.3 2 3 2.3
s_
SO2
03/31 1.8 1.1 1.2 1.2 1.2 1.5 1.6 1.4 1.5 1.7 1.5 2 1.5 1.3 1.4 1.3 1.2 1.3 1.6 1.3 1.5 2.2 1.6 1.1
s_
SO2
菏代~るG2019/04A 代浮GLfA 代兜GSO2]ppb^
s_
SO2
ら戳 00 01 02 03 04 05 06 07 08 09 10 11 12 13 14 15 16 17 18 19 20 21 22 23
s_
SO2
04/01 0.8 1.5 1.6 1.5 1.6 1.5 1.4 1.5 1.9 3 2 1.8 1.6 1.8 2 2.3 2.4 2.5 3.3 2.2 1.8 1.9 1.8 1.9
s_
SO2
04/02 2 0.8 0.8 0.7 0.7 0.7 0.7 0.8 0.9 1 1 1 1 0.9# 1.1 1.3 1.5 1.6 3.6 3.6 2.3 1.9 4.2 3.9
s_
SO2
04/03 1 7.4 5.8 1.8 1.5 1.6 1.5 3.2 3.2 3.1 2.6 2.8 2.8 1.9 2.8 2.8 2.9 3.2 2.4 2.2 1.6 1.9 1.5 2.7
s_
SO2
04/04 1.9 1.7 1.7 1.6 1.5 1.6 1.6 1.7 1.8 1.8 3 3.7 3.3 3.5 3.4 2.4 1.8 1.7 1.4 1.6 1.6 1.7 1.8 2.2
s_
SO2
04/05 2.7 2.6 2 1.8 1.5 1.5 1.6 1.6 1.4 1.6 1.7 1.8 1.9 2.3 2 1.8 2 1.7 2.1 2.6 2 2.4 3.5 2.3
s_
SO2
04/06 1.2 2.6 2.6 3 2.9 2.3 1.9 2 1.9 3.2 4.1 3.6 3.2 3.3 3.1 4 3.7 3.6 4.6 4.1 4.1 3.3 2.9 2.9
s_
SO2
04/07 4.6 3.5 3.4 2.8 2.7 3.1 2 2.7 2.7 2.5 2.1 2.3 2.4 2.7 2.3 1.9 2.3 2.4 2.3 3 3.2 2.1 2 2.4
s_
SO2
04/08 2.6 2.9 3.2 3.4 3.2 2.8 3 5 5.6 5.8 6 7.5 6.7 7.1 3.7 2.4 2.8 2.9 3.3 6.9 9.6 8.4 7.2 8.1
s_
SO2
04/09 12 6 5.3 4.2 4.6 5.5 5.3 6 3.9 3 4.1 3.2 3.6 3.6 2.4 2 1.4 1.6 1.8 2 2.1 1.5 1.8 2.4
s_
SO2
04/10 1.9 1.7 1.3 1.9 2.6 3.2 3 3.1 2.5 2.7 2.3 2 1.6 1.8 1.5 1.5 1.6 1.4 1.2 1.3 1.4 1.3 1.7 2.9
s_
SO2
04/11 3.2 4.3 2.5 2.5 2.8 2.4 1.5 1.5 1.8 1.6 2.1 3 3.2 3.6 2.8 1.3 1.2 1.2 1.3 1.5 1.3 1.3 1.3 1.2
s_
SO2
04/12 1.4 0.8 0.9 1 1 0.8 1 1 1.1 1.6 1.5 1.3 1.2 1.4 3.2 3.6 4 3.7 4.6 1.6 1.1 1.1 1.1 0.9
s_
SO2
04/13 0.7 1.9 2 1.9 1.9 2.2 1.9 2 2.1 2.4 2.3 3.4 4 3.2 3.7 2.7 2.3 2.2 3.1 3.7 2.3 2.3 2.6 2.3
s_
SO2
04/14 1.9 1.3 1.3 1.2 1.3 1.3 1.5 1.7 1.5 1.4 1.5 1.5 1.8 1.6 1.5 1.5 1.4 1.4 1.4 1.4 1.3 1.7 1.8 1.5
s_
SO2
04/15 1.6 1.5 1.6 1.7 1.7 2.1 1.8 1.7 1.8 1.7 1.8 1.9 1.7 2.4 2.5 2.9 2.9 3 2.9 2.1 1.4 1.3 1.4 1.2
s_
SO2
04/16 0.9 1.7 1.7 1.7 1.7 2.8 2.8 2.1 2 1.9 1.7 1.8 1.6 1.5 1.4 1.6 1.8 1.9 1.8 2 1.9 1.8 2 1.9
s_
SO2
04/17 2.4 1.2 1.4 1.4 1.4 1.7 1.7 1.8 1.6 1.6 1.5 1.6 1.8 1.5 1.5 1.8 1.8 1.6 2.5 3.9 5.2 2.3 1.7 1.5
s_
SO2
04/18 0.9 1.2 1.2 1.2 4.8 5.9 5 5 4.7 4.2 3.2 3.6 3.4# 3.7# 3.2# 2.8x 2.9# 2.8 3.9 2.8 3.4 2.9 1.9 1.6
s_
SO2
04/19 1.5 2.4 2.5 2.2 2.1 4.4 4.5 2.8 3.3 4.7 3.5 4.1 4.8 4.8 4.7 3.7 3.3 3.2 2.6 2.6 2.6 2.4 3.1 4
s_
SO2
04/20 3.8 6.6 4.3 3 2.6 3 4.5 4.6 3.8 3.5 3.1 3.4 3.7 3.3 3 2.7 3 2.8 2.4 2.2 2.4 2 2.2 1.9
s_
SO2
04/21 2.3 1.2 1 1 0.7 0.7 1.4 3.6 1.6 1.6 2.3 3.3 2.2 2 1.9 2.2 1.7 1.3 1.5 1.5 1.6 1.7 2.1 2.7
s_
SO2
04/22 2.2 1.8 3.2 1.2 1.2 1.3 1.4 2.5 4.4 4.3 3 2.4 1.5 2.3 3.1 3.1 2.9 3 3.1 3.3 2 2.5 2.3 2.9
s_
SO2
04/23 2.2 3.2 2.7 2.9 3.5 3 5.9 4.7 4 3.8 2.9 2.7 3.3 3.4 4.1 4.1 3.8 3.3 3.9 4.9 5.3 3.9 4 2.9
s_
SO2
04/24 4.3 6.2 5.1 3.6 3.5 4.3 6.5 5.1 4.1 3.1 2.7 2.9 2.6 2.5 3 2.7 3.4 2.6 2.6 3.2 3.3 3 3.2 3.3
s_
SO2
04/25 2.5 4.1 3.3 4.8 5.3 4.5 3.4 2.6 2.8 2.6 2.8 2.4 2.7 2.7 3.3 3.2 3.2 3.1 3.8 3.5 2.3 3.3 2.4 2
s_
SO2
04/26 1.7 1.3 1.1 1 1.2 1.7 1.5 1.6 1.9 2.5 2.4 1.6 2.3 2.2 1.6 1.6 2.1 3.9 3.6 1.6 1.7 2.8 3.7 2.8
s_
SO2
04/27 2 1.4 1.4 1.4 1.3 1.4 1.7 2.1 1.6 1.5 1.5 1.4 1.5 1.7 2 2.2 2.6 3.3 3.4 3.3 2.2 1.9 2.1 1.7
s_
SO2
04/28 1.8 1.1 1.1 1.9 1.8 1.5 3.6 3.8 3.3 1.9 0.9 1.2 1.2 1.4 2 2.2 2 2.3 3.7 3.5 3.1 2.6 2.5 1.6
s_
SO2
04/29 2.5 3.2 3.5 2.4 3.6 2.3 11 5 4.8 6 5 4.5 6.5 4.2 3.6 3.7 3.6 3.6 3.7 2.6 2.8 3 5.5 5.9
s_
SO2
04/30 4.1 4.5 5 3.3 2.4 1.8 2.2 3.9 4.2 3.2 2.8 2.3 1.9 1.7 1.9 1.6 1.9 1.8 2.4 2.3 2.1 1.8 1.6 1.7
s_
SO2
菏代~るG2019/05A 代浮GLfA 代兜GSO2]ppb^
s_
SO2
ら戳 00 01 02 03 04 05 06 07 08 09 10 11 12 13 14 15 16 17 18 19 20 21 22 23
s_
SO2
05/01 1.7 2.1 2.3 2 1.5 1.6 1.5 1.6 1.6 1.4 1.6 1.5 1.6 1.5 1.7 1.7 1.7 1.6 1.6 1.7 1.7 1.8 1.7 1.7
s_
SO2
05/02 1.6 1.8 1.7 1.8 1.9 2.3 2.9 2.5 2.4 2 2# 1.8 1.7 1.7 1.8 1.8 1.8 2 2 2 2 1.7 1.7 1.5
s_
SO2
05/03 1.8 2.8 3.5 1.2 1.1 1.1 1.4 1.7 1.7 1.6 1.7 1.7 1.5 1.3 1.3 1.5 1.4 2.1 2.7 1.8 1.7 1.4 1.4 1.3
s_
SO2
05/04 1.5 1.5 1.6 1.8 1.7 1.5 1.6 1.6 1.6 1.5 1.6 1.5 1.6 1.5 1.6 1.8 1.6 1.7 1.7 1.6 1.7 1.8 1.7 1.6
s_
SO2
05/05 1.7 1.3 1.3 1.3 1.2 1.2 1.2 1.1 1.1 1.3 1.2 1.1 1.2 1.1 1.1 1 1.1 1.1 1.3 1.3 1.4 1.3 1 1.2
s_
SO2
05/06 1.5 1.2 1.1 1.2 1 1.2 1.2 1.5 1.3 1.2 1.5 1.5 1.1 1.3 1.4 1.7 1.5 1.5 1.4 1.3 1.5 1.3 1.5 1.3
s_
SO2
05/07 0.7 1.2 1 1.1 1 1.1 1 1.1 1.4 1 1.1 1.2 1.4 1.5 1.5 1.6 1.6 1.6 1.4 1.4 1.7 1.3 1.4 1
s_
SO2
05/08 1.7 0.8 1 1 1 1 1.1 1.5 1.1 1.4 1.2 1.7 1.2 1.1 1.1 1.1 1.1 1 1.1 1 1.1 1 0.9 1
s_
SO2
05/09 0.9 1 1 1 1 1 1 1.3 1.3 1.1 1.2 1.2 1.1 1.2 1.1 1.2 1.4 1.2 1.2 1.3 1.2 1.1 1.3 1.4
s_
SO2
05/10 2 1.5 1.3 1.7 1.7 2.1 1.9 1.5 2 2.8 2.1 2 1.8 2 1.8 2.2 3.1 2.2 2.1 1.4 1.7 1.2 1.4 1.6
s_
SO2
05/11 2.5 4.2 3.6 2.3 2 2.3 1.9 2.2 4.1 2.8 2.1 2.1 1.9 1.8 2 2 2.2 2.5 1.9 1.7 1.9 3 2.7 2.8
s_
SO2
05/12 1.8 1 0.8 1 1.8 2.4 2.8 1.9 2 1.5 1.7 1.2# 0.5# 0.5 0.6 0.7 0.6 0.5 0.9 1.2 1.4 0.9 0.6 0.7
s_
SO2
05/13 0.9 1.1 1 1 1 1.1 1.1 1.4 1.8 2.8 4.3 3.5 2.8 1.9 2.1 2.6 2.8 3.1 3.4 2.2 2.6 4.5 3.4 12
s_
SO2
05/14 8.4 6.1 7.9 6.1 6.6 5.3 5.3 6 4.9 5.3 4.9 3.5 3.5 2.9 2.8 2.4 2.3 2.5 2.6 2.4 2.2 2.4 2.3 2.3
s_
SO2
05/15 3.3 2.7 1.9 2.2 2.2 2.5 2.3 2.7 3.1 2.7 3.2 3.7 3.7 3.1 2.6 2.9# 2 2.7 3.3 3.5 3.8 2.7 2.9 5.5
s_
SO2
05/16 3 1.8 2.6 2.6 2.2 2.1 2.6 2.7 2.5 2.2 2.1 2.3 1.9 1.8 2.1 2.2 2.1 1.4 1.7 2 2.6 2.3 2 1.7
s_
SO2
05/17 2.1 2.3 2.5 1.9 1.8 1.8 2.4 1.9 2.1 1.9 1.7 1.9 1.8 2 2.5 2.6 3 2.5 2.6 3 2.3 2.7 3.7 3.6
s_
SO2
05/18 3.2 3.3 3.5 2.5 2.1 2.2 2.2 2.2 2 2.3 2 2 1.8 1.8 1.9 2 1.9 2 2 2 1.7 1.6 1.8 1.9
s_
SO2
05/19 2.6 3.6 2.9 2.4 3.4 3.4 3.3 3.2 3.6 2.9 2.2 2.3 2.4 2.3 2.3 2.4 2.6 2.4 2.8 2.5 2.9 2.5 2.4 2.8
s_
SO2
05/20 5 1.8 1.7 1.7 1.4 1.6 2.1 1 1.1 1.2 1.1 1.1 NA NA NA NA NA NA NA NA NA NA NA NA
s_
SO2
05/21 NA NA NA NA NA NA NA NA NA NA -0.3# -0.3# -0.3# 2.6# 1.9 1.4 1.8 2.7 2.4 1.1 0.8 0.7 0.7 0.7
s_
SO2
05/22 1.3 4 2.7 3.5 3.4 4.3 2.4 3.9 2.6 1.7 1.6 1.9 2.3 1.3 1.9 3.1 2.4 1.2 0.9 0.6 0.3 0 -0.3 -0.2
s_
SO2
05/23 1.7 0.7 0.8 0.7 1.4 1.6 0.7 0.3 0.4 0.2 0 -0.3 -0.7* -0.8* -0.9* -1.3* -1.4* -1.5* -1.6* -1.9* -2* -2.3* -2.4* -2.6*
s_
SO2
05/24 0.4 0.7 0.5 0.4 0.2 0.1 0.1 -0.1 0 -0.3 1.3 1.1 1 0.9 0.6 0.3 0.3 0 -0.2 -0.2 -0.4 -0.3 -0.6* -0.8*
s_
SO2
05/25 2.1 1 0.7 0 0.1 0.2 0.3 0.3 0.1 -0.2 -0.4 -0.6* -0.9* -1* -1.1* -1* -1* -1.1* -1.4* -1.2* -1.2* -1.4* -1.4* -1.5*
s_
SO2
05/26 0.9 0.9 0.8 0.9 0.7 0.5 0.6 0.8 0.8 1.7 1 1.1 1.4 1 1.1 0.7 0.7 0.9 0.6 0.1 -0.3 -0.6* -0.7* -0.7*
s_
SO2
05/27 0.4 1.2 1 0.9 1.3 3.2 3.1 2.7 2.4 2 1.8 1.6 1.7 0.7 0.7 0.2 0.1 0.3 0.3 0.1 0 0.1 0 -0.1
s_
SO2
05/28 2.2 3.5 5.7 5.2 4.4 4.8 4.2 3.9 2 1.7 1.8 2 1.5 1.5 1.3 2.5 2.3 2.4 2.3 2.2 2.2 2 2.1 2.1
s_
SO2
05/29 2.1 1.1 1.1 1.3 1.2 1.4 1.8 1.4 1.2 1.3 1 0.9 0.7 0.8 0.5 0.8 1.1 0.6 0.5 1 0.7 1.2 0.8 1
s_
SO2
05/30 2 2.1 2 2.1 2.7 3.7 2.8 3.5 3.5 3.3 2.4# 1.4 1.6 2.3 3.5 2.1 2 1.6 1.4 1 1.4 3.1 3.7 3.1