s_
CO
01/01 0.23 0.22 0.21 0.19 0.19 0.19 0.2 0.24 0.25 0.25 0.25 0.24 0.25 0.25 0.26 0.27 0.29 0.28 0.27 0.27 0.24 0.24 0.24 0.21
s_
CO
01/02 0.19 0.2 0.19 0.19 0.19 0.2 0.24 0.39 0.41 0.35 0.3 0.3 0.3 0.29 0.31 0.33 0.34 0.4 0.42 0.39 0.34 0.32 0.3 0.29
s_
CO
01/03 0.25 0.22 0.21 0.22 0.22 0.23 0.29 0.4 0.47 0.42 0.4 0.37 0.39 0.38 0.39 0.43 0.42 0.46 0.48 0.44 0.39 0.38 0.36 0.32
s_
CO
01/04 0.28 0.23 0.22 0.21 0.2 0.2 0.23 0.36 0.45 0.37 0.33 0.45 0.46 0.29 0.23 0.25 0.25 0.25 0.26 0.25 0.42 0.44 0.33 0.26
s_
CO
01/05 0.24 0.25 0.24 0.24 0.23 0.24 0.24 0.28 0.23 0.28 0.26 0.39 0.24 0.42 0.34 0.47 0.43 0.44 0.47 0.51 0.53 0.55 0.55 0.41
s_
CO
01/06 0.35 0.38 0.37 0.37 0.35 0.33 0.31 0.33 0.37 0.44 0.42 0.46 0.45 0.45 0.46 0.48 0.46 0.46 0.44 0.38 0.33 0.31 0.31 0.29
s_
CO
01/07 0.26 0.25 0.24 0.24 0.24 0.25 0.28 0.38 0.42 0.36 0.33 0.32 0.33 0.33 0.36 0.41 0.43 0.56 0.67 0.69 0.64 0.8 0.87 0.71
s_
CO
01/08 0.79 0.47 0.41 0.33 0.22 0.21 0.22 0.26 0.25 0.25 0.24 0.24 0.25 0.27 0.29 0.28 0.3 0.4 0.43 0.48 0.38 0.34 0.32 0.31
s_
CO
01/09 0.29 0.27 0.27 0.27 0.27 0.28 0.32 0.41 0.43 0.37 0.35 0.38# 0.42 0.41 0.39# 0.4 0.39 0.46 0.5 0.48 0.46 0.44 0.41 0.39
s_
CO
01/10 0.36 0.34 0.33 0.32 0.32 0.33 0.36 0.47 0.49 0.42 0.58 0.35 0.32 0.29# 0.25 0.24 0.25 0.27 0.43 0.72 0.56 0.72 0.67 0.76
s_
CO
01/11 0.48 0.31 0.32 0.64 0.49 0.43 0.51 0.5 0.37 0.29 0.54 0.22 0.21 0.19 0.25 0.24 0.23 0.22 0.23 0.24 0.47 0.63 0.71 0.43
s_
CO
01/12 0.44 0.25 0.29 0.3 0.24 0.22 0.23 0.25 0.26 0.28 0.32 0.39 0.33 0.33 0.34 0.37 0.45 0.58 0.6 0.56 0.54 0.59 0.62 0.61
s_
CO
01/13 0.58 0.6 0.54 0.45 0.43 0.44 0.47 0.52 0.53 0.52 0.55 0.46 0.44 0.43 0.45 0.42 0.42 0.47 0.48 0.51 0.53 0.51 0.47 0.43
s_
CO
01/14 0.4 0.36 0.35 0.33 0.33 0.33 0.37 0.48 0.53 0.45 0.39 0.38 0.37 0.36 0.36 0.37 0.39 0.43 0.44 0.42 0.38 0.37 0.35 0.33
s_
CO
01/15 0.31 0.29 0.28 0.26 0.29 0.34 0.49 0.64 0.63 0.49 0.4 0.48 0.31 0.36 0.33 0.28 0.27 0.3 0.29 0.28 0.27 0.27 0.26 0.25
s_
CO
01/16 0.25 0.25 0.33 0.4 0.43 0.45 0.44 0.51 0.48 0.42 0.41 0.41 0.46 0.45 0.54 0.55 0.56 0.52 0.34 0.33 0.29 0.27 0.25 0.24
s_
CO
01/17 0.24 0.3 0.3 0.29 0.29 0.29 0.3 0.33 0.32 0.37 0.36 0.36 0.34 0.33 0.35 0.36 0.41 0.44 0.43 0.41 0.41 0.39 0.38 0.38
s_
CO
01/18 0.36 0.29 0.3 0.29 0.28 0.27 0.28 0.33 0.37 0.32 0.25 0.24 0.25 0.22 0.21 0.22 0.24 0.33 0.38 0.32 0.3 0.29 0.28 0.27
s_
CO
01/19 0.25 0.23 0.23 0.23 0.28 0.41 0.43 0.72 0.7 0.5 0.36 0.36 0.29 0.24 0.24 0.24 0.29 0.45 0.61 0.82 0.85 0.68 0.62 0.44
s_
CO
01/20 0.36 0.3 0.34 0.29 0.33 0.45 0.29 0.27 0.3 0.34 0.27 0.38 0.44 0.55 0.66 0.63 0.58 0.66 0.54 0.48 0.49 0.49 0.5 0.48
s_
CO
01/21 0.46 0.42 0.38 0.3 0.29 0.28 0.29 0.32 0.32 0.26 0.27 0.33 0.31 0.24 0.21 0.21 0.23 0.27 0.3 0.27 0.24 0.21 0.21 0.21
s_
CO
01/22 0.21 0.22 0.24 0.27 0.26 0.26 0.27 0.33 0.35 0.35 0.34 0.34 0.35 0.37 0.36 0.38 0.39 0.42 0.41 0.47 0.45 0.4 0.37 0.45
s_
CO
01/23 0.49 0.38 0.36 0.35 0.33 0.35 0.39 0.54 0.57 0.46 0.37 0.36 0.36 0.38# 0.39# 0.38x 0.38# 0.44 0.47 0.49 0.45 0.43 0.44 0.4
s_
CO
01/24 0.36 0.34 0.34 0.34 0.34 0.35 0.35 0.47 0.58 0.42 0.34 0.33 0.34 0.35 0.35 0.33 0.35 0.39 0.45 0.49 0.49 0.44 0.44 0.45
s_
CO
01/25 0.44 0.41 0.37 0.35 0.37 0.37 0.46 0.72 0.73 0.62 0.41 0.39 0.31 0.3 0.29 0.3 0.3 0.32 0.36 0.32 0.31 0.33 0.32 0.34
s_
CO
01/26 0.32 0.31 0.27 0.23 0.17 0.18 0.18 0.2 0.21 0.29 0.28 0.28 0.33 0.33 0.26 0.19 0.19 0.21 0.23 0.2 0.2 0.18 0.16 0.15
s_
CO
01/27 0.15 0.13 0.14 0.13 0.13 0.14 0.17 0.21 0.2 0.19 0.22 0.22 0.2 0.2 0.18 0.19 0.2 0.24 0.26 0.29 0.3 0.31 0.28 0.26
s_
CO
01/28 0.22 0.18 0.17 0.16 0.15 0.17 0.23 0.39 0.38 0.42 0.37 0.31 0.16 0.14 0.14 0.14 0.21 0.38 0.35 0.28 0.33 0.3 0.21 0.26
s_
CO
01/29 0.26 0.2 0.18 0.17 0.18 0.19 0.24 0.32 0.4 0.33 0.27 0.26 0.26 0.25 0.26 0.25 0.28 0.34 0.37 0.33 0.31 0.31 0.31 0.31
s_
CO
01/30 0.31 0.27 0.22 0.22 0.22 0.22 0.29 0.59 0.87 0.53 0.55 0.51 0.44 0.35 0.38 0.34 0.35 0.71 0.84 0.77 0.81 0.84 0.85 0.88
s_
CO
01/31 0.73 0.77 0.56 0.32 0.27 0.27 0.28 0.39 0.47 0.41 0.38 0.36 0.33 0.26 0.24 0.24 0.31 0.41 0.49 0.4 0.42 0.47 0.46 0.41
s_
CO
菏代~るG2019/02A 代浮GLfA 代兜GCO]ppm^
s_
CO
ら戳 00 01 02 03 04 05 06 07 08 09 10 11 12 13 14 15 16 17 18 19 20 21 22 23
s_
CO
02/01 0.36 0.29 0.26 0.26 0.26 0.29 0.33 0.4 0.39 0.37 0.37 0.41 0.43 0.44 0.44 0.49 0.49 0.49 0.47 0.44 0.37 0.33 0.31 0.29
s_
CO
02/02 0.28 0.28 0.29 0.29 0.3 0.29 0.35 0.54 0.68 0.55 0.43 0.47 0.47 0.37 0.33 0.35 0.37 0.39 0.41 0.47 0.58 0.65 0.61 0.81
s_
CO
02/03 0.66 0.83 0.58 0.54 0.49 0.42 0.38 0.44 0.43 0.55 0.67 0.49 0.39 0.36 0.32 0.31 0.33 0.38 0.35 0.43 0.68 0.74 0.82 0.8
s_
CO
02/04 0.56 0.54 0.52 0.71 0.78 0.69 0.7 0.71 0.65 0.65 0.65 0.68 0.74 0.78 0.79 0.8 0.78 0.75 0.81 0.76 0.71 0.68 0.61 0.55
s_
CO
02/05 0.52 0.51 0.49 0.47 0.4 0.38 0.37 0.35 0.31 0.38 0.38 0.23 0.18 0.24 0.21 0.18 0.2 0.21 0.41 0.43 0.35 0.37 0.33 0.33
s_
CO
02/06 0.31 0.37 0.32 0.31 0.32 0.33 0.41 0.42 0.4 0.51 0.47 0.43 0.33 0.33 0.37 0.37 0.41 0.45 0.49 0.45 0.47 0.56 0.76 0.69
s_
CO
02/07 0.45 0.4 0.44 0.4 0.36 0.37 0.4 0.47 0.44 0.41 0.33 0.23# 0.18 0.16 0.31 0.32 0.32 0.34 0.34 0.38 0.37 0.37 0.39 0.44
s_
CO
02/08 0.42 0.34 0.27 0.25 0.26 0.27 0.25 0.24 0.24 0.23 0.22 0.22 0.2 0.19 0.21 0.24 0.29 0.25 0.22 0.21 0.2 0.18 0.17 0.17
s_
CO
02/09 0.17 0.22 0.26 0.24 0.2 0.19 0.19 0.21 0.24 0.2 0.2 0.19 0.2 0.22 0.25 0.21 0.21 0.2 0.19 0.19 0.18 0.18 0.19 0.19
s_
CO
02/10 0.19 0.15 0.15 0.15 0.15 0.15 0.16 0.19 0.24 0.25 0.27 0.29 0.23 0.22 0.21 0.22 0.22 0.21 0.21 0.2 0.2 0.2 0.19 0.19
s_
CO
02/11 0.17 0.18 0.19 0.19 0.19 0.19 0.21 0.27 0.29 0.26 0.27 0.23 0.21 0.2 0.2# 0.22 0.23 0.29 0.33 0.36 0.3 0.26 0.26 0.24
s_
CO
02/12 0.24 0.2 0.19 0.18 0.18 0.2 0.23 0.33 0.37 0.37 0.28 0.27 0.25 0.24 0.27 0.29 0.24 0.2 0.2 0.18 0.17 0.17 0.18 0.2
s_
CO
02/13 0.22 0.2 0.2 0.2 0.2 0.19 0.2 0.26 0.27 0.24 0.23 0.23 0.24 0.26 0.25 0.28 0.3 0.35 0.39 0.37 0.37 0.32 0.34 0.31
s_
CO
02/14 0.29 0.25 0.25 0.22 0.21 0.21 0.23 0.29 0.31 0.27 0.25 0.27 0.28 0.29 0.31 0.33 0.34 0.37 0.41 0.38 0.46 0.55 0.48 0.46
s_
CO
02/15 0.4 0.33 0.29 0.28 0.25 0.26 0.27 0.35 0.32 0.28 0.28 0.34 0.34 0.29 0.26 0.28 0.29 0.28 0.3 0.31 0.39 0.52 0.47 0.33
s_
CO
02/16 0.28 0.29 0.31 0.3 0.28 0.27 0.27 0.3 0.35 0.47 0.42 0.3 0.28 0.27 0.28 0.3 0.32 0.36 0.35 0.39 0.36 0.34 0.4 0.37
s_
CO
02/17 0.33 0.28 0.29 0.29 0.3 0.3 0.3 0.28 0.28 0.28 0.29 0.28 0.28 0.26 0.27 0.29 0.27 0.29 0.28 0.24 0.23 0.22 0.22 0.22
s_
CO
02/18 0.23 0.23 0.2 0.18 0.18 0.19 0.24 0.47 0.3 0.33 0.34 0.45 0.33 0.16 0.15 0.18 0.2 0.2 0.18 0.2 0.18 0.18 0.25 0.47
s_
CO
02/19 0.5 0.18 0.19 0.2 0.24 0.27 0.32 0.59 0.7 0.33 0.29 0.27 0.46 0.35 0.26 0.26 0.27 0.37 0.74 0.89 0.68 0.65 0.54 0.48
s_
CO
02/20 0.36 0.33 0.28 0.25 0.26 0.28 0.45 0.52 0.62 0.71 0.69 0.33 0.24 0.23 0.2 0.19 0.2 0.2 0.21 0.24 0.26 0.31 0.32 0.3
s_
CO
02/21 0.31 0.3 0.3 0.31 0.32 0.34 0.4 0.47 0.53 0.48 0.43 0.43 0.42 0.39 0.3 0.29 0.25 0.26 0.24 0.32 0.31 0.31 0.39 0.38
s_
CO
02/22 0.35 0.28 0.27 0.27 0.27 0.27 0.29 0.32 0.26 0.26 0.26 0.27 0.27# 0.28# 0.31# 0.31 0.31 0.34 0.32 0.33 0.34 0.37 0.41 0.43
s_
CO
02/23 0.47 0.45 0.44 0.44 0.44 0.45 0.47 0.56 0.54 0.5 0.48 0.45 0.44 0.42 0.46 0.41 0.44 0.53 0.5 0.47 0.41 0.41 0.36 0.31
s_
CO
02/24 0.31 0.27 0.25 0.23 0.22 0.22 0.23 0.26 0.32 0.36 0.4 0.41 0.42 0.41 0.42 0.38 0.37 0.39 0.39 0.4 0.42 0.39 0.37 0.38
s_
CO
02/25 0.42 0.57 0.5 0.42 0.41 0.33 0.36 0.57 0.38 0.34 0.29 0.28 0.27 0.29 0.41 0.4 0.34 0.32 0.3 0.28 0.27 0.34 0.31 0.28
s_
CO
02/26 0.26 0.22 0.21 0.21 0.21 0.25 0.28 0.42 0.46 0.39 0.28 0.28# 0.32 0.27 0.27 0.26 0.28 0.31 0.3 0.32 0.34 0.45 0.54 0.5
s_
CO
02/27 0.46 0.47 0.48 0.49 0.41 0.37 0.38 0.47 0.52 0.43 0.4 0.37 0.43 0.45 0.39 0.43 0.47 0.45 0.4 0.56 0.68 0.76 0.6 0.38
s_
CO
02/28 0.33 0.26 0.22 0.2 0.21 0.23 0.27 0.28 0.35 0.26 0.24 0.24 0.25 0.24 0.27 0.33 0.34 0.4 0.36 0.36 0.34 0.33 0.32 0.31
s_
CO
菏代~るG2019/03A 代浮GLfA 代兜GCO]ppm^
s_
CO
ら戳 00 01 02 03 04 05 06 07 08 09 10 11 12 13 14 15 16 17 18 19 20 21 22 23
s_
CO
03/01 0.3 0.31 0.31 0.29 0.33 0.32 0.33 0.42 0.36 0.35 0.35 0.35 0.34 0.34 0.33 0.32 0.32 0.35 0.36 0.34 0.32 0.33 0.29 0.28
s_
CO
03/02 0.31 0.42 0.36 0.32 0.32 0.32 0.38 0.44 0.5 0.56 0.55 0.41 0.41 0.41 0.42 0.43 0.46 0.49 0.57 0.6 0.61 0.46 0.54 0.63
s_
CO
03/03 0.55 0.84 0.47 0.6 0.84 0.51 0.47 0.4 0.45 0.66 0.42 0.26 0.2 0.22 0.34 0.32 0.32 0.36 0.4 0.28 0.26 0.29 0.31 0.31
s_
CO
03/04 0.34 0.3 0.31 0.3 0.3 0.34 0.37 0.48 0.46 0.45 0.49 0.49 0.49 0.49 0.5 0.51 0.54 0.58 0.58 0.54 0.51 0.49 0.46 0.4
s_
CO
03/05 0.35 0.33 0.32 0.34 0.34 0.34 0.38 0.48 0.49 0.46 0.45 0.4 0.39 0.4 0.44 0.43 0.41 0.39 0.35 0.37 0.46 0.55 0.49 0.35
s_
CO
03/06 0.38 0.43 0.35 0.32 0.29 0.29 0.32 0.43 0.54 0.33 0.34 0.36 0.34 0.3 0.32 0.33 0.38 0.43 0.44 0.42 0.53 0.55 0.47 0.45
s_
CO
03/07 0.36 0.3 0.27 0.25 0.24 0.25 0.27 0.38 0.46 0.43 0.43 0.45 0.42 0.45# 0.58 0.64 0.56 0.5 0.47 0.58 0.46 0.48 0.48 0.51
s_
CO
03/08 0.47 0.48 0.39 0.3 0.21 0.21 0.22 0.3 0.35 0.36 0.37 0.31 0.28 0.23 0.27 0.25 0.25 0.41 0.34 0.36 0.27 0.27 0.26 0.28
s_
CO
03/09 0.24 0.33 0.35 0.34 0.33 0.3 0.36 0.47 0.45 0.36 0.53 0.56 0.46 0.39 0.45 0.48 0.39 0.28 0.54 0.52 0.33 0.28 0.25 0.24
s_
CO
03/10 0.23 0.24 0.25 0.19 0.17 0.17 0.22 0.22 0.25 0.29 0.3 0.32 0.34 0.33 0.34 0.35 0.37 0.38 0.46 0.42 0.53 0.63 0.52 0.45
s_
CO
03/11 0.44 0.42 0.41 0.39 0.37 0.36 0.38 0.54 0.55 0.48 0.38 0.33 0.3 0.32 0.35 0.34 0.43 0.53 0.51 0.49 0.43 0.47 0.48 0.41
s_
CO
03/12 0.33 0.32 0.32 0.3 0.29 0.31 0.36 0.47 0.6 0.49 0.41 0.37 0.37 0.31 0.27 0.26 0.3 0.43 0.48 0.54 0.49 0.43 0.4 0.35
s_
CO
03/13 0.3 0.27 0.26 0.26 0.26 0.3 0.35 0.48 0.53 0.36 0.29 0.28 0.28 0.26 0.28 0.3 0.32 0.39 0.4 0.37 0.38 0.36 0.36 0.33
s_
CO
03/14 0.31 0.3 0.29 0.28 0.28 0.29 0.35 0.53 0.67 0.67 0.43 0.4 0.34 0.28 0.25 0.24 0.25 0.27 0.25 0.23 0.23 0.23 0.23 0.22
s_
CO
03/15 0.22 0.18 0.18 0.19 0.19 0.21 0.26 0.41 0.32 0.24 0.22 0.22 0.2 0.2 0.21 0.23 0.32 0.39 0.38 0.36 0.38 0.33 0.32 0.3
s_
CO
03/16 0.32 0.26 0.25 0.22 0.23 0.21 0.23 0.28 0.28 0.26 0.27 0.29 0.27 0.26 0.26 0.28 0.28 0.29 0.28 0.29 0.28 0.28 0.27 0.26
s_
CO
03/17 0.26 0.23 0.22 0.21 0.21 0.22 0.25 0.27 0.31 0.36 0.36 0.39 0.46 0.39 0.34 0.32 0.29 0.28 0.3 0.32 0.31 0.3 0.32 0.32
s_
CO
03/18 0.26 0.22 0.26 0.28 0.33 0.4 0.52 0.51 0.6 0.61 0.37 0.26 0.21 0.22 0.22 0.22 0.27 0.51 0.28 0.28 0.33 0.27 0.29 0.27
s_
CO
03/19 0.27 0.26 0.28 0.28 0.21 0.21 0.26 0.39 0.5 0.65 0.54 0.37 0.3 0.31 0.31 0.31 0.32 0.36 0.38 0.35 0.34 0.34 0.34 0.32
s_
CO
03/20 0.29 0.29 0.3 0.32 0.33 0.34 0.35 0.61 0.67 0.79 0.73 0.6 0.38 0.45 0.52 0.49 0.49 0.37 0.33 0.29 0.3 0.32 0.32 0.29
s_
CO
03/21 0.3 0.28 0.33 0.32 0.28 0.27 0.36 0.47 0.39 0.39 0.39 0.39 0.39 0.24 0.22# 0.21 0.28 0.37 0.31 0.24 0.19 0.16 0.17 0.19
s_
CO
03/22 0.2 0.21 0.25 0.3 0.29 0.28 0.28 0.41 0.48 0.38 0.32 0.31 0.31 0.3 0.32 0.28 0.28 0.33 0.29 0.25 0.24 0.23 0.21 0.2
s_
CO
03/23 0.19 0.16 0.16 0.15 0.14 0.16 0.15 0.18 0.18 0.17 0.18 0.16 0.15 0.15 0.16 0.17 0.17 0.19 0.17 0.18 0.18 0.19 0.21 0.23
s_
CO
03/24 0.22 0.18 0.17 0.18 0.18 0.2 0.2 0.22 0.23 0.24 0.23 0.24 0.25 0.26 0.26 0.24 0.27 0.31 0.45 0.37 0.36 0.3 0.31 0.38
s_
CO
03/25 0.35 0.32 0.3 0.3 0.3 0.29 0.42 0.45 0.5 0.74 0.49 0.25 0.22 0.25 0.25 0.27 0.26 0.26 0.27 0.26 0.28 0.28 0.25 0.24
s_
CO
03/26 0.24 0.24 0.26 0.3 0.29 0.3 0.37 0.47 0.43 0.37 0.33 0.33 0.32 0.3 0.3 0.31 0.33 0.37 0.38 0.35 0.34 0.34 0.34 0.32
s_
CO
03/27 0.29 0.27 0.27 0.3 0.35 0.43 0.54 0.64 0.64 0.49 0.33 0.25 0.25 0.27 0.27 0.27 0.32 0.36 0.49 0.56 0.49 0.41 0.41 0.46
s_
CO
03/28 0.47 0.56 0.43 0.42 0.36 0.38 0.45 0.55 0.51 0.39 0.26 0.23 0.22 0.23 0.22 0.23 0.26 0.27 0.3 0.29 0.31 0.39 0.39 0.34
s_
CO
03/29 0.3 0.27 0.29 0.2 0.18 0.18 0.2 0.21 0.25 0.25 0.2 0.18 0.19 0.19 0.19 0.2 0.24 0.28 0.27 0.24 0.23 0.24 0.21 0.22
s_
CO
03/30 0.27 0.26 0.26 0.27 0.3 0.3 0.42 0.37 0.29 0.28 0.31 0.24 0.25 0.21 0.23 0.27 0.36 0.36 0.32 0.31 0.3 0.28 0.26 0.25
s_
CO
03/31 0.22 0.19 0.19 0.18 0.18 0.19 0.23 0.33 0.4 0.4 0.37 0.34 0.3 0.27 0.26 0.25 0.26 0.26 0.27 0.25 0.25 0.24 0.2 0.19
s_
CO
菏代~るG2019/04A 代浮GLfA 代兜GCO]ppm^
s_
CO
ら戳 00 01 02 03 04 05 06 07 08 09 10 11 12 13 14 15 16 17 18 19 20 21 22 23
s_
CO
04/01 0.19 0.18 0.18 0.18 0.18 0.2 0.24 0.35 0.39 0.33 0.27 0.27 0.25 0.25 0.27 0.28 0.29 0.35 0.34 0.33 0.32 0.33 0.31 0.26
s_
CO
04/02 0.25 0.23 0.23 0.22 0.22 0.23 0.26 0.34 0.4 0.35 0.32 0.33 0.35 0.36# 0.42 0.45 0.57 0.91 0.79 0.88 0.77 0.58 0.62 0.36
s_
CO
04/03 0.18 0.18 0.18 0.18 0.19 0.19 0.19 0.26 0.34 0.35 0.32 0.34 0.36 0.31 0.3 0.34 0.45 0.71 0.74 0.51 0.41 0.4 0.37 0.88
s_
CO
04/04 0.35 0.25 0.22 0.21 0.21 0.23 0.24 0.36 0.36 0.37 0.49 0.42 0.35 0.33 0.29 0.21 0.2 0.21 0.21 0.22 0.22 0.21 0.23 0.22
s_
CO
04/05 0.22 0.18 0.17 0.17 0.17 0.17 0.18 0.18 0.18 0.18 0.18 0.19 0.22 0.21 0.24 0.24 0.24 0.27 0.42 0.36 0.32 0.32 0.34 0.34
s_
CO
04/06 0.34 0.34 0.31 0.3 0.29 0.28 0.28 0.32 0.34 0.36 0.31 0.28 0.31 0.31 0.31 0.32 0.37 0.5 0.59 0.56 0.53 0.55 0.71 0.69
s_
CO
04/07 0.68 0.51 0.47 0.49 0.44 0.47 0.44 0.47 0.43 0.41 0.36 0.35 0.35 0.34 0.35 0.36 0.38 0.4 0.45 0.42 0.4 0.45 0.49 0.47
s_
CO
04/08 0.47 0.43 0.58 0.74 0.82 0.84 0.96 0.97 0.58 0.49 0.54 0.49 0.43 0.37 0.35 0.32 0.33 0.33 0.35 0.46 0.65 0.81 0.71 0.88
s_
CO
04/09 0.73 0.49 0.43 0.4 0.42 0.67 0.74 0.87 0.8 0.46 0.49 0.43 0.41 0.31 0.24 0.23 0.22 0.28 0.28 0.29 0.29 0.23 0.25 0.24
s_
CO
04/10 0.21 0.2 0.21 0.22 0.24 0.26 0.32 0.31 0.28 0.25 0.19 0.19 0.18 0.19 0.22 0.26 0.35 0.41 0.53 0.41 0.35 0.31 0.29 0.26
s_
CO
04/11 0.25 0.23 0.22 0.22 0.22 0.24 0.28 0.41 0.53 0.54 0.59 0.61 0.4 0.3 0.26 0.2 0.18 0.22 0.27 0.44 0.29 0.22 0.18 0.18
s_
CO
04/12 0.19 0.24 0.26 0.26 0.26 0.29 0.33 0.42 0.42 0.38 0.33 0.31 0.29 0.28 0.25 0.25 0.26 0.31 0.3 0.27 0.27 0.24 0.22 0.21
s_
CO
04/13 0.19 0.18 0.18 0.18 0.18 0.21 0.22 0.26 0.4 0.49 0.41 0.22 0.21 0.42 0.41 0.22 0.19 0.38 0.41 0.45 0.22 0.27 0.34 0.22
s_
CO
04/14 0.2 0.18 0.18 0.16 0.17 0.19 0.3 0.37 0.29 0.25 0.2 0.19 0.18 0.17 0.18 0.2 0.21 0.21 0.21 0.22 0.23 0.32 0.3 0.26
s_
CO
04/15 0.29 0.27 0.25 0.23 0.24 0.26 0.32 0.42 0.4 0.33 0.3 0.3 0.28 0.29 0.28 0.28 0.29 0.35 0.37 0.33 0.29 0.29 0.26 0.23
s_
CO
04/16 0.22 0.22 0.21 0.22 0.21 0.25 0.4 0.37 0.33 0.26 0.24 0.35 0.31 0.16 0.16 0.16 0.18 0.22 0.21 0.21 0.23 0.2 0.21 0.2
s_
CO
04/17 0.2 0.18 0.18 0.19 0.2 0.23 0.31 0.37 0.33 0.31 0.29 0.27 0.27 0.27 0.29 0.31 0.32 0.47 0.5 0.48 0.39 0.37 0.38 0.36
s_
CO
04/18 0.33 0.28 0.27 0.28 0.37 0.5 0.63 0.73 0.68 0.54 0.41 0.36 0.31# 0.31# 0.3# 0.31x 0.37# 0.34 0.41 0.6 0.71 0.99 0.8 0.5
s_
CO
04/19 0.53 0.75 0.48 0.36 0.31 0.41 0.51 0.44 0.41 0.46 0.43 0.38 0.36 0.38 0.35 0.35 0.36 0.36 0.49 0.51 0.4 0.37 0.48 0.7
s_
CO
04/20 0.48 0.46 0.38 0.31 0.31 0.33 0.41 0.48 0.36 0.25 0.25 0.24 0.24 0.23 0.23 0.24 0.25 0.29 0.3 0.39 0.57 0.52 0.28 0.45
s_
CO
04/21 0.51 0.64 0.53 0.45 0.3 0.24 0.26 0.32 0.27 0.27 0.24 0.28 0.22 0.23 0.24 0.24 0.25 0.26 0.4 0.46 0.38 0.56 0.71 0.81
s_
CO
04/22 0.61 0.51 0.35 0.32 0.32 0.36 0.4 0.67 0.29 0.29 0.24 0.22 0.16 0.16 0.17 0.18 0.17 0.18 0.19 0.21 0.21 0.25 0.3 0.29
s_
CO
04/23 0.25 0.52 0.3 0.31 0.2 0.22 0.26 0.52 0.37 0.23 0.23 0.26 0.27 0.25 0.24 0.23 0.21 0.23 0.3 0.33 0.4 0.47 0.41 0.32
s_
CO
04/24 0.34 0.54 0.67 0.62 0.49 0.54 0.6 0.47 0.24 0.2 0.17 0.2 0.18 0.18 0.17 0.16 0.18 0.17 0.2 0.25 0.37 0.33 0.28 0.24
s_
CO
04/25 0.21 0.2 0.19 0.24 0.22 0.28 0.29 0.36 0.25 0.28 0.21 0.18 0.15 0.14 0.18 0.17 0.16 0.17 0.26 0.15 0.09 0.13 0.1 0.1
s_
CO
04/26 0.12 0.14 0.15 0.15 0.17 0.21 0.29 0.42 0.45 0.38 0.32 0.3 0.29 0.29 0.24 0.28 0.35 0.44 0.44 0.37 0.45 0.43 0.4 0.37
s_
CO
04/27 0.35 0.31 0.33 0.31 0.29 0.29 0.34 0.39 0.39 0.36 0.34 0.35 0.33 0.33 0.3 0.28 0.27 0.31 0.35 0.36 0.32 0.31 0.32 0.32
s_
CO
04/28 0.27 0.29 0.27 0.24 0.22 0.26 0.5 0.46 0.39 0.21 0.16 0.16 0.18 0.17 0.2 0.17 0.2 0.34 0.54 0.66 0.67 0.55 0.37 0.52
s_
CO
04/29 0.63 0.4 0.3 0.32 0.31 0.33 0.42 0.64 0.58 0.39 0.32 0.31 0.31 0.28 0.2 0.2 0.21 0.19 0.23 0.28 0.37 0.56 0.59 0.67
s_
CO
04/30 0.78 0.62 0.67 0.58 0.36 0.31 0.42 0.44 0.42 0.33 0.27 0.22 0.14 0.15 0.14 0.14 0.14 0.16 0.17 0.17 0.19 0.21 0.23 0.24
s_
CO
菏代~るG2019/05A 代浮GLfA 代兜GCO]ppm^
s_
CO
ら戳 00 01 02 03 04 05 06 07 08 09 10 11 12 13 14 15 16 17 18 19 20 21 22 23
s_
CO
05/01 0.21 0.15 0.18 0.18 0.18 0.16 0.17 0.24 0.3 0.33 0.32 0.29 0.31 0.29 0.28 0.29 0.28 0.28 0.26 0.36 0.53 0.36 0.31 0.3
s_
CO
05/02 0.32 0.27 0.3 0.35 0.37 0.42 0.49 0.53 0.52 0.47 0.41# 0.39 0.4 0.37 0.38 0.35 0.38 0.47 0.49 0.4 0.35 0.31 0.34 0.33
s_
CO
05/03 0.28 0.24 0.23 0.21 0.23 0.24 0.31 0.4 0.32 0.24 0.22 0.21 0.2 0.2 0.19 0.2 0.21 0.26 0.27 0.34 0.33 0.33 0.32 0.29
s_
CO
05/04 0.23 0.21 0.2 0.19 0.19 0.18 0.2 0.24 0.24 0.24 0.25 0.25 0.22 0.23 0.23 0.23 0.24 0.29 0.33 0.31 0.26 0.24 0.24 0.22
s_
CO
05/05 0.21 0.2 0.18 0.18 0.18 0.19 0.22 0.25 0.23 0.23 0.23 0.22 0.21 0.21 0.19 0.2 0.22 0.24 0.25 0.25 0.24 0.24 0.23 0.23
s_
CO
05/06 0.19 0.16 0.16 0.15 0.15 0.16 0.18 0.33 0.39 0.32 0.35 0.33 0.18 0.2 0.27 0.35 0.36 0.34 0.36 0.32 0.39 0.31 0.28 0.22
s_
CO
05/07 0.21 0.18 0.16 0.15 0.15 0.15 0.16 0.26 0.46 0.23 0.19 0.19 0.18 0.24 0.23 0.27 0.32 0.4 0.37 0.34 0.31 0.29 0.21 0.18
s_
CO
05/08 0.16 0.16 0.16 0.15 0.15 0.17 0.21 0.35 0.34 0.45 0.46 0.35 0.27 0.22 0.22 0.21 0.2 0.21 0.22 0.21 0.21 0.19 0.16 0.18
s_
CO
05/09 0.2 0.19 0.18 0.13 0.13 0.13 0.15 0.23 0.19 0.18 0.17 0.16 0.17 0.17 0.18 0.19 0.39 0.22 0.35 0.5 0.42 0.28 0.28 0.21
s_
CO
05/10 0.18 0.19 0.18 0.19 0.19 0.22 0.28 0.45 0.49 0.39 0.3 0.34 0.38 0.35 0.33 0.34 0.37 0.39 0.43 0.34 0.25 0.23 0.26 0.23
s_
CO
05/11 0.21 0.18 0.18 0.17 0.17 0.18 0.22 0.38 0.46 0.31 0.2 0.26 0.25 0.26 0.23 0.21 0.24 0.26 0.33 0.31 0.26 0.22 0.21 0.2
s_
CO
05/12 0.17 0.16 0.17 0.18 0.19 0.2 0.23 0.28 0.31 0.25 0.25 0.25# 0.21# 0.21 0.2 0.2 0.2 0.23 0.24 0.23 0.25 0.23 0.24 0.23
s_
CO
05/13 0.21 0.17 0.17 0.17 0.16 0.18 0.23 0.41 0.39 0.35 0.42 0.36 0.31 0.29 0.29 0.32 0.32 0.32 0.43 0.37 0.68 0.78 0.61 0.73
s_
CO
05/14 0.49 0.38 0.43 0.46 0.39 0.29 0.33 0.41 0.38 0.35 0.25 0.2 0.17 0.17 0.13 0.13 0.16 0.18 0.25 0.27 0.25 0.45 0.55 0.46
s_
CO
05/15 0.45 0.42 0.36 0.36 0.32 0.34 0.41 0.67 0.7 0.68 0.39 0.37 0.26 0.27 0.27 0.26# 0.21 0.31 0.62 0.9 0.77 0.72 0.73 0.37
s_
CO
05/16 0.25 0.17 0.17 0.17 0.16 0.17 0.21 0.23 0.24 0.17 0.19 0.21 0.19 0.19 0.19 0.18 0.17 0.16 0.18 0.2 0.18 0.16 0.15 0.14
s_
CO
05/17 0.11 0.18 0.18 0.17 0.13 0.14 0.27 0.37 0.46 0.27 0.21 0.22 0.2 0.2 0.22 0.39 0.42 0.7 0.66 0.26 0.16 0.2 0.3 0.33
s_
CO
05/18 0.18 0.12 0.13 0.11 0.11 0.13 0.18 0.21 0.22 0.22 0.25 0.18 0.13 0.12 0.15 0.23 0.27 0.33 0.22 0.18 0.12 0.13 0.14 0.16
s_
CO
05/19 0.21 0.22 0.19 0.17 0.18 0.2 0.21 0.21 0.27 0.22 0.15 0.15 0.16 0.16 0.17 0.19 0.19 0.2 0.27 0.31 0.28 0.23 0.21 0.34
s_
CO
05/20 0.47 0.19 0.18 0.15 0.14 0.16 0.18 0.2 0.28 0.37 0.37 0.47 NA NA NA NA NA NA NA NA NA NA NA NA
s_
CO
05/21 NA NA NA NA NA NA NA NA NA NA 0.34# 0.25 0.26 0.25# 0.26 0.28 0.26 0.31 0.31 0.3 0.33 0.29 0.29 0.31
s_
CO
05/22 0.3 0.31 0.23 0.2 0.21 0.21 0.25 0.49 0.55 0.49 0.56 0.49 0.5 0.51 0.47 0.41 0.35 0.47 0.59 0.53 0.69 0.49 0.48 0.5
s_
CO
05/23 0.46 0.33 0.38 0.3 0.36 0.42 0.4 0.37 0.62 0.83 0.63 0.37 0.33 0.32 0.28 0.29 0.28 0.34 0.34 0.29 0.26 0.25 0.24 0.22
s_
CO
05/24 0.2 0.18 0.18 0.17 0.18 0.19 0.24 0.31 0.39 0.34 0.28 0.29 0.28 0.27 0.29 0.29 0.29 0.33 0.33 0.32 0.28 0.27 0.28 0.29
s_
CO
05/25 0.27 0.21 0.2 0.19 0.18 0.21 0.27 0.33 0.29 0.27 0.25 0.25 0.25 0.26 0.27 0.27 0.29 0.31 0.3 0.31 0.32 0.29 0.31 0.31
s_
CO
05/26 0.29 0.26 0.26 0.2 0.21 0.23 0.25 0.35 0.37 0.3 0.24 0.22 0.22 0.2 0.2 0.19 0.23 0.25 0.33 0.4 0.33 0.38 0.39 0.38
s_
CO
05/27 0.43 0.34 0.24 0.2 0.23 0.29 0.36 0.78 0.53 0.41 0.28 0.23 0.23 0.19 0.29 0.35 0.4 0.54 0.69 0.93 0.91 0.97 0.92 0.8
s_
CO
05/28 0.47 0.34 0.27 0.23 0.22 0.27 0.33 0.75 0.3 0.3 0.39 0.41 0.36 0.29 0.22 0.22 0.22 0.24 0.21 0.18 0.18 0.16 0.17 0.2
s_
CO
05/29 0.2 0.16 0.14 0.14 0.15 0.16 0.2 0.23 0.2 0.2 0.14 0.14 0.13 0.14 0.14 0.16 0.18 0.19 0.23 0.27 0.25 0.25 0.23 0.23
s_
CO
05/30 0.21 0.21 0.24 0.2 0.19 0.21 0.25 0.43 0.52 0.4 0.34# 0.3 0.21 0.2 0.19 0.18 0.18 0.19 0.18 0.17 0.22 0.46 0.74 0.61