nщ
SO2
01/01 1.6 1.4 1.4 1.4 1.5 1.4 1.6 1.8 2.3 2.5 2.4 2 1.6 1.2 1 0.8 0.9 1.3 1.4 1.5 1.7 1.5 1.4 1.5
nщ
SO2
01/02 1.7 1.4 1.3 1.1 1 0.9 1 1.4 2 3 3.5 3.8 3.6 3 2.6 2.5 2.9 3.1 3.5 4.1 4.4 4.2 3.9 3.8
nщ
SO2
01/03 2 1.7 1.5 1.2 1.1 1 1 1.3 1.7 1.7 1.7 1.4 1.5 1.7 1.9 2.1 2.4 2.9 3.5 3.4 3.6 3.5 3.2 2.9
nщ
SO2
01/04 1.5 1.6 1.1 1 0.8 0.7 0.7 1.2 2 2.8 3.4 2.9 2.3 2.4 3.2 3.4 4.8 2.5 2 2.1 2.2 2.4 2.6 2.7
nщ
SO2
01/05 2.8 2.4 3.1 2.6 2.4 2.7 3.5 3.7 4.1 4.1 3.5 3 1.7 1.3 0.7 0.5 0.3 2.6 3.6 3.1 3 2.5 2.6 2.4
nщ
SO2
01/06 2.6 2 2.2 1.4 0.9 0.7 0.4 0.6 0.9 1.2 1.3 1.1 1 0.6 0.3 0.3 0.1 0.4 0.5 1 1.1 1.1 1.1 1.1
nщ
SO2
01/07 1.9 1.9 1.4 1.3 1.3 1.8 2.1 2.3 2.8 3.2# 3.5 3.4 3.8 3.3 4.3 2.6 2.4 2.4 2.7 2.9 3.1 2.9 2.5 2.2
nщ
SO2
01/08 1.4 1.2 1.3 1.2 1.2 0.8 0.8 1.7 2 1.8 2.1 2.3 1.6 1.3 1.3 1.3 1.4 1.7 2 2.4 2.5 2.5 2.2 2.1
nщ
SO2
01/09 1.8 1.9 1.8 1.6 2 2.2 2.2 2.3 2.8 3.6 4.5 4.3 3.5 3 2.8 2.3 2.6 2.7 2.9 3.3 3.5 3.5 3.5 3.2
nщ
SO2
01/10 2.6 3 3.2 3.1 3.2 2.9 2.9 3.6 4.5 5.5 4.7 4.3 3.5 3 2.5 2 8.5 2.7 3.1 3.4 3.4 2.9 3 2.9
nщ
SO2
01/11 2.2 2 1.5 1.4 1.6 1.5 1.6 1.8 2.4 2.7 2.4 2.9 2 2.1 4.4 3.2 3.4 4.5 5.1 4.8 5.1 5.3 4.1 3.6
nщ
SO2
01/12 2.1 1.4 0.9 0.7 0.5 0.2 0.2 0.9 1.5 2.2 1.9 1.7 1 0.3 -0.3x -0.4x 0.2 0.5 0.5 1.3 1.6 1.7 1.8 1.7
nщ
SO2
01/13 2.7 2.3 2 1.7 1.4 1.3 0.9 1.1 1.3 1.5 1.8 1.5 1.2 1.3 0.7 0.7 0.7 0.8 0.9 1.1 1.5 1.5 1.4 1.1
nщ
SO2
01/14 1.6 1.3 1.3 1.2 1.2 1.1 1.1 1.6 1.9 2.2 2.6 3.1 2.9 3.4 2.6 2.2 2.3 2.6 2.7 3 3.3 3.4 3.5 3.2
nщ
SO2
01/15 1.9 1.9 4.2 1.7 1.1 0.7 0.8 1.1 1.1 2.1 2.6 2.5 1.9 2.1 1.7# 1.5 1.5 1.7 2.1 2.4 2 1.9 2 1.5
nщ
SO2
01/16 2 1.9 1.5 1.3 1.4 1.2 1 1.2 1.9 2.1 2.5 2.9 2.9 3 2.6 2.8 2.6 2.7 2.8 3.1 3.5 3.7 3.6 2.9
nщ
SO2
01/17 2 1.3 0.9 0.6 0.5 0.4 0.6 0.8 1.4 1.9 2.2 2.5 2.4 2.1 2.1 1.9 1.9 2.2 2.7 3.1 2.7 2.6 2.2 2
nщ
SO2
01/18 2.6 1.2 1.1 1.1 0.9 0.8 0.9 0.9 1.4 1.7 1.8 1.7 1.5 1.3 1.6 2.2 2.4 4.1 6.2 7 4.4 4.2 4.1 3.8
nщ
SO2
01/19 1.6 1.9 1.3 1.7 2.2 1.5 1.2 1.2 2 2.5 2.5 2.8 1.8 1.2 1.5 1 0.5 0.5 0.8 1.1 1.4# NA NA NA
nщ
SO2
01/20 NA NA NA NA NA NA NA NA NA NA NA NA NA NA NA NA NA NA NA NA NA NA 1.9# 1.5
nщ
SO2
01/21 2.1 1.5 1.3 0.9 0.7 0.7 0.7 1.3 1.7 2.2 2.3 2.1 2.2# 2# 1.8x 1.8# 1.6 1.5 1.6 1.7 1.9 1.8 1.6 1.5
nщ
SO2
01/22 2.3 1.3 1.2 0.8 0.6 0.3 0.5 1 1.8 2.1 2.2# 2.1x 1.9# 1.6 1.9 1.8 1.9 2.4 2.5 2.5 2.6 2.3 2.1 1.7
nщ
SO2
01/23 1 2 2 2 2 2.3 2 2.3 2.6 2.2 2.1 2.4 2.7 2.8 3.1 3.1 3.2 4.8 3.8 3.6 4 3.8 3.3 3.2
nщ
SO2
01/24 2.2 2.2 1.4 1.3 1 0.9 1.1 1.5 2.5 3.5 4.5 3 2.2 1.7 1.6 1.5 2.2 2.5 2.8 3.5 3.5 3.6 3.3 2.7
nщ
SO2
01/25 1.7 1.1 0.9 0.7 0.4 0.3 0.3 1.1 1.8 2 2.2 2.3 1.7 2.5# 2.8 4.8# 2.7# 2.8 3.2 3.7 3.6 3.4 3.2 3.1
nщ
SO2
01/26 1.8 1.4 1.3 1.1 0.8 0.8 1.1 1.5 2.2 2.5 2.1 1.4 1.2 0.8 0.5 0.5 0.8 0.8 0.9 1.1 1 0.8 0.8 0.7
nщ
SO2
01/27 1.4 1.2 1 1 1 0.9 0.9 1.3 1.8 2 2.1 2.3 2.3 1.9 1.6 1.5 1.5 1.7 2 2.4 2.5 2.6 2.4 2.4
nщ
SO2
01/28 1.4 1.3 1.1 1.1 1.1 1.1 1.4 1.6 1.8# 1.8# 1.9 2 2.4 2.1 3.1 4.1 4.6 4.3 2.9 3 3.4 3.5 3.7 3.5
nщ
SO2
01/29 2.5 1 0.6 0.4 0.3 0.1 0.2 0.5 1 1.7 2.2 2.2 1.7 2.1 0.9 0.7 0.8 3.3 3.7 3.5 3.4 3.7 3 2.6
nщ
SO2
01/30 2 1.4 1.6 1.2 0.9 1 1.6 2.1 2.9 3 2.3 2.3 1.8 1 1 5.3 3.6 1.5 2.1 1.8 3.1 2.3 2.1 2
nщ
SO2
01/31 1.5 1.2 0.8 0.5 0.4 0.5 0.9 1.8 2.7 2.6 2.5 1.6 0.8 0.6 0.9 0.9 4.4 7.7 3.8 3.3 4.3 3.2 2.7 2.5
nщ
SO2
菏代~るG2019/02A 代浮GnщA 代兜GSO2]ppb^
nщ
SO2
ら戳 00 01 02 03 04 05 06 07 08 09 10 11 12 13 14 15 16 17 18 19 20 21 22 23
nщ
SO2
02/01 2.4 1.1 0.9 0.6 0.5 0.6 0.5 0.8 1.3 1.4 1.8 1.9 1.9 1.8 1.8 1.8 1.9 2.4 2.6 2.6 2.9 2.9 2.7 2.6
nщ
SO2
02/02 1.8 1.6 1.5 1.4 1.3 1.5 1.6 2 3 3.6 3.5 3.1 2.6 2.6 3.2 4.7 7.1 7.4 4.2 3.4 2.2 2.2 3.1 2.9
nщ
SO2
02/03 2.7 1.5 1.3 1.1 1.1 0.8 0.9 1.3 1.8 1.9 1.9 1.5 1.5 1.5 2.8 2.3 3.1 2.5 1.6 1.1 1.2 1.2 1.4 1.4
nщ
SO2
02/04 1.3 1.3 1.3 1.2 1.1 1.1 1.4 1.6 2.1 2.7 2.4 2.1 1.9 1.3 1 0.8 1.1 1.3 1.3 1.3 1.3 1.3 1.4 1.4
nщ
SO2
02/05 1.9 1.8 1.8 1.7 1.6 1.4 1.2 1.2 1.4 1.6 2.4 2.1 1.6 1.5 1.4 1.3 2.8 4.4 2.5 1.5 1.4 1.5 1.5 1.6
nщ
SO2
02/06 1.9 1.6 1.5 1.5 1.5 1.8 2 2.4 2.9 3 2.3# 1.8 1.6 1.9 3.2 2.7 2.1 2.7 4.4 5.2 4.5 3.1 2.9 2.8
nщ
SO2
02/07 2.1 1.5 1.5 1.3 1.3 1.1 1.3 1.3 1.6 1.6 1.3 1 0.7 0.4 0.4 0.5 1.2 1.5 2 1.9 2.3 2.4 2.4 2.4
nщ
SO2
02/08 1.7 1.5 1.4 1 0.9 0.7 0.9 1.1 1.4 1.7 1.7 1.7 1.4 1.1 1 0.9 0.8 0.9 0.9 0.9 1.1 1.1 1.1 1.2
nщ
SO2
02/09 1.5 1.2 1.1 1 1.1 1.6 1.4 1.8 2.2 2.3 2.3 2.3 1.9 1.6 1.4 1.4 1.2 1.2 1.3 1.6 1.6 1.8 1.7 1.6
nщ
SO2
02/10 1.4 1.3 1.2 1.2 1.1 1.1 1 1.1 1.2 1.5 1.9 2.1 2 1.7 1.5 1.3 1.4 1.6 1.7 1.7 1.7 1.8 1.9 1.8
nщ
SO2
02/11 1.7 1.6 1.4 1.4 1.4 1.3 1.3 1.6 2.1 2.6 2.7 2.3 2 2 1.8 1.8 2.5 2.4 2.8 3.6 3.5 3.1 3 2.9
nщ
SO2
02/12 2 1.4 1.2 0.9 0.9 0.9 1 1.7 2.4 3 3.1 2.2 1.6 1.3 1.1 1.2 1.2 1.4 1.7 2.1 2 2.2 2.2 3.9
nщ
SO2
02/13 3.8 1.8 1.5 1.6 1.9 1.7 1.9 2.5 3.9 3.1 2.6 1.7 1.2 0.9 0.7 0.8 0.9 1.2 1.6 2.2 2.3 2.3 1.8 1.5
nщ
SO2
02/14 1.6 1.6 1.5 1.6 1.7 1.6 1.8 2.1 2.7 2.9 2.7 2 1.5 1.4 1.1 1.2 1.4 2.1 2 2.5 2.6 3 2.5 2.4
nщ
SO2
02/15 2.2 1.5 1.5 1.3 1.2 1.2 1.7 2 2.5 2.8 2.3 1.7 1.3 1.7 1.2 1.2 1.2 1.1 2 2.7 2.8 3.1 2.8 2.6
nщ
SO2
02/16 1.2 1.2 1.4 1.1 1.1 1.1 1.2 1.4 2 2.7 2 1.3 3.8 2.7 1.2 1 0.9 0.9 1.1 1.5 1.9 1.8 1.9 1.9
nщ
SO2
02/17 2.2 1.5 1.4 1.1 1.1 1.3 1.3 1.4 1.6 1.8 1.8 1.4 1.1 0.8 0.9 0.9 1.1 1.3 1.5 1.6 1.7 1.8 1.8 1.8
nщ
SO2
02/18 1.9 1.5 1.4 1.3 1.4 1.5 1.7 2 2.5 2.3# 2.2 2.2 2.2 2.1 1.9 1.8 2.1 3.9 3 6.2 3.8 3.9 3.8 4.8
nщ
SO2
02/19 3.1 2 1.1 0.3 0x -0.1x 0.3 1.4 2.8 4.6 6.6 6.2 5.2 5.3 4.1 5.8 4.5 4.5 8.8 4.1 4.6 5.1 5.6 4.8
nщ
SO2
02/20 2.1 1.2 0.6 0.1 -0.2x -0.5x -0.6* -0.2x -0.1# 1.9 1.4 1.9 3.1 2.7 4.7 2.1 2.2 3.1 3.2 5.6 17 3.6 3.2 2.9
nщ
SO2
02/21 4.8 2.3 2.2 2 1.8 1.9 1.6 1.3 1.4 1.4 1.8 1.9 2 2.9 2.6 2 2.7 3.3 2.6 1.9 1.6 1.5 1.3 1
nщ
SO2
02/22 1.5 2.1 1.8 1.3 1.1 1.1 1.2 2.1 2.5 2.8 2.9 2.6 2.2 1.7 1.4 1.4 1.3 1.4 1.8 2.4 2.4 2.6 2.5 2.2
nщ
SO2
02/23 1.8 1.3 0.9 0.8 0.6 0.5 0.4 0.8 1.5 1.9 2 2.1 1.8 1.5 1.4 1.5 1.4 1.7 1.8 1.8 2 2.2 2.2 1.9
nщ
SO2
02/24 2 2 2.2 1.9 2 1.8 1.7 1.6 1.6 1.7 1.8 1.8 1.7 1.7 1.6 1.4 1.5 1.5 1.7 1.9 2 2.2 2.3 2.2
nщ
SO2
02/25 1.7 1.5 1.2 1.2 1.1 1 1.2 1.5 2.5 2.6 2.3 1.9 1.4 1.1 1.2 1.6 2.1 1.8 2.2 2.8 2.9 2.9 2.7 2.5
nщ
SO2
02/26 2.2 1.3 1.2 1.2 1.1 1.1 1 1.5 1.8 2 2 2.2 1.9 1.7 1.6 2 4.7 6.5 4.9 2.8 2.4 2.6 2.4 2.4
nщ
SO2
02/27 2 3 2.3 2.2 3 3 2.5 2.7 3.2 3.4 3 2.8 2.2 2.2 3.2 2.6 2.5 2.5 2.9 2.8 3.3 4.2 3.2 2.9
nщ
SO2
02/28 2.2 1.3 0.9 0.8 1.9 1.6 1.6 2.1 2.8 2.8 2.3 3 1.9 1.1 0.7 0.7 0.7 0.8 1.1 1.1 1.3 1.6 2 1.9
nщ
SO2
菏代~るG2019/03A 代浮GnщA 代兜GSO2]ppb^
nщ
SO2
ら戳 00 01 02 03 04 05 06 07 08 09 10 11 12 13 14 15 16 17 18 19 20 21 22 23
nщ
SO2
03/01 2.6 1.9 1.9 2 2 1.5 1.5 1.8 2.3 2.7 2.8 2.4 2.1 2.3 3.5 2.6 1.9 1.5 2 2.1 2.2 2.4 2.7 2.6
nщ
SO2
03/02 2.5 1.7 1.5 1.4 1.4 1.4 1.7 2 2.1 2 3.1 4.2 2.7 3.5 3.9 3.6 2 5.2 5.1 5.2 4.7 4.1 3.8 3.5
nщ
SO2
03/03 2.2 1.6 1.2 1 0.9 0.9 1.1 1.2 1.7 1.8 1.7 3.1 0.9 0.7 0.7 0.6 0.6 0.7 0.9 1.2 1.9 2.3 2.6 2.4
nщ
SO2
03/04 2.2 1.3 1.1 1 1.3 1.2 1.1 1.3 1.4 1.4# 1.9 1.3 1.1 1.1 1.2 1.1 2 9.8 16 4.8 2.8 2.7 2.7 2.9
nщ
SO2
03/05 3.2 1.5 1.4 1.1 0.7 0.6 0.7 1.1 1.5 1.9 1.8 1.4 1.5 1.7 1.6 3.3 2.3 2.9 1.7 1.2 1 0.8 1 0.5
nщ
SO2
03/06 1.4 1.6 1.9 1.8 1.7 1.7 1.7 1.9 2.4 2.5 2.4 1.9 1.9 1.9 1.8 1.8 1.8 1.9 2.5 3 2.6 2.5 2.3 2.6
nщ
SO2
03/07 2.1 1.2 0.8 0.6 0.3 0 0.1 0.2 0.6 1.3 2 1.9 1.9 1.9 1.5 2.1 2.1 1.9 1.8 1.8 1.8 2 1.9 1.5
nщ
SO2
03/08 0.8 1.2 1 0.7 0.7 0.7 1 1.3 1.8 2.6 3.6 4.1 3.6 3.6 4.3 2.3 2.3 2.5 3 3.7 3.7 3.2 2.9 3.1
nщ
SO2
03/09 2 1.6 1.9 2.2 2.5 2.4 2.5 3 4 4.7 4.8 4 3.3 2.6 1.9 1.6 1.8 2.3 2 1.9 1.9 2.2 2.7 2.8
nщ
SO2
03/10 1.8 1 0.1x -0.6* -0.9* -1.1* -1.1* -0.8* -0.3x 0.1# 1.2 1.2 0.9 0.8 0.9 1.2 2.8 1.9 1.8 1.7 1.9 2.1 1.8 2
nщ
SO2
03/11 2.9 1.8 1.8 2 1.9 2.1 2.5 2.8 3.4 3.4 4 5.1 4.8 4.6 4.3 3.8 3.6 3.5 4 4.4 4.3 4.3 4.1 3.9
nщ
SO2
03/12 2.8 1.5 1.7 1.5 2.1 1.7 1.4 1.8 2.6 2.3 1.6 0.5 -0.1x -0.5x 0.9x 2.9# 2.9 3.1 4 4.5 4.7 4.4 4.2 4
nщ
SO2
03/13 4.4 1.5 1.3 1.1 1 1.1 1.3 2.1 3 2.9 2.4 1.9 2.3 1.7 2.2 2.4# 3.2 2.9 3.5 3.2 3.3 3.6 3.5 3
nщ
SO2
03/14 2 1.3 1 0.7 0.6 0.4 0.4 0.8 1.4 3 3 2.4 1.1 0.9 2.1 3.6 3 2.3 1.9 2 2.2 2.2 1.8 1.5
nщ
SO2
03/15 2.5 1.9 1.8 1.6 1.4 1.3 1.2 1.5 2.5 3.3 3.4 3.2 2.8 2.6 2.5 2.9 3.6 3.7 3.8 4.5 4.1 4 4.2 3.6
nщ
SO2
03/16 2.4 1.4 1.7 1.7 1.7 1.9 2 2.3 2.8 2.8 2.3 2.2 1.6 1.2 0.9 1.2 1 1 1.3 1.7 1.9 2.1 2.2 2.2
nщ
SO2
03/17 2 1.4 1.2 1 0.7 0.8 1 2.5 2.1 2.5 2.6 2.4 1.9 1.7 1.8 1 0.8 1 1.3 1.6 2 1.8 1.5 1.6
nщ
SO2
03/18 1.4 1.7 1.6 1.6 1.5 1.4 2 2.3 3.2 3.8 3.7 3 2.1 1.5 1.4 1.8 3.3 7.1 6.5 6.2 4.5 3.9 3.7 3.3
nщ
SO2
03/19 2 1.7 1.6 1.4 1.1 1.2 1.5 2 3.1 3.2# 2.4 3.1# 4.1# 3.2 2.9 2.6 1.4# 1.3 2.3 2.7 2.8 3.1 3.3 2.5
nщ
SO2
03/20 1.9 1.5 1.1 1 0.9 0.8 1 1.3 2.1 3.1 2.9 1.7 0.9 0.8 0.6 0.7 0.5 0.5 0.7 2.8 2.4 2 0.5 0.3
nщ
SO2
03/21 1.9 2 1.8 1.8 1.6 1.5 1.5 2.5 3.2 3.2 2.7 2.1 1.8 1.6 1.1 0.8 1 7.6 2.9 2 1.8 2.5 1.7 1.6
nщ
SO2
03/22 2.1 1.6 1.4 1.3 1.2 1.1 1.5 2.2 2.6 3.4 3.6 2.5 3.5 2 1.6 1.6 2 1.9 2.4 2.5 2.8 2.9 2.9 2.5
nщ
SO2
03/23 2.4 1.7 2.2 1.3 1.1 1 0.9 1 1.1 1.3 1.5 1.7 1.7 1.6 1.4 1.4 1.4 1.5 1.7 1.6 1.4 1.2 0.9 0.8
nщ
SO2
03/24 1.1 2.2 1.7 1.7 1.6 1.6 1.6 1.8 1.9 2.4 2.4 2.6 2.7 2.9 2.6 2.6 2.1 2 2.2 2.4 2.6 2.7 2.9 2.9
nщ
SO2
03/25 1.9 1.5 1.2 1 1.3 1.4 1.4 1.9 2.7 4.5 5.2 4.4 4.1 4 3.5 3.6 3.9 4 4.5 5.4 6.3 6.3 6.3 6.3
nщ
SO2
03/26 2.8 0.9 0.6 0.2 -0.2x -0.7* -0.8* -1.2* 2.2# 2.3 2 1.9 1.4 1.5 1.5 1.3 3.5 14 6.5 4.2 4 3.5 2.9 3
nщ
SO2
03/27 4.9 1 0.8 0.5 0.4 0.1 0.1 0.7 0.9 0.9 0.6 0.3 0.3 0.4 0.9 1.5# 2.4# 3.7 3.6 3.1 3.9 3 2.5 2.3
nщ
SO2
03/28 1.3 1.2 1 0.8 0.8 0.7 0.9 1.4 2.1 2.2 1.8 1.2 1.3 0.9 0.9 1 1.2 1.2 1.4 1.1 1.1 1.3 1.3 1.5
nщ
SO2
03/29 1.5 1.5 1.4 1.3 1.2 1.2 1.1 1.5 1.8 1.8 1.7 2.2 2.2 2.6 3 4.4 3.9 3.7 3.1 2.9 2.6 2 2.1 1.2
nщ
SO2
03/30 1.4 1.4 1.3 1.3 1.3 1.6 1.9 2.1 2.2 2 2.9 2.8 2.6 2.6 2.4 2.3 2 2.4 2.6 2.8 2.9 3 2.6 2.7
nщ
SO2
03/31 2 1.7 1.6 2.1 2.4 2.3 2.4 2.8 3.2 2.8 2.4 2.1 2.6 2.6 2.2 2.6 2.1 2 1.8 1.9 1.9 2.1 2.1 2.2
nщ
SO2
菏代~るG2019/04A 代浮GnщA 代兜GSO2]ppb^
nщ
SO2
ら戳 00 01 02 03 04 05 06 07 08 09 10 11 12 13 14 15 16 17 18 19 20 21 22 23
nщ
SO2
04/01 1.8 1.9 1.5 1.6 1.3 1.3 1.3 1.4 1.8 2.2 2.4 2.5 2.6 2.7 2.8 3 2.6 2.8 3 3.1 3.2 3.3 3.3 3.2
nщ
SO2
04/02 2.2 1 0.9 0.8 0.8 0.8 0.9 1.4 2.9 3 2.1 1.5 1.3# 1.1 0.2 0.8 1.2 1.2 1.1 1.6 2.1 2.3 2.3 1.9
nщ
SO2
04/03 1.6 1.5 1.4 1 0.7 0.6 0.6 0.6 1.1 1.3 1.5 1.8 1.3 0.9 0.9 0.9 0.4 0.5 0.6 0.9 1.2 1.5 1.6 1.5
nщ
SO2
04/04 1.8 1.5 1.7 1.5 1.5 1.5 1.6 2.1 2.4 2.4 2.6 2.4 1.8 1.9 1.8 1.4 4 1.3 1.1 1.5 1.6 1.7 1.7 1.7
nщ
SO2
04/05 1.7 1.9 2.1 2.1 2.5 2.4 2.8 2.7 2.9 3.1 2.7 2.4 2 1.6 1.9 1.7 1.9 2.6 2.9 2.4 2.7 2.9 2.9 2.7
nщ
SO2
04/06 2.1 1 0.9 0.9 0.8 0.7 0.9 1.1 1.5 1.3 1.5 1.4 1 2.4 5.6 3.7 1.4 1.2 2.3 2.2 1.4 1.6 1.4 1.5
nщ
SO2
04/07 1.6 2 1.9 1.5 1.4 1.4 1.3 1.5 1.5 1.6 1.7 1.7 1.2 1.5 2.2 2.5 3.6 12 21 2.7 2.7 2.8 2.7 2.5
nщ
SO2
04/08 2.3 1.3 1.2 0.9 0.9 0.7 1.1 1.3 1.4 1.4 1.4 1.9 1.2 1.6 2 1.6 1.7# 5 4.1 6.5 2.8 2.2 1.9 1.4
nщ
SO2
04/09 2.1 1.7 1.3 1.2 1.3 1.1 1.3 1.5 1.6 1.9 1.8 1.9 2 2.1 1.9 1.6 1.4 1.3 1.3 1.3 1.3 1.5 1.4 1.5
nщ
SO2
04/10 1.8 1.9 1.8 1.6 1.6 1.7 1.6 1.8 1.7# 1.9 2.6 2.1 1.9 1.9 1.9 2.2 3.6 5 3.7 2.8 2.8 3.5 2.9 2.9
nщ
SO2
04/11 1.9 2 1.8 1.8 1.6 2.8 3.6 4.3 3.2 2.6 2.7 2.6 2.2 2.2 3.2 3.2 2.7 2 2.3 2.9 2.8 3 3.2 3
nщ
SO2
04/12 2.2 1.4 1.1 0.8 0.8 0.8 0.6 1 1.6 1.8 1.7 1.3 1.2 1.6 2.6 2.2 1.4 1.8 2.2 2.6 2.6 2.7 2.6 2.2
nщ
SO2
04/13 1.3 1.8 1.6 1.7 2.3 2.3 2.1 2 1.9 1.9 2.1 1.7 1.5 1.1 1 0.5 0.6 0.9 1.5 1.8 2.2 2.3 2.3 2.3
nщ
SO2
04/14 2 1.6 1.7 1.3 0.8 0.8 0.7 0.8 1 0.9 0.8 0.6 0.5 0.3 0.1 0 0 0.2 0.3 0.9 0.9 1.1 1.1 0.9
nщ
SO2
04/15 1.5 1.6 1.5 1.4 1.4 1.3 1.6 1.7 2.2 2.8 3.1 3.1 3.1 3 3.1 2.7 2.6 2.9 3 3.5 4 4.2 4.3 4
nщ
SO2
04/16 1.9 1.2 1.1 1.8 1.5 1.1 1.1 1 1 1.3 2.3 1.8 1.6 1.3 1.4 1.7 1.5 1.7 1.9 2.2 3.1 3.9 3.8 3.8
nщ
SO2
04/17 2.4 1.9 1.7 1.4 0.4x -0.1x -0.4x -0.3x 1.5# 1.2 1.2 1 0.8 1 1.3 1.6 1.9 1.9 2 3.1 3.4 3.5 3.7 3.8
nщ
SO2
04/18 4.3 2.1 1.7 1.7 1.7 1.6 1.8 1.8 0.9 1.1 1 1.4 1.5# 1.7 2 2.2 2.3 2.4 2.9 3.4 3 3.3 2.9 2.5
nщ
SO2
04/19 2.5 0.9 0.9 1 0.8 0.6 0.5 0.2 0.5 0.6 0.5 0.3 0.2 0.7 0.9# 1.5# 1.1# 0.9# 1.2 1.6 1.6 1.4 0.9 0.5
nщ
SO2
04/20 0.6 1.6 1.6 1.5 1.4 1.4 1.6 2.2 2.7 2.7 2.1 1.5 0.9 0.8 0.8 1.1 0.8 1.2 2.1 2.4 2.6 4.2 2.7 2.9
nщ
SO2
04/21 2.2 1.8 2.4 1.6 0.6 0.5 0.7 1.2 1.4 1.8 2 1.7 0.8 0.5 0.3 0.4 0.8 0.9 1.3 1.7 1.9 2 1.8 1.6
nщ
SO2
04/22 1.6 1.2 1.1 0.8 0.8 0.7 0.8 1.2 1.6 1.8 1.4 1.2 0.7 0.8 0.8 1.5 1.4 2 3.2 1.4 1 0.9 0.7 0.7
nщ
SO2
04/23 1.2 1.3 1.3 1.6 1.5 2.2 2.7 3 3.1 3 2.8 2.7 2.6 2.6 2.6 2.7 2.8 3.1 3 3.1 3.3 3.4 3.4 3.1
nщ
SO2
04/24 2 1.4 1.6 1.4 1.5 1.7 1.6 1.8 1.8 1.8 1.6 1.5 1.5 1.3 1.4 1.3 1.5 1.7 1.9 2 1.9 1.9 2 1.6
nщ
SO2
04/25 2 1.8 1.7 1.7 1.5 1.5 1.7 2 2.2 2.1 1.9 1.8 1.9 1.7 1.7 1.6 1.5 1.5 1.8 2.2 2.6 2.7 3.1 2.8
nщ
SO2
04/26 1.2 1.5 1.2 1.2 1.2 1.3 1.3 1.5 1.7 2 2.3 2.2 1.8 1.9 2.6 2.6 7.1 3.8 2.7 2.3 2.1 1.8 1.7 1.8
nщ
SO2
04/27 2.4 1.7 1.9 1.7 1.6 1.5 1.4 1.5 1.5 1.5 1.5 2.1 2.3 1.8 2 2.5 4.3 3.1 3 2.4 2.7 2.6 2.9 2.8
nщ
SO2
04/28 1.9 1.8 1.6 1.7 1.7 1.6 4.1 6.9 4.1 2.1 2.4 1.7 1.3 1 1.5 3.4 4.4 2.5 1.5 1.9 3 3.3 2.6 2.4
nщ
SO2
04/29 1.8 1.7 1.4 1.2 1.3 1.2 1.3 1.5 1.4 1.9 2 1.5 1.4 1.4 2 4.7 5.6 4 4.6 3 3.2 2.7 2.7 2.6
nщ
SO2
04/30 2.2 1.7 1.5 1.4 1.3 1.3 1.5 1.3 1.3 1.4 1.4 1.3 1.1 1 1.2 0.8 0.9 1.2 1.3 1.3 1.3 1.5 1.3 1.3
nщ
SO2
菏代~るG2019/05A 代浮GnщA 代兜GSO2]ppb^
nщ
SO2
ら戳 00 01 02 03 04 05 06 07 08 09 10 11 12 13 14 15 16 17 18 19 20 21 22 23
nщ
SO2
05/01 1.6 1.8 1.6 1.5 1.5 1.4 1.6 1.9 2.2 2.4 2.5 2.4 2.6 2.9 3.1 3.1 3.7 3.6 3.7 3.9 3.8 3.7 3.5 3.4
nщ
SO2
05/02 2.4 1.5 1.6 1.4 1.2 1.5 1.8 2.4 3.2 3.7# 3.6 3.7 3.8 4.3 3.9 3.2 3.9 3.5 2.8 2.7 2.8 2.4 2.2 2.1
nщ
SO2
05/03 1.5 1.7 2.1 2.8 2.6 2.3 2.3 2.2 2.5 2.8 2.9 2.6 2.5 2.2 1.7 1.4 0.8 0.8 0.8 1.6 2 2 1.9 1.7
nщ
SO2
05/04 1.5 1.2 1 0.8 0.5 0.4 0.4 0.6 0.6 0.6 0.4 0.4 0.6 0.2 0.1 0.1 0.1 0.2 0.5 0.9 1 1.3 1.3 1
nщ
SO2
05/05 1.3 0.8 0.7 0.5 0.4 0.5 0.9 1.5 1.6 1.7 1.9 2.1 1.3 0.8 1 1.5 2.8 2.7 2.7 2.4 1.9 1.2 1.1 0.9
nщ
SO2
05/06 1.5 1.9 1.8 1.7 2 2.1 2.2 2.4 2.7 3 3.7 4.1 3.8 3.4 3 2.8 3.1 3.8 4 4.1 3.9 3.9 3.7 3.3
nщ
SO2
05/07 1.8 1.3 1 1 1.1 1 0.8 0.9 1.3 1.6 2 2.1 2.1 1.9 1.8 1.5 1.6 1.9 3.6 3.4 4.4 4 3.9 4.1
nщ
SO2
05/08 2.6 2.1 1.9 1.9 1.9 2.1 2.2 2.7 3.5 4.6 3.5 2.5 2.4 1.9 1.8 1 1.1 1.7 2.5 2.7 2.7 2.8 2.8 2.9
nщ
SO2
05/09 2.3 2 2 1.9 1.9 1.9 2.4 2.7 2.7 2.5 2.4 2 1.7 1.1 1.1 1 1.4 1.8 2.5 2.7 2.7 2.2 1.8 1.4
nщ
SO2
05/10 1.8 1.3 1.4 1.6 1.7 1.7 1.7 1.9 1.7 1.6 1.5 1.4 1.5 1.7 2.5 2 1.3 0.8 1.1 2.2 3 3.1 3.1 3.1
nщ
SO2
05/11 2.5 2.4 1.9 1.7 1.7 1.8 1.8 1.9 1.9 1.8 1.7 1.5 1.7 1.6 1.4 1.4 2.8 2.4 1.8 2.1 2.4 2.4 2.2 2.3
nщ
SO2
05/12 2.2 1.8 1.6 2.3 3.2 2.7 2.6 2.6 2.4 2.1 1.7 1.8 1.9 2.6 2.3 5.1 9.9 7.5 6.3 5.7 4.6 3.9 3.6 2.8
nщ
SO2
05/13 2.8 1.8 1.6 1.8 1.7 1.4 1.4 1.5 1.5 1.5 1.6 1.7 1.4 2 2.3 2.1 2.1 2.5 2.3 2.3 2.8 3 3 2.8
nщ
SO2
05/14 1.7 1.6 1.2 1.2 1.1 1 1.2 1.6 1.8 1.7 1.3 1 1.2 1.6 1.5 2.4 2.6 2.4 3.3 3.6 2.7 2.8 2.8 2.5
nщ
SO2
05/15 2.4 1.5 1.5 1.4 1.3 1.2 1.3 1.5 1.6 1.3 0.9# 1.9 2.1 2.1 1.3 1.1 0.9 1 1.2 1.5 1.5A 1.5 1.3 1
nщ
SO2
05/16 2.1 1.4 1.3 1.1 1 1 1.2 1.5 2 2.1 2 2.2 2.1 1.5# 1.5 1.4 1.6 1.6 1.8 2 2.3 2.3 2.3 2.3
nщ
SO2
05/17 1.4 1.6 1.5 1.4 1.5 1.5 1.7 2.4 3 3.5 3.2 2.9 2.6 2.1 1.8 1.7 1.6 1.4 1.9 2.5 2.8 2.9 2.9 2.7
nщ
SO2
05/18 1.9 1.1 0.9 0.8 0.4 0.3 0.4 0.9 1.1 1.2 1.3 1.1 1 0.7 0.6 0.4 0.6 0.5 0.8 1 1.3 1.4 1.6 1.4
nщ
SO2
05/19 1.5 1.1 0.9 0.9 0.9 0.8 1.1 1.6 1.9 1.8 1.6 1.4 1.4 1.2 1.1 0.9 0.9 1.1 1.4 1.8 2.2 2.6 2.7 2.4
nщ
SO2
05/20 1.3 0.6 0.4 0.1 0.1 0.1 0.5 0.7 1.1 1 1.3 1.1 1 0.6 0.7 0.6 2.8 1.9 2.7 3.5 3.4 3.5 3 2.2
nщ
SO2
05/21 2.1 1.5 1.6 1.7 1.6 1.6 1.8 2.4 2.9 3.1 3.4 3.4 3.4 3.2 3.2 3.2 3.1 3.4 4 4.3 4.1 4.2 4.1 4.2
nщ
SO2
05/22 2.7 2.3 1.9 1.7 1.5 1.7 2.6 2.4 2 1.7 1.5 1.4 1.6 1.3 0.8 1.1 3.8 3.8 3.2 2.9 3.5 2.9 3.1 3
nщ
SO2
05/23 2.5 2.2 1.6 1.3 1.4 2.8 3.6 3.7 2.3 2.1 2.2 2.5 2.4 1.9 1.4 0.8 0.9 1.6 1.3 1.5 1.6 1.4 1.2 1.1
nщ
SO2
05/24 2.2 2 1.8 1.7 1.7 1.8 1.8 1.9 2.1 2 2.2 3 2.8 2.4 1.8 1.7 1.9 2.5 2.7 2.6 2.3 2.3 2.2 2.2
nщ
SO2
05/25 2.5 1.1 1 0.9 0.8 0.8 0.7 1.1 1.3 1.3 1.8 2 2.6 1.7 1.4 5.3 2.6 1.1 1.1 1.5 1.6 2 2.1 2
nщ
SO2
05/26 1.3 1.5 1.3 1.1 1 1 1.1 1.2 1.2 1.1 1.2 1.5 2.1 1.2 1.5 2.1 2.6 2 2 2.7 2.6 2.4 2.7 3.4
nщ
SO2
05/27 2.9 2.2 2.2 2.1 1.9 1.8 2 2.7 3.9 4.4 6.1 6.8 2.9 2.3 1.7 1.6 1.5 1.5 1.6 1.7 1.9 2.1 2.2 2
nщ
SO2
05/28 1.9 1.2 1.1 1.1 1.1 1.2 1.3 1.5 1.9 2.4 3.2 3.2 2.6 3 2.3 1.9 1.7 2.6 3.2 3.2 3.3 3.1 3.1 2.9
nщ
SO2
05/29 2.1 0.8 0.7 0.6 0.6 0.7 0.8 0.8 1.6 1.8 2.1 2.1 1.6 1.1# 0.6 0.8 1 1.5 1.9 1.6 1.8 2 2.1 1.6
nщ
SO2
05/30 1.6 2 1.9 1.7 1.8 1.8 2 2.6 2.9 3.1 2.7 2 1.9 2.4 2.6 3.1 3.8 5.3 6.6 8.4 9.5 5 3.7 2.4