nщ
CO
01/01 0.48 0.46 0.46 0.43 0.4 0.37 0.48 0.61 0.53 0.43 0.41 0.39 0.33 0.32 0.36 0.38 0.38 0.45 0.45 0.45 0.38 0.37 0.36 0.38
nщ
CO
01/02 0.37 0.33 0.3 0.27 0.25 0.25 0.31 0.51 0.97 0.85 1.13 0.71 0.55 0.42 0.4 0.46 0.57 0.76 0.64 0.63 0.65 0.58 0.54 0.55
nщ
CO
01/03 0.5 0.46 0.48 0.44 0.41 0.4 0.39 0.57 0.65 0.53 0.52 0.55 0.63 0.63 0.62 0.61 0.64 0.82 0.83 0.71 0.7 0.68 0.68 0.58
nщ
CO
01/04 0.54 0.49 0.46 0.44 0.41 0.41 0.46 0.69 0.95 0.77 0.53 0.41 0.46 0.49 0.62 0.63 0.65 0.63 0.59 0.63 0.67 0.69 0.66 0.65
nщ
CO
01/05 0.69 0.69 0.71 0.68 0.68 0.73 0.78 0.91 0.88 1 0.64 0.6 0.46 0.44 0.38 0.4 0.45 0.75 0.8 0.66 0.61 0.66 0.68 0.7
nщ
CO
01/06 0.7 0.66 0.69 0.53 0.47 0.47 0.5 0.54 0.59 0.6 0.58 0.57 0.51 0.52 0.54 0.57 0.62 0.67 0.66 0.64 0.67 0.61 0.62 0.57
nщ
CO
01/07 0.58 0.57 0.58 0.59 0.58 0.55 0.57 0.69 0.94 0.96# 0.75 0.56 0.58 0.52 0.53 0.49 0.52 0.69 0.64 0.62 0.61 0.52 0.46 0.53
nщ
CO
01/08 0.53 0.52 0.52 0.48 0.32 0.31 0.35 0.54 1.21 0.81 0.74 0.53 0.44 0.43 0.46 0.49 0.49 0.54 0.56 0.59 0.53 0.5 0.42 0.41
nщ
CO
01/09 0.42 0.42 0.39 0.38 0.38 0.4 0.39 0.59 0.84 0.76 0.8 0.63 0.52 0.49 0.48 0.48 0.58 0.76 0.68 0.7 0.71 0.69 0.68 0.69
nщ
CO
01/10 0.67 0.65 0.67 0.63 0.62 0.65 0.75 0.9 1.04 0.85 0.86 0.74 0.57 0.46 0.43 0.39 0.55 0.6 0.57 0.54 0.6 0.6 0.61 0.55
nщ
CO
01/11 0.51 0.57 0.52 0.58 0.52 0.51 0.54 0.69 0.84 0.68 0.55 0.51 0.49 0.5 0.56 0.57 0.48 0.64 0.63 0.73 0.79 0.88 0.63 0.55
nщ
CO
01/12 0.55 0.49 0.46 0.46 0.38 0.39 0.5 0.69 0.64 0.67 0.57 0.45 0.42 0.3 0.28 0.31 0.39 0.55 0.61 0.69 0.69 0.68 0.66 0.7
nщ
CO
01/13 0.7 0.69 0.65 0.59 0.57 0.59 0.63 0.68 0.7 0.7 0.69 0.64 0.51 0.53 0.55 0.59 0.63 0.67 0.69 0.66 0.66 0.62 0.59 0.54
nщ
CO
01/14 0.54 0.49 0.48 0.46 0.45 0.45 0.53 0.69 0.7 0.85 0.82 0.69 0.65 0.58 0.55 0.53 0.59 0.74 0.65 0.66 0.67 0.66 0.64 0.6
nщ
CO
01/15 0.62 0.59 0.52 0.37 0.34 0.37 0.46 0.55 0.59 0.71 0.85 0.68 0.46 0.45 0.46# 0.47 0.53 0.58 0.61 0.49 0.46 0.47 0.45 0.4
nщ
CO
01/16 0.37 0.38 0.33 0.3 0.33 0.31 0.42 0.67 1.02 0.92 0.92 0.72 0.67 0.61 0.57 0.59 0.62 0.71 0.72 0.76 0.83 0.75 0.63 0.51
nщ
CO
01/17 0.49 0.33 0.33 0.29 0.29 0.31 0.39 0.55 0.92 0.74 0.58 0.54 0.5 0.49 0.51 0.53 0.56 0.66 0.67 0.63 0.57 0.54 0.48 0.45
nщ
CO
01/18 0.45 0.4 0.39 0.38 0.38 0.39 0.42 0.57 0.67 0.51 0.4 0.38 0.39 0.37 0.34 0.4 0.56 0.76 0.76 0.8 0.75 0.66 0.57 0.52
nщ
CO
01/19 0.51 0.5 0.51 0.57 0.51 0.51 0.54 0.65 0.7 0.68 0.69 0.65 0.45 0.39 0.41 0.43 0.37 0.52 0.55 0.47 0.55# NA NA NA
nщ
CO
01/20 NA NA NA NA NA NA NA NA NA NA NA NA NA NA NA NA NA NA NA NA NA NA 0.65# 0.58
nщ
CO
01/21 0.54 0.53 0.53 0.52 0.5 0.49 0.53 0.71 0.61 0.68# 0.61 0.64 0.56 0.53 0.47 0.4# 0.41 0.44 0.43 0.43 0.43 0.41 0.36 0.32
nщ
CO
01/22 0.32 0.35 0.31 0.28 0.25 0.3 0.35 0.53 0.59 0.57 0.52# 0.5x 0.55# 0.5 0.51 0.55 0.59 0.71 0.65 0.64 0.65 0.58 0.55 0.6
nщ
CO
01/23 0.56 0.55 0.54 0.5 0.43 0.4 0.43 0.51 0.55 0.5 0.49 0.48 0.53 0.43 0.47 0.46 0.53 0.7 0.73 0.67 0.65 0.76 0.66 0.63
nщ
CO
01/24 0.53 0.66 0.52 0.47 0.43 0.48 0.55 0.73 0.89 0.75 0.71 0.63 0.47 0.4 0.45 0.43 0.52 0.73 0.74 0.87 0.82 0.73 0.55 0.52
nщ
CO
01/25 0.55 0.46 0.45 0.41 0.37 0.39 0.46 0.79 0.78 0.58 0.47 0.52 0.46 0.45 0.44 0.51# 0.56# 0.71 0.72 0.74 0.74 0.71 0.71 0.7
nщ
CO
01/26 0.64 0.58 0.52 0.49 0.48 0.46 0.59 0.63 0.63 0.54 0.4 0.35 0.33 0.32 0.35 0.38 0.46 0.49 0.44 0.4 0.36 0.31 0.27 0.25
nщ
CO
01/27 0.23 0.2 0.19 0.19 0.18 0.19 0.25 0.32 0.34 0.37 0.38 0.36 0.34 0.32 0.31 0.31 0.36 0.44 0.46 0.44 0.43 0.54 0.47 0.46
nщ
CO
01/28 0.42 0.41 0.37 0.38 0.36 0.37 0.48 0.57 0.55# 0.57# 0.44 0.46 0.49 0.44 0.48 0.52 0.52 0.6 0.54 0.54 0.58 0.55 0.67 0.52
nщ
CO
01/29 0.45 0.43 0.4 0.38 0.38 0.36 0.45 0.63 0.69 0.79 0.64 0.48 0.42 0.44 0.36 0.37 0.44 0.7 0.82 0.69 0.72 0.66 0.59 0.48
nщ
CO
01/30 0.52 0.49 0.53 0.42 0.4 0.45 0.5 0.68 0.81 0.57 0.52 0.52 0.49 0.34 0.32 0.36 0.48 0.56 0.68 0.65 0.71 0.57 0.5 0.48
nщ
CO
01/31 0.41 0.3 0.27 0.27 0.28 0.38 0.52 0.99 0.6 0.56 0.44 0.36 0.19 0.22 0.26 0.27 0.48 0.77 0.71 0.6 0.57 0.52 0.45 0.48
nщ
CO
菏代~るG2019/02A 代浮GnщA 代兜GCO]ppm^
nщ
CO
ら戳 00 01 02 03 04 05 06 07 08 09 10 11 12 13 14 15 16 17 18 19 20 21 22 23
nщ
CO
02/01 0.41 0.44 0.46 0.44 0.41 0.39 0.42 0.54 0.56 0.57 0.58 0.56 0.56 0.54 0.58 0.65 0.73 0.82 0.78 0.82 0.85 0.82 0.71 0.67
nщ
CO
02/02 0.67 0.66 0.64 0.65 0.69 0.74 0.74 0.97 1.09 0.89 0.76 0.67 0.64 0.6 0.59 0.66 0.79 0.92 0.78 0.8 0.73 0.77 0.85 0.9
nщ
CO
02/03 0.83 0.85 0.76 0.75 0.7 0.6 0.71 0.83 0.91 0.57 0.6 0.34 0.37 0.37 0.47 0.52 0.64 0.63 0.69 0.61 0.75 0.69 0.69 0.56
nщ
CO
02/04 0.49 0.53 0.49 0.44 0.43 0.48 0.57 0.71 0.58 0.61 0.78 0.82 0.67 0.62 0.61 0.59 0.8 0.89 0.93 0.99 1.02 0.97 0.94 0.95
nщ
CO
02/05 0.89 0.82 0.79 0.76 0.74 0.68 0.66 0.69 0.74 0.82 0.9 0.84 0.66 0.67 0.65 0.62 0.61 0.56 0.5 0.39 0.39 0.39 0.38 0.44
nщ
CO
02/06 0.4 0.39 0.41 0.42 0.45 0.45 0.54 0.65 0.64 0.51 0.4# 0.3 0.35 0.35 0.44 0.41 0.44 0.47 0.54 0.65 0.68 0.75 0.6 0.55
nщ
CO
02/07 0.54 0.48 0.44 0.42 0.39 0.44 0.46 0.48 0.53 0.39 0.27 0.24 0.21 0.18 0.2 0.2 0.3 0.37 0.49 0.59 0.69 0.61 0.53 0.48
nщ
CO
02/08 0.47 0.48 0.44 0.42 0.42 0.43 0.48 0.55 0.54 0.53 0.51 0.42 0.36 0.35 0.36 0.36 0.38 0.39 0.37 0.36 0.38 0.38 0.38 0.37
nщ
CO
02/09 0.35 0.32 0.32 0.33 0.33 0.37 0.44 0.51 0.53 0.48 0.48 0.48 0.34 0.34 0.35 0.36 0.35 0.36 0.4 0.41 0.4 0.35 0.32 0.32
nщ
CO
02/10 0.37 0.31 0.27 0.23 0.21 0.22 0.27 0.28 0.42 0.38 0.4 0.42 0.37 0.33 0.35 0.37 0.4 0.45 0.46 0.43 0.43 0.42 0.4 0.41
nщ
CO
02/11 0.43 0.32 0.3 0.29 0.28 0.26 0.31 0.48 0.71 1.03 0.74 0.46 0.34 0.36 0.34 0.35 0.47 0.48 0.54 0.69 0.54 0.51 0.51 0.39
nщ
CO
02/12 0.38 0.34 0.32 0.34 0.33 0.37 0.46 0.68 0.8 0.83 0.78 0.36 0.33 0.34 0.36 0.39 0.44 0.49 0.52 0.53 0.54 0.51 0.49 0.62
nщ
CO
02/13 0.67 0.58 0.47 0.55 0.55 0.5 0.6 0.83 1.04 0.78 0.57 0.35 0.36 0.32 0.32 0.34 0.43 0.56 0.59 0.63 0.55 0.46 0.38 0.37
nщ
CO
02/14 0.36 0.33 0.35 0.35 0.36 0.36 0.42 0.55 0.8 0.65 0.59 0.39 0.3 0.32 0.31 0.36 0.42 0.62 0.59 0.59 0.59 0.63 0.54 0.5
nщ
CO
02/15 0.5 0.46 0.45 0.46 0.47 0.51 0.59 0.72 0.99 0.65 0.56 0.36 0.36 0.29 0.31 0.27 0.33 0.43 0.58 0.7 0.66 0.61 0.41 0.38
nщ
CO
02/16 0.33 0.27 0.36 0.32 0.33 0.35 0.44 0.51 0.59 0.48 0.26 0.24 0.52 0.46 0.39 0.43 0.49 0.51 0.55 0.57 0.62 0.58 0.52 0.48
nщ
CO
02/17 0.47 0.42 0.4 0.37 0.39 0.43 0.45 0.52 0.5 0.49 0.47 0.44 0.41 0.37 0.36 0.39 0.44 0.45 0.45 0.46 0.45 0.43 0.43 0.37
nщ
CO
02/18 0.36 0.37 0.38 0.39 0.4 0.42 0.48 0.59 0.58 0.53# 0.83 0.6 0.51 0.43 0.45 0.43 0.45 0.58 0.63 0.56 0.59 0.7 0.67 0.63
nщ
CO
02/19 0.61 0.42 0.28 0.25 0.27 0.31 0.49 0.86 1.1 1.28 1.31 0.74 0.51 0.45 0.57 0.46 0.52 0.65 0.62 0.65 0.92 0.94 0.93 0.61
nщ
CO
02/20 0.57 0.48 0.47 0.43 0.38 0.37 0.4 0.61 0.52 0.42 0.35 0.43 0.35 0.39 0.47 0.5 0.51 0.49 0.61 0.6 0.62 0.68 0.67 0.63
nщ
CO
02/21 0.6 0.66 0.65 0.63 0.6 0.53 0.54 0.58 0.71 0.45 0.63 0.64 0.54 0.43 0.38 0.39 0.51 0.68 0.61 0.49 0.45 0.44 0.41 0.41
nщ
CO
02/22 0.4 0.42 0.39 0.37 0.39 0.4 0.47 0.71 0.75 0.8 0.73 0.49 0.42 0.37 0.33 0.37 0.4 0.52 0.59 0.64 0.56 0.53 0.5 0.48
nщ
CO
02/23 0.49 0.36 0.36 0.39 0.41 0.41 0.43 0.65 0.97 1.01 0.83 0.64 0.64 0.59 0.6 0.65 0.67 0.72 0.67 0.59 0.6 0.58 0.57 0.56
nщ
CO
02/24 0.57 0.54 0.53 0.48 0.48 0.42 0.42 0.51 0.47 0.5 0.51 0.58 0.54 0.48 0.42 0.46 0.48 0.52 0.54 0.56 0.61 0.6 0.6 0.52
nщ
CO
02/25 0.5 0.47 0.47 0.45 0.43 0.42 0.49 0.67 0.88 0.74 0.56 0.54 0.42 0.36 0.37 0.46 0.5 0.53 0.59 0.67 0.59 0.53 0.43 0.39
nщ
CO
02/26 0.41 0.45 0.34 0.31 0.31 0.35 0.46 0.59 1.21 0.98 0.85 0.57 0.55 0.5 0.45 0.43 0.52 0.7 0.69 0.53 0.5 0.48 0.44 0.44
nщ
CO
02/27 0.46 0.45 0.44 0.44 0.44 0.45 0.51 0.68 0.69 0.9 0.72 0.63 0.5 0.45 0.45 0.44 0.47 0.6 0.53 0.61 0.59 0.67 0.6 0.5
nщ
CO
02/28 0.5 0.44 0.4 0.41 0.53 0.48 0.59 0.69 0.63 0.56 0.38 0.51 0.43 0.37 0.35 0.38 0.43 0.47 0.5 0.51 0.5 0.51 0.49 0.49
nщ
CO
菏代~るG2019/03A 代浮GnщA 代兜GCO]ppm^
nщ
CO
ら戳 00 01 02 03 04 05 06 07 08 09 10 11 12 13 14 15 16 17 18 19 20 21 22 23
nщ
CO
03/01 0.49 0.47 0.44 0.36 0.35 0.36 0.41 0.54 0.5 0.51 0.52 0.53 0.45 0.4 0.38 0.47 0.46 0.49 0.55 0.57 0.57 0.56 0.56 0.54
nщ
CO
03/02 0.54 0.53 0.5 0.48 0.49 0.5 0.58 0.64 0.62 0.56 0.55 0.58 0.54 0.48 0.49 0.48 0.6 0.87 0.9 0.79 0.83 0.88 0.86 0.74
nщ
CO
03/03 0.66 0.55 0.49 0.47 0.45 0.45 0.5 0.63 0.6 0.48 0.35 0.45 0.48 0.37 0.39 0.42 0.43 0.53 0.57 0.61 0.74 0.66 0.58 0.43
nщ
CO
03/04 0.41 0.44 0.41 0.41 0.34 0.33 0.37 0.54 0.53 0.58# 0.59 0.4 0.38 0.39 0.45 0.49 0.56 0.75 0.77 0.84 0.78 0.72 0.67 0.63
nщ
CO
03/05 0.82 0.56 0.52 0.49 0.49 0.48 0.52 0.7 0.68 0.64 0.55 0.46 0.47 0.54 0.53 0.57 0.6 0.68 0.59 0.53 0.5 0.51 0.5 0.5
nщ
CO
03/06 0.52 0.52 0.5 0.49 0.48 0.52 0.53 0.72 0.6 0.53 0.46 0.38 0.4 0.42 0.44 0.46 0.46 0.51 0.55 0.5 0.46 0.51 0.5 0.54
nщ
CO
03/07 0.51 0.45 0.36 0.38 0.38 0.38 0.42 0.57 0.97 1.2 0.8 0.54 0.57 0.44 0.44 0.54 0.6 0.58 0.58 0.64 0.74 0.7 0.57 0.56
nщ
CO
03/08 0.47 0.48 0.46 0.44 0.45 0.48 0.55 0.78 1.02 0.98 1 0.98 0.74 0.66 0.45 0.56 0.58 0.68 0.62 0.59 0.53 0.52 0.47 0.5
nщ
CO
03/09 0.54 0.52 0.61 0.6 0.58 0.56 0.63 0.84 1.07 0.85 0.64 0.54 0.52 0.46 0.5 0.6 0.72 0.5 0.52 0.57 0.56 0.68 0.62 0.54
nщ
CO
03/10 0.48 0.32 0.2 0.19 0.18 0.18 0.23 0.49 0.4 0.4 0.34 0.38 0.34 0.35 0.43 0.56 0.55 0.55 0.59 0.56 0.58 0.59 0.63 0.64
nщ
CO
03/11 0.54 0.57 0.57 0.58 0.59 0.64 0.73 0.57 0.94 0.94 0.88 0.84 0.75 0.83 0.74 0.59 0.61 0.77 0.86 0.75 0.74 0.8 0.78 0.74
nщ
CO
03/12 0.79 0.75 0.75 0.64 0.61 0.58 0.68 0.92 1.07 0.84 0.42 0.35 0.35 0.36 0.45 0.43 0.46 0.58 0.66 0.73 0.77 0.65 0.52 0.47
nщ
CO
03/13 0.49 0.45 0.46 0.41 0.43 0.43 0.59 0.83 0.72 0.54 0.5 0.41 0.43 0.39 0.4 0.46# 0.47 0.57 0.79 0.77 0.77 0.77 0.62 0.49
nщ
CO
03/14 0.45 0.4 0.36 0.35 0.31 0.31 0.39 0.53 0.68 0.54 0.47 0.52 0.41 0.37 0.44 0.46 0.48 0.55 0.51 0.46 0.5 0.48 0.33 0.32
nщ
CO
03/15 0.37 0.3 0.27 0.27 0.26 0.28 0.32 0.45 1.11 0.79 0.77 0.5 0.44 0.42 0.44 0.48 0.59 0.62 0.62 0.66 0.52 0.5 0.58 0.56
nщ
CO
03/16 0.59 0.56 0.57 0.56 0.53 0.58 0.65 0.74 0.64 0.61 0.65 0.48 0.43 0.41 0.44 0.34 0.35 0.38 0.52 0.52 0.57 0.58 0.5 0.53
nщ
CO
03/17 0.46 0.42 0.38 0.37 0.35 0.38 0.48 0.58 0.57 0.59 0.58 0.56 0.46 0.45 0.48 0.42 0.41 0.46 0.48 0.53 0.56 0.47 0.45 0.48
nщ
CO
03/18 0.47 0.45 0.45 0.44 0.44 0.44 0.51 0.65 0.96 0.82 0.6 0.55 0.48 0.4 0.44 0.51 0.6 0.77 0.8 0.79 0.86 0.73 0.65 0.59
nщ
CO
03/19 0.55 0.53 0.45 0.44 0.42 0.46 0.53 0.7 0.96 1.05# 0.61 0.47 0.45 0.46 0.49 0.46 0.5 0.6 0.79 0.69 0.66 0.65 0.57 0.52
nщ
CO
03/20 0.55 0.44 0.42 0.43 0.41 0.4 0.57 0.83 0.88 0.79 0.49 0.42 0.42 0.42 0.43 0.44 0.46 0.54 0.43 0.43 0.33 0.29 0.31 0.35
nщ
CO
03/21 0.32 0.33 0.31 0.31 0.32 0.35 0.47 0.8 0.57 0.37 0.25 0.27 0.28 0.25 0.22 0.23 0.28 0.4 0.32 0.31 0.41 0.32 0.29 0.29
nщ
CO
03/22 0.26 0.26 0.23 0.21 0.2 0.24 0.4 0.5 0.44 0.45 0.45 0.36 0.51 0.39 0.35 0.4 0.46 0.57 0.6 0.62 0.58 0.51 0.47 0.4
nщ
CO
03/23 0.38 0.41 0.35 0.31 0.28 0.26 0.29 0.35 0.38 0.45 0.4 0.42 0.4 0.45 0.37 0.35 0.39 0.38 0.38 0.36 0.3 0.27 0.26 0.26
nщ
CO
03/24 0.26 0.26 0.22 0.21 0.21 0.23 0.27 0.3 0.38 0.42 0.44 0.45 0.47 0.49 0.39 0.38 0.39 0.46 0.5 0.46 0.49 0.54 0.59 0.57
nщ
CO
03/25 0.44 0.37 0.38 0.33 0.36 0.37 0.46 0.75 1.07 0.55 1.73 0.81 0.71 0.65 0.69 0.8 0.83 0.93 1.17 1.14 1.32 0.9 1.01 0.99
nщ
CO
03/26 0.96 0.57 0.67 0.57 0.4 0.41 0.43 0.51 0.61 0.54 0.5 0.47 0.38 0.37 0.37 0.34 0.51 0.69 0.69 0.64 0.59 0.82 0.67 0.67
nщ
CO
03/27 0.51 0.52 0.52 0.49 0.47 0.44 0.58 0.73 1.08 0.54 0.46 0.35 0.39 0.45 0.47 0.47 0.48 0.6 0.53 0.46 0.48 0.56 0.49 0.44
nщ
CO
03/28 0.39 0.36 0.36 0.35 0.34 0.37 0.49 0.74 0.6 0.37 0.31 0.25 0.28 0.28 0.29 0.3 0.33 0.36 0.35 0.3 0.34 0.31 0.32 0.27
nщ
CO
03/29 0.23 0.23 0.21 0.23 0.25 0.27 0.34 0.5 0.39 0.33 0.26 0.27 0.29 0.25 0.25 0.27 0.32 0.37 0.39 0.36 0.3 0.3 0.24 0.24
nщ
CO
03/30 0.25 0.25 0.25 0.24 0.25 0.3 0.4 0.4 0.42 0.4 0.52 0.49 0.43 0.39 0.37 0.42 0.41 0.44 0.52 0.53 0.54 0.56 0.54 0.5
nщ
CO
03/31 0.46 0.4 0.39 0.51 0.51 0.48 0.53 0.63 0.55 0.46 0.44 0.41 0.4 0.41 0.45 0.53 0.51 0.54 0.47 0.46 0.48 0.45 0.41 0.37
nщ
CO
菏代~るG2019/04A 代浮GnщA 代兜GCO]ppm^
nщ
CO
ら戳 00 01 02 03 04 05 06 07 08 09 10 11 12 13 14 15 16 17 18 19 20 21 22 23
nщ
CO
04/01 0.31 0.34 0.31 0.28 0.25 0.24 0.31 0.46 0.47 0.53 0.51 0.55 0.49 0.51 0.47 0.48 0.45 0.59 0.56 0.54 0.56 0.56 0.52 0.51
nщ
CO
04/02 0.54 0.47 0.46 0.45 0.44 0.47 0.54 0.73 0.77 0.65 0.65 0.48 0.52# 0.45 0.37 0.45 0.47 0.52 0.59 0.67 0.74 0.66 0.63 0.56
nщ
CO
04/03 0.53 0.44 0.47 0.3 0.27 0.29 0.34 0.48 0.94 0.91 0.64 0.46 0.39 0.36 0.37 0.38 0.34 0.4 0.45 0.52 0.57 0.52 0.49 0.52
nщ
CO
04/04 0.48 0.46 0.45 0.43 0.43 0.43 0.52 0.66 0.57 0.49 0.49 0.5 0.43 0.42 0.42 0.41 0.43 0.38 0.4 0.44 0.42 0.39 0.37 0.39
nщ
CO
04/05 0.39 0.39 0.4 0.42 0.43 0.46 0.56 0.56 0.53 0.51 0.44 0.42 0.39 0.39 0.37 0.38 0.4 0.46 0.53 0.58 0.61 0.65 0.55 0.51
nщ
CO
04/06 0.51 0.44 0.45 0.39 0.4 0.39 0.43 0.51 0.47 0.43 0.44 0.43 0.42 0.49 0.47 0.43 0.44 0.43 0.49 0.48 0.53 0.54 0.52 0.51
nщ
CO
04/07 0.47 0.44 0.43 0.4 0.36 0.35 0.39 0.48 0.41 0.38 0.41 0.41 0.36 0.35 0.38 0.39 0.43 0.53 0.61 0.64 0.63 0.56 0.54 0.47
nщ
CO
04/08 0.46 0.39 0.37 0.36 0.34 0.34 0.43 0.51 0.46 0.35 0.41 0.35 0.33 0.33 0.33 0.34 0.33# 0.39 0.38 0.34 0.28 0.28 0.29 0.29
nщ
CO
04/09 0.24 0.3 0.29 0.29 0.28 0.3 0.39 0.49 0.4 0.37 0.32 0.33 0.32 0.32 0.24 0.21 0.23 0.25 0.26 0.27 0.28 0.27 0.27 0.26
nщ
CO
04/10 0.26 0.27 0.26 0.23 0.22 0.25 0.34 0.34 0.3 0.29 0.29 0.26 0.25 0.24 0.25 0.26 0.3 0.39 0.37 0.33 0.35 0.36 0.36 0.37
nщ
CO
04/11 0.34 0.32 0.28 0.27 0.25 0.39 0.53 0.61 0.38 0.31 0.3 0.3 0.3 0.26 0.25 0.29 0.42 0.48 0.46 0.52 0.45 0.39 0.43 0.46
nщ
CO
04/12 0.34 0.3 0.3 0.3 0.32 0.29 0.33 0.48 0.52 0.56 0.53 0.44 0.42 0.4 0.45 0.48 0.48 0.55 0.55 0.64 0.58 0.58 0.5 0.45
nщ
CO
04/13 0.49 0.5 0.48 0.49 0.54 0.5 0.49 0.48 0.47 0.47 0.46 0.45 0.4 0.43 0.39 0.33 0.39 0.45 0.49 0.55 0.63 0.54 0.53 0.5
nщ
CO
04/14 0.48 0.55 0.38 0.29 0.3 0.32 0.44 0.46 0.47 0.4 0.4 0.37 0.33 0.27 0.27 0.24 0.28 0.34 0.36 0.43 0.44 0.4 0.35 0.36
nщ
CO
04/15 0.32 0.35 0.3 0.32 0.32 0.34 0.35 0.43 0.73 0.76 0.73 0.52 0.51 0.53 0.52 0.53 0.59 0.79 0.65 0.67 0.75 0.73 0.57 0.53
nщ
CO
04/16 0.51 0.45 0.48 0.51 0.37 0.35 0.37 0.51 0.68 1.12 0.61 0.54 0.56 0.55 0.56 0.58 0.71 0.72 0.72 0.79 0.91 0.86 0.64 0.67
nщ
CO
04/17 0.77 0.61 0.57 0.37 0.29 0.28 0.37 0.42 0.49 0.38 0.4 0.4 0.37 0.36 0.43 0.42 0.46 0.54 0.61 0.73 0.72 0.65 0.54 0.51
nщ
CO
04/18 0.46 0.46 0.45 0.4 0.42 0.43 0.49 0.42 0.33 0.6 0.77 0.43 0.43# 0.43 0.47 0.46 0.53 0.6 0.64 0.66 0.66 0.67 0.62 0.56
nщ
CO
04/19 0.57 0.5 0.53 0.65 0.62 0.54 0.48 0.37 0.49 0.44 0.42 0.32 0.38 0.56 0.64 0.3# 0.31# 0.63# 0.64 0.55 0.45 0.43 0.32 0.26
nщ
CO
04/20 0.26 0.28 0.24 0.25 0.25 0.29 0.41 0.59 0.49 0.54 0.31 0.31 0.27 0.26 0.29 0.35 0.33 0.49 0.67 0.58 0.61 0.56 0.62 0.57
nщ
CO
04/21 0.54 0.45 0.33 0.2 0.21 0.27 0.38 0.41 0.46 0.41 0.36 0.31 0.23 0.22 0.31 0.33 0.46 0.45 0.46 0.48 0.42 0.4 0.32 0.34
nщ
CO
04/22 0.25 0.22 0.22 0.21 0.2 0.23 0.35 0.49 0.37 0.34 0.22 0.28 0.25 0.22 0.21 0.23 0.24 0.31 0.27 0.22 0.22 0.21 0.16 0.16
nщ
CO
04/23 0.14 0.15 0.16 0.16 0.17 0.21 0.31 0.31 0.22 0.21 0.25 0.22 0.24 0.22 0.21 0.2 0.24 0.27 0.26 0.23 0.24 0.25 0.19 0.17
nщ
CO
04/24 0.2 0.17 0.17 0.17 0.18 0.23 0.31 0.35 0.26 0.18 0.19 0.22 0.22 0.18 0.18 0.17 0.22 0.25 0.25 0.24 0.23 0.2 0.18 0.18
nщ
CO
04/25 0.19 0.2 0.19 0.18 0.18 0.22 0.3 0.34 0.23 0.21 0.21 0.2 0.21 0.16 0.14 0.16 0.2 0.27 0.31 0.36 0.31 0.33 0.26 0.24
nщ
CO
04/26 0.21 0.17 0.16 0.16 0.15 0.18 0.24 0.32 0.23 0.26 0.24 0.26 0.27 0.22 0.35 0.4 0.52 0.5 0.41 0.38 0.33 0.32 0.27 0.25
nщ
CO
04/27 0.26 0.28 0.29 0.25 0.25 0.23 0.31 0.3 0.28 0.25 0.28 0.37 0.46 0.42 0.42 0.43 0.49 0.5 0.48 0.48 0.51 0.53 0.52 0.47
nщ
CO
04/28 0.46 0.47 0.49 0.46 0.41 0.42 0.51 0.65 0.49 0.42 0.53 0.44 0.38 0.31 0.33 0.39 0.42 0.41 0.42 0.5 0.59 0.53 0.44 0.4
nщ
CO
04/29 0.42 0.41 0.36 0.33 0.32 0.36 0.41 0.38 0.39 0.32 0.33 0.29 0.31 0.31 0.27 0.28 0.29 0.36 0.35 0.32 0.36 0.36 0.31 0.31
nщ
CO
04/30 0.27 0.25 0.25 0.24 0.24 0.27 0.36 0.3 0.28 0.26 0.23 0.25 0.23 0.18 0.17 0.19 0.25 0.27 0.27 0.25 0.29 0.22 0.21 0.2
nщ
CO
菏代~るG2019/05A 代浮GnщA 代兜GCO]ppm^
nщ
CO
ら戳 00 01 02 03 04 05 06 07 08 09 10 11 12 13 14 15 16 17 18 19 20 21 22 23
nщ
CO
05/01 0.19 0.13 0.13 0.13 0.14 0.16 0.24 0.28 0.49 0.32 0.34 0.35 0.5 0.53 0.55 0.58 0.64 0.69 0.66 0.68 0.66 0.6 0.54 0.5
nщ
CO
05/02 0.47 0.49 0.52 0.51 0.5 0.49 0.59 0.74 1.4 0.68# 0.65 0.67 0.82 0.64 0.58 0.56 0.66 0.63 0.55 0.57 0.55 0.52 0.44 0.56
nщ
CO
05/03 0.67 0.67 0.64 0.67 0.6 0.58 0.54 0.61 0.88 0.7 0.7 0.67 0.76 0.6 0.54 0.49 0.57 0.66 0.68 0.63 0.53 0.49 0.5 0.54
nщ
CO
05/04 0.52 0.46 0.42 0.38 0.38 0.41 0.48 0.51 0.36 0.39 0.35 0.34 0.3 0.28 0.28 0.27 0.27 0.3 0.33 0.42 0.47 0.39 0.42 0.32
nщ
CO
05/05 0.26 0.28 0.26 0.24 0.25 0.27 0.44 0.43 0.47 0.43 0.37 0.4 0.33 0.33 0.36 0.48 0.53 0.54 0.5 0.47 0.44 0.36 0.36 0.3
nщ
CO
05/06 0.32 0.33 0.33 0.31 0.4 0.45 0.52 0.64 0.9 1.39 1.03 0.66 0.45 0.43 0.44 0.45 0.58 0.63 0.48 0.44 0.39 0.48 0.38 0.31
nщ
CO
05/07 0.29 0.27 0.25 0.28 0.22 0.23 0.28 0.39 0.67 0.57 0.96 0.64 0.38 0.35 0.4 0.46 0.47 0.46 0.56 0.53 0.59 0.48 0.52 0.52
nщ
CO
05/08 0.5 0.47 0.47 0.46 0.43 0.46 0.54 0.79 1.65 1.95 0.5 0.55 0.62 0.55 0.52 0.42 0.49 0.58 0.7 0.72 0.7 0.66 0.59 0.61
nщ
CO
05/09 0.55 0.48 0.5 0.5 0.51 0.55 0.68 0.83 0.87 0.75 0.81 0.57 0.49 0.45 0.49 0.49 0.6 0.67 0.68 0.69 0.56 0.37 0.35 0.34
nщ
CO
05/10 0.39 0.4 0.41 0.41 0.41 0.45 0.46 0.54 0.44 0.49 0.51 0.54 0.43 0.41 0.43 0.42 0.39 0.38 0.78 0.67 0.55 0.51 0.43 0.44
nщ
CO
05/11 0.46 0.48 0.45 0.45 0.46 0.44 0.52 0.47 0.44 0.5 0.56 0.51 0.44 0.36 0.31 0.33 0.47 0.45 0.42 0.45 0.47 0.46 0.47 0.44
nщ
CO
05/12 0.41 0.43 0.35 0.46 0.5 0.47 0.53 0.51 0.45 0.44 0.37 0.4 0.4 0.45 0.42 0.69 1.09 0.85 0.73 0.59 0.7 0.69 0.58 0.57
nщ
CO
05/13 0.53 0.53 0.51 0.42 0.37 0.35 0.43 0.43 0.4 0.47 0.29 0.3 0.28 0.3 0.31 0.29 0.33 0.4 0.4 0.5 0.52 0.48 0.38 0.36
nщ
CO
05/14 0.3 0.27 0.27 0.24 0.24 0.27 0.33 0.41 0.28 0.26 0.22 0.25 0.26 0.22 0.22 0.24 0.3 0.35 0.4 0.41 0.36 0.37 0.36 0.3
nщ
CO
05/15 0.29 0.29 0.27 0.26 0.25 0.27 0.31 0.34 0.33 0.32 0.28# 0.33 0.31 0.24 0.18 0.19 0.21 0.23 0.33 0.35 0.35 0.33 0.23 0.21
nщ
CO
05/16 0.2 0.18 0.18 0.16 0.14 0.16 0.23 0.31 0.29 0.21 0.24 0.29 0.27 0.23# 0.23 0.26 0.34 0.29 0.45 0.31 0.4 0.27 0.29 0.23
nщ
CO
05/17 0.21 0.17 0.16 0.17 0.15 0.19 0.32 0.61 0.49 0.32 0.31 0.35 0.24 0.14 0.21 0.18 0.17 0.25 0.48 0.4 0.26 0.37 0.3 0.28
nщ
CO
05/18 0.24 0.16 0.16 0.13 0.12 0.15 0.21 0.32 0.22 0.25 0.25 0.15 0.15 0.13 0.15 0.16 0.19 0.21 0.3 0.25 0.36 0.28 0.27 0.22
nщ
CO
05/19 0.18 0.17 0.16 0.16 0.16 0.19 0.29 0.43 0.34 0.24 0.24 0.26 0.23 0.21 0.19 0.2 0.24 0.28 0.36 0.44 0.42 0.44 0.34 0.24
nщ
CO
05/20 0.18 0.18 0.14 0.14 0.14 0.18 0.31 0.37 0.29 0.38 0.73 0.28 0.24 0.26 0.27 0.29 0.49 0.61 0.8 0.8 0.75 0.6 0.4 0.4
nщ
CO
05/21 0.4 0.38 0.4 0.35 0.34 0.4 0.48 0.51 0.65 0.85 0.84 0.67 0.59 0.64 0.7 0.69 0.83 0.86 0.94 0.93 0.73 0.68 0.71 0.68
nщ
CO
05/22 0.68 0.65 0.65 0.6 0.57 0.69 0.73 0.69 0.58 0.41 0.42 0.47 0.51 0.45 0.48 0.56 0.68 0.76 0.7 0.73 0.87 0.78 0.69 0.71
nщ
CO
05/23 0.69 0.69 0.58 0.55 0.58 0.6 0.65 0.85 1.57 1.3 1.01 0.71 0.64 0.58 0.58 0.55 0.62 0.65 0.54 0.59 0.54 0.65 0.56 0.57
nщ
CO
05/24 0.58 0.49 0.47 0.47 0.49 0.53 0.62 0.68 0.51 0.63 0.42 0.38 0.38 0.34 0.33 0.35 0.38 0.48 0.43 0.46 0.5 0.46 0.41 0.37
nщ
CO
05/25 0.34 0.33 0.32 0.3 0.3 0.32 0.39 0.48 0.39 0.28 0.31 0.39 0.39 0.31 0.29 0.49 0.42 0.37 0.37 0.42 0.44 0.5 0.48 0.41
nщ
CO
05/26 0.4 0.36 0.31 0.33 0.33 0.32 0.39 0.37 0.33 0.38 0.38 0.36 0.34 0.38 0.38 0.41 0.44 0.49 0.54 0.54 0.56 0.55 0.48 0.51
nщ
CO
05/27 0.5 0.42 0.42 0.43 0.36 0.4 0.46 0.54 0.83 0.4 0.47 0.42 0.39 0.3 0.26 0.25 0.33 0.3 0.34 0.4 0.32 0.37 0.28 0.23
nщ
CO
05/28 0.21 0.18 0.17 0.16 0.16 0.19 0.27 0.3 0.4 0.34 0.3 0.44 0.29 0.36 0.23 0.17 0.31 0.57 0.57 0.46 0.44 0.38 0.35 0.34
nщ
CO
05/29 0.33 0.33 0.29 0.26 0.26 0.26 0.31 0.43 0.85 0.62 0.63 0.51 0.42 0.38# 0.39 0.42 0.41 0.45 0.49 0.49 0.48 0.44 0.36 0.34
nщ
CO
05/30 0.34 0.31 0.28 0.26 0.29 0.36 0.4 0.53 0.7 0.56 0.54 0.4 0.34 0.32 0.3 0.29 0.32 0.52 0.56 0.72 0.76 0.53 0.44 0.31