



nщ
NO2
01/01 21 14 14 14 12 9.9 9 8.6 13 14 13 12 11 8.2 11 13 13 17 19 19 18 18 17 17
nщ
NO2
01/02 17 16 14 12 12 11 18 23 25 22 25# 29 25 21 21 25 33 41 37 36 35 32 30 29
nщ
NO2
01/03 25 22 23 19 19 16 16 20 17 16 19 22 24 24 29 27 30 35 37 31 32 30 28 25
nщ
NO2
01/04 23 19 16 15 13 14 14 11 12 13 13 8.8 9.3 12 18 22 28 30 33 33 35 34 31 29
nщ
NO2
01/05 28 27 29 26 23 23 20 21 26 27 21 21 15 15 13 15 20 30 42 34 31 33 31 31
nщ
NO2
01/06 30 26 24 19 14 14 15 14 13 14 13 13 11 11 11 13 15 18 20 22 23 22 23 20
nщ
NO2
01/07 21 19 18 16 14 19 21 18 19 21# 20 19 19 21 21 19 28 34 33 29 24 19 15 16
nщ
NO2
01/08 15 14 13 13 11 11 12 19 21 18 18 20 18 17 20 22 25 26 28 27 25 23 20 18
nщ
NO2
01/09 18 18 17 16 15 16 19 23 25 26 26 23 20 18 17 18 23 31 30 30 31 31 32 31
nщ
NO2
01/10 30 30 31 27 26 26 25 25 26 21 23 27 20 17 16 15 24 31 29 29 32 28 29 25
nщ
NO2
01/11 21 26 22 24 18 17 16 15 22 20 17 17 14 16 20 23 30 40 38 38 37 31 26 22
nщ
NO2
01/12 22 18 17 17 12 12 13 16 20 24 21 17 16 8.6 8 9.4 14 23 30 35 33 29 27 27
nщ
NO2
01/13 26 22 21 18 15 15 15 14 14 14 15 13 11 9.9 11 12 15 18 21 21 22 20 21 17
nщ
NO2
01/14 17 15 13 13 13 15 16 16 20# 17 19 23 25 25 23 22 23 30 29 29 31 29 30 29
nщ
NO2
01/15 26 25 23 14 12 13 18 20 17 21 24 27 18 17 20# 22 26 26 24 21 20 20 18 15
nщ
NO2
01/16 15 11 9.6 11 13 11 12 21 24 26 28 27 25 24 23 28 29 31 32 32 34 29 21 15
nщ
NO2
01/17 15 11 11 8.3 8.8 9.8 14 19 22 21 19 20 18 18 20 20 23 28 30 27 23 21 18 17
nщ
NO2
01/18 18 16 14 13 14 19 21 16 15 11 8.9 9.7 9.1 9.1 8.2 12 19 37 48 36 34 29 24 21
nщ
NO2
01/19 20 16 15 21 16 17 16 15 18 22 25 28 17 15 16 19 13 17 19 19 23# NA NA NA
nщ
NO2
01/20 NA NA NA NA NA NA NA NA NA NA NA NA NA NA NA NA NA NA NA NA NA NA 18# 14
nщ
NO2
01/21 11 9.6 8.9 7.3 7.6 8.6 12 20 23 24 21 22 20 20 16 18# 20 23 23 23 24 25 21 15
nщ
NO2
01/22 15 14 13 11 9.2 8 10 19 24 22 20# 19x 20# 17 18 21 23 31 32 29 29 29 23 22
nщ
NO2
01/23 19 18 16 16 17 16 25 25 19 14 16 18 23 15 16 15 21 27 37 32 31 36 34 27
nщ
NO2
01/24 18 31 20 15 12 15 15 14 20 28 30 26 17 15 17 18 20 30 48 42 38 36 26 24
nщ
NO2
01/25 26 13 15 13 9.5 12 13 16 17 18 15 20 17 18 17 12# 24# 31 34 35 39 35 30 26
nщ
NO2
01/26 21 17 14 12 10 10 11 14 21 20 15 12 11 10 11 14 16 20 19 18 16 15 11 11
nщ
NO2
01/27 9.3 8.3 7.6 7.7 7.9 8.7 14 13 15 16 15 13 12 11 11 10 14 20 21 24 26 28 23 22
nщ
NO2
01/28 18 16 13 14 12 11 10 11 12# 15# 13x 18# 12# 12 16 18 27 35 34 34 36 39 33 23
nщ
NO2
01/29 20 13 13 11 11 9.5 15 16 16 20 19 16 13 21 16 16 19 29 34 40 41 35 32 22
nщ
NO2
01/30 27 23 28 18 21 22 21 19 22 23 21 20 17 11 12 21 23 30 37 45 32 25 22 26
nщ
NO2
01/31 18 11 8.6 8.9 9.1 15 22 31 25 28 22 9.1 4.1 7.4 10 10 28 41 37 29 31 32 26 24
nщ
NO2
菏代~るG2019/02A 代浮GnщA 代兜GNO2]ppb^
nщ
NO2
ら戳 00 01 02 03 04 05 06 07 08 09 10 11 12 13 14 15 16 17 18 19 20 21 22 23
nщ
NO2
02/01 16 12 11 10 9.3 10 12 18 20 20 21 18 17 17 21 27 33 35 37 39 41 37 33 32
nщ
NO2
02/02 31 29 30 30 27 24 20 19 24 28 24 18 14 12 13 17 24 32 28 28 28 27 29 29
nщ
NO2
02/03 23 22 15 17 17 16 16 14 15 10 10 6.1 7.2 7.2 9.7 12 18 17 18 17 21 20 21 15
nщ
NO2
02/04 13 18 17 13 13 12 11 9.9 11 14 15 16 12 11 12 14 16 19 19 19 21 19 18 20
nщ
NO2
02/05 19 16 16 15 12 12 12 11 13 13 13 11 8.6 9.2 8.9 8.2 13 21 16 14 14 16 14 15
nщ
NO2
02/06 13 8.2 7.9 8.8 12 9.9 12 16 14 12 11# 6.4 6.9 6.3 8.1 9.2 9.3 11 18 23 24 27 24 16
nщ
NO2
02/07 19 17 12 11 9.1 10 12 10 11 7.6 3.8 4 3.7 3.4 4.6 4.9 7.4 8.7 13 17 25 26 19 17
nщ
NO2
02/08 17 15 12 9.4 8.7 10 11 12 12 11 10 9.5 8.2 8.6 9.4 10 13 14 16 16 17 18 19 19
nщ
NO2
02/09 16 13 11 12 11 15 17 17 14 13 18 19 12 9.9 11 12 15 16 17 18 19 19 16 16
nщ
NO2
02/10 19 17 15 13 12 12 15 15 12 12 14 14 14 11 11 13 16 20 20 19 19 20 19 21
nщ
NO2
02/11 22 16 12 10 9.9 11 13 17 17 16 16 15 13 14 14 15 20 23 26 29 28 31 28 23
nщ
NO2
02/12 21 19 16 15 15 14 13 16 17 21 23 15 15 15 16 16 19 20 24 24 23 21 23 26
nщ
NO2
02/13 21 16 12 16 17 12 13 14 22 18 16 13 14 13 13 16 21 25 30 33 30 26 18 17
nщ
NO2
02/14 18 18 16 18 16 18 19 18 19 19 19 14 11 13 12 17 22 30 30 30 29 29 24 22
nщ
NO2
02/15 23 18 16 17 16 16 16 15 18 17 17 13 12 8.2 9.1 9.8 13 18 23 29 30 30 18 16
nщ
NO2
02/16 14 11 16 14 14 12 13 13 15 12 5.1 4.8 15 14 12 15 20 25 26 29 31 27 25 21
nщ
NO2
02/17 17 14 14 9.6 9.2 14 12 15 13 13 13 11 9.3 8.2 9 11 15 18 20 20 21 21 21 17
nщ
NO2
02/18 16 15 15 14 15 15 17 14 12 11# 21 22 16# 12 14 14 20 25 27 27 28 30 29 26
nщ
NO2
02/19 24 17 9 7 8.7 9.8 15 16 19 24 30 25 22 17 26 21 24 28 24 32 36 32 30 24
nщ
NO2
02/20 22 17 16 14 11 10 11 12 13 9.2 7.2 15 9.2 11 14 22 25 24 28 21 23 27 28 25
nщ
NO2
02/21 23 27 25 20 15 19 21 18 18 11 18 16 18 13 10 12 18 26 30 22 15 15 14 15
nщ
NO2
02/22 14 17 15 12 12 14 17 21 21 25 23 16 16 13 12 16 18 22 27 29 24 23 22 21
nщ
NO2
02/23 21 12 10 7.6 7.7 8.1 11 20 20 19 23 22 21 19 20 26 28 31 29 24 23 25 24 22
nщ
NO2
02/24 23 20 21 16 17 16 16 18 15 14 14 17 20 19 19 21 19 22 23 27 26 27 24 18
nщ
NO2
02/25 16 13 14 13 13 12 14 21 23 21 16 14 11 10 9.9 15 21 23 28 29 30 29 23 20
nщ
NO2
02/26 21 19 14 13 11 15 19 22 15 16 17 19 19 17 17 13 17 25 33 25 23 24 18 18
nщ
NO2
02/27 17 16 16 14 18 21 18 22 21 21 19 19 13 13 13 13 15 20 19 23 29 29 21 19
nщ
NO2
02/28 19 16 13 12 20 18 18 17 18 17 10 16 14 11 11 14 17 21 27 23 23 24 25 25
nщ
NO2
菏代~るG2019/03A 代浮GnщA 代兜GNO2]ppb^
nщ
NO2
ら戳 00 01 02 03 04 05 06 07 08 09 10 11 12 13 14 15 16 17 18 19 20 21 22 23
nщ
NO2
03/01 24 22 20 16 15 14 15 18 17 18 18 19 16 11 10 13 16 22 27 33 30 27 25 22
nщ
NO2
03/02 23 20 17 15 13 14 19 16 14 11 13 13 10 7.7 8.1 9.9 14 29 25 24 25 26 26 19
nщ
NO2
03/03 15 12 11 10 9.3 8.9 11 14 11 7.8 6.5 12 11 11 12 13 13 16 19 19 26 25 23 19
nщ
NO2
03/04 17 16 14 13 11 11 14 18 9.4 12# 19 13 11 11 12 14 15 22 26 29 27 25 21 20
nщ
NO2
03/05 33 22 14 10 11 14 15 17 21 20 15 12 8.4 12 9.9 12 19 22 20 13 12 13 12 10
nщ
NO2
03/06 9.9 9.8 11 10 9 11 12 15 9.7 9.4 8.5 9.9 13 14 15 18 16 19 23 20 16 20 17 19
nщ
NO2
03/07 17 15 13 12 9.6 9.4 13 20 27 27 29 28 32 31 33 36 36 33 26 24 27 26 19 17
nщ
NO2
03/08 13 14 12 12 13 12 19 26 31 32 37 35 31 25 16 22 31 31 33 33 27 28 27 27
nщ
NO2
03/09 27 26 29 28 26 21 22 23 24 26 28 20 21 18 20 27 34 27 28 31 27 26 25 20
nщ
NO2
03/10 17 12 7.1 5.8 4.9 5.1 6.9 18 18 12 12 14 13 14 17 24 22 26 26 25 27 30 30 27
nщ
NO2
03/11 21 20 23 22 21 21 23 20 23 24 25 30 27 33 33 28 34 40 40 36 36 36 35 31
nщ
NO2
03/12 31 28 25 23 28 26 25 25 26 17 9.5 6.6 6.7 7.1 13 15 18 25 29 33 32 24 18 14
nщ
NO2
03/13 16 13 15 11 14 14 22 24 22 13 10 9.7 9 7.9 9 13# 18 21 34 34 30 28 22 15
nщ
NO2
03/14 13 11 7.6 8.1 8.8 9.2 12 17 22 18 14 15 9.5 10 13 16 20 25 26 20 18 19 14 12
nщ
NO2
03/15 13 13 11 9.9 9.2 9.5 13 19 26 28 25 21 17 17 22 28 33 34 34 30 30 33 33 33
nщ
NO2
03/16 32 26 30 26 23 25 23 22 17 19 22 13 11 11 13 11 12 13 19 22 24 24 21 24
nщ
NO2
03/17 19 19 16 12 11 16 21 22 20 19 17 16 14 15 16 14 14 21 21 20 21 20 21 18
nщ
NO2
03/18 17 13 15 12 12 11 16 16 22 22 22 17 12 10 13 16 19 30 37 33 31 26 24 20
nщ
NO2
03/19 16 17 12 12 11 13 12 16 25 21# 15 12 12 12 16 17 18 25 34 33 31 24 19 18
nщ
NO2
03/20 20 14 17 17 14 12 19 22 23 21 10 8.1 7.9 9 9 11 13 14 12 13 11 10 13 16
nщ
NO2
03/21 18 14 14 14 13 13 15 19 15 8.9 5.6 5.9 9.4 6.1 5.7 6.4 7.8 14 12 13 17 12 13 14
nщ
NO2
03/22 12 11 9.6 9.4 7.8 9 9.8 9.4 13 14 14 14 19 13 12 15 17 27 31 33 31 26 24 19
nщ
NO2
03/23 18 19 14 12 9.9 10 12 16 16 22 22 20 18 20 17 18 21 20 20 18 14 12 10 10
nщ
NO2
03/24 8.7 12 11 11 10 12 14 14 17 19 20 19 18 18 13 13 14 19 21 19 21 24 24 24
nщ
NO2
03/25 19 12 14 11 9.6 12 11 14 18 17 23 28 30 26 32 35 41 40 43 38 32 22 20 20
nщ
NO2
03/26 23 25 28 24 14 14 13 11 14 16 17 18 15 13 13 9.9 16 26 30 29 28 33 28 24
nщ
NO2
03/27 16 17 15 11 9.5 8.2 13 15 16 11 7.7 5.9 8.6 12 13 12 17 18 18 17 16 17 15 14
nщ
NO2
03/28 14 13 9.5 8.5 8.9 10 14 17 16 8.6 6.9 4.2 5.7 5.6 6.2 7 7.8 10 10 8.6 10 12 13 12
nщ
NO2
03/29 8.3 9 7.8 10 11 9.6 12 13 9.5 4.9 4.4 5.3 6.3 6 6.1 7.8 9.5 10 11 11 9.6 8.7 8.3 6.6
nщ
NO2
03/30 4.7 5.5 5.7 5.8 7.6 11 16 16 14 11 19 19 15 11 11 15 17 19 21 22 26 26 21 18
nщ
NO2
03/31 18 18 13 18 18 15 14 17 15 13 9.6 7.6 7.8 9.6 12 13 15 19 22 21 25 24 20 16
nщ
NO2
菏代~るG2019/04A 代浮GnщA 代兜GNO2]ppb^
nщ
NO2
ら戳 00 01 02 03 04 05 06 07 08 09 10 11 12 13 14 15 16 17 18 19 20 21 22 23
nщ
NO2
04/01 12 11 10 10 9.4 10 12 21 25 30 26 28 27 30 28 28 30 34 40 34 32 34 30 28
nщ
NO2
04/02 29 24 22 20 19 19 16 16 19 21 20 12 14# 11 9.1 16# 18 27 28 27 27 28 23 17
nщ
NO2
04/03 22 19 21 11 8 12 15 18 21 13 19 18 14 14 15 15 17 17 19 21 21 24 23 22
nщ
NO2
04/04 17 16 18 13 14 12 10 13 16 14 14 15 13 13 12 15 15 18 16 16 16 15 14 13
nщ
NO2
04/05 12 11 12 12 13 14 17 16 14 14 11 11 7.2 7.6 6.3 7.8 9.4 12 16 17 21 27 18 15
nщ
NO2
04/06 17 17 16 13 13 12 9.8 11 7.5 6.9 7.2 6.9 6.5 8.1 9.1 7.7 8.2 8.8 11 10 17 15 18 18
nщ
NO2
04/07 16 14 13 13 14 6.7 11 13 7 4.7 5.3 5.3 4.8 5 6.1 6 7.2 10 14 20 23 23 20 14
nщ
NO2
04/08 15 9.3 9.9 12 9 9 12 13 12 6 8 7.2 4.9 5.1 5.8 6.8 7.7# 12 15 10 8.5 11 12 13
nщ
NO2
04/09 17 13 16 13 8.7 8.3 16 14 10 8.4 5.8 6.1 6 6.1 5.1 4.9 5.3 5.8 6.5 7.2 7.7 8 9.3 9.7
nщ
NO2
04/10 9.4 14 12 13 12 10 11 10 7.9 7.7 7.9 5.7 5.4 5.2 5.8 6.2 8.2 11 13 11 13 13 11 14
nщ
NO2
04/11 11 11 9.8 14 15 16 18 17 10 7.5 6.8 6.2 5.8 5.9 7.6 12 20 20 22 22 22 19 18 19
nщ
NO2
04/12 15 11 9.6 10 10 12 14 18 16 15 17 16 13 11 13 18 26 30 30 29 30 30 28 23
nщ
NO2
04/13 19 18 17 16 18 17 15 16 16 16 13 11 9.4 11 18 16 19 23 21 22 26 22 21 20
nщ
NO2
04/14 17 19 15 10 9.4 10 12 11 12 9.4 10 10 9.2 7 6.1 5.8 7.5 10 14 15 16 16 14 12
nщ
NO2
04/15 11 9.3 9 7.6 7.7 8.3 12 17 23 21 26 27 27 27 23 26 25 39 36 38 35 33 25 21
nщ
NO2
04/16 20 13 14 20 11 10 12 16 24 25 26 26 21 28 22 22 30 31 25 30 34 41 34 31
nщ
NO2
04/17 32 26 22 19 8.1 9.1 13 16 11 7.4 8.6 11 11 12 13 11 12 20 24 24 29 30 22 20
nщ
NO2
04/18 15 13 11 7.4 8.7 11 17 9.8 6.8 6.6 7.3 12 8.9# 9.6 12 12 16 20 20 23 26 24 20 19
nщ
NO2
04/19 18 15 13 18 18 11 11 9.1 14 12 8.6 6.8 13 19 25 187# 8.3# 17# 19 21 14 14 9.2 7
nщ
NO2
04/20 6.3 7.1 6.9 5.8 5.8 7.4 15 16 9.7 8.8 4.6 5.8 5.2 5.6 9.1 11 7.2 14 20 23 22 18 16 16
nщ
NO2
04/21 12 7.5 5.8 3.1 2.3 5.9 8.8 8.7 8.5 8.2 5.5 4.6 2.9 3.6 6.6 12 11 11 16 16 11 12 9.8 11
nщ
NO2
04/22 6.6 6.4 7.4 5.8 5.8 7.5 8.4 9.4 7.6 8.1 4.3 6.5 5 4.3 4.5 5.7 6.4 9.6 9.9 7.6 6.4 7 5.9 5.8
nщ
NO2
04/23 3.8 1.5 3.1 5.4 7.6 7.4 9.6 7.8 4.3 3.4 3.7 3.5 4.1 3.7 4.2 4.3 5.5 7.1 7.3 6.5 8.7 10 8.4 6.3
nщ
NO2
04/24 6.7 12 13 9.4 11 10 9.8 8.7 6 3.9 4.4 4.9 4.7 4.6 4.7 4.7 6.3 7.1 8.1 7.4 8.5 7.2 7.9 9.2
nщ
NO2
04/25 11 13 9.5 12 11 13 11 9.1 5.2 4.5 4.9 5.1 5.3 4.6 4 4.6 5.1 7 10 16 12 14 13 15
nщ
NO2
04/26 14 8.6 8.4 9.6 8.6 9.9 11 8.7 5.9 5.6 7.4 8.2 8.2 4.9 9.6 14 19 16 14 14 12 12 10 4.9
nщ
NO2
04/27 7.2 8.5 8.8 8.9 7.5 9.4 11 9.6 6.9 5 7 10 11 10 11 9.6 12 14 15 17 18 22 20 18
nщ
NO2
04/28 18 17 19 20 15 15 16 16 11 9.6 12 10 9 7.3 7.1 8.3 10 13 15 17 27 20 18 16
nщ
NO2
04/29 17 15 14 8.8 8.7 12 12 10 7.5 6.5 5.4 5 6.1 5.7 6.5 8.2 8.5 11 15 13 13 15 11 16
nщ
NO2
04/30 9.5 9.4 12 13 13 15 13 6.6 5.8 5.8 5 5.3 4.6 4 4.2 4.9 6.6 6.6 6.7 6.5 8.9 8.4 7.6 7.8
nщ
NO2
菏代~るG2019/05A 代浮GnщA 代兜GNO2]ppb^
nщ
NO2
ら戳 00 01 02 03 04 05 06 07 08 09 10 11 12 13 14 15 16 17 18 19 20 21 22 23
nщ
NO2
05/01 9.6 6.5 4.7 5.9 4.2 5.3 9 12 13 9 8.1 12 16 16 17 17 21 24 23 23 24 22 17 16
nщ
NO2
05/02 14 14 14 13 13 15 20 21 24 23# 25 28 31 35 34 30 36 38 25 29 27 24 16 22
nщ
NO2
05/03 33 32 29 29 22 21 21 21 27 25 27 25 32 23 18 15 18 19 18 20 26 31 30 29
nщ
NO2
05/04 25 15 12 9.4 9.1 10 9.9 11 6.8 6.4 5.8 5.5 5.1 4.7 5.5 5.6 6.2 7.1 8.3 13 17 17 19 13
nщ
NO2
05/05 9.1 7.9 7.3 5.4 5.7 7.1 9.9 8.6 8.6 7.6 8.1 7.1 5.5 5.9 6.8 10 9.7 14 18 18 14 9.7 9.1 6
nщ
NO2
05/06 7.3 5.9 5.8 3.8 6 7.6 13 22 19 19 23 23 13 15 15 16 25 29 24 22 17 18 17 13
nщ
NO2
05/07 12 10 12 12 9.6 9.9 12 17 19 20 22 20 19 19 21 23 24 23 26 29 26 24 24 24
nщ
NO2
05/08 23 18 19 17 15 15 15 19 22 24 16 13 17 15 23 22 29 28 33 36 34 31 27 26
nщ
NO2
05/09 23 22 23 23 23 22 20 21 17 18 21 25 19 20 21 19 28 34 35 30 24 15 13 12
nщ
NO2
05/10 11 10 11 11 11 15 16 15 8 12 14 21 19 19 13 10 11 8.6 23 26 24 21 18 17
nщ
NO2
05/11 17 14 10 9.8 9.9 9.1 10 8.5 10 13 14 13 10 9.7 9.3 9.5 12 12 14 18 19 17 16 13
nщ
NO2
05/12 11 13 7.8 14 16 13 11 8.9 5.7 6.1 5.9 6.8 6.6 8.1 7.3 9.1 16 16 18 19 19 19 13 13
nщ
NO2
05/13 12 9.5 9.7 12 11 12 10 8.3 6.4 6.4 4.3 5.2 4.5 6.8 7.3 7.6 8 11 11 16 19 21 14 14
nщ
NO2
05/14 10 11 12 8.3 10 11 11 12 7.2 5.8 4.3 5.4 6.6 6.2 6 7.5 9.6 11 17 16 15 17 17 12
nщ
NO2
05/15 13 15 11 12 9.2 7.7 8.4 8.8 9.5 8.2 6.2# 8.8 8.1 6.8 5.2 5.4 6.8 6.6 9.7 11 13 12 8 7.4
nщ
NO2
05/16 7.1 3.9 5 5.3 3.8 6.1 5.7 6.5 6 4.7 4.6 6.5 8.2 11# 8.2 8 13 8.9 14 9 10 7.7 7.9 6.7
nщ
NO2
05/17 7 5.7 5.9 7.7 4.3 6.7 7.3 9.7 9.1 7.7 8.4 12 5.7 3.5 7.4 5.7 4.7 7.6 16 13 9.6 10 9.9 11
nщ
NO2
05/18 9 5.1 6.3 5 3.2 3.9 6.2 8.6 4.1 5.7 7.4 3.2 3.3 2.9 3.2 3.7 4.5 4.7 8.1 7.2 11 9.3 9.2 7.6
nщ
NO2
05/19 5.3 3.1 3 2.5 2.7 3.7 5.3 5.7 4.6 2.8 3.4 5.4 5.7 5.7 4.1 5 4.9 7.6 9.2 10 11 13 9.7 6.9
nщ
NO2
05/20 3.6 4.1 4.4 4.8 4.4 3.9 5.5 5.5 5 6.1 16# 13# 9.7 9.4 9.3 9.4 20 30 34 34 30 24 18 14
nщ
NO2
05/21 16 12 12 11 13 14 16 17 19 25 27 33 32 33 37 32 37 38 41 46 35 33 32 28
nщ
NO2
05/22 28 23 20 14 12 18 21 14 7.9 9 8.2 10 11 9.5 12 16 32 29 32 32 34 31 23 24
nщ
NO2
05/23 20 17 10 7.7 9.5 14 22 23 25 25 29 28 18 11 11 12 19 27 20 22 19 22 18 14
nщ
NO2
05/24 15 9.9 7.7 8.1 8.6 9.9 9.4 9.4 8.9 14 9.7 8.2 6.7 6.9 7.3 9.8 11 13 11 15 16 14 11 11
nщ
NO2
05/25 9.4 6.4 5.3 5.6 6.4 6.9 6.8 9.6 9.5 6 6.2 8.6 8.5 6.1 5.5 12 9.2 10 11 14 17 18 19 14
nщ
NO2
05/26 14 9.7 5.8 7.6 11 8.7 6.7 5.2 4.1 5.8 5.5 4.3 5.3 5.7 6 6.3 8.4 12 15 18 16 17 13 14
nщ
NO2
05/27 12 9.2 12 11 6.7 10 11 14 6.4 7.8 12 13 13 8.8 8.1 6.3 11 9.9 8.7 11 10 11 9.9 7.3
nщ
NO2
05/28 7.8 8 8.7 6 5.5 7.3 8 6.6 9.7 10 9.8 21 14 20 8.5 6.1 11 24 27 21 19 16 14 14
nщ
NO2
05/29 14 15 12 11 13 13 16 17 20 22 20 17 14 14# 14 21 24 24 27 27 27 26 21 19
nщ
NO2
05/30 19 18 17 15 16 18 20 19 19 15 14 11 7.3 8.6 7.5 7.8 8.3 14 18 23 24 17 15 12
