



®ç¶é
NO2
01/01 7.3 6.7 6.2 5.5 5.3 4.9 6 7.4 8.2 8.6 8 7.9 7.8 7.4 8.6 9.4 11 9.8 9.6 9.7 10 9.1 8.3 7.1
®ç¶é
NO2
01/02 6 4.1 3.8 4.1 3.2 4 7.4 13 15 15 13 13 11 11 12 14 16 16 16 16 13 13 11 9.2
®ç¶é
NO2
01/03 8.5 7.5 6.2 5.9 7.8 8 9.6 15 16 18# 15 16 15 13 14 15 16 16 16 17 13 11 13 12
®ç¶é
NO2
01/04 8.7 6.2 5.3 5 6.6 8 13 20 21 21 23 23 26 15 16 24 22 20 18 19 23 26 22 16
®ç¶é
NO2
01/05 11 10 13 13 21 19 19 17 20 19 17 19 16 16 15 20 27 29 26 26 28 23 27 22
®ç¶é
NO2
01/06 14 14 13 12 9.7 9.3 16 15 11 11 12 11 12 15 11 10 11 13 12 9.5 8.3 9.2 8.3 6.8
®ç¶é
NO2
01/07 5.5 4.2 3.9 3.5 3.6 4.9 8.2 12 16 15 13 14 14 15# 16 21 27 31 37 34 38 37 37 36
®ç¶é
NO2
01/08 35 19 12 10 11 7.1 8.7 14 15 16 19 17 18 13 13 15 20 18 18 16 13 12 10 8.3
®ç¶é
NO2
01/09 5.8 5.3 5.2 5.2 5.4 5.7 7.4 13 14 13 12 12 11 10 10 12 14 17 16 13 12 11 10 7.4
®ç¶é
NO2
01/10 6.7 5.2 4.6 5.6 6.5 9.4 18 32 30 30 29 21 16 19 18 18 17 18 24 28 27 32 35 32
®ç¶é
NO2
01/11 34 35 28 27 26 23 24 25 30 32 30 26 21 17 19 22 26 27 26 29 29 29 31 29
®ç¶é
NO2
01/12 29 28 27 27 19 12 11 14 15 15 15 19 23 15 19 21 23 25 26 22 20 18 16 16
®ç¶é
NO2
01/13 13 8.3 7.1 6 6.4 7 9.6 13 14 13 12 13 9.3 9.7 11 12 13 16 14 13 12 11 8.2 6.9
®ç¶é
NO2
01/14 5.6 5.1 4.3 4.6 5.3 5.1 8.8 14 12 11 12 12 12 11 12 13 15 17 19 18 15 14 12 9.4
®ç¶é
NO2
01/15 9 9.2 9.6 20 20 22 30 29 31 35 38 34 22 14 12 17 13 15 11 12 10 10 8.9 8.8
®ç¶é
NO2
01/16 9.8 6.8 6.2 6.1 6.3 7.6 15 20 22 17 17 16 15 15 16 20 23 26 25 20 19 15 14 14
®ç¶é
NO2
01/17 11 7.9 6.6 8.3 7.4 8.7 13 16 16 15 15 17 17 16 16 17 20 24 27 26 21 20 16 13
®ç¶é
NO2
01/18 10 6.7 5.9 6.1 5.4 5.7 9 15 16 13 13 8.9 9 9 9.2 11 13 15 19 20 19 19 17 15
®ç¶é
NO2
01/19 14 14# 28 22 20 15 19 23 28 32 22 16# 17 14 18 22 24 28 42 55 56 56 57 51
®ç¶é
NO2
01/20 43 40 27 38 39 36 21 18 16 18 16 13 10 13 20 23 19 23 21 17 15 14 9.6 6.8
®ç¶é
NO2
01/21 6.2 5.8 5.1 4.4 4.4 6.8 15 26 32 32 30 21 19 18 20 21 19 25 30 29 29 23 19 15
®ç¶é
NO2
01/22 7.7 5 4.4 4.5 5.5 6.2 12 15 16 15 15 15 15 17 21 21 33 31 26 34 40 40 43 34
®ç¶é
NO2
01/23 27 18 18 13 10 11 15 24 21 16 13# 14x 15# 15 16 16 16 19 19 18 15 14 13 11
®ç¶é
NO2
01/24 10 8.3 7.2 7.7 9 12 18 22 22 20 18 14 12 12 12 13 16 17 16 16 15 15 14 12
®ç¶é
NO2
01/25 12 10 10 11 14 18 28 40 33 25 24 16 13 11 13 14 16 20 21 21 20 21 20 13
®ç¶é
NO2
01/26 9.1 5.1 5.6 5.1 6.7 7.6 7.4 10 13 13 14 13 12 14 14 15 15 14 15 12 12 13 9.8 7.5
®ç¶é
NO2
01/27 7.1 7.3 6.3 6.8 6.2 6.4 9.6 12 13 12 9.2 11 8.2 7.6 7.8 6.7 10 12 9.8 11 11 11 13 11
®ç¶é
NO2
01/28 10 7.5 6.8 9.9 11 18 27 31 36 19 20 20 15 11 11 13 22 32 30 26 26 26 19 15
®ç¶é
NO2
01/29 11 7.3 6.9 5.9 5.2 7.7 13 16 20 13 11 7.8 7.2 6.8 7.7 8.3 9.6 15 17 20 18 18 20 20
®ç¶é
NO2
01/30 20 36 35 31 29 27 29 33 48 44 21 23 21 11 12 14 27 42 62 59 61 61 56 50
®ç¶é
NO2
01/31 43 38 35 33 27 25 36 34 35 28 20 20 17 9 11 17 18 21 22 16 17 14 13 11
®ç¶é
NO2
ºÊ´ú¦~¤ë¡G2019/02¡A ´ú¯¸¡G®ç¶é¡A ´ú¶µ¡GNO2¡]ppb¡^
®ç¶é
NO2
¤é´Á 00 01 02 03 04 05 06 07 08 09 10 11 12 13 14 15 16 17 18 19 20 21 22 23
®ç¶é
NO2
02/01 9.6 6.1 7.1 6.5 7.4 8.1 9.9 17 17 18 15 17 16 15 17 21 20 18 17 18 17 14 13 12
®ç¶é
NO2
02/02 10 8.9 14 17 19 22 28 28 30 35 24 19 23 17 16 20 21 21 20 23 36 48 44 45
®ç¶é
NO2
02/03 43 37 34 31 24 24 23 23 25 29 21 17 14# 11 9.4 12 13 12 15 24 36 35 28 31
®ç¶é
NO2
02/04 35 32 32 16 9 7.3 9.4 11 11 11 10 11 11 10 10 12 13 15 12 8.9 11 12 11 10
®ç¶é
NO2
02/05 11 6.8 4.9 5.1 4.5 4.1 4.9 6.4 7.4 9.3 7.9 7.7 7.7 10 8.1 6.9 5.7 11 16 13 16 19 16 11
®ç¶é
NO2
02/06 11 11 13 14 12 13 15 19 17 12 9.9 10 7.8 9.3 8 6 9.6 8.8 6.8 8.8 15 14 30 29
®ç¶é
NO2
02/07 29 27 26 23 20 15 15 19 16 8.5 5 4.6 3.4 2.8 5.5 6.7 6.9 13 11 10 8.5 9.4 8.5 8
®ç¶é
NO2
02/08 8 6.9 4.4 4.1 4.8 5.2 5.5 6.3 6.7 8.3 10 11 8.6 7.8 8.5 8.7 9.7 11 13 13 17 14 16 13
®ç¶é
NO2
02/09 7.9 8.1 8.6 7.4 8.9 11 5.3 10 11 12 9.9 9.5 11 14 13 12 11 11 12 13 15 13 10 8.1
®ç¶é
NO2
02/10 7 6.7 6.5 5.5 5.9 5.9 7.6 11 7.9 7.4 8 10 9.6 12 13 15 16 21 17 14 13 14 13 12
®ç¶é
NO2
02/11 9.7 5.4 4.1 3.1 3.2 3.8 10 16 18 13 11 10 11 12 12 13 15 20 17 13 11 9.6 7.5 6.6
®ç¶é
NO2
02/12 5.3 4.9 4.6 4.4 4.8 6 8.3 12 13 13 11 10 11 11 13 11 12 17 20 11 13 12 11 12
®ç¶é
NO2
02/13 12 15 19 7.5 5.4 6.2 11 15 13 13 13 14# 19 17 14# 14# 16 18 21 21 16 12 11 10
®ç¶é
NO2
02/14 7.9 9 8.6 14 14 16 18 21 19 18 18 17 200# 16 17 19 23 22 26 26 20 19 16 18
®ç¶é
NO2
02/15 15 19 14 13 14 17 13 17 24 27 25 22 23 19 20 19 18 19 17 19 23 31 32 23
®ç¶é
NO2
02/16 14 13 9.8 8.1 7.3 7.7 11 12 16 15 14 18 15 11 12 13 14 19 18 15 16 17 18 12
®ç¶é
NO2
02/17 8.5 5.9 5.1 5.1 3.4 3.5 5.8 11 13 9.8 8.5 6.9 5.6 5.9 6.9 8.2 9.1 10 10 9.1 8.3 7.8 7.3 5.7
®ç¶é
NO2
02/18 5.3 4.7 3.9* 3.9 4 5.8 8.8 19 30 31 30 27 19 14 14 17 22 21 23 20 18 19 20 27
®ç¶é
NO2
02/19 23 11 4.6 7.8 13 17 20 32 38 46 29 25 27 22 20 24 24 29 45 48 47 42 38 32
®ç¶é
NO2
02/20 24 17 15 15 21 23 28 28 20 27 27 26 16 15 15 15 15 16 21 18 16 14 12 17
®ç¶é
NO2
02/21 16 11 12 8.6 8.2 6.6 10 17 19 17 18 16 15 16 18 22 18 16 12 12 11 15 18 16
®ç¶é
NO2
02/22 19 14 12 8.2 7.9 9.3 9.1 17 16 12# 13 14 12 11 13 13 12 15 18 16 19 15 12 10
®ç¶é
NO2
02/23 6.8 7.1 6.7 8.9 8.4 10 13 19 18 17 16 16 16 16 19 19 21 23 24 24 19 14 13 9.5
®ç¶é
NO2
02/24 8.4 5.2 4.9 4.6 5.5 6.2 6.5 7.8 10 13 15 15 13 14 13 14 19 23 22 18 19 23 23 24
®ç¶é
NO2
02/25 19 15 11 9 8.5 11 25 27 25 27 27 23 28 22 27 23 19 21 21 19 19 16 14 13
®ç¶é
NO2
02/26 10 6.9 6.7 7.9 7.7 8.5 13 18 20 19 16 14 17 17 12 16 18 19 21 21 23 25 28 29
®ç¶é
NO2
02/27 31 27 26 22 20 22 23 26 31 35 36 26 24 17 11 18 25 24 36 37 50 51 50 38
®ç¶é
NO2
02/28 28 16 9.8 7.6 7.7 7.5 10 14 17 21 12 11 12 14 17 14 16 17 17 15 12 13 11 8.5
®ç¶é
NO2
ºÊ´ú¦~¤ë¡G2019/03¡A ´ú¯¸¡G®ç¶é¡A ´ú¶µ¡GNO2¡]ppb¡^
®ç¶é
NO2
¤é´Á 00 01 02 03 04 05 06 07 08 09 10 11 12 13 14 15 16 17 18 19 20 21 22 23
®ç¶é
NO2
03/01 8.2 7.6 7.4 9.2 7.2 5.7 8.1 14 12 11 9.9 11 11 11 13 13 15 16 16 17 18 18 17 17
®ç¶é
NO2
03/02 12 9.4 7.6 6.8 7.4 8.7 11 12 11 14 19 18 12 12 15 19 17 20 27 30 34 20 23 23
®ç¶é
NO2
03/03 26 23 16 22 22 32 28 23 22 27 16 11 7.3 10 12 14 14 21 37 31 12 13 16 11
®ç¶é
NO2
03/04 11 8.9 6.8 4.8 5.4 8 13 21 20 19 19 13 12 12 11 13 15 19 20 16 15 13 11 8.9
®ç¶é
NO2
03/05 7.5 6.8 6.5 6.3 7 8.1 12 17 20 21 17 15 13 14 14 15 18 16 13 14 19 25 23 25
®ç¶é
NO2
03/06 16 14 11 9.5 11 16 23 42 38 43 19 15 20 20 17 14 12 18 25 22 23 16 13 13
®ç¶é
NO2
03/07 13 11 7.8 6 10 7.8 14 18 22 21 25 24 19 18# 24 28 19 22 23 20 20 15 14 10
®ç¶é
NO2
03/08 7.6 5.4 5.6 5.3 5.2 5.2 8 11 16 17 21 19 20 20 19 17 21 22 22 21 22 19 21 19
®ç¶é
NO2
03/09 22 33 16 13 23 29 28 29 31 36 36 24 25 26 38 38 38 35 38 29 39 36 34 26
®ç¶é
NO2
03/10 11 11 6 4.2 3.7 5.5 6.8 15 11 12 13 15 13 12 15 15 15 14 20 22 24 15 12 10
®ç¶é
NO2
03/11 8.2 6.2 5.9 6.2 6.4 7.9 12 19 21 22 24 19 15 15 18 23 27 36 40 40 27 27 20 18
®ç¶é
NO2
03/12 18 14 14 13 12 15 17 22 27 22 17 15 15 12 12 18 20 29 23 22 23 23 23 20
®ç¶é
NO2
03/13 19 19 19 16 11 36 36 27 27 20 9.5 10 11 8.9 8.9 9.9 14 18 17 13 14 14 15 13
®ç¶é
NO2
03/14 11 9 11 9.1 10 28 45 49 44 23 18 20 16 14 12 12 16 13 18 15 15 11 8.9 9.8
®ç¶é
NO2
03/15 7.4 5.5 3.6 3.7 5.3 9.6 16 25 26 14 12 12 10 10 14 15 18 24 24 20 15 11 10 11
®ç¶é
NO2
03/16 9.6 7.7 6.9* 4.6* 4.2 4* 6.5 9.3* 13# 14 14 15 16 16 18 19 20 19 16 17 19 19 15 12*
®ç¶é
NO2
03/17 12 9.4 8 7.8 8.9 10 27 21 19 23 26 24 23 19 16 17 17 15 18 16 16 16 15 14
®ç¶é
NO2
03/18 11 9.4 11 13 11 17 23 30 33 17 17 18 16# 15# 14 17 19 26 35 28 32 23 18 17
®ç¶é
NO2
03/19 23 18 19 23 17 8.4 18 24 25 27 23 18 16 13 15 16 16 18 20 18 16 15 15 14
®ç¶é
NO2
03/20 20 24 35 36 34 21 27 35 34 23 24 28 14 13 14 19 19 19 18 14 14 15 14 11
®ç¶é
NO2
03/21 12 20 13 13 12 12 19 19 25 12 11# 12 15 13 14 14 14 18 26 19 19 22 21 15
®ç¶é
NO2
03/22 13 12 13 12 8.7 7.1 9.8 21 17 17 20 17 13 17 19 22 18 20 18 19 17 13 12 12
®ç¶é
NO2
03/23 7.6 4.5 4.5 4.4 3.6 4.6 8.2 13 13 13 13 15 14 12 10 12 14 18 17 14 11 11 10 10
®ç¶é
NO2
03/24 5 4.6 4.7 4.4 4.7 4.9 5.9 6.8 9.4 13 14 14 18 19 19 18 22 29 32 28 28 33 40 34
®ç¶é
NO2
03/25 24 27 26 22 14 15 17 27 34 35 38 36 21 19 28 28 33 29 19 14 18* 18 20 13*
®ç¶é
NO2
03/26 13* 11 7.8 8.8 7.4 8.8 16 18 15 13 13 13 12 13 12 15 16 21 22 19 16 16 16 16
®ç¶é
NO2
03/27 14 24 29 24 28 29 30 29 24 16 16 16 13 12 12 16 16 17 25 27 26 35 36 38
®ç¶é
NO2
03/28 48 22 18 14 12 13* 18 20 16 15# 12 11 8.6 9.8 9.7 12 13 18 22 20 17 43 42 44
®ç¶é
NO2
03/29 34 14 18 11 9 9.3 12 18 18 13 13 13 9.6 7.6 12 13 18 23 17 17 15 18 10 6.5
®ç¶é
NO2
03/30 8.7 7.3 8.8 8 11 18 26 32 21 15 18 19 11 7.8 13 14 16 15 15 16 13 9.7 7.7 6.5
®ç¶é
NO2
03/31 5.7 5.9 5.3 6.1 4.4 5.3 7.7 11 13 10 8.9 9.5 10 9.5 10 11 12 12 9 10 7.8 8.5 8.1 7.9
®ç¶é
NO2
ºÊ´ú¦~¤ë¡G2019/04¡A ´ú¯¸¡G®ç¶é¡A ´ú¶µ¡GNO2¡]ppb¡^
®ç¶é
NO2
¤é´Á 00 01 02 03 04 05 06 07 08 09 10 11 12 13 14 15 16 17 18 19 20 21 22 23
®ç¶é
NO2
04/01 6.5 5.3 4.6 4.5 4.7 5.9 9 15 18 18 20 17 15 14# 18x 16# 14 14 12 11 9.2 8.5 6.8 6.8
®ç¶é
NO2
04/02 6.1 6.2 5.6 5.3 5.5 6.5 9.9 15 19 21 21 21 22 21 27 38 46 57 56 44 48 40 30 17
®ç¶é
NO2
04/03 11 9.6 6.9 7.2 7.8 9.6 15 22 31 32 31 29 25 23 23 21 22 28 36 47 42 42 43 45
®ç¶é
NO2
04/04 35 9.3 6.6 5.8 6.1 6.2 8.7 13 18 18 12 11 10 11 8.4 9.8 7.5 9.7 9.9 8.8 11 10 10 6.8
®ç¶é
NO2
04/05 6.4 6.4 5.3 4.5 4.9 5.7 7.5 9.2 8.6 10 9.4 8.2 7 6.8 8.3 7 9.6 15 16 16 17 19 17 14
®ç¶é
NO2
04/06 13 9.4 9.2 9.5 13 17 22 15 18 19 14 12 8 11 12 9.1 11 14 14 21 24 25 26 28
®ç¶é
NO2
04/07 23 23 22 12 12 14 18 23 15 16 12 8.4 5.2 4.8 5.1 5.7 7.1 8.5 12 12 9.7 8.2 13 11
®ç¶é
NO2
04/08 13 18 21 21 18 17 19 30 27 20 22 17 14 13 15 19 21 24 33 26 27 45 50 48
®ç¶é
NO2
04/09 46 36 31 28 17 22 29 32 34 13 16 13 14 13 8.9 10 11 13 13 12 14 12 9.7 8.2
®ç¶é
NO2
04/10 8.9 7.4 7.9 7.7 10 15 20 20 16 12 10 7.5 7.9 9.1 11 11 13 17 19 19 16 12 9.7 8.7
®ç¶é
NO2
04/11 6.4 6.4 5.8 6 6.7 6.8 13 23 21 21 20 22 20 18 15 12 14 14 17 24 26 27 13 6.5
®ç¶é
NO2
04/12 5.9 4.3 4.2 5 5.3 6.4 13 22 25 16 14 13 14 14 10 12 14 19 18 13 10 11 9.1 8.8
®ç¶é
NO2
04/13 9.1 7.3 6.3 6.4 13 18 17 15 18 18 22 30 22 19 19 19 20 35 28 38 32 30 39 21
®ç¶é
NO2
04/14 11 7.3 4.7 5.1 5.4 7 11 11 15 13 10 8.6 5.8 4.4 5.5 8 8.4 9.4 11 8.3 9.3 10 13 12
®ç¶é
NO2
04/15 9.2 6.5 5.3 4.9 5.3 7 11 16 18 18 16 14 13 10 12 13 16 18 18 13 11 11 9.3 7.6
®ç¶é
NO2
04/16 6.6 8.2 8.7 12 13 11 24 32 26 32 33 43 20 21 20 20 23 23 25 23 22 19 16 18
®ç¶é
NO2
04/17 17 11 19 16 12 11 26 27 13 11 10 11 11 12 16# 16 16 24 29 30 21 19 16 14
®ç¶é
NO2
04/18 15 14* 23 30 35 39 39 35 20 17# 16 12 11 13 13 15 20 28 33 42 42 43 34 41
®ç¶é
NO2
04/19 44 35 35 35 23 20 21 22 32 29 32 29 20 24 24 21 26 27 36 36 39 26 22 27
®ç¶é
NO2
04/20 21 17 20 21 18 22 25 24 20 17 14 14 9.9 10 11 12 18 24 29 28 30 28 14 18
®ç¶é
NO2
04/21 19 28 28 22 11 11 21 19 18 16 16 12 11 13 15 17 10 11 25 26 27 34 35 37
®ç¶é
NO2
04/22 30 27 25 21 20 18 20 33 26 15 13 9.8 5.9 6.4 399# 9.7# 9.5# 11 12 13 27 25 26 12
®ç¶é
NO2
04/23 10 24 21 21 14 10 17 21 16 15 11 8.5 8.7 10 11 11 15 17 21 21 22 20 17 16
®ç¶é
NO2
04/24 18 23 24 23 22 21 20 17 11 11 11 11 10 9.8 10 11 13 11 14 16 17 25 21 21
®ç¶é
NO2
04/25 16 16 14 18 17 14 12 12 8.1 8 9.4 9.1 8 8.2 10 10 13 15 18 16 11 9.5 12 12
®ç¶é
NO2
04/26 9.4 12 7.4 5.7 8.1 8.8 12 16 18 17 13 12 12 14 14 19 20 22 22 19 16 15 16 13
®ç¶é
NO2
04/27 8.6 5.8 5.1 5.5 5.2 6.1 8.2 9.5 11 9.6 10 11 12 11 10 8.8 10 12 12 13 14 12 12 12
®ç¶é
NO2
04/28 11 9.4 8.3 9.5 11 12 16 14 13 13 9.1 10 11 10 11 8.7 9.3 13 16 34 39 42 38 37
®ç¶é
NO2
04/29 33 27 20 26 19 22 23 29 25 20 19 16 14 11 6.7 8.6 9.9 12 12 16 20 24 36 26
®ç¶é
NO2
04/30 27 27 26 28 26 29 28 33 19 10 11 11 7 6.7 7.7 9.9 9.8 11 8.6 7.6 13 15 13 13
®ç¶é
NO2
ºÊ´ú¦~¤ë¡G2019/05¡A ´ú¯¸¡G®ç¶é¡A ´ú¶µ¡GNO2¡]ppb¡^
®ç¶é
NO2
¤é´Á 00 01 02 03 04 05 06 07 08 09 10 11 12 13 14 15 16 17 18 19 20 21 22 23
®ç¶é
NO2
05/01 12 6.4 8.1 6 6.3 6.4 9.6 15 13 15 15 16 15 12 12 15 16 15 19 24 18 17 15 11
®ç¶é
NO2
05/02 8.5 7.2 7.1 6.3 6.4 9.2 12 19 20 13 14 13 9.8# 11# 14 18 17 19 20 18 14 12 9.7 7.7
®ç¶é
NO2
05/03 9.2 5.6 4.8 5.1 5.8 9.1 13 18 16 13 11# 11 10 10 11 11 13 14 13 12 14 11 10 9.2
®ç¶é
NO2
05/04 9.3 10 7.4 5.2 4.5 5.7 6.3 7.9 9.7 11 11 11 10 10 12 13 15 13 12 12 13 15 17 13
®ç¶é
NO2
05/05 10 6.6 6.3 5.2 5.1 5.9 7.3 7.1 9.1 7.8 7 7.4 6.7 5.8 5.4 5.9 6.9 9 8.4 9.4 8.5 9.7 8.4 6.3
®ç¶é
NO2
05/06 5.8 3.4 2.5 2.8 2.7 4.3 9 16 14 14 16 17 22 19 19 19 21 22 22 20 17 13 9.5 6.7
®ç¶é
NO2
05/07 5.6 4.8 5.8 4.2 5.5 9.5 12 17 17 16 21 18 15 12 13 18 19 20 19 14 13 10 7.2 7.8
®ç¶é
NO2
05/08 6 7 7.3 6.8 7 7.9 12 20 28 33 25 21 25 20 22 20 17 18 18 20 19 20 13 15
®ç¶é
NO2
05/09 16 12 12 12 9.8 12 20 29 24 22 26 20 15 18 23 29 26 25 22 24 18 13 12 8.7
®ç¶é
NO2
05/10 7.4 6.8 5.9 4.6 4.7 7.9 15 19 14 16 17 18 17 19 16 19 24 27 24 18 18 13 12 12
®ç¶é
NO2
05/11 8.4 6.9 6.9 6.5 7.2 10 12 15 21 16 17 15 13 11 12 13 15 17 17 15 14 11 9.8 9.7
®ç¶é
NO2
05/12 8.4 6.6* 8.7* 16* 17* 18 20 12 11 13 10 9.5 8 7.8 8.3 8.6 9 10 11 13 14 13 12 11
®ç¶é
NO2
05/13 9.5 6.1 4.9 5.2 5.6 7.9 12 17 17 18 13 11 9.9 7.4 8.8 11 12 16 25 32 37 44 41 44
®ç¶é
NO2
05/14 39 33 31 19 22 15 15 17 18 22 17 9.8 6.7# 6.3x 7.8# 10 11 13 17 20 16 20 23 22
®ç¶é
NO2
05/15 19 19 20 21 20 22 21 25 18 19 17 NA NA NA NA NA 15# 14 21 40 38 37 44 20
®ç¶é
NO2
05/16 8.6 6.6* 8.9* 8* 9.7* 14* 23 18 16 13 8# 13# 10x 9.3x 50# 481# 11# 9.6 13* 12* 11* 11* 13* 10*
®ç¶é
NO2
05/17 8.6 11 11 9.8 9.3 7.6 14 22 22 16# 12 24 20 11 19 15 21 36 46 33 16 19 26 21
®ç¶é
NO2
05/18 18 15 14 14 13 16 16 7.7 7 6 7.1 7.8 6.5 6.9 8.1 7.4 8.1 11 13 12 9.5 8.7 8.6 9.7
®ç¶é
NO2
05/19 9.3 9.8* 8.9* 10* 9.7* 11 13 9.7 9.4 5.8 6.7 5.8 6* 6.2 5.3* 5.9* 8.8 8.5* 12* 16 14* 18 21 23
®ç¶é
NO2
05/20 20 10 6.4 8.1 6.3 7.8 13 20 24 25 25 13 13 18 18 17 18 20 16 12 20 16 12 7.3
®ç¶é
NO2
05/21 7.7 4.3 4.9 4.4 4.1 5.8 9.5 13 13 9.8 12 11 14 11 15 21 19 21 24 15 15 17 22 21
®ç¶é
NO2
05/22 20 14 11 11 10 10 16 23 24 25 27 32 38 38 27 24 29 34 39 38 40 33 33 26
®ç¶é
NO2
05/23 23 18 30 36 34 32 27 33 33 36 41 26 19 16 14 13 19 23 24 21 18 14 14 12
®ç¶é
NO2
05/24 10 7.3 6.3 6.3 6.1 7.8 11 16 18 15 12 11 11 13 12 14 14 15 15 15 16 16 15 13
®ç¶é
NO2
05/25 12 12 13 11 11 20 14 18 14 10 8.5 8.7 7.7 11 15 17 24 18 16 14 17 18 18 16
®ç¶é
NO2
05/26 21 20 21 20 23 22 21 18 9.5 10 9.1 11 7.8 6.9 6.5 5.8 5.4 9.6 14 17 14 14 15 19
®ç¶é
NO2
05/27 15 11 11 12 17 18 17 26 20 14 10 9.2 11 7.9 14 15 18 24 29 38 38 43 36 36
®ç¶é
NO2
05/28 36 24* 27 17 14 20 19 22 23 19 28 20 16# 16# 16x 15# 16# 20 17 15 13 12 14* 15
®ç¶é
NO2
05/29 14 11 8.4 9.3 9.5 8.8 13 18 17 13 17# 17# 13 15 14 14 16 17 22 21 20 21 17 14
®ç¶é
NO2
05/30 11 8.9 8.2 9.2 13 18 25 21 17 21 15 12 16 11 10 12 14 18 18 15 17 21 23 23
