



sλ
NO2
01/01 5.2 3.4 3.4 3.8 3.4 3.2 3.4 4.4 5 4.5 4.5 4.4 4.2 3.8 4.4 5.1 6.5 7 7 7.3 7.3 6.5 5.6 5
sλ
NO2
01/02 4 3.4 3.1 2.7 2.8 3.6 4.8 10 12 13 12 12 11 11 12 14 15 17 16 15 14 12 11 9
sλ
NO2
01/03 8.5 8.2 7 5.2 5.5 5.5 8.4 14 16 17 16 16 13# 13 14 14 16 19 17 17 18 17 16 19
sλ
NO2
01/04 19 17 15 -547* 11 11 10 13 25 34 28 31 15 9 11 13 15 15 13 19 27 25 17 8.8
sλ
NO2
01/05 8.4 15 17 16 17 16 17 20 21 19 19 22 21 23 24 21 26x 13* 13* 22* 30 27 23 17
sλ
NO2
01/06 13 12 12 12 11 12 11 13 12 12 11 10 10 11 10 12 13 13 16 14 15 15 13 12
sλ
NO2
01/07 10 8.9 8.9 11 12 13 19 27 31 28 27 24 19 14 13 12 12 22 23 15 15 16 26 21
sλ
NO2
01/08 12 5.2 4.7 4.8 5.7 7.5 8.2 14 14 13 16 13 12 11 12 12 13 14 17 16 16 13 11 9.6
sλ
NO2
01/09 7.7 8.4 6.5 6.7 6.8 7.3 8 14 14 12# 10 9.9 11 11 9.7 12 17 24 26 27 27 29 29 26
sλ
NO2
01/10 28 29 26 24 20 21 21 21 26 16 16 12# 10# 12# 11 11 18 19 22 21 17 18 23 23
sλ
NO2
01/11 20 11 14 14 7.6 8.9 17 19 19 17 19 14 11 15 19 20 21 19 19* 16* 24 27 29 27
sλ
NO2
01/12 24 15 19 23 21 19 20 17 15 16 15 13 14 13 13 16 21 22 22 20 20 18 19 19
sλ
NO2
01/13 17 19 12 9.1 8 7.2 9.1 11 12 13 11 10 9.8 11 11 11 12 14 15 14 13 15 13* 12
sλ
NO2
01/14 11 8.1 7.6 7.1 6.6 7.2 8.6 14 17 15 14 14 11 11 13 15 20 23 23 23 22 23 29 21
sλ
NO2
01/15 26 28 27 21 26 18 25 23 22 20 27 18 11 11 12 10 10 12 11 9.9 8.8 8.5 8.2 7.7
sλ
NO2
01/16 7.4 7.2 7.1 6.6 6.9 7 9.4 12 13 13 14 17 14 15# 17# 18 19 18 17 11 14 11 8.6 6.3
sλ
NO2
01/17 7.6 6.4 6.4 6 6.7 6.6 -440937* -24.7* 2121* 13 13 12 12 13 13 14 15 16 16 13 13 12 9.9 9.6
sλ
NO2
01/18 11 9.8 8.6 8.3 7.2 6.5 7.9 17 18 14 14# 12# 8.4 8.1 8.6 16 19 28 30 33 21 27 34 31
sλ
NO2
01/19 24 23 22 15 16 18 19 19 16 17 10 8.4 9.3 7.9 12 14 15 24* 31 41 49 48 44 38
sλ
NO2
01/20 35 24 29 14 13 13 11 16 15 15 12 9.6 9 8.6 15 20 18 20 18 11 9.5 9.7 9.1 6.3
sλ
NO2
01/21 5.7 5.5 5.3 5.3 4.7 6 7.1 8.6 9.9 11 10 12 11 11 12 9.4 12 17 15 13 11 8.6 9 8.1
sλ
NO2
01/22 5.8 6.9 4.6 5.9 5.3 5.7 7.7 9.7 13 14 13 12 11 12 12 15 17 19 22 26* 30 28 25 26
sλ
NO2
01/23 25 20 15 14 13 12 16 22 27 20 14 14 13 13 14# 14 17 20 24 23 26 23 21 18
sλ
NO2
01/24 12 9.7 9.4 12 12 12 14 19 19 18 17 15 14 12 13 13# 16 20 21 19 22 29 27 28
sλ
NO2
01/25 27 18 31 22 69* 17 19 22 25 28 27 16 11 9.1 8.8 11 11 14 16 16 16 16 8.8 11
sλ
NO2
01/26 8 8.4 6.7 6.3 6.4 7.2 7.3 7.9 8.5 8.7 8.7 8.5 8.4 9.3 9.1 9 9.7 12 12 13 11 10 11 8.1
sλ
NO2
01/27 7.3 5.9 5.7 4.6 4.2 6.5 7.2 9.3 12 9.9 9 7.3 6.5 5.9 7.2* 8.3 8.5 12x 15 17 13 15 18 24
sλ
NO2
01/28 17 18 17 19 9.5 10 19 21 22 26 15 19 11 8.4 8.5 12 13 16 18 23 36 38 36 36
sλ
NO2
01/29 41 36 29 17 18 22 20 21 32 26 9.4 10 9.2 9.3 9.2 11 15 25 28 37 28 25 31 40
sλ
NO2
01/30 37 33 26 25 25 23 27 25 21 16 15 17 11 7.3 14 18 17 31 48 53 44 38 33 29
sλ
NO2
01/31 31 27 18 17 23 24 27 30 33 29 18 11 13 9.7 10 9.4 11 15 18 17 13 10 8.4 6.9
sλ
NO2
菏代~るG2019/02A 代浮GsλA 代兜GNO2]ppb^
sλ
NO2
ら戳 00 01 02 03 04 05 06 07 08 09 10 11 12 13 14 15 16 17 18 19 20 21 22 23
sλ
NO2
02/01 5.5 4.4 4.4 4.5 4.5 4.9 5.4 7.5* 9.1 11 11 9.7 10 10 12 14 18 17 21 22 21 28 27 32
sλ
NO2
02/02 18 26 30 30 22 21 17 18 22 21 17 13 8.6 7.4 8.9 7.8 7.6 12 13 19 27 34 29 23
sλ
NO2
02/03 35 28 21 15 18 14 18 20 17 14 11 10 7.1 5.9 6.2 7.2 9.7 13 19 -261.2* 19 20 23 22
sλ
NO2
02/04 22 15 15 13 8.7 8.5 7.5 8.3 8.7 8.4 9.8 9 9 9 9.9 10 11 9.8 10 11 11 11 9.7 8.7
sλ
NO2
02/05 7.8 5.5 5.1 4.7 3.9 3.3 4.1 4.7 6.6 9.1 8.3 7.5 5.9 7.7 8.4 8.2 12 10 14 17 21 18 23 24
sλ
NO2
02/06 21 17 16 17 20 13 11 11 12 14 13 10 9.7 9.1 9.9 5.8 5.7 7.9 8.5 8.7 17 16 15 16
sλ
NO2
02/07 24 16 4.8* 1.1* 0.7* -10712.2* 15 19 19 14 7 7 11 8.2 7.2 7.9 475* 9.3 10 9.6 9 8.7 8.5 5.9
sλ
NO2
02/08 5.2 5.7 5.1 4.2 3.5 2.9 4.5 3.9 4.3 5.4 5 5.7 6.9# 6.2 6.4 6.8 9.7 11 12 10 11 11 8.8 7.8
sλ
NO2
02/09 8.8 8.6 6.9 5.9 7.5 10 11 9.3 9.9 11 10 12 9.3 9.2 9.6 11 12 11 10 8.8 7.8 6.3 7.3 6.4
sλ
NO2
02/10 7 9.1 5.5 4.3 3.9 3.9 4.3 4.6 5.9 8.8 8.7 8.2 8.3 8.1 8 8.7 9 8 8.8 9.2 10 12 8.7 8.7
sλ
NO2
02/11 8.2 5 4.8 4.2 4.4 4.2 4.6 7 7.1# 7.6 9.1 9.8 8.5 7.8 9.1 8.6 9.4 11 12 15 16 16 13 11
sλ
NO2
02/12 12 9.7 11 11 9.6 13 22 22 23 19 15 9.9 7.5 6.7 6.7 7.7 9.8 11 11 7.3 10 15 4.2 17
sλ
NO2
02/13 23 25 22 5.3 3.9 7.9 10 12 14 14 13 12 9.8 11 15 15 17 18 19 20 17 19 16 13
sλ
NO2
02/14 12 11 11 12 17 13* 11 23 16# 14 15 15 11 10 11 15 14 14 16 14 16 15 14 20
sλ
NO2
02/15 18 14 12 14 12 11 15 24 24 25 13 14 9.6 8.4 7.5 7.8 9.1 11 15 18 25 33 34 22
sλ
NO2
02/16 18 10 9.5 13 13 10 8.8 9.1 11 17 15 15 13 9.7 9.8 10 12 11 13 13 13 13 8 7.9
sλ
NO2
02/17 6.1 7.7 3.9 2.8 3.3 5.9 6.5 6.4 5.2 5.9 6.4 7.1 7.9 7.2 6.9 9.2 9.4 9.2 10 13* 15 12 10 9.7
sλ
NO2
02/18 7.6 10 12 12 9.7* 13 19 26 24 24 29 13# 11 9.3 9.3 11 13 14 16 21 17 22 23 22
sλ
NO2
02/19 22 4.2 5.8 8.8 8.7 13 22 26 33 25 11 9.5 11 9.6 11 12 29 28 39 51 52 41 39 36
sλ
NO2
02/20 35 29 27 21 21 24 27 31 41 52 31 11 9.2 7.9 8 8.6 13 14 14 15 16 16 14 12
sλ
NO2
02/21 9.6 11 14 14 11 8.8 11 20 16 16 19 19 19 13 11 10 9.4 13 8.7 8.9 11 12 14 14
sλ
NO2
02/22 11 7.4 5 4.8 6.5 7.8 8.2 9.6 9 10 9.6 12 13 11 11 12 13 16 14 12 14 13 12 12
sλ
NO2
02/23 9.9 7.5 7.4 4.5 4.6 6 7.3 13 13 12 15 15 13 12 13 15 19 22 18 15 16 16 14 12
sλ
NO2
02/24 9.5 8.8 7.8 6.6 6 4.8 7.8 11 11 15 14 13 14 16 18 13 18 16 12 11 11 13 9.4 7.7
sλ
NO2
02/25 8.8 15 15 15 11 13 20 28 28 35 32 22 9.4 10 14 16 15 17 17 21 17* 14 14 12
sλ
NO2
02/26 9.5 7.6 6.3 6.3 7 8.3 14 20 21 19 19 18 17 17 13 15 18 16 20 27 29 27 28 25
sλ
NO2
02/27 29 20 22 26 27 20 28 30 31 24 27 20 18 13 9.5 11 14 11 20 29 47 50 39 38
sλ
NO2
02/28 34 15 22 6.3 6* 7.5 10 12 14 14 10 9.9 9.8 9.8 12 13 16 19 21 17 14 15 11 10
sλ
NO2
菏代~るG2019/03A 代浮GsλA 代兜GNO2]ppb^
sλ
NO2
ら戳 00 01 02 03 04 05 06 07 08 09 10 11 12 13 14 15 16 17 18 19 20 21 22 23
sλ
NO2
03/01 10 11* 11* 10* 9.8 8.2* 11* 14* 13# 14 13 11 9.3 7.7 7.5 6.9 8.4* 12* 13* 15* 17* 16* 12* 9.8*
sλ
NO2
03/02 9.5* 10 9.7 9.3 8.9 8.6 9.3 11 13 13 11 13 8.9 8.5 9.1 9.7 17 22 27 29 40 20 26 31
sλ
NO2
03/03 33 23 11 6.5 12 20 20 15 21 19 6.4 7.5 9.6 14 12 14 12 21 26 16 13 14 16 19
sλ
NO2
03/04 21 6.8 8.6 10 9.3 10 15 19 14 12 12 13 14 12 11 13 15 18 19 17 19 20 15 16
sλ
NO2
03/05 16 9.4 10 11 12 11 12 19 21 20 15# 24# 18 11 13 13 12 10 9.6 15 17 18 19 20
sλ
NO2
03/06 23 5.9 12 17 12 9.5 18 28 30 29# 17 14 18 22 20 15 11 13 13 12 14 13 11 11
sλ
NO2
03/07 9.7 13 8.9 5.5 5.2 8.1* 7.9 14 16 13# 15 19 18 13 16 19 19 15 14 15 16 13 11 11
sλ
NO2
03/08 9.5 6.1 6.6 6.7 6.9 6.8 8.6 18 22 24 25 24 26 20 18 17 18 18 20* 20* 17* 24* 33 32
sλ
NO2
03/09 29 24 13 -6.9* 18 16 17 23 26 32 28 32 33 37 34 37 31 25 33 34 36 18 25 31
sλ
NO2
03/10 16 7.8 7.3 4.8 7.7 4.4 10 17 24 9.6 8.7 9 9.9 14 15 15 15 18 23 17 17 22 15 7.9
sλ
NO2
03/11 9.3 7.7 6.6 7.1 7.5 9 11 20 22 22 25 26 22 18 17 20 23 29 33 35 32 30 24 20
sλ
NO2
03/12 18 27 21 12 20 24 19 20 19 18 18 14 12 9.8 8.4 7.3 9.8 12 24 34 28 24 20 16
sλ
NO2
03/13 14 18 19 22 20 27 32 32 41 32 30 26 19 12 9.4 13 15 20 25 25 21 23 19 18
sλ
NO2
03/14 25 24 17* 1034* 19 24 27 32 33 29# 5.2# 13# 8.8# 7.2# 6.3# 6.6* 12* 7.4# 10* 9.8* 9.7 9.5 7.7 9
sλ
NO2
03/15 8.3 6.2 5 4.1 4.9 6.2 10 19 16 15 9.2 8.3 6.7 6.9# 11# 12 16 14 19 20 14 8.8 5.6 5.1
sλ
NO2
03/16 4.6 5.8 5.2 4.6* 4.5 6.2 11 13 20# 21 24 20 17 22 24 23 20 20 23 23 22 30 42 46
sλ
NO2
03/17 33 30 27 18 28 32 24 23 26 27 19 7.5 7.6 11 9.4 11 8.2 7.8 10 17 20 18 18 16
sλ
NO2
03/18 11 12 15 11 11 15 17 11 11 12 11 9.5 9.8 8.5 7.8 8.3 13 17 22 30 31 29 32 22
sλ
NO2
03/19 29 21 22 24 16 25 24 26 25 26901* 25 20 19 17# 12 11 18 20 22 26 24 20 22 26
sλ
NO2
03/20 28 24 23 21 21 17 23 24 25 21 13 13 15 14 12* 13* 14* 21* 20* 19* 14* 10* 6.7* 5.7*
sλ
NO2
03/21 5.8* 12 13 8.9 7.4 7.5 12 12 9 7.8 12 9.8 5.8 5.9 6.3 5.9 8.6 4.8 5.1 8.3 13 21 22 17
sλ
NO2
03/22 6.2 11 6.6 6 7.6 9.1 8.3 14 15 19# 20 17 12 11 13 13 13 13 15 13 10x 9.5* 6.6 6.2
sλ
NO2
03/23 6.1 5.5 3.6 3 2.7 2.7 3.3 5.2 8 8.9 8.4 7 6.6 8.3 8.9 7.9 8.2 9.1 11 9.8 8.5 6.8 8.3 5.9
sλ
NO2
03/24 4.1 2.2 2.2 2.4 2.2 2.6 3.5 6.8 13 16 18 23 20 18 16 23 27 33 29 27 27 26 31 30
sλ
NO2
03/25 24 19 18 17 13 12 17 15 14* 29 32 30 9.3* 20 27 22 19 20* 24* 20* 21* 21* 21* 17*
sλ
NO2
03/26 14* 7.8* 9.2* 9.3x 8.8* 9.6* 14* 18 16# 16 15 13# 8.9 9.4 8.6 11 12 20 24 20 26 22 20 28
sλ
NO2
03/27 27 19 20 15 13 15 21 23 22 10 8.5 7 6.7 6.1 7.2 11 12 15 17 25 22 25 34 39
sλ
NO2
03/28 33 19* 18* 15* 10* 14* 22 20 17 11# 11 10 9.9 7.6 10 5.9 6.6 7.5 7.1 9 15 14 12 10
sλ
NO2
03/29 11 9.8 6.6 6.8 11 6.9 8.6 14 12 8.7 6.8 7 6.7 6.5 7 7.5 10 12 14 19 19 16 4.1 4.5
sλ
NO2
03/30 5.4 5.9 3.7 7.1 9.9 14 18 25 17 13 12 11 7.1 5.5 4.7 7.7 12 12 11 10 13 12 7.9 6.4
sλ
NO2
03/31 5.3 3.6 2.6 2.3 2.6 2.3 2.9 4.7 6.1 5.7 5.1 6.3 6.5 6.5 6.7 6.7 7.9 7.9 7.9 8.2 7.3 6.9 6.8 6.2
sλ
NO2
菏代~るG2019/04A 代浮GsλA 代兜GNO2]ppb^
sλ
NO2
ら戳 00 01 02 03 04 05 06 07 08 09 10 11 12 13 14 15 16 17 18 19 20 21 22 23
sλ
NO2
04/01 5.2 3.8 3.3 3 3.6 4.3 6.7 11 13 14 13 12 9.8 8.9 11 13 12 11 10 10 8.5 8.6 8.2 8.5
sλ
NO2
04/02 5.7 9.7 9.5 10 13 7.4 12 25 22 24 25 24 25 17 18 12 13 12 11 11 9.6 14 9.3 4.8
sλ
NO2
04/03 5 5 5.3 4.7 4.7 5.6 6.4 10 16 15 15# 19# 19# 24 16 11 10 24 31 39 33 14 25 17
sλ
NO2
04/04 13 24 21 19 26 19 16 14 11 11 10 9.2 6.3 6.6 7 6.8 7.1 7.3 7.5 7.7 9 8.3 7.8 6.4
sλ
NO2
04/05 7.2 3 2.9 2.9 5 4.5 3.7 3.9 5 6 7 6.5 4.4 4 4.3 4.5 6 9.2 14 18 18 18 18 14
sλ
NO2
04/06 10 20 19 21 11 8.1 12 15 15 15 11 6.8 6.6 6.6 9.1 10 7.9 14 13 17 25 25 23 25
sλ
NO2
04/07 31 22 22 17 12* 13* 17 17 8.4 7 9.1 8.5 10 11 12 9.1 14* 12* 7.8* 14* 13* 11* 20* 18*
sλ
NO2
04/08 17* 15 17 14 12 12 18 20 21 11 10 8.8 6.4 5.3 5.7 9.4 9.5 5.6 12 9.4 12 15 15 11
sλ
NO2
04/09 10 14 14 11 13 16 23 20 14 14 13 13 8.1 8.1 8.1 7.3 12 4.5 7.4 5.9 4.6 6.5 6.9 5.8
sλ
NO2
04/10 6 5.9 6.9 7.6* 17 12 8.9 8.8 9.1 7.1# 5.7 7.2 7.6 7.2 5.5 9.2 7.8 11 18 19 13 10 9.9 9.5
sλ
NO2
04/11 8.3 6.4 6.7 6.3 7.7 6.8 9.6 18 18 15 9.6 10 7.4 6.4 7.2 6.9 8.6 11 13 14 16 14 15 9.1
sλ
NO2
04/12 5.6 4.1 3.9 5 5.8 4.7 5.7 9.4 11 13 13 11 10 9.8 10 11 14 14 14 14 12 12 11 12
sλ
NO2
04/13 8.4 11 9.8 14 13 16 16 13 13 9.2 16 13 9.2 6 9.2 9.3 12 19 21 21 17 22 20 12
sλ
NO2
04/14 13 14 13 8.9 9.3 8.2 8.8 11 12 8.1 7.7 7 6.8 5.6 6.1 6 8 9.9 7.5 8.6 7.9 6.9 6.8 6.9
sλ
NO2
04/15 8.7 6.6 5 4.1 4.9 5.9 8.6 13 13 12 10 10 10 9.9 10# 12 15 14 18 17 14 18 15 10
sλ
NO2
04/16 7.9 10 10 10 11 9.3 17 21 30 29 30 31 31 24 26 17 12 15 14 19 20 23 24 25
sλ
NO2
04/17 27 13 12 8.2 8.7 15 14 19 16 15 12 11 9.4 9.2 8.7 8.9 11 17 22 32 36 26 19 16
sλ
NO2
04/18 10* 9.1* 10 10 8.4 11* 24* 22 21 9.7# 8.9 7.3 6.8 7 7.2 7.5 8.1 16 24 27 34 27 31 23
sλ
NO2
04/19 17 17 15 13 17 11 12 16 16 18 16 13 11 13 15 15 17 25 21 28 27 31 28 21
sλ
NO2
04/20 21 17 26 11 11 12 19 15 13 8.4 6.9 6.9 6.4 7.4 7.1 7.3 10 17 17 19 23 13 15 13
sλ
NO2
04/21 16 24 16 8.5 5.6* 5.6 12 20 16 12 11 9.1 7.5 8 14 14 10 13 18 12 15 22 23 19
sλ
NO2
04/22 21 11 13 14 9.9 12 15 17 17 12 11 8.1 7.2 10 8.5 6.4 6.3 8.6 9.2 9.8 11 15 12 6.9
sλ
NO2
04/23 6 6.8 7.7 8 6 10 13 12 9.8# NA NA 8.2# 8 7.1 6.2 6 8.1 9 7.9 15 15 16 12 8.6
sλ
NO2
04/24 7.5 9.5 9.5 9.9 8.9 11 15 13 9 8.2 6.4 6 4.4 4.4 990* 4 4.5 9.3 8.3 12 15 14 14 14
sλ
NO2
04/25 11 15 14 8.4 10 11 9.6 7.2 6.5 6 6.3 5.6 5.6 4.3 5.7 7.1 7.5 16 11 21 11 9.7 8.8 5.3
sλ
NO2
04/26 8.3 13 11* 13 13 14 11 16 16 14 11 8.2 8 8.1 7.9 8.5 8.8 11 14 18 20 21 16 11
sλ
NO2
04/27 10 5.3 5.3 5.3 4.6 4.9 6.5 6.3 6.6 7.9 8 8.5 8.2 7.1 6.9 8.4 10 12 15 13 16 14 14 13
sλ
NO2
04/28 13 12 9 5.6 8.4 10 11 11 8.9 5.2 5.8 9.5 5.9 5.7 5.5 4.2 7.2 11 14 20 29 27 31 29
sλ
NO2
04/29 36 9.5 10 21 15 11 13 18 19 21 14# 9.6 7 6 5.7# 7.6 -243.8* 6.3 14* 11 14 17 13 13
sλ
NO2
04/30 10 9.6 14 17 15 17 18 22 12 7.5 11 8.6 6.5 6.8 5 7.2 5.4 6.1 7 11 15 10 15 11
sλ
NO2
菏代~るG2019/05A 代浮GsλA 代兜GNO2]ppb^
sλ
NO2
ら戳 00 01 02 03 04 05 06 07 08 09 10 11 12 13 14 15 16 17 18 19 20 21 22 23
sλ
NO2
05/01 9.3 5.9 5.1 4.8* 4 3.6* 4.8 6.4 8.4 12 12 12 13* 15 19 16 16 19 16 16 9.3 7.6 10 9*
sλ
NO2
05/02 6* 2.8 2.8 2.6 2.6 3 6.7 11 11 9.9 10 11 11 12 13 15 17 18 16 13 11 10 8.7 6.5
sλ
NO2
05/03 7.1 7 7 6.6 4.3 3.7 8.6 13 16 11 11 10 9.1 8.5 8.5 9.1 11 11 11 11 11 12 14 12
sλ
NO2
05/04 12 5.3 6.8 4.7 6.2 7.7 9 20 20 16 12 11 9.7 10 9.9 12 9.6 14 21 17 19 14 12 9.9
sλ
NO2
05/05 8.3 6.3 7.9 7.3 4.9 5.3 5.4 5.4 8.4 9.3 6.3 7.1 7.9 5.9 5.7 6.6 8.1 12 15 15 17 13 11 10
sλ
NO2
05/06 8 6.9 4 3.1 4.4 4.6 7.8 13 23 14 14 12 12 8.6 9.4 15 14 19 17 13 9 7.4 5.9 4.2
sλ
NO2
05/07 3.7 3 4.3 2.5 1.9 3 5 7.6 12 12 10 8 9.6 8.8 8.1 11 13 14 9.9 10 11 10 5.4 6.6
sλ
NO2
05/08 5.8 11 12 12 12* 12 16 21 23 22 20 18# 20# 15 13 13 14 17 18 16 15 17 14 14
sλ
NO2
05/09 11 9.5 6.4 9.9 15 15 15 17 18 13 12 14 15 11 14 16 23 19 23 20 18 17 21 17
sλ
NO2
05/10 15 14 13 12 11 12 13 18 12 17 18 17 19 16 16 12 15 18 14 21 22 22 22 18
sλ
NO2
05/11 17 15 15 9.1 9.4 15 14 17 15 13 9.3 8.3 9.4 9.1 8.5 8.7 9.6 13 17 16 13 14 17 15
sλ
NO2
05/12 13 10 12 9.7 13 17 9.4 8.8 11 11 8.4 7.4 6.8 5.8 6.1 5.8 6.8 9.1 17 16 18 18 16 14
sλ
NO2
05/13 12 13 13 13 11 14 14 15 13 14 10 8.6 11 9.4 10 9.4 10* 13* 18* 19* 28* 25* 20* 19*
sλ
NO2
05/14 17* 16* 9.8* 11* 12* 15* 19* 21* 15* 12* 9.5* 8# 6.3# 6.3x 4.2# 5 6.2 8.3 11 17 17 20 18 17
sλ
NO2
05/15 13 17 18 19 23 22 15 15 18 12 6.3 5.4 6 3.2 4 3.9 6.3 6.5 12 12 10 8.9 6.3 5.2
sλ
NO2
05/16 3.9 5.7 12 7.3 5.9 5.1 4.9 7 6.1 6.9 7.1 7.1 6.9 7.4 7.9 9 8.6 11 21 20 19 17 11 14
sλ
NO2
05/17 5.9 4.6 3.8 3.1 6.3 4.3 4.5 15 11 9.3 18 15 10 8.6 7.4 6.4 7.6 9.9 9.4 11 9.2 8.4 5.7 3.7
sλ
NO2
05/18 3.8 2.3 2.2 2.2 2.2 3.1 5 7 10 13 6.7 4.1 8.5 13 6.7 10 12 12 8.1 5.7 6.8 7.8 7.2 5
sλ
NO2
05/19 4.4 1.4 1.7 1.7 1.4 1.9 1.9 2.9 2.8 2.9 3 3.9 3.6 3.8 4.2 5.1 4.6 5.6 6.8 8 9.2 11 8.1 7.7
sλ
NO2
05/20 5.9 5.5 5.4 4.6 4.4 4.7 5.8 6.8 8.6 12 9.6 9.5 13 11 11 10 11 12 22411* 1.7* 9.6 13 6.8 4.6
sλ
NO2
05/21 -196414* 1.3* 0.9* 0.9* 0.9* 0.9* 6.8* 9.9 9.4 10 10 12 11 11 11 17 21 20 20 17 17 20 24 22
sλ
NO2
05/22 19 15 23 21 15 15 18 30 28 24 30 24 21 29 33 27 26 31 34 33 21 20 20 24
sλ
NO2
05/23 16 8 15 17 16 26 24 21 22 17 15 14 16 17 14 15 16 14 19 28 31 24 17 13
sλ
NO2
05/24 13 14 11 12 15 15 12 16 19 20 17 14 8.6 7.2 7.4 7.9 11 9.9 12 14 20 16 17 12
sλ
NO2
05/25 7.1 8.5 11 11 13 15 14 12 11 14 12 11 6.6 6.6 6.4 10 11 11 12 9.9 11 21 19 18
sλ
NO2
05/26 13 7.8 12 12 16 14 13 14 8.6 9.8 7.5 5.7 5.5 5.1 5 4.5 6.2 10 13 17 17 17 18 18
sλ
NO2
05/27 14 13 11 7.8 12 12 16 17 14 13 15 8.3 10 6.9 9.5 9.1 13 15 17 18 17 31 25 25
sλ
NO2
05/28 19 15 12 11 9.6 9.8 13 18 18 11 19 19# 12x 14# 11 9.4 11 12 10 9.3 7.4 6.4 5.8 5.6
sλ
NO2
05/29 5.7 8.8 9.5 8.1 7.6 7.3 7.7 12 15 13 14 13 11 7.8 8.4 8.5 9.9 15 15 21 16 23 21 18
sλ
NO2
05/30 14 13 14 12 10 11 13 22 23 23 16 14 9.2 6.8 6.3 6.8 7.1 8.7 9.1 8.5 16 25 25 21
