sλ
PM10
01/01 19 8 14 11 9 8 10 15 9 11 16 11 9 12 16 16 16 11 11 9 11 9 9 10
sλ
PM10
01/02 8 10 12 9 10 7 8 9 8 12 17 10 16 13 15 13 21 10 14 13 10 9 10 11
sλ
PM10
01/03 17 13 11 7 8 7 11 9 13 12 11 8 16 10 12 14 13 12 17 13 10 11 11 12
sλ
PM10
01/04 11 19 18 17 18 13 13 21 38 54 66 67 43 37 40 47 41 33 30 42 47 58 62 54
sλ
PM10
01/05 52 56 58 57 54 59 55 53 57 58 62 56 57 60 49 43 46 44 36 39 43 23 8 9
sλ
PM10
01/06 9 15 8 4 11 10 11 17 14 13 16 11 16 17 18 18 20 22 25 24 23 16 12 14
sλ
PM10
01/07 14 14 12 13 13 11 13 21 24 24 33 41 38 42 39 42 45 42 46 47 50 47 57 62
sλ
PM10
01/08 45 40 44 40 40 46 39 42 21 16 25 17 16 18 16 22 21 21 22 19 23 13 16 12
sλ
PM10
01/09 10 11 10 13 13 12 11 13 15 36 20 14 17 19 13 16 21 28 22 21 29 22 26 25
sλ
PM10
01/10 26 22 26 30 31 32 36 39 53 57 59 1000# 69 83 76 74 87 82 80 81 70 58 63 69
sλ
PM10
01/11 80 81 76 73 75 59 74 71 68 70 72 89 86 77 77 79 100 92 82 103 94 115 136 117
sλ
PM10
01/12 66 44 43 49 49 54 64 52 53 53 45 44 44 47 41 38 33 40 42 41 38 31 25 34
sλ
PM10
01/13 37 30 28 23 26 24 26 33 33 31 34 43 34 41 47 42 41 37 30 31 23 21 25 23
sλ
PM10
01/14 18 21 22 20 23 26 27 29 37 61 37 49 38 36 48 35 46 40 37 44 33 37 32 42
sλ
PM10
01/15 34 35 46 48 54 61 53 45 72 87 76 67 48 53 58 58 61 59 57 47 42 32 33 39
sλ
PM10
01/16 39 34 31 26 29 20 19 16 21 24 26 27 26 1000# 29 21 16 11 17 11 12 12 9 6
sλ
PM10
01/17 7 8 7 17 19 19 24 38 36 38 37 36 37 35 42 47 73 71 72 53 59 57 52 50
sλ
PM10
01/18 46 52 49 50 53 48 45 48 47 44 47 44 33 42 42 50 52 49 48 47 37 35 37 42
sλ
PM10
01/19 35 45 58 59 62 83 86 85 94 92 78 81 81 74 85 87 84 97 89 84 88 85 87 72
sλ
PM10
01/20 60 88 85 71 84 90 88 81 74 60 56 55 69 68 93 104 92 96 104 82 69 69 47 44
sλ
PM10
01/21 42 45 47 43 47 42 40 37 37 31 23 29 24 30 24 39 30 26 28 46 47 36 26 30
sλ
PM10
01/22 22 37 36 35 39 38 44 46 49 52 54 61 64 60 66 66 62 63 58 63 65 54 55 60
sλ
PM10
01/23 56 49 47 49 50 53 55 56 68 60 71 57 51 56 64 64# 1000# 73 75 71 73 68 65 66
sλ
PM10
01/24 58 56 57 65 62 57 59 63 64 64 65 64 59 57 1000# 56 63 56 61 62 56 56 57 52
sλ
PM10
01/25 48 51 50 45 40 44 36 42 53 62 71 67 60 65 61 68 67 65 72 70 61 51 54 51
sλ
PM10
01/26 53 46 51 52 44 38 40 46 52 57 69 65 69 77 76 60 54 51 42 40 36 34 31 28
sλ
PM10
01/27 31 33 32 29 27 32 32 31 33 32 34 29 29 22 28 27 25 28 29 31 23 25 28 26
sλ
PM10
01/28 23 27 22 24 24 24 24 31 34 42 37 47 40 34 35 34 38 43 38 36 45 45 44 43
sλ
PM10
01/29 39 36 32 29 31 26 30 26 35 35 20 20 19 38 47 49 43 39 33 69 60 56 63 63
sλ
PM10
01/30 58 53 52 48 51 52 85 68 75 78 73 64 66 63 68 66 66 84 90 105 91 57 37 29
sλ
PM10
01/31 29 26 22 20 18 29 39 45 62 71 53 50 39 36 42 43 41 60 59 50 48 45 51 43
sλ
PM10
菏代~るG2019/02A 代浮GsλA 代兜GPM10]gg/m3^
sλ
PM10
ら戳 00 01 02 03 04 05 06 07 08 09 10 11 12 13 14 15 16 17 18 19 20 21 22 23
sλ
PM10
02/01 33 32 31 32 28 33 36 39 46 44 45 46 47 46 50 49 33 34 35 41 39 47 34 41
sλ
PM10
02/02 41 47 37 38 36 37 32 38 44 56 62 59 71 77 80 74 74 79 96 105 109 108 103 93
sλ
PM10
02/03 95 88 79 62 50 43 43 46 48 50 63 60 58 64 68 66 59 62 66 56 66 68 72 68
sλ
PM10
02/04 104 89 87 67 65 36 32 32 22 26 36 42 49 45 55 59 65 72 62 77 86 78 78 75
sλ
PM10
02/05 75 87 85 74 78 75 63 84 82 69 84 105 99 84 95 91 68 56 54 63 73 79 97 101
sλ
PM10
02/06 89 85 59 48 27 33 31 33 43 52 54 55 86 88 59 61 57 57 56 54 68 54 67 73
sλ
PM10
02/07 71 65 54 50 48 42 48 62 75 68 41 33 44 27 53 63 58 53 55 64 69 45 50 45
sλ
PM10
02/08 35 36 38 25 24 30 36 41 37 25 17 25 1000# 26 24 34 29 32 31 31 31 33 38 35
sλ
PM10
02/09 31 22 30 30 28 29 31 32 29 33 27 24 14 16 17 22 15 17 16 19 15 13 14 15
sλ
PM10
02/10 16 15 13 14 13 13 15 11 14 19 20 20 22 22 20 25 26 34 32 27 19 19 21 24
sλ
PM10
02/11 33 26 23 8 9 8 8 6 15 14 16 14 19 21 16 16 16 20 12 18 17 19 15 17
sλ
PM10
02/12 18 17 21 11 16 20 15 16 24 23 29 26 25 26 26 29 36 41 24 34 34 37 32 32
sλ
PM10
02/13 35 35 42 39 24 23 23 25 27 30 1000# 28# 28 25 34 29 29 32 31 32 28 30 30 29
sλ
PM10
02/14 31 26 28 31 40 32 30 35 14 31 34 42 35 38 34 41 36 27 33 33 34 30 28 32
sλ
PM10
02/15 23 23 28 48 54 44 34 46 36 42 36 41 58 58 54 52 50 54 56 66 74 80 85 78
sλ
PM10
02/16 74 63 50 54 54 43 40 30 31 44 33 33 34 29 20 18 26 26 23 23 21 17 18 12
sλ
PM10
02/17 12 17 16 12 11 15 14 17 23 16 23 21 26 21 30 27 21 22 21 18 14 11 12 8
sλ
PM10
02/18 9 9 10 10 14 12 11 18 25 24 41 1000# 23 19 23 23 29 31 42 44 51 53 52 55
sλ
PM10
02/19 66 19 10 13 11 15 15 22 37 38 28 30 32 40 34 28 36 45 56 84 118 122 79 90
sλ
PM10
02/20 84 73 59 58 60 63 58 69 81 98 90 60 57 57 60 77 124 114 69 68 68 72 68 84
sλ
PM10
02/21 112 109 78 59 46 26 29 41 34 37 49 53 49 58 54 49 49 43 32 21 20 22 32 39
sλ
PM10
02/22 47 39 21 14 20 19 21 23 27 27 27 32 25 25 17 18 14 14 13 15 19 26 21 25
sλ
PM10
02/23 24 23 29 26 24 26 24 30 39 41 46 45 39 39 36 34 35 34 30 25 27 27 20 19
sλ
PM10
02/24 22 18 16 10 11 8 11 11 7 14 13 13 11 11 17 19 9 16 19 23 25 24 22 20
sλ
PM10
02/25 17 26 26 24 29 21 17 24 32 37 38 35 1000# 29 43 44 46 41 34 42 45 39 32 30
sλ
PM10
02/26 37 35 30 34 28 39 37 38 42 38 38 43 43 49 42 40 49 49 50 51 48 49 44 45
sλ
PM10
02/27 42 49 51 47 55 69 48 53 84 111 93 79 61 48 36 28 25 35 33 37 52 73 61 61
sλ
PM10
02/28 70 73 87 73 73 58 65 65 50 46 45 28 14 22 24 26 31 30 43 42 33 31 27 24
sλ
PM10
菏代~るG2019/03A 代浮GsλA 代兜GPM10]gg/m3^
sλ
PM10
ら戳 00 01 02 03 04 05 06 07 08 09 10 11 12 13 14 15 16 17 18 19 20 21 22 23
sλ
PM10
03/01 23 32 35 29 27 29 33 30 28 38 37 38 42 43 37 49 55 60 63 62 59 48 52 50
sλ
PM10
03/02 57 56 61 59 61 70 74 63 42 44 66 121 105 88 91 97 91 105 105 105 131 119 116 143
sλ
PM10
03/03 126 152 133 103 143 125 127 119 133 130 20 10 13 15 12 12 11 14 17 32 42 39 42 41
sλ
PM10
03/04 30 34 37 38 31 31 25 30 29 27 31 38 45 43 46 47 43 41 42 39 38 39 39 37
sλ
PM10
03/05 33 36 38 39 36 35 35 33 39 40 1000# 37 46 44 54 70 83 48 25 18 10 14 14 15
sλ
PM10
03/06 13 8 9 19 16 7 12 17 24 1000# 33 28 34 32 31 21 26 36 36 31 30 23 22 25
sλ
PM10
03/07 21 23 27 24 18 22 21 25 27 32 37 63 67 55 72 88 92 73 71 58 62 48 39 40
sλ
PM10
03/08 44 37 33 34 21 18 15 21 24 22 23 24 24 26 23 21 21 22 24 27 21 22 33 40
sλ
PM10
03/09 32 32 23 26 27 15 14 16 16 20 14 18 17 17 14 13 17 23 13 16 23 35 38 42
sλ
PM10
03/10 29 21 14 18 18 17 17 21 23 21 23 17 21 18 17 17 20 20 24 32 32 36 32 24
sλ
PM10
03/11 40 56 65 79 71 62 56 51 50 52 51 57 52 46 44 46 53 43 50 49 45 44 46 39
sλ
PM10
03/12 33 39 44 38 42 48 45 44 50 54 58 68 70 82 73 57 60 62 68 70 60 59 53 50
sλ
PM10
03/13 42 48 47 51 41 48 51 57 86 66 59 77 76 60 52 49 45 38 36 36 29 30 29 32
sλ
PM10
03/14 33 34 36 40 43 43 51 66 88 92 1000# 82 134 77 77 71 75 68 58 48 51 50 30 32
sλ
PM10
03/15 36 25 17 13 11 13 21 25 21 23 32 29 30 34 39 42 42 40 41 40 33 28 28 33
sλ
PM10
03/16 30 32 35 40 42 36 35 42 40 40 45 49 40 44 49 50 56 49 50 52 49 50 54 52
sλ
PM10
03/17 46 49 43 40 47 47 44 42 51 50 49 36 43 57 48 56 52 44 39 40 38 30 32 30
sλ
PM10
03/18 33 36 39 47 53 53 55 50 50 57 57 53 42 50 43 42 50 59 63 74 86 86 82 84
sλ
PM10
03/19 82 77 75 84 79 87 92 78 65 66 68 77 73 1000# 51 57 53 52 41 32 31 29 31 28
sλ
PM10
03/20 39 55 53 51 55 61 62 67 84 103 104 84 73 68 84 104 94 70 68 64 63 55 53 52
sλ
PM10
03/21 46 40 38 37 30 30 35 34 40 44 57 53 1000# 52 53 52 45 37 38 42 41 43 46 45
sλ
PM10
03/22 51 65 62 58 75 80 69 63 69 67 70 65 63 62 49 44 37 38 33 29 25 31 28 22
sλ
PM10
03/23 19 21 23 21 18 16 21 30 27 26 22 22 25 28 36 29 30 31 30 32 33 29 25 28
sλ
PM10
03/24 23 26 24 23 18 21 18 19 25 25 24 29 27 32 26 28 31 32 32 36 32 28 29 28
sλ
PM10
03/25 25 23 22 26 23 26 31 27 31 29 32 35 26 18 25 25 26 33 42 49 50 70 68 62
sλ
PM10
03/26 43 25 26 26 24 25 28 31 32 37 38 41 38 42 41 46 47 51 44 42 44 43 37 37
sλ
PM10
03/27 38 46 57 59 49 49 49 57 71 57 65 54 55 50 45 39 37 35 46 48 43 37 53 47
sλ
PM10
03/28 44 61 64 73 71 90 82 71 53 51 49 42 48 53 40 42 40 42 43 40 41 39 35 28
sλ
PM10
03/29 32 28 31 32 31 64 64 71 64 58 48 46 46 45 52 52 59 64 62 68 63 52 21 25
sλ
PM10
03/30 16 15 25 22 23 30 27 28 28 23 24 36 41 43 49 44 51 46 41 40 40 33 34 38
sλ
PM10
03/31 37 47 50 51 52 50 56 60 67 58 41 61 67 63 54 49 49 47 40 36 26 25 34 35
sλ
PM10
菏代~るG2019/04A 代浮GsλA 代兜GPM10]gg/m3^
sλ
PM10
ら戳 00 01 02 03 04 05 06 07 08 09 10 11 12 13 14 15 16 17 18 19 20 21 22 23
sλ
PM10
04/01 22 26 19 19 24 25 23 15 19 19 24 23 28 22 22 22 23 35 34 35 26 23 24 23
sλ
PM10
04/02 21 24 28 32 31 33 38 42 37 40 46 48 46 48 55 46 43 41 37 41 43 46 41 39
sλ
PM10
04/03 40 33 42 39 38 33 37 30 34 37 37 NA 37 33 33 40 38 36 40 41 58 31 43 37
sλ
PM10
04/04 38 41 34 32 38 37 35 32 35 35 37 31 32 40 37 40 38 32 31 33 31 31 31 37
sλ
PM10
04/05 42 44 46 56 65 59 56 44 38 43 45 40 27 23 27 21 25 31 29 37 36 37 34 38
sλ
PM10
04/06 28 28 25 29 31 26 33 38 42 43 36 30 28 30 32 28 23 29 28 40 63 65 64 67
sλ
PM10
04/07 69 57 64 63 67 61 64 68 63 57 58 50 57 59 57 57 62 59 55 61 62 67 66 65
sλ
PM10
04/08 71 75 69 60 51 56 59 72 68 56 61 66 51 48 47 49 52 51 57 49 54 55 60 66
sλ
PM10
04/09 52 59 56 53 58 59 61 67 68 70 69 76 58 55 59 46 48 93 46 43 40 49 42 37
sλ
PM10
04/10 39 37 33 36 46 47 46 50 56 53 52 41 40 41 39 58 51 51 46 43 24 19 15 12
sλ
PM10
04/11 19 15 12 17 18 15 12 22 31 37 1000# 30 35 49 40 27 22 13 17 19 15 14 13 16
sλ
PM10
04/12 17 21 21 22 30 29 32 35 36 40 37 39 37 40 39 36 35 33 38 36 34 34 30 29
sλ
PM10
04/13 22 22 31 30 29 31 38 36 33 30 42 37 27 22 31 32 39 31 31 32 39 43 47 47
sλ
PM10
04/14 50 60 43 32 33 39 39 35 38 36 36 35 35 30 27 27 26 28 29 22 26 21 60 57
sλ
PM10
04/15 48 46 44 43 49 53 53 56 60 59 50 55 50 51 1000# 42 46 45 46 42 46 44 43 40
sλ
PM10
04/16 31 37 41 43 34 28 33 31 24 25 29 31 24 18 22 22 44 55 56 62 65 83 81 84
sλ
PM10
04/17 77 65 72 62 62 59 48 46 33 33 39 32 29 32 41 40 46 51 56 65 54 53 43 43
sλ
PM10
04/18 42 40 42 38 44 55 64 60 66 64 61 62 57 57 50 49 43 39 39 37 48 43 46 44
sλ
PM10
04/19 39 41 44 44 43 49 41 50 54 51 65 65# 1000# 61 79 78 61 64 57 64 73 86 80 60
sλ
PM10
04/20 51 53 49 49 46 48 40 26 31 32 28 33 36 31 31 34 39 42 52 54 53 37 32 37
sλ
PM10
04/21 43 24 14 10 9 15 17 28 26 27 34 27 30 27 41 32 18 20 31 25 33 33 29 31
sλ
PM10
04/22 30 33 31 26 39 32 37 45 37 38 34 35 37 42 40 40 36 33 35 33 32 37 30 28
sλ
PM10
04/23 25 33 43 42 46 41 35 35 29 36 58 42 57 46 40 34 38 37 31 33 41 33 28 28
sλ
PM10
04/24 25 30 36 41 39 44 34 32 38 35 37 49 34 41 35 40 41 37 38 34 40 39 28 36
sλ
PM10
04/25 30 36 38 32 36 31 34 32 33 35 48 47 49 42 53 53 57 50 35 38 41 40 40 34
sλ
PM10
04/26 45 53 48 42 42 45 41 42 43 38 35 40 40 38 44 34 39 38 40 46 44 50 40 37
sλ
PM10
04/27 38 31 37 32 33 34 38 32 29 32 28 32 42 31 28 25 26 21 20 22 26 19 23 28
sλ
PM10
04/28 32 23 24 19 31 36 28 32 74 77 73 73 59 56 43 34 23 36 36 39 42 48 46 49
sλ
PM10
04/29 47 32 35 32 43 44 42 45 53 57 1000# 46 50 44 39 36 38 31 35 27 37 39 39 46
sλ
PM10
04/30 41 42 43 45 41 41 46 52 47 52 56 49 38 43 35 35 38 33 34 39 36 26 36 36
sλ
PM10
菏代~るG2019/05A 代浮GsλA 代兜GPM10]gg/m3^
sλ
PM10
ら戳 00 01 02 03 04 05 06 07 08 09 10 11 12 13 14 15 16 17 18 19 20 21 22 23
sλ
PM10
05/01 33 31 12 21 7 9 8 8 10 13 11 11 11 8 11 15 21 24 29 29 21 28 39 37
sλ
PM10
05/02 35 51 67 76 89 89 89 103 116 67 67 60 51 38 38 35 34 39 40 39 36 29 22 21
sλ
PM10
05/03 13 34 37 32 38 39 40 47 56 63 69 69 68 67 45 52 66 72 60 50 49 45 41 36
sλ
PM10
05/04 37 35 33 33 33 39 34 35 40 23 22 21 11 20 18 32 24 27 27 30 26 18 23 25
sλ
PM10
05/05 23 20 21 26 25 20 21 28 25 28 24 30 34 34 30 29 31 29 28 34 33 31 26 23
sλ
PM10
05/06 22 22 22 24 26 25 19 17 28 29 26 29 23 24 24 17 18 20 22 27 23 24 26 21
sλ
PM10
05/07 15 18 14 20 24 23 21 20 18 23 24 27 28 24 40 41 39 37 27 34 39 35 27 24
sλ
PM10
05/08 16 21 28 26 29 21 32 37 36 37 31 1000# 33 28 31 29 31 32 37 28 22 26 32 29
sλ
PM10
05/09 36 21 20 37 38 29 24 16 18 17 11 16 20 16 21 26 24 22 29 28 28 28 30 17
sλ
PM10
05/10 12 29 29 25 22 23 29 24 17 19 26 28 34 26 28 22 24 37 37 35 33 33 30 30
sλ
PM10
05/11 22 22 23 20 17 24 32 28 22 26 28 28 30 35 38 41 41 41 40 36 29 29 29 21
sλ
PM10
05/12 23 24 26 38 41 40 38 39 37 45 38 42 41 37 38 42 47 45 45 26 28 23 26 30
sλ
PM10
05/13 25 30 31 42 70 73 66 64 82 69 61 60 53 44 46 42 42 47 50 50 57 68 65 61
sλ
PM10
05/14 61 69 69 70 68 60 47 49 43 45 46 23 NA 21 22 24 29 31 34 64 56 60 54 48
sλ
PM10
05/15 46 56 44 51 68 68 63 50 55 39 39 39 24 26 31 22 22 26 34 25 29 34 39 42
sλ
PM10
05/16 38 45 37 29 25 20 15 18 22 27 39 37 33 45 28 32 35 33 46 40 38 40 30 37
sλ
PM10
05/17 29 30 27 30 29 13 10 10 16 8 11 24 30 42 30 23 30 28 27 32 29 29 30 31
sλ
PM10
05/18 21 26 28 22 21 21 22 25 22 36 37 42 42 49 43 30 29 38 46 37 39 40 32 23
sλ
PM10
05/19 12 20 25 27 30 28 33 33 25 24 31 34 36 25 24 35 24 20 23 27 42 36 36 34
sλ
PM10
05/20 29 37 26 34 35 30 29 33 33 36 11 13 42 52 45 43 43 39 41 42 39 37 32 32
sλ
PM10
05/21 38 53 70 72 78 77 79 75 81 1000# 81 76 78 80 74 72 69 64 64 56 55 51 50 47
sλ
PM10
05/22 42 44 42 42 36 40 42 48 50 51 71 65 72 71 81 75 74 69 79 84 70 73 74 71
sλ
PM10
05/23 69 68 72 74 69 64 49 39 41 31 29 28 36 57 78 58 42 32 30 37 37 25 21 19
sλ
PM10
05/24 16 22 22 27 34 34 33 39 49 53 59 53 42 40 41 46 54 37 41 45 47 55 53 58
sλ
PM10
05/25 40 59 67 67 74 53 53 50 53 40 69 60 39 38 44 38 32 40 34 33 37 40 42 37
sλ
PM10
05/26 37 37 38 37 39 41 43 45 42 41 42 40 34 38 35 35 32 46 44 44 44 46 44 42
sλ
PM10
05/27 40 41 36 37 48 45 45 31 23 22 28 33 18 30 29 32 34 39 31 31 24 33 31 27
sλ
PM10
05/28 24 30 34 30 31 31 35 37 34 11 13 1000# 5x 20 15 25 40 42 38 34 26 31 33 36
sλ
PM10
05/29 32 34 41 42 42 38 37 38 43 41 39 44 36 37 32 30 30 30 34 32 33 33 26 32
sλ
PM10
05/30 31 30 29 32 20 28 27 34 37 39 44 42 45 46 30 44 37 39 38 32 42 41 41 41