sλ
CO
01/01 0.19 0.21 0.22 0.22 0.21 0.21 0.23 0.25 0.27 0.28 0.28 0.29 0.29 0.28 0.29 0.3 0.31 0.31 0.31 0.3 0.29 0.27 0.26 0.24
sλ
CO
01/02 0.23 0.25 0.24 0.23 0.24 0.25 0.28 0.37 0.43 0.41 0.4 0.39 0.38 0.4 0.39 0.43 0.43 0.48 0.47 0.47 0.45 0.39 0.37 0.31
sλ
CO
01/03 0.29 0.23 0.22 0.23 0.22 0.24 0.27 0.37 0.43 0.43 0.44 0.45 0.42 0.44 0.42 0.45 0.48 0.53 0.52 0.56 0.53 0.5 0.45 0.56
sλ
CO
01/04 0.55 0.64 0.69 0.57 0.6 0.59 0.58 0.88 1.72 1.39 0.78 0.73 0.46 0.35 0.4 0.42 0.44 0.42 0.45 0.49 0.58 0.64 0.47 0.35
sλ
CO
01/05 0.33 0.32 0.31 0.32 0.35 0.37 0.4 0.43 0.49 0.49 0.48 0.52 0.47 0.46 0.43 0.38 0.57 0.55 0.57 0.64 0.69 0.71 0.66 0.54
sλ
CO
01/06 0.46 0.49 0.48 0.47 0.45 0.45 0.42 0.48 0.5 0.56 0.6 0.56 0.61 0.6 0.56 0.56 0.56 0.56 0.57 0.54 0.53 0.49 0.43 0.4
sλ
CO
01/07 0.37 0.29 0.3 0.31 0.31 0.31 0.41 1 0.96 0.66 0.65 0.65 0.57 0.48 0.42 0.45 0.44 0.59 0.65 0.5 0.49 0.52 0.72 0.56
sλ
CO
01/08 0.37 0.26 0.25 0.25 0.25 0.27 0.29 0.38 0.38 0.34 0.36 0.33 0.33 0.31 0.32 0.31 0.34 0.39 0.43 0.41 0.41 0.37 0.33 0.3
sλ
CO
01/09 0.29 0.29 0.3 0.3 0.31 0.32 0.34 0.46 0.49 0.42# 0.42 0.42 0.43 0.45 0.43 0.47 0.53 0.62 0.69 0.7 0.74 0.71 0.72 0.69
sλ
CO
01/10 0.63 0.71 0.63 0.64 0.61 0.64 0.69 1.39 1.28 0.43 0.44 0.37# 0.37 0.37 0.34 0.33 0.42 0.48 0.52 0.52 0.47 0.48 0.55 0.5
sλ
CO
01/11 0.41 0.3 0.33 0.32 0.29 0.29 0.34 0.54 0.61 0.49 0.46 0.38 0.37 0.35 0.44 0.43 0.44 0.5 0.51 0.71 0.67 0.97 1.1 1.29
sλ
CO
01/12 0.97 0.36 0.39 0.46 0.43 0.44 0.44 0.47 0.43 0.47 0.43 0.43 0.45 0.44 0.47 0.47 0.54 0.62 0.7 0.7 0.67 0.67 0.69 0.66
sλ
CO
01/13 0.63 0.59 0.57 0.5 0.46 0.46 0.5 0.55 0.56 0.59 0.57 0.59 0.55 0.52 0.5 0.49 0.5 0.52 0.5 0.5 0.51 0.51 0.48 0.45
sλ
CO
01/14 0.42 0.42 0.4 0.38 0.37 0.36 0.38 0.48 0.53 0.5 0.46 0.48 0.44 0.45 0.48 0.49 0.53 0.58 0.61 0.67 0.62 0.61 0.65 0.6
sλ
CO
01/15 0.7 0.61 0.57 0.49 0.54 0.49 0.58 0.77 0.78 0.56 0.59 0.5 0.39 0.37 0.38 0.38 0.39 0.43 0.43 0.39 0.38 0.36 0.33 0.3
sλ
CO
01/16 0.28 0.34 0.37 0.44 0.52 0.55 0.56 0.58 0.56 0.51 0.5 0.5 0.47 0.5 0.52 0.58 0.6 0.59 0.53 0.41 0.41 0.36 0.31 0.29
sλ
CO
01/17 0.3 0.3 0.33 0.32 0.33 0.32 0.33 0.41 0.39 0.38 0.43 0.42 0.42 0.4 0.4 0.41 0.45 0.52 0.53 0.48 0.46 0.44 0.4 0.39
sλ
CO
01/18 0.39 0.4 0.38 0.38 0.36 0.33 0.34 0.46 0.5 0.41 0.38 0.36 0.35 0.37 0.37 0.41 0.44 0.59 0.61 0.65 0.51 0.65 1.22 1.16
sλ
CO
01/19 0.77 0.53 0.42 0.38 0.4 0.42 0.48 0.56 0.54 0.54 0.46 0.41 0.42 0.36 0.4 0.42 0.45 0.61 0.68 0.76 0.88 0.96 0.96 0.89
sλ
CO
01/20 0.84 0.57 0.67 0.42 0.39 0.38 0.38 0.49 0.44 0.43 0.36 0.43 0.51 0.56 0.73 0.78 0.72 0.79 0.75 0.61 0.56 0.58 0.56 0.55
sλ
CO
01/21 0.53 0.46 0.44 0.36 0.31 0.31 0.32 0.36 0.35 0.31 0.31 0.32 0.35 0.31 0.34 0.25 0.29 0.34 0.31 0.32 0.31 0.29 0.26 0.25
sλ
CO
01/22 0.24 0.24 0.26 0.29 0.29 0.29 0.31 0.38 0.43 0.42 0.43 0.42 0.43 0.39 0.4 0.43 0.44 0.51 0.53 0.61 0.62 0.61 0.57 0.58
sλ
CO
01/23 0.51 0.42 0.34 0.34 0.34 0.35 0.38 0.5 0.61 0.48 0.39 0.41 0.39 0.4 0.42# 0.42 0.44 0.5 0.57 0.57 0.59 0.56 0.49 0.42
sλ
CO
01/24 0.36 0.38 0.38 0.42 0.4 0.39 0.42 0.52 0.54 0.5 0.5 0.47 0.46 0.43 0.43 0.45# 0.47 0.51 0.55 0.53 0.56 0.67 0.6 0.58
sλ
CO
01/25 0.48 0.48 0.51 0.46 0.4 0.41 0.46 0.68 0.79 0.69 0.67 0.56 0.48 0.48 0.44 0.45 0.46 0.51 0.53 0.51 0.48 0.46 0.42 0.4
sλ
CO
01/26 0.4 0.36 0.36 0.32 0.28 0.24 0.26 0.25 0.26 0.3 0.36 0.36 0.38 0.4 0.38 0.3 0.28 0.31 0.31 0.31 0.28 0.27 0.26 0.22
sλ
CO
01/27 0.21 0.21 0.21 0.2 0.2 0.23 0.23 0.29 0.33 0.3 0.29 0.27 0.26 0.27 0.3 0.28 0.29 0.33 0.39 0.38 0.35 0.34 0.38 0.39
sλ
CO
01/28 0.32 0.3 0.29 0.28 0.28 0.28 0.43 0.56 0.59 0.57 0.39 0.43 0.32 0.29 0.3 0.32 0.33 0.41 0.44 0.47 0.58 0.65 0.64 0.58
sλ
CO
01/29 0.6 0.44 0.39 0.31 0.3 0.27 0.34 0.44 0.73 0.51 0.28 0.28 0.28 0.28 0.28 0.3 0.37 0.51 0.61 0.8 0.63 0.59 0.8 0.93
sλ
CO
01/30 0.86 0.8 0.69 0.48 0.44 0.34 0.39 0.46 0.52 0.48 0.47 0.48 0.42 0.37 0.42 0.45 0.49 0.78 1.38 1.4 1.89 1.48 0.92 0.63
sλ
CO
01/31 0.7 0.68 0.36 0.34 0.41 0.38 0.4 0.66 0.93 0.72 0.5 0.47 0.41 0.39 0.37 0.36 0.41 0.44 0.52 0.5 0.47 0.5 0.51 0.47
sλ
CO
菏代~るG2019/02A 代浮GsλA 代兜GCO]ppm^
sλ
CO
ら戳 00 01 02 03 04 05 06 07 08 09 10 11 12 13 14 15 16 17 18 19 20 21 22 23
sλ
CO
02/01 0.43 0.39 0.36 0.34 0.33 0.34 0.38 0.44 0.48 0.49 0.51 0.52 0.55 0.56 0.56 0.57 0.61 0.62 0.7 0.7 0.68 0.75 0.72 0.76
sλ
CO
02/02 0.54 0.58 0.67 0.74 0.68 0.64 0.57 0.7 0.88 0.66 0.61 0.5 0.44 0.45 0.46 0.47 0.47 0.56 0.6 0.68 0.83 1.04 0.87 0.77
sλ
CO
02/03 0.94 0.99 0.86 0.6 0.61 0.48 0.55 0.64 0.66 0.58 0.57 0.54 0.43 0.43 0.42 0.47 0.51 0.55 0.6 0.58 0.61 0.65 0.72 0.71
sλ
CO
02/04 0.85 0.61 0.61 0.57 0.83 0.82 0.79 0.8 0.82 0.78 0.8 0.76 0.81 0.84 0.91 0.95 0.94 0.91 0.85 0.8 0.78 0.76 0.73 0.67
sλ
CO
02/05 0.6 0.66 0.7 0.61 0.48 0.41 0.4 0.4 0.41 0.43 0.41 0.36 0.3 0.34 0.31 0.3 0.35 0.31 0.34 0.41 0.52 0.47 0.53 0.52
sλ
CO
02/06 0.48 0.41 0.43 0.45 0.4 0.4 0.38 0.4 0.44 0.43 0.48 0.45 0.45 0.48 0.48 0.36 0.38 0.42 0.47 0.47 0.56 0.52 0.51 0.53
sλ
CO
02/07 0.64 0.49 0.46 0.46 0.39 0.36 0.51 0.58 0.62 0.52 0.37 0.31 0.33 0.28 0.37 0.42 0.42 0.44 0.46 0.43 0.45 0.42 0.43 0.44
sλ
CO
02/08 0.46 0.47 0.4 0.33 0.32 0.33 0.34 0.32 0.32 0.32 0.31 0.32 0.34# 0.31 0.3 0.29 0.29 0.32 0.32 0.32 0.32 0.31 0.29 0.26
sλ
CO
02/09 0.26 0.24 0.24 0.24 0.26 0.3 0.3 0.32 0.29 0.34 0.35 0.33 0.28 0.28 0.31 0.33 0.31 0.3 0.29 0.27 0.25 0.24 0.26 0.23
sλ
CO
02/10 0.23 0.22 0.2 0.2 0.2 0.2 0.2 0.22 0.26 0.31 0.32 0.35 0.35 0.35 0.35 0.35 0.34 0.33 0.33 0.33 0.34 0.32 0.29 0.27
sλ
CO
02/11 0.24 0.22 0.21 0.23 0.24 0.22 0.23 0.31 0.31 0.31 0.34 0.32 0.3 0.28 0.27 0.27 0.29 0.34 0.35 0.41 0.38 0.37 0.31 0.27
sλ
CO
02/12 0.26 0.25 0.26 0.26 0.26 0.33 0.41 0.6 0.64 0.43 0.39 0.33 0.31 0.29 0.3 0.32 0.37 0.43 0.38 0.32 0.35 0.4 0.41 0.4
sλ
CO
02/13 0.48 0.55 0.45 0.24 0.22 0.24 0.27 0.35 0.37 0.32 0.32 0.31 0.3 0.31 0.35 0.35 0.35 0.39 0.45 0.41 0.38 0.39 0.34 0.3
sλ
CO
02/14 0.29 0.31 0.31 0.3 0.31 0.32 0.33 0.56 0.44 0.39 0.39 0.38 0.36 0.36 0.37 0.4 0.41 0.45 0.5 0.51 0.5 0.5 0.47 0.48
sλ
CO
02/15 0.45 0.34 0.38 0.42 0.41 0.41 0.44 0.73 0.61 0.59 0.4 0.49 0.41 0.39 0.38 0.39 0.41 0.47 0.53 0.51 0.59 0.67 0.67 0.46
sλ
CO
02/16 0.43 0.35 0.32 0.36 0.35 0.34 0.34 0.34 0.38 0.44 0.46 0.45 0.4 0.34 0.34 0.34 0.38 0.42 0.46 0.46 0.46 0.43 0.39 0.41
sλ
CO
02/17 0.4 0.33 0.3 0.31 0.31 0.34 0.34 0.31 0.3 0.33 0.35 0.35 0.33 0.31 0.29 0.3 0.29 0.29 0.29 0.32 0.36 0.32 0.28 0.27
sλ
CO
02/18 0.23 0.29 0.29 0.3 0.3 0.31 0.39 0.87 0.83 0.69 0.77 0.4# 0.36 0.32 0.31 0.32 0.37 0.38 0.46 0.51 0.44 0.44 0.5 0.48
sλ
CO
02/19 0.54 0.22 0.23 0.23 0.23 0.26 0.38 0.94 1.72 0.9 0.33 0.34 0.32 0.29 0.29 0.32 0.46 0.54 0.73 1.34 1.87 1.85 0.94 1.47
sλ
CO
02/20 1.44 1.34 1.15 0.82 0.85 0.86 0.86 1.07 1.2 1.12 0.79 0.39 0.36 0.33 0.34 0.36 0.45 0.58 0.65 0.57 0.56 0.49 0.43 0.39
sλ
CO
02/21 0.34 0.3 0.33 0.31 0.31 0.33 0.37 0.55 0.49 0.51 0.53 0.51 0.49 0.44 0.4 0.41 0.35 0.37 0.35 0.38 0.41 0.43 0.43 0.39
sλ
CO
02/22 0.39 0.37 0.33 0.34 0.36 0.39 0.4 0.47 0.42 0.4 0.4 0.45 0.42 0.4 0.41 0.42 0.45 0.47 0.45 0.43 0.45 0.48 0.47 0.49
sλ
CO
02/23 0.48 0.49 0.47 0.46 0.47 0.48 0.5 0.6 0.58 0.59 0.6 0.57 0.54 0.5 0.48 0.49 0.52 0.57 0.52 0.49 0.53 0.49 0.44 0.36
sλ
CO
02/24 0.33 0.3 0.27 0.28 0.26 0.23 0.29 0.31 0.32 0.38 0.42 0.43 0.44 0.43 0.45 0.44 0.47 0.46 0.44 0.45 0.46 0.44 0.42 0.4
sλ
CO
02/25 0.39 0.42 0.44 0.41 0.38 0.36 0.39 0.61 0.66 0.74 0.62 0.46 0.35 0.34 0.39 0.4 0.35 0.36 0.4 0.47 0.4 0.38 0.34 0.29
sλ
CO
02/26 0.25 0.25 0.26 0.26 0.26 0.28 0.33 0.44 0.49 0.49 0.45 0.41 0.39 0.38 0.35 0.38 0.41 0.43 0.49 0.6 0.62 0.56 0.59 0.57
sλ
CO
02/27 0.58 0.54 0.58 0.56 0.56 0.53 0.65 0.74 0.84 0.74 0.65 0.56 0.55 0.51 0.44 0.4 0.46 0.52 0.76 0.92 1.59 1.75 1.34 0.99
sλ
CO
02/28 0.78 0.49 0.47 0.24 0.25 0.26 0.29 0.33 0.36 0.36 0.35 0.36 0.34 0.31 0.32 0.34 0.42 0.43 0.45 0.43 0.42 0.4 0.34 0.31
sλ
CO
菏代~るG2019/03A 代浮GsλA 代兜GCO]ppm^
sλ
CO
ら戳 00 01 02 03 04 05 06 07 08 09 10 11 12 13 14 15 16 17 18 19 20 21 22 23
sλ
CO
03/01 0.31 0.34 0.33 0.31 0.32 0.35 0.39 0.41 0.44 0.45 0.43 0.41 0.39 0.36 0.35 0.35 0.38 0.42 0.42 0.43 0.45 0.45 0.4 0.34
sλ
CO
03/02 0.36 0.4 0.41 0.39 0.42 0.41 0.45 0.47 0.45 0.5 0.52 0.6 0.58 0.59 0.58 0.61 0.8 0.79 0.91 0.91 1.14 0.78 0.78 0.9
sλ
CO
03/03 0.92 0.71 0.54 0.43 0.53 0.59 0.6 0.61 0.69 0.76 0.46 0.42 0.38 0.35 0.29 0.32 0.3 0.44 0.54 0.43 0.43 0.44 0.47 0.5
sλ
CO
03/04 0.49 0.36 0.35 0.37 0.35 0.36 0.4 0.55 0.54 0.47 0.49 0.54 0.56 0.53 0.55 0.57 0.62 0.66 0.7 0.69 0.71 0.69 0.59 0.57
sλ
CO
03/05 0.53 0.5 0.48 0.45 0.43 0.41 0.44 0.6 0.65 0.63 0.57# 0.64 0.56 0.51 0.49 0.5 0.5 0.49 0.49 0.55 0.58 0.61 0.63 0.61
sλ
CO
03/06 0.62 0.37 0.44 0.43 0.42 0.34 0.42 0.81 0.74 0.7# 0.47 0.48 0.5 0.5 0.51 0.44 0.4 0.48 0.51 0.5 0.49 0.49 0.45 0.44
sλ
CO
03/07 0.44 0.42 0.38 0.29 0.28 0.3 0.3 0.36 0.35 0.31 0.34 0.47 0.45 0.4 0.47 0.59 0.65 0.54 0.52 0.53 0.55 0.51 0.48 0.49
sλ
CO
03/08 0.48 0.48 0.49 0.43 0.31 0.25 0.27 0.43 0.51 0.52 0.43 0.41 0.42 0.33 0.3 0.29 0.33 0.37 0.4 0.45 0.38 0.47 0.66 0.72
sλ
CO
03/09 0.62 0.46 0.35 0.45 0.47 0.36 0.37 0.44 0.58 0.77 0.65 0.69 0.75 0.82 0.74 0.66 0.58 0.51 0.61 0.72 0.79 0.49 0.56 0.62
sλ
CO
03/10 0.44 0.23 0.25 0.2 0.21 0.2 0.27 0.49 0.68 0.41 0.43 0.44 0.45 0.44 0.47 0.47 0.47 0.5 0.54 0.55 0.52 0.57 0.49 0.37
sλ
CO
03/11 0.35 0.36 0.38 0.4 0.38 0.38 0.38 0.49 0.53 0.5 0.52 0.55 0.49 0.43 0.41 0.43 0.47 0.52 0.55 0.63 0.62 0.61 0.53 0.44
sλ
CO
03/12 0.38 0.45 0.45 0.4 0.44 0.41 0.43 0.56 0.58 0.5 0.54 0.54 0.49 0.47 0.42 0.39 0.44 0.47 0.61 0.75 0.67 0.65 0.6 0.51
sλ
CO
03/13 0.46 0.52 0.57 0.56 0.46 0.51 0.56 0.95 1.48 0.84 0.79 0.67 0.61 0.48 0.45 0.47 0.46 0.52 0.64 0.63 0.6 0.63 0.55 0.52
sλ
CO
03/14 0.63 0.54 0.39 0.36 0.43 0.46 0.59 0.96 0.94 0.53 0.42 0.36 0.33# 0.33# 0.29# 0.31 0.38 0.33 0.31 0.29 0.25 0.24 0.2 0.21
sλ
CO
03/15 0.18 0.2 0.19 0.19 0.19 0.22 0.25 0.38 0.37 0.36 0.28 0.27 0.25 0.25 0.24 0.26 0.29 0.29 0.38 0.39 0.29 0.24 0.18 0.18
sλ
CO
03/16 0.18 0.19 0.18 0.18 0.18 0.18 0.22 0.25 0.35 0.37 0.4 0.37 0.36 0.4 0.39 0.4 0.39 0.44 0.49 0.49 0.5 0.63 0.66 0.7
sλ
CO
03/17 0.65 0.75 0.7 0.5 0.46 0.48 0.5 0.55 0.68 0.78 0.6 0.35 0.35 0.42 0.39 0.4 0.33 0.36 0.38 0.48 0.57 0.53 0.5 0.43
sλ
CO
03/18 0.42 0.33 0.42 0.37 0.39 0.42 0.41 0.34 0.38 0.36 0.38 0.32 0.31 0.29 0.28 0.3 0.37 0.46 0.72 0.87 0.79 0.65 0.59 0.49
sλ
CO
03/19 0.51 0.51 0.5 0.49 0.48 0.5 0.53 0.68 0.54 0.53 0.54 0.51 0.48 0.47# 0.36 0.36 0.46 0.51 0.52 0.57 0.57 0.55 0.64 0.72
sλ
CO
03/20 0.72 0.49 0.52 0.49 0.52 0.51 0.63 0.98 0.98 0.51 0.41 0.45 0.52 0.49 0.48 0.53 0.47 0.51 0.51 0.51 0.44 0.39 0.31 0.24
sλ
CO
03/21 0.2 0.36 0.37 0.25 0.23 0.24 0.37 0.49 0.39 0.39 0.49 0.4 0.29 0.29 0.24 0.29 0.3 0.32 0.33 0.41 0.44 0.56 0.61 0.44
sλ
CO
03/22 0.24 0.25 0.24 0.23 0.32 0.33 0.31 0.42 0.44 0.45 0.47 0.4 0.35 0.33 0.35 0.35 0.33 0.35 0.35 0.32 0.29 0.29 0.25 0.21
sλ
CO
03/23 0.21 0.2 0.18 0.18 0.18 0.18 0.19 0.2 0.23 0.24 0.23 0.24 0.23 0.22 0.21 0.22 0.22 0.25 0.27 0.28 0.24 0.26 0.28 0.22
sλ
CO
03/24 0.2 0.18 0.18 0.18 0.17 0.2 0.22 0.24 0.36 0.36 0.42 0.46 0.41 0.39 0.4 0.42 0.48 0.66 0.68 0.59 0.69 0.64 0.6 0.74
sλ
CO
03/25 0.57 0.49 0.52 0.53 0.37 0.41 0.57 0.55 0.43 0.67 0.79 0.68 0.38 0.51 0.55 0.49 0.51 0.57 0.68 0.57 0.56 0.56 0.56 0.48
sλ
CO
03/26 0.39 0.31 0.3 0.3 0.32 0.33 0.43 0.53 0.54# 0.5 0.47 0.42# 0.36 0.35 0.33 0.36 0.39 0.53 0.59 0.53 0.57 0.6 0.55 0.74
sλ
CO
03/27 0.7 0.55 0.48 0.43 0.45 0.5 0.6 0.85 0.7 0.39 0.38 0.35 0.34 0.33 0.38 0.39 0.41 0.53 0.66 0.74 0.63 0.73 0.97 1.17
sλ
CO
03/28 0.96 0.51 0.43 0.37 0.34 0.47 0.52 0.6 0.51 0.4 0.37 0.34 0.36 0.28 0.26 0.26 0.3 0.33 0.35 0.38 0.43 0.41 0.34 0.25
sλ
CO
03/29 0.27 0.24 0.2 0.2 0.26 0.21 0.24 0.36 0.36 0.3 0.29 0.26 0.28 0.25 0.25 0.28 0.34 0.38 0.38 0.45 0.4 0.37 0.23 0.26
sλ
CO
03/30 0.27 0.27 0.27 0.28 0.3 0.35 0.37 0.43 0.44 0.42 0.42 0.36 0.29 0.26 0.26 0.29 0.32 0.36 0.34 0.36 0.4 0.38 0.3 0.25
sλ
CO
03/31 0.22 0.22 0.21 0.19 0.18 0.19 0.21 0.24 0.31 0.31 0.31 0.4 0.4 0.36 0.33 0.3 0.31 0.31 0.31 0.31 0.27 0.27 0.26 0.25
sλ
CO
菏代~るG2019/04A 代浮GsλA 代兜GCO]ppm^
sλ
CO
ら戳 00 01 02 03 04 05 06 07 08 09 10 11 12 13 14 15 16 17 18 19 20 21 22 23
sλ
CO
04/01 0.22 0.22 0.21 0.2 0.22 0.22 0.24 0.32 0.35 0.34 0.34 0.31 0.28 0.27 0.28 0.29 0.3 0.32 0.34 0.34 0.32 0.32 0.29 0.29
sλ
CO
04/02 0.28 0.28 0.28 0.27 0.27 0.28 0.35 0.48 0.61 0.55 0.54 0.63 0.61 0.54 0.55 0.5 0.44 0.35 0.38 0.36 0.35 0.47 0.35 0.23
sλ
CO
04/03 0.22 0.18 0.2 0.21 0.21 0.21 0.25 0.35 0.51 0.44 0.42# 0.55# 0.55 0.61 0.41 0.32 0.32 0.54 0.73 0.85 0.67 0.34 0.5 0.36
sλ
CO
04/04 0.31 0.5 0.46 0.43 0.64 0.58 0.51 0.51 0.49 0.43 0.39 0.37 0.34 0.33 0.27 0.27 0.28 0.28 0.3 0.3 0.33 0.32 0.3 0.28
sλ
CO
04/05 0.31 0.19 0.2 0.21 0.25 0.22 0.25 0.26 0.29 0.3 0.29 0.29 0.28 0.27 0.3 0.36 0.37 0.41 0.41 0.48 0.54 0.55 0.52 0.46
sλ
CO
04/06 0.41 0.44 0.41 0.41 0.38 0.37 0.48 0.6 0.57 0.47 0.47 0.45 0.45 0.38 0.39 0.45 0.46 0.59 0.49 0.64 0.73 0.79 0.83 0.76
sλ
CO
04/07 0.79 0.69 0.63 0.59 0.52 0.51 0.57 0.61 0.42 0.42 0.43 0.4 0.43 0.47 0.46 0.47 0.49 0.55 0.55 0.6 0.53 0.54 0.64 0.72
sλ
CO
04/08 0.63 0.61 0.6 0.49 0.45 0.43 0.52 0.65 0.73 0.5 0.47 0.49 0.4 0.37 0.37 0.37 0.38 0.38 0.55 0.47 0.47 0.56 0.53 0.43
sλ
CO
04/09 0.41 0.35 0.36 0.35 0.35 0.37 0.55 0.71 0.56 0.51 0.56 0.51 0.34 0.26 0.27 0.28 0.32 0.31 0.35 0.31 0.28 0.29 0.22 0.2
sλ
CO
04/10 0.19 0.18 0.21 0.23 0.25 0.25 0.27 0.34 0.4 0.29 0.28 0.29 0.29 0.27 0.25 0.28 0.3 0.4 0.46 0.47 0.41 0.37 0.34 0.3
sλ
CO
04/11 0.27 0.28 0.28 0.27 0.28 0.27 0.3 0.48 0.62 0.45 0.36 0.4 0.35 0.31 0.29 0.26 0.28 0.31 0.34 0.37 0.38 0.39 0.37 0.24
sλ
CO
04/12 0.22 0.2 0.23 0.26 0.26 0.27 0.31 0.38 0.42 0.44 0.42 0.38 0.36 0.36 0.34 0.32 0.34 0.36 0.37 0.37 0.36 0.33 0.28 0.29
sλ
CO
04/13 0.26 0.26 0.27 0.29 0.3 0.34 0.37 0.4 0.38 0.41 0.45 0.38 0.31 0.25 0.29 0.27 0.29 0.36 0.45 0.47 0.42 0.54 0.47 0.32
sλ
CO
04/14 0.31 0.39 0.28 0.23 0.22 0.23 0.29 0.31 0.35 0.3 0.29 0.3 0.3 0.27 0.3 0.27 0.3 0.31 0.3 0.29 0.27 0.26 0.34 0.33
sλ
CO
04/15 0.33 0.31 0.25 0.23 0.24 0.27 0.31 0.4 0.43 0.42 0.36 0.35 0.35 0.34 0.33# 0.34 0.37 0.4 0.5 0.48 0.42 0.42 0.37 0.32
sλ
CO
04/16 0.32 0.35 0.33 0.33 0.33 0.35 0.43 0.5 0.67 0.62 0.54 0.57 0.59 0.52 0.59 0.44 0.35 0.42 0.43 0.48 0.47 0.51 0.51 0.51
sλ
CO
04/17 0.44 0.35 0.36 0.33 0.33 0.32 0.35 0.48 0.5 0.5 0.44 0.41 0.41 0.37 0.37 0.38 0.41 0.48 0.55 0.65 0.68 0.65 0.58 0.54
sλ
CO
04/18 0.57 0.54 0.57 0.55 0.55 0.72 0.77 0.63 0.63 0.48 0.44 0.43 0.43 0.42 0.44 0.43 0.44 0.61 0.81 0.83 0.83 0.77 0.79 0.62
sλ
CO
04/19 0.52 0.52 0.48 0.45 0.49 0.4 0.43 0.61 0.61 0.59 0.56 0.51 0.5 0.52 0.54 0.46 0.53 0.6 0.63 0.88 0.81 0.96 0.85 0.69
sλ
CO
04/20 0.67 0.54 0.52 0.44 0.43 0.49 0.58 0.57 0.51 0.34 0.34 0.34 0.36 0.35 0.34 0.35 0.41 0.6 0.54 0.54 0.62 0.4 0.44 0.41
sλ
CO
04/21 0.43 0.38 0.35 0.27 0.22 0.23 0.32 0.49 0.49 0.43 0.45 0.41 0.38 0.38 0.39 0.35 0.33 0.48 0.64 0.4 0.43 0.58 0.79 0.47
sλ
CO
04/22 0.48 0.36 0.38 0.42 0.3 0.35 0.48 0.67 0.64 0.4 0.34 0.3 0.31 0.28 0.27 0.26 0.31 0.35 0.4 0.42 0.42 0.5 0.34 0.2
sλ
CO
04/23 0.2 0.18 0.19 0.2 0.18 0.23 0.33 0.41 0.34 0.32 0.38 0.36 0.3 0.29 0.22 0.22 0.3 0.32 0.35 0.44 0.42 0.47 0.33 0.23
sλ
CO
04/24 0.21 0.22 0.25 0.29 0.3 0.3 0.37 0.44 0.33 0.31 0.27 0.25 0.24 0.22 0.21 0.21 0.24 0.31 0.32 0.42 0.44 0.46 0.39 0.3
sλ
CO
04/25 0.25 0.31 0.25 0.2 0.23 0.24 0.26 0.3 0.29 0.29 0.28 0.24 0.24 0.2 0.27 0.26 0.29 0.37 0.38 0.51 0.34 0.33 0.22 0.2
sλ
CO
04/26 0.24 0.16 0.16 0.16 0.18 0.2 0.25 0.34 0.38 0.37 0.34 0.32 0.32 0.3 0.28 0.28 0.31 0.37 0.42 0.47 0.49 0.49 0.47 0.39
sλ
CO
04/27 0.38 0.37 0.36 0.35 0.36 0.36 0.38 0.4 0.43 0.43 0.43 0.43 0.42 0.37 0.4 0.4 0.42 0.46 0.46 0.46 0.5 0.44 0.41 0.36
sλ
CO
04/28 0.35 0.35 0.35 0.33 0.33 0.37 0.44 0.47 0.34 0.26 0.28 0.32 0.29 0.29 0.29 0.24 0.27 0.34 0.44 0.56 0.63 0.62 0.56 0.48
sλ
CO
04/29 0.53 0.33 0.33 0.4 0.35 0.31 0.38 0.53 0.66 0.58 0.48# 0.41 0.38 0.35 0.3# 0.34 0.38 0.32 0.45 0.42 0.47 0.51 0.46 0.44
sλ
CO
04/30 0.38 0.33 0.38 0.32 0.3 0.32 0.41 0.71 0.43 0.32 0.3 0.23 0.21 0.21 0.21 0.24 0.25 0.31 0.34 0.42 0.48 0.38 0.37 0.23
sλ
CO
菏代~るG2019/05A 代浮GsλA 代兜GCO]ppm^
sλ
CO
ら戳 00 01 02 03 04 05 06 07 08 09 10 11 12 13 14 15 16 17 18 19 20 21 22 23
sλ
CO
05/01 0.2 0.2 0.17 0.17 0.21 0.22 0.23 0.3 0.38 0.46 0.45 0.45 0.42 0.45 0.48 0.47 0.43 0.47 0.46 0.42 0.32 0.28 0.3 0.29
sλ
CO
05/02 0.24 0.29 0.33 0.37 0.38 0.41 0.48 0.59 0.56 0.49 0.45 0.43 0.42 0.39 0.38 0.39 0.42 0.47 0.5 0.46 0.41 0.39 0.36 0.32
sλ
CO
05/03 0.31 0.27 0.27 0.22 0.19 0.2 0.24 0.36 0.38 0.33 0.3 0.3 0.29 0.27 0.25 0.25 0.27 0.28 0.31 0.3 0.29 0.31 0.31 0.27
sλ
CO
05/04 0.23 0.24 0.21 0.2 0.2 0.22 0.27 0.44 0.43 0.41 0.4 0.36 0.3 0.3 0.28 0.29 0.3 0.37 0.39 0.4 0.42 0.38 0.36 0.32
sλ
CO
05/05 0.29 0.28 0.32 0.3 0.26 0.27 0.3 0.27 0.32 0.33 0.3 0.35 0.37 0.29 0.28 0.29 0.3 0.32 0.36 0.37 0.37 0.34 0.3 0.27
sλ
CO
05/06 0.23 0.21 0.19 0.18 0.21 0.21 0.22 0.32 0.5 0.36 0.33 0.31 0.29 0.24 0.23 0.3 0.29 0.39 0.38 0.35 0.27 0.25 0.21 0.2
sλ
CO
05/07 0.19 0.19 0.21 0.18 0.18 0.18 0.19 0.26 0.34 0.31 0.25 0.24 0.26 0.26 0.25 0.28 0.3 0.32 0.29 0.31 0.32 0.29 0.23 0.21
sλ
CO
05/08 0.21 0.21 0.22 0.23 0.2 0.22 0.3 0.44 0.48 0.44 0.48 0.46# 0.42 0.36 0.3 0.29 0.33 0.37 0.43 0.4 0.34 0.35 0.29 0.29
sλ
CO
05/09 0.24 0.24 0.25 0.31 0.36 0.38 0.32 0.41 0.42 0.34 0.32 0.35 0.34 0.28 0.3 0.32 0.41 0.41 0.5 0.44 0.4 0.41 0.47 0.36
sλ
CO
05/10 0.31 0.31 0.29 0.22 0.22 0.26 0.31 0.39 0.36 0.45 0.48 0.43 0.46 0.42 0.39 0.35 0.38 0.49 0.39 0.5 0.58 0.54 0.5 0.4
sλ
CO
05/11 0.39 0.34 0.31 0.29 0.3 0.35 0.39 0.39 0.39 0.4 0.31 0.33 0.33 0.3 0.3 0.29 0.31 0.36 0.42 0.45 0.36 0.38 0.42 0.35
sλ
CO
05/12 0.35 0.3 0.34 0.32 0.33 0.32 0.33 0.36 0.35 0.37 0.29 0.25 0.25 0.22 0.22 0.21 0.24 0.29 0.43 0.37 0.4 0.37 0.42 0.37
sλ
CO
05/13 0.33 0.33 0.34 0.33 0.34 0.35 0.41 0.53 0.53 0.43 0.4 0.33 0.31 0.31 0.29 0.29 0.29 0.42 0.55 0.56 0.87 0.64 0.45 0.42
sλ
CO
05/14 0.38 0.36 0.31 0.29 0.32 0.4 0.5 0.59 0.5 0.39 0.37 0.35 0.32# 0.26 0.24 0.25 0.28 0.3 0.42 0.47 0.45 0.46 0.39 0.35
sλ
CO
05/15 0.31 0.3 0.3 0.32 0.41 0.46 0.44 0.53 0.62 0.41 0.35 0.34 0.25 0.23 0.22 0.23 0.25 0.33 0.41 0.43 0.38 0.33 0.27 0.22
sλ
CO
05/16 0.19 0.14 0.15 0.18 0.16 0.13 0.15 0.24 0.26 0.28 0.29 0.28 0.26 0.26 0.26 0.27 0.31 0.39 0.49 0.43 0.37 0.41 0.28 0.25
sλ
CO
05/17 0.18 0.17 0.14 0.14 0.15 0.16 0.2 0.37 0.34 0.29 0.42 0.45 0.31 0.31 0.29 0.28 0.31 0.37 0.4 0.41 0.34 0.3 0.23 0.17
sλ
CO
05/18 0.16 0.14 0.14 0.14 0.15 0.16 0.21 0.28 0.35 0.4 0.28 0.27 0.29 0.3 0.28 0.39 0.43 0.52 0.39 0.33 0.31 0.36 0.28 0.24
sλ
CO
05/19 0.22 0.15 0.15 0.14 0.13 0.14 0.16 0.2 0.22 0.23 0.23 0.29 0.26 0.27 0.29 0.3 0.27 0.3 0.34 0.39 0.39 0.35 0.29 0.25
sλ
CO
05/20 0.2 0.14 0.15 0.12 0.13 0.13 0.16 0.26 0.34 0.36 0.29 0.4 0.48 0.36 0.31 0.25 0.27 0.32 0.34 0.27 0.28 0.34 0.22 0.2
sλ
CO
05/21 0.2 0.25 0.23 0.25 0.22 0.21 0.21 0.29 0.3 0.29 0.33 0.36 0.36 0.33 0.33 0.38 0.41 0.41 0.44 0.44 0.44 0.46 0.43 0.37
sλ
CO
05/22 0.35 0.3 0.3 0.28 0.27 0.24 0.31 0.47 0.55 0.63 0.71 0.53 0.51 0.61 0.59 0.5 0.59 0.72 0.83 0.74 0.67 0.69 0.7 0.72
sλ
CO
05/23 0.6 0.43 0.49 0.5 0.47 0.48 0.49 0.61 0.64 0.5 0.43 0.42 0.48 0.54 0.58 0.52 0.51 0.48 0.55 0.59 0.6 0.51 0.45 0.38
sλ
CO
05/24 0.38 0.36 0.33 0.37 0.4 0.42 0.47 0.69 0.72 0.69 0.59 0.6 0.51 0.46 0.44 0.49 0.56 0.45 0.57 0.65 0.73 0.65 0.64 0.51
sλ
CO
05/25 0.37 0.34 0.36 0.37 0.39 0.4 0.42 0.43 0.41 0.5 0.47 0.41 0.3 0.29 0.32 0.33 0.34 0.35 0.42 0.32 0.4 0.54 0.49 0.46
sλ
CO
05/26 0.34 0.32 0.34 0.34 0.37 0.38 0.43 0.46 0.35 0.35 0.31 0.3 0.3 0.29 0.27 0.26 0.28 0.33 0.34 0.37 0.42 0.45 0.5 0.45
sλ
CO
05/27 0.39 0.4 0.32 0.28 0.32 0.32 0.39 0.51 0.52 0.42 0.43 0.34 0.31 0.26 0.31 0.35 0.48 0.45 0.5 0.51 0.51 0.55 0.57 0.63
sλ
CO
05/28 0.46 0.38 0.33 0.35 0.3 0.26 0.39 0.61 0.53 0.23 0.32 0.34# 0.27x 0.33# 0.28 0.25 0.28 0.31 0.29 0.27 0.24 0.22 0.18 0.19
sλ
CO
05/29 0.2 0.26 0.24 0.23 0.23 0.23 0.24 0.36 0.39 0.35 0.34 0.32 0.28 0.25 0.25 0.25 0.29 0.37 0.39 0.39 0.37 0.47 0.44 0.38
sλ
CO
05/30 0.32 0.27 0.26 0.27 0.24 0.24 0.26 0.35 0.47 0.41 0.38 0.37 0.29 0.23 0.23 0.24 0.26 0.29 0.3 0.27 0.34 0.54 0.6 0.48