



]
NO2
01/01 5.6 6.7 6.1 5.5 4 5.2 6.2 9.4 6.8 6.1 5.3 6.9 6 5.4 6.1 6.6 7.3 8.7 9.2 11 10 9.9 7.4 7.3
]
NO2
01/02 6 4.8 4.7 4.6 4.2 6.4 8.2 11 12 13 12 11 11 11 12 12 14 22 24 25 23 24 23 19
]
NO2
01/03 15 11 12 12 7.9 9.1 12 17 22 23 18 14 12 15 14 12 17 22 24 23 25 27 25 22
]
NO2
01/04 20 15 14 14 14 21 22 17 15 16 16 19 14 9.4 13 15 15 19 16 16 19 18 18 20
]
NO2
01/05 20 16 16 15 14 16 20 18 15 16 18 14 18 15 19 22 21 26 25 28 29 27 26 23
]
NO2
01/06 14 12 11 12 12 13 13 13 12 12 12 11 10 10 9.7 9.3 13 15 16 17 18 19 16 15
]
NO2
01/07 22 19 20 20 17 19 20 18 24 18 17 17 13 10 8.9 8 13 16 14 13 9.9 11 9.1 8.9
]
NO2
01/08 9.7 5.3 5 6 5.9 7 9.4 15 16 16 16 15 13 14 13 15 16 16 18 18 20 23 13 9.3
]
NO2
01/09 8 6 5.2 5 5.4 6.6 8.2 17 17 10 12 14 15 14 14 17# 22# 25 26 27 29 30 29 26
]
NO2
01/10 26 23 19 19 17 16 13 16 18 21# 18x 15# 14 14 12 11 18 23 21 19 18 16 23 24
]
NO2
01/11 21 17 13 11 13 16 15 13 15 15 12# 46# -10.4# -321# 13# 17 19 22 20 22 22 21 19 18
]
NO2
01/12 15 18 20 20 18 20 22 21 21 18 NA 20 16 13 13 18 20 25 26 25 24 22 18 18
]
NO2
01/13 20 19 15 13 9 9.3 8.3 12 12 12 13 11 11 9.4 9.9 12 14 15 15 14 17 15 14 13
]
NO2
01/14 13 9.8 8.5 7.8 8 9.4 12 17 13 14 13 14 14 12 13 11 14 22 22 27 24 26 25 16
]
NO2
01/15 13 6.8 7.1 8 10 14 17 25 20 21 21 16 13 16 17 11 12 15 16 13 11 9.4 9.9 9.8
]
NO2
01/16 8 6.8 7.4 6.8 7 7.9 9.9 15 19 20 18 14 16 17 19 20 19 22 24 23 20 16 11 11
]
NO2
01/17 7.4 7.9 6.7 6.1 5.9 7.4 7.5 13 13 12 13 13 13 13 13 14 15 19 19 20 19 17 14 15
]
NO2
01/18 13 8.8 7.5 7.1 9.3 18 23 20 18 14 9.1 9.1 11 10 11 9.7 17 36 38 40 26 22 29 23
]
NO2
01/19 14 10 11 8.4 7.5 8.3 9.5 14 17 22 20 15 15 16 14 16 20 26 29 32 31 31 33 30
]
NO2
01/20 24 18 13 15 14 15 19 23 24 23 19 19 11 13 16 18 22 22 22 19 16 14 10 9.6
]
NO2
01/21 8.7 7.9 7.5 7.2 7.2 8 9.2 14 16 16 16 17 15 11# 9.7 11 14 18 18 15 14 11 9.3 9
]
NO2
01/22 7.3 7.5 7.1 6.6 6.6 7.9 9.3 15 15 13 12 13 13 12 13 14 15 19 20 20 18 16 14 12
]
NO2
01/23 12 20 22 20 23 19 28 26 29 23 15 20# 17# 12 18 18 26 25 25 25 29 29 37 30
]
NO2
01/24 31 25 20 18 17 16 15 18 27 23 13 11 13 19 14 14 17 34 36 38 40 35 34 29
]
NO2
01/25 27 24 21 22 18 19 18 20 23 18 20 22 14# 12 10 15 14 18 23 26 27 25 28 20
]
NO2
01/26 14 11 10 9.4 8.5 8.8 11 12 8.9 9.5 7.6 10 11 9.7 9.9 11 9.8 9.9 9.6 9.1 9.2 9.5 8.3 7.6
]
NO2
01/27 7.4 7 6.1 5.3 5.5 6.2 6.9 7.7 9.8 9.6 9.2 8.5 6.7 7.2 7.4 8 9.4 12 15 16 19 21 22 22
]
NO2
01/28 19 14 15 15 15 14 15 15 18 11 14 22 14 12 14 13 15 18 15 18 27 29 24 23
]
NO2
01/29 23 18 17 14 16 17 16 17 21 15 10 14 12 12 12 19 18 16 16 15 16 24 27 15
]
NO2
01/30 23 24 20 7.8 7.9 16 8.6 11 13 14 14 12 10 9.6 16 21 31 41 44 48 36 27 23 22
]
NO2
01/31 26 18 18 20 20 20 28 31 24 24 18 15 13 10 10 9.4 19 22 18 24 23 11 8.4 6.7
]
NO2
菏代~るG2019/02A 代浮G]摺A 代兜GNO2]ppb^
]
NO2
ら戳 00 01 02 03 04 05 06 07 08 09 10 11 12 13 14 15 16 17 18 19 20 21 22 23
]
NO2
02/01 6.5 6.2 5.3 5 5.3 5.3 6.6 10 14 15 15 14 13 13 13 14 14 16 21 27 25 26 24 27
]
NO2
02/02 28 22 20 16 14 13 16 15 14 14 17 11 8.8 12 11 9.5 18 16 15 14 14 17 27 28
]
NO2
02/03 26 25 18 16 19 16 17 20 23 16 7.4 9.4 6.8 10 9.2 8.5 11 16 18 18 22 30 37 31
]
NO2
02/04 23 12 16 14 16 13 9.7 12 9.4 9.8 17 10 11 7.6 12 17 12 13 13 13 13 14 13 11
]
NO2
02/05 9 8 7.1 6.5 5.4 5.6 6.9 7.3 8.8 8.6 9.8 11 9.1 9.7 9.6 11 11 9.1 8.9 14 12 13 11 12
]
NO2
02/06 9.8 12 15 15 9.6 9.9 17 16 13 9 9 14 11 9.5 6.8 7.1 8.1 8.7 8.5 8.9 12 21 19 16
]
NO2
02/07 15 17 10 9.1 15 14 12 19 17 9.6 4.7 4 4.1 3.8# 3.8 4.8 6.1 8.3 11 15 15 12 12 11
]
NO2
02/08 9.5 8.5 9.3 9.1 7.3 7.4 7.4 9.2 8.4 8.4 8.3 9 8.6 9.7 10 10 11 13 14 16 16 14 11 11
]
NO2
02/09 9.2 8.2 10 11 9.6 9.6 8.6 9.4 8.8 9.2 13 15 15 13 12 13 14 15 13 14 14 14 12 11
]
NO2
02/10 11 8.7 7.9 6.5 6 6.9 7.2 8.2 8.8 9.1 11 11 10 11 9.9 10 9.9 11 11 12 11 12 10 12
]
NO2
02/11 10 9.3 9.8 8.6 6.2 5.8 7.4 12 13 13 11 13 12 11 12 13 15 17 17 18 16 19 19 18
]
NO2
02/12 17 8.8 7.5 8 7 6.9 8.9 12 14 15 15 16 11 10 9.3 8.9 11 12 11 12 15 14 12 10
]
NO2
02/13 11 14 13 10 10 11 12 15 12 13 16 15 14 13 14 16 20 21 15 15 20 18 14 14
]
NO2
02/14 13 14 15 9.8 8.3 9.1 10 19 9.5 11 11 15 15 14 16 17 20 21 19 18 18 17 16 14
]
NO2
02/15 16 15 12 9.3 7.8 10 16 19 18 13 14 13 12 9.7 7.1 9.2 11 10 14 14 15 19 19 16
]
NO2
02/16 18 21 23 21 21 22 20 17 14 10 18 19 19 14 13 14 15 16 21 23 16 12 10 9.3
]
NO2
02/17 9.5 11 9.8 6.7 7 9.2 11 12 7.6 8 7.6 7.2 6.9 12 11 12 11 13 14 14 16 17 15 15
]
NO2
02/18 18 17 12 8.8 7.4 7.4 13 13 13 10 9.8 17 10 8.1 9.3 11 12 15 19 17 19 20 17 14
]
NO2
02/19 12 4.8 6.5 6.9 12 11 17 22 23 22 14 16 15 14 13 17 20 22 25 25 32 36 26 25
]
NO2
02/20 20 20 21 18 16 12 14 15 24 27 24 12 9.7# 8.5 12 12 13 17 17 19 23 23 25 25
]
NO2
02/21 21 23 19 19 15 16 16 14 11 14 16 20 18 11 8.8 8.2 12 16 13 11 14 15 17 15
]
NO2
02/22 11 8.9 10 11 9 7.9 8.8 16 16 12 14 18 17 17 15 15 15 16 14 14 14 12 8.6 7.7
]
NO2
02/23 7.9 7.2 8.6 9.4 7.8 7.1 7.9 9.8 9.8 7.6 11 15 13 13 13 14 14 16 15 17 14 12 11 10
]
NO2
02/24 11 9.9 10 13 9.6 10 11 14 16 18 18 18 18 20 20 19 21 22 21 19 15 15 13 11
]
NO2
02/25 9.6 7.2 7 6.5 5.9 7.4 9.7 17 14 12 14 17 16 13 12 14 21 21 23 16 14 12 11 14
]
NO2
02/26 9.7 11 11 11 10 11 14 20 13 13 13 15 12 12# 9.7# 16 18 19 16 16 21 26 28 26
]
NO2
02/27 25 22 21 25 14 17 19 27 26 26 23 17 12 14 8.6 7.6 8.3 13 17 28 22 22 24 31
]
NO2
02/28 23 25 19 17 10 12 14 13 9.5 16 14 14 12 12 13 13 11 13 22 15 13 13 11 10
]
NO2
菏代~るG2019/03A 代浮G]摺A 代兜GNO2]ppb^
]
NO2
ら戳 00 01 02 03 04 05 06 07 08 09 10 11 12 13 14 15 16 17 18 19 20 21 22 23
]
NO2
03/01 11 12 12 11 11 9.9 14 16 11 9.2 15 15 12 10 11 8.1 10 17 17 22 21 21 20 18
]
NO2
03/02 17 12 13 14 11 12 11 11 11 12 13 10 9.8 9.7 10 14 19 17 25 27 37 27 28 27
]
NO2
03/03 26 23 27 20 22 23 23 21 22 20 9.3 12 13 7.2 7.1 11 16 11 25 24 16 16 15 16
]
NO2
03/04 17 14 18 12 12 10 16 23 15 15 14 14# 18# 15# 14 17 15 20 20 21 22 21 18 19
]
NO2
03/05 20 12 11 13 17 21 24 24 21 21 14 15 15 20 17 13 15 16 13 9.9 13 18 20 9.5
]
NO2
03/06 7.8 13 13 15 6.4 14 16 24 21 15 15 17# 18# 18 14 15 18 18 14 18 14 13 11 13
]
NO2
03/07 11 7.1 6.7 6.9 9.8 9.5 8.2 11 12 11 12 13 15 13 14 11 17 23 16 15 11 12 11 11
]
NO2
03/08 11 7.6 8.9 9.6 9.7 11 14 20 22 23 20 22 26 17 20 27 28 28 25 29 29 32 24 27
]
NO2
03/09 25 16 12 10 11 16 15 17 17 19 17 19 20 21 24 26 20 20 23 14 9 23 24 27
]
NO2
03/10 26 8.9 4.1 4.7 3.7 3.9 6.8 13 13 13 9.6 13 13 13 13 15 17 16 16 18 16 14 15 12
]
NO2
03/11 13 12 10 7.2 6.2 10 14 17 20 20 18 16 15 16 15 13 15 17 18 20 22 24 23 20
]
NO2
03/12 22 26 24 18 14 20 18 18 12 12 19 14 12 13 10 7.9 9.7 16 24 35 33 25 19 13
]
NO2
03/13 11 9.9 6.9 13 18 19 30 25 22 19 20 12 9.9 13 9.7 10 13 25 30 35 29 33 23 14
]
NO2
03/14 13 15 18 18 16 18 27 30 28 12 10 11 9.3 8.8 11 9.8 14 13 14 14 13 9.9 9.8 10
]
NO2
03/15 9.9 8.3 7.9 7.1 5.9 5.3 7.2 12 12 15 14 12 9.7 11 11 12 12 14 17 22 20 17 15 12
]
NO2
03/16 11 11 15 13 10 12 15 23 26 31 28 15 10 19 19 28 23 29 28 34 38 35 33 32
]
NO2
03/17 34 29 22 14 13 17 15 22 25 25 20 21 12 12 14 13 13 9.3 10 13 19 26 28 25
]
NO2
03/18 17 18 14 10 8.8 10 11 15 15 13 13 15 11 9 8.1# 9.6 13 17 26 32 24 22 19 21
]
NO2
03/19 25 21 16 15 16 15 15 17 11 11 11 18 15 17 15 15 20 25 33 38 42 29 20 17
]
NO2
03/20 18 20 17 15 14 18 19 21 18 10 10 11 13 11 8 7.9 8.1 9.2 6.9 8 8.4 8.3 8.3 8.7
]
NO2
03/21 7.4 8.4 10 12 12 14 14 15 7.8 10 9.1 9.5 8.1 7.9 8.4 9 7.5 11 18 18 18 22 14 17
]
NO2
03/22 19 20 17 7.3 5.4 7.4 11 15 13 13 15 17 15 14 13 15 19 23 20 20 18 15 14 12
]
NO2
03/23 8.1 9.3 10 8.7 8.3 7 9.3 11 12 12 15 14 12 13 11 12 14 13 12 9.1 10 9 7.4 6.7
]
NO2
03/24 6.9 6.8 8 7.2 6.3 7.1 8.2 9.3 13 15 17 22 20 17 18 18 25 28 29 25 25 26 27 24
]
NO2
03/25 21 18 16 15 12 11 13 18 25 17 23 18 9 13 12 15 22 28 30 21 21 20 15 13
]
NO2
03/26 12 11 11 9.1 10 8.3 14 20 11 15 19 17 12 15 13 19 17 23 25 26 36 30 27 20
]
NO2
03/27 17 19 22 14 13 18 22 18 11 14 11 8.6 8.7 8.8 5.9 6 6.9 9.4 10 13 12 18 18 13
]
NO2
03/28 13 14 14 11 9.1 9 13 13 13 6.4 7 6.6 7.8 7.7 8.1 7.4 9.3 15 13 11 8.7 7.2 7 7.1
]
NO2
03/29 7 5.5 4.9 4.1 5.1 6.3 6.1 8.9 8.1 9.3 7.3 6.7 6.2 5.9 6.7 6.4 8.2 11 9.9 14 13 8.8 11 7.3
]
NO2
03/30 5.7 6.4 8.9 9.3 11 13 14 10 9 8.5 7.8 11 13 11 11 9.8 12 15 14 16 15 16 13 14
]
NO2
03/31 13 11 9.7 6.6 4.7 4.7 5.6 7.8 7.6 5.4 5.6 8.8 11 9.7 8 8 7.8 8.2 11 11 10 12 10 9.6
]
NO2
菏代~るG2019/04A 代浮G]摺A 代兜GNO2]ppb^
]
NO2
ら戳 00 01 02 03 04 05 06 07 08 09 10 11 12 13 14 15 16 17 18 19 20 21 22 23
]
NO2
04/01 6.2 5.6 5.2 5.1 5.4 6.2 8.3 13 14 14 12 12 10# 9.9# 8.4# 9.7 12 17 16 15 13 15 15 12
]
NO2
04/02 13 10 19 17 16 17 18 21 22 23 26 20 16 15 13 11 12 15 15 15 12 17 12 9.9
]
NO2
04/03 7 7.6 6.9 9.6 7.8 6.9 10 11 13 12 14 14 13 15 12 15 11 18 22 25 27 30 32 31
]
NO2
04/04 32 22 20 19 17 18 16 12 8.5 5.8 6.7 7.4 6.5 6.9 7.8 8.6 7.8 9 13 12 10 12 12 9.1
]
NO2
04/05 8.3 9.1 8.7 5.7 5.7 9.7 12 8.4 11 10 9.3 9.5 6.8 7.9 8.7 6.4 9.9 12 19 23 19 21 22 20
]
NO2
04/06 15 15 12 13 13 12 13 9.7 6.6 9.5 13 7.4 8.1 6.9 7 8 7 9.3 16 18 25 25 16 10
]
NO2
04/07 7.9 15 12 13 9.6 9.1 6.9 6.2 6.4 7.3 6.4 6.9 6.4 5.8 5.9 6.9 9.7 8.9 8.5 12 14 14 17 17
]
NO2
04/08 13 9 14 13 8.4 9.4 17 15 19 12 7.5 6.7 8.9 8.2 8.6 9 10 9.4 8.9 10 15 15 17 13
]
NO2
04/09 12 16 16 14 9.7 17 19 13 8.5 10 8.1 7.6 7.2 7.3 5.6 7.3 8.4 7.5 13 9.3 8.1 6.8 6.6 5.2
]
NO2
04/10 5.5 5.4 7.2 8.3 7.1 6.2 5.1 6.1 9.1 10 8.3 6.7 5.8 5.7 6.6 5.8 10 9.7 9.6 15 16 15 17 12
]
NO2
04/11 11 8.6 8.3 9 7.6 7.4 9.4 15 15 11 11 10 8.8 6.2 6.2 8.5 11 14 14 11 10 11 15 11
]
NO2
04/12 11 8.8 7.9 7.6 6.7 8.8 11 11 11 9.6 9.4 9.5 8.2 9.5 9.7 10 15 18 20 18 20 20 15 14
]
NO2
04/13 18 15 17 11 13 16 15 16 11 13 16 13 12 8.3 10 11 9.7 17 19 20 23 24 20 14
]
NO2
04/14 12 12 13 13 13 13 12 8.9 7.6 9.6 9.7 9.2 9.5 6.6 6.6 6.3 12 13 11 11 9.4 8.2 8.7 9.2
]
NO2
04/15 7.8 7.1 5 5 4.5 5.8 7.2 12 11 9.7 8.9 11 13# 11 11# 13# 13 17 20 17 19 17 14 12
]
NO2
04/16 11 12 16 16 11 9.2 14 23 22 22 20 19 19 20 22 21 24 26 18 17 19 16 12 13
]
NO2
04/17 16 11 11 9 7.2 8.2 10 11 9.2 7.7 8.2 11 13 13 12 12 16 23 27 32 36 38 21 13
]
NO2
04/18 14 18 19 18 11 17 15 17 13 11 9.7 9.4 8.6 11 7.9 8.4 13 15 20 22 18 20 20 13
]
NO2
04/19 16 11 12 12 14 14 8.1 10 NA NA 12# 12 11 13 18 15 16 20 23 20 21 27 20 25
]
NO2
04/20 16 11 13 11 13 14 18 17 9.8 12 9.3 11 11 9.8 11 12 13 12 17 16 14 8.6 9.9 10
]
NO2
04/21 8.8 9 7.6 4.8 4.3 4.5 5 8.3 8.8 8.9 5.6 5.9 5.6 5.4 6.6 7 7.1 8 10 8.5 9.6 6 4.3 5.6
]
NO2
04/22 5.9 4.9 3.7 4.5 5 5.8 6.2 10 6.9 5 10 10 8.9 8.3 6.7 8.3 8.7 7.7 6.3 7.9 17 12 7.3 6.7
]
NO2
04/23 4.8 5.6 8.3 9.3 9.9 12 11 9.6 6.3 6.8 7.1 6.7 6.4 6.8 7.1 6.3 7.5# 8# 12 13 13 13 9.6 6.5
]
NO2
04/24 5.2 4 6.8 5.9 9 9.9 14 8.8 8.9 7 6.2 6.2 6.8 5.8 6.2 8.6 8.7 11 12 12 11 8.7 8.5 7.8
]
NO2
04/25 11 9.6 13 12 8 7.8 6.8 5.8 5.3 6.6 6.2 6.8 6.8 6.3 6.5 5.9 6.4 8.5 9.5 12 9.4 14 16 14
]
NO2
04/26 13 12 12 15 11 14 11 11 8.2 11 12 11 9.5 10 8.7 12 16 18 14 18 16 20 23 15
]
NO2
04/27 16 11 8.7 7.4 7.1 8.5 9 9.5 9.6 8.5 8.6 9.1 9.4 9 8.5 12 14 22 20 16 17 17 22 17
]
NO2
04/28 17 17 13 9.2 11 15 13 9.8 7.4 9.3 8.3 8.5 8 9.1 7.9 7.5 8.4 11 19 23 26 20 20 17
]
NO2
04/29 18 14 11 9.6 5.8 7.7 13 16 12 11 10 9.4 7.2# 6# 3.7# 5.2 7.2 9.3 7.6 9.5 14 17 14 15
]
NO2
04/30 10 7.6 5.4 6.9 7.6 8.1 9.7 12 6.5 6.6 7.2 6.3 5.3 5.3 4.2 4.1 5.4 10 14 7.1 12 11 5.8 4.6
]
NO2
菏代~るG2019/05A 代浮G]摺A 代兜GNO2]ppb^
]
NO2
ら戳 00 01 02 03 04 05 06 07 08 09 10 11 12 13 14 15 16 17 18 19 20 21 22 23
]
NO2
05/01 6.2 3.6 3.8 3.4 3.4 5.2 6.5 9.9 11 11 11 12 12 11 9.9 11 18 20 15 11 12 9.1 13 9.7
]
NO2
05/02 9.2 5.7 4.3 3.4 3.4 4.4 11 15 11 8.3 14 15 12 15 14 18 25 25 23 20 17 14 11 9.1
]
NO2
05/03 7.6 7 8 7.4 4.7 5.8 7.3 12 14 12 10 9.6 7.8 7 6.9 8.8 9.5 13 15 18 20 22 18 26
]
NO2
05/04 18 15 19 17 9.6 7.2 12 16 17 21 12 16 13 13 10 8.7 7.9 11 15 22 18 19 23 11
]
NO2
05/05 7.2 11 12 9.8 8 7.4 9.2 9.3 11 11 10 7.1 5.9 7.6 9.5 8.6 8.7 9.7 12 16 15 15 13 13
]
NO2
05/06 13 13 13 7.6 8.3 8.5 10 12 13 13 20 16 14 11 14 10 11 13 12 8.7 7.2 6.8 6.4 5.7
]
NO2
05/07 6.2 5.3 4.7 4.4 5.8 7 9.5 12 9.1 9.4 10 11 8.8 8.5 8# 9.3# 12 13 13 12 11 11 8.9 9.1
]
NO2
05/08 12 11 9.8 9.9 6.9 7.6 9.9 16 17 10 9.9 14 13 16 18 15 18 19 19 19 21 18 16 14
]
NO2
05/09 16 14 15 15 14 14 18 18 19 21 17 18 18 14 14 17 25 25 26 24 25 23 19 20
]
NO2
05/10 20 18 14 15 16 15 16 19 9.1 8.1 16 18 12 8.5 11 20 26 19 16 21 25 24 20 16
]
NO2
05/11 14 16 17 12 13 13 13 12 11 13 14 10 9.4 9.2 11 13 14 19 19 23 19 17 17 17
]
NO2
05/12 15 12 15 16 13 12 8.8 8.7 8.4 9 9.9 9.7 7 8.2 5.6 5.6 6.5 6.8 9.4 10 15 17 16 14
]
NO2
05/13 15 8.8 14 13 12 8.6 9 12 9.1 8.7 7.6 6.6# 6.1 6.7 6.6 7.9 8.5 13 16 20 14 22 18 21
]
NO2
05/14 21 15 15 17 16 13 14 12 11 11 7.8 7.1 6.8 5.8 5.3 5 5.1 6.4 11 13 13 16 15 12
]
NO2
05/15 9.4 14 11 13 19 15 16 14 10 8 8.1 7.5 5 6.1 4.5 4.8 5 6.8 7.7 11 11 11 6.4 6.5
]
NO2
05/16 9.6 9.2 6.7 6.6 6.3 4.6 5.7 5.1 5.5 6.8 6.9 6.4 5.1 5.3 6.2 5.8 7.1 9.3 7.4 6.5 5.5 5.2 7.4 5
]
NO2
05/17 5.6 4.4 3.4 2.8 2.9 3.1 3.9 6.8 7 8.6 8.5 7.5 5.7 5.2 4.7 4.2 4.8 5.4 5.7 5.9 9.4 6 3.2 3.1
]
NO2
05/18 3.5 3.9 3.7 3.8 4 4.3 6.3 8.3 11 8.3 3.8 4.1 3.6 4.4 5.3 5.8 8.8 8.1 6.8 6.7 10 5.3 5.4 4.5
]
NO2
05/19 3.8 2.8 2.9 3.1 2.6 2.8 2.7 3.2 3.5 3.8 3.6 4.4 4.7 4.4 3.7 3.4 3.8 4.3 4.5 5.4 5.7 4.6 8.1 7
]
NO2
05/20 5.3 5.2 4.9 3.4 4.8 4.7 3.9 5.2 5.4 5.8 9.2# 9 12 13 17 15 14 15 15 14 8.9 8.5 7.2 8.3
]
NO2
05/21 7.6 10 11 7.6 9.2 7.9 11 12 11 11 13 16 14 12 9.2 12 13 17 24 24 19 22 18 17
]
NO2
05/22 19 15 15 21 21 19 20 22 20 18 15 19 19 19 23 24 23 26 26 23 21 14 11 11
]
NO2
05/23 18 17 18 13 11 7.8 6.3 14 16 14 15 11 8.7 8.3 10 16 18 20 16 18 23 25 20 13
]
NO2
05/24 14 12 10 20 18 19 16 17 16 11 12 13 10 9.6 8.5 8.3 9.2 11 15 14 11 11 12 8.9
]
NO2
05/25 9.6 9.9 12 11 9.4 10 11 11 15 15 9.2 11 8.4 6.7 6.7 6.5 14 9.7 11 14 23 22 16 12
]
NO2
05/26 10 8.9 10 12 7.3 7.4 7.1 6.7 7.2 6.8 7.9 7.5 8.3 6.7 4.8 7.1 8 11 12 11 14 16 11 9.2
]
NO2
05/27 9.8 10 12 11 11 10 7.4 17 14 16 13 8.1 8 8.7 7.8 8.7 9.2 13 13 22 22 21 19 14
]
NO2
05/28 8.4 9.4 12 10 9.5 9 14 16 14 19 13 17 12 8.6 7.8 14 17 17 18 18 14 13 12 12
]
NO2
05/29 11 6.1 7 7.4 6 8.2 9.7 12 13 11 13 15 13 12# 12 11 14 17 15 15 14 15 16 13
]
NO2
05/30 10 8.3 5.7 6 5.8 7.3 9.6 12 11 12 10 11 7.7 6.1 7.4 6.2 6.5 8.3 8.3 8.9 10 10 7.9 6.8
