CO
01/01 0.24 0.22 0.23 0.2 0.19 0.25 0.25 0.37 0.26 0.26 0.27 0.3 0.28 0.27 0.28 0.3 0.31 0.33 0.33 0.33 0.33 0.3 0.28 0.25
]
CO
01/02 0.24 0.22 0.21 0.2 0.2 0.22 0.27 0.39 0.42 0.4 0.38 0.39 0.39 0.35 0.38 0.39 0.43 0.69 0.58 0.61 0.64 0.65 0.54 0.44
]
CO
01/03 0.38 0.28 0.25 0.25 0.24 0.26 0.3 0.47 0.51 0.49 0.5 0.47 0.45 0.45 0.44 0.46 0.52 0.68 0.71 0.7 0.69 0.77 0.75 0.67
]
CO
01/04 0.66 0.62 0.63 0.6 0.54 0.65 0.67 0.87 0.95 0.7 0.58 0.66 0.51 0.29 0.35 0.39 0.46 0.64 0.47 0.47 0.52 0.49 0.47 0.43
]
CO
01/05 0.42 0.41 0.42 0.4 0.42 0.45 0.52 0.54 0.56 0.59 0.6 0.57 0.6 0.52 0.55 0.48 0.5 0.63 0.65 0.72 0.73 0.72 0.73 0.71
]
CO
01/06 0.58 0.48 0.48 0.45 0.44 0.43 0.44 0.46 0.49 0.47 0.54 0.58 0.58 0.58 0.59 0.56 0.63 0.64 0.61 0.6 0.64 0.61 0.53 0.52
]
CO
01/07 0.55 0.45 0.47 0.44 0.46 0.53 0.63 1.02 1.18 0.57 0.45 0.48 0.44 0.43 0.39 0.37 0.41 0.53 0.45 0.46 0.38 0.39 0.34 0.34
]
CO
01/08 0.36 0.25 0.25 0.24 0.24 0.25 0.31 0.46 0.43 0.38 0.38 0.39 0.39 0.35 0.37 0.38 0.4 0.49 0.47 0.49 0.46 0.44 0.37 0.3
]
CO
01/09 0.28 0.28 0.3 0.3 0.31 0.33 0.38 0.58 0.56 0.46 0.48 0.48 0.44 0.46 0.48 0.51# 0.54# 0.64 0.69 0.69 0.87 0.82 0.74 0.78
]
CO
01/10 0.7 0.6 0.57 0.59 0.53 0.63 0.76 1.26 1.08 0.84# 0.57 0.43 0.38 0.36 0.35 0.35 0.46 0.61 0.56 0.46 0.5 0.44 0.48 0.51
]
CO
01/11 0.52 0.47 0.44 0.43 0.43 0.46 0.66 0.79 0.74 0.45 0.33# 4.21# 0.33# 0.35 0.35 0.39 0.42 0.58 0.45 0.55 0.66 0.63 0.58 0.56
]
CO
01/12 0.62 0.43 0.45 0.4 0.36 0.37 0.46 0.56 0.63 0.61 NA 0.48 0.44 0.43 0.42 0.52 0.54 0.63 0.68 0.76 0.8 0.78 0.75 0.7
]
CO
01/13 0.67 0.66 0.63 0.64 0.58 0.53 0.55 0.66 0.63 0.65 0.66 0.65 0.66 0.6 0.6 0.6 0.58 0.62 0.61 0.58 0.61 0.58 0.55 0.56
]
CO
01/14 0.52 0.45 0.43 0.4 0.39 0.38 0.44 0.63 0.56 0.5 0.49 0.51 0.49 0.45 0.43 0.41 0.44 0.64 0.62 0.63 0.63 0.65 0.59 0.47
]
CO
01/15 0.43 0.34 0.33 0.34 0.37 0.45 0.52 0.73 0.63 0.56 0.59 0.48 0.39 0.39 0.42 0.4 0.42 0.5 0.48 0.44 0.4 0.36 0.34 0.34
]
CO
01/16 0.31 0.27 0.28 0.3 0.41 0.49 0.54 0.63 0.65 0.63 0.55 0.48 0.48 0.49 0.52 0.56 0.64 0.78 0.76 0.7 0.6 0.46 0.37 0.33
]
CO
01/17 0.3 0.29 0.31 0.32 0.34 0.33 0.36 0.47 0.47 0.41 0.43 0.46 0.45 0.43 0.42 0.42 0.46 0.6 0.56 0.58 0.56 0.53 0.46 0.46
]
CO
01/18 0.43 0.37 0.34 0.32 0.33 0.46 0.56 0.8 0.68 0.46 0.39 0.38 0.42 0.37 0.37 0.39 0.47 0.84 0.89 0.93 0.7 0.6 0.7 0.54
]
CO
01/19 0.41 0.36 0.38 0.4 0.38 0.42 0.45 0.53 0.6 0.5 0.48 0.44 0.43 0.37 0.33 0.37 0.45 0.55 0.65 0.72 0.69 0.81 0.86 0.79
]
CO
01/20 0.67 0.5 0.41 0.35 0.33 0.39 0.43 0.52 0.63 0.61 0.45 0.41 0.5 0.57 0.7 0.75 0.82 0.78 0.81 0.78 0.66 0.6 0.58 0.58
]
CO
01/21 0.58 0.53 0.49 0.45 0.36 0.34 0.35 0.44 0.46 0.42 0.41 0.43 0.38 0.26# 0.25 0.25 0.31 0.43 0.39 0.36 0.34 0.3 0.27 0.26
]
CO
01/22 0.25 0.26 0.26 0.3 0.31 0.31 0.33 0.45 0.48 0.43 0.42 0.45 0.47 0.42 0.44 0.47 0.51 0.6 0.56 0.54 0.55 0.49 0.45 0.42
]
CO
01/23 0.38 0.49 0.49 0.47 0.42 0.43 0.6 0.88 0.9 0.54 0.49 0.55# 0.48 0.44 0.46 0.47 0.56 0.74 0.69 0.66 0.75 0.7 0.76 0.66
]
CO
01/24 0.61 0.56 0.53 0.43 0.45 0.5 0.76 0.9 0.94 0.58 0.49 0.44 0.44 0.42 0.38 0.39 0.42 0.62 0.63 0.82 0.93 0.74 0.84 0.8
]
CO
01/25 0.65 0.54 0.48 0.45 0.41 0.47 0.59 0.78 1.05 0.55 0.49 0.52 0.46# 0.43 0.42 0.44 0.46 0.56 0.62 0.68 0.7 0.61 0.57 0.44
]
CO
01/26 0.37 0.36 0.36 0.35 0.31 0.28 0.25 0.27 0.26 0.27 0.27 0.36 0.37 0.37 0.41 0.4 0.32 0.29 0.26 0.25 0.25 0.24 0.22 0.2
]
CO
01/27 0.2 0.18 0.17 0.17 0.18 0.18 0.19 0.22 0.25 0.25 0.26 0.28 0.24 0.24 0.25 0.27 0.3 0.32 0.36 0.38 0.44 0.46 0.42 0.46
]
CO
01/28 0.43 0.35 0.33 0.33 0.3 0.31 0.43 0.59 0.67 0.35 0.35 0.42 0.26 0.24 0.25 0.23 0.26 0.4 0.3 0.35 0.56 0.51 0.53 0.5
]
CO
01/29 0.48 0.39 0.35 0.32 0.35 0.4 0.56 0.9 0.81 0.44 0.35 0.36 0.29 0.28 0.32 0.29 0.33 0.46 0.43 0.41 0.43 0.65 0.63 0.43
]
CO
01/30 0.48 0.45 0.43 0.29 0.27 0.31 0.31 0.39 0.46 0.44 0.44 0.46 0.43 0.39 0.45 0.45 0.46 0.69 0.9 1.3 0.92 0.67 0.52 0.51
]
CO
01/31 0.41 0.3 0.28 0.27 0.27 0.35 0.42 1.06 0.6 0.61 0.53 0.48 0.47 0.4 0.37 0.39 0.49 0.55 0.44 0.54 0.59 0.45 0.48 0.51
]
CO
菏代~るG2019/02A 代浮G]摺A 代兜GCO]ppm^
]
CO
ら戳 00 01 02 03 04 05 06 07 08 09 10 11 12 13 14 15 16 17 18 19 20 21 22 23
]
CO
02/01 0.5 0.43 0.38 0.34 0.32 0.32 0.36 0.45 0.53 0.52 0.52 0.53 0.54 0.55 0.56 0.6 0.59 0.67 0.7 0.78 0.78 0.81 0.78 0.74
]
CO
02/02 0.71 0.59 0.57 0.53 0.51 0.49 0.57 0.72 0.58 0.48 0.46 0.43 0.42 0.47 0.44 0.48 0.54 0.58 0.56 0.58 0.58 0.66 0.83 0.87
]
CO
02/03 0.78 0.7 0.69 0.53 0.61 0.53 0.61 0.9 1.17 0.86 0.52 0.53 0.45 0.53 0.53 0.5 0.54 0.64 0.63 0.6 0.7 0.83 1.19 1.23
]
CO
02/04 0.88 0.53 0.63 0.5 0.54 0.73 0.84 0.87 0.8 0.8 0.81 0.81 0.79 0.75 0.83 0.97 1 1.01 0.94 0.88 0.85 0.83 0.81 0.78
]
CO
02/05 0.73 0.63 0.66 0.73 0.65 0.54 0.5 0.51 0.52 0.51 0.51 0.51 0.44 0.46 0.46 0.42 0.38 0.37 0.35 0.43 0.39 0.41 0.4 0.42
]
CO
02/06 0.42 0.42 0.51 0.5 0.41 0.45 0.58 0.79 0.6 0.42 0.42 0.45 0.43 0.4 0.38 0.39 0.39 0.42 0.43 0.42 0.49 0.69 0.56 0.53
]
CO
02/07 0.51 0.53 0.42 0.43 0.49 0.46 0.51 0.76 0.76 0.51 0.28 0.26 0.24 0.22# 0.22 0.36 0.4 0.47 0.47 0.55 0.49 0.51 0.49 0.48
]
CO
02/08 0.46 0.5 0.48 0.46 0.38 0.34 0.34 0.4 0.39 0.4 0.39 0.37 0.37 0.36 0.33 0.32 0.33 0.36 0.36 0.39 0.4 0.35 0.31 0.3
]
CO
02/09 0.3 0.28 0.29 0.28 0.27 0.3 0.3 0.37 0.37 0.38 0.46 0.45 0.41 0.34 0.32 0.36 0.37 0.39 0.35 0.36 0.35 0.35 0.3 0.28
]
CO
02/10 0.27 0.24 0.21 0.19 0.19 0.19 0.2 0.25 0.27 0.3 0.33 0.34 0.33 0.35 0.36 0.37 0.38 0.39 0.36 0.36 0.36 0.35 0.33 0.35
]
CO
02/11 0.28 0.26 0.25 0.23 0.22 0.23 0.26 0.38 0.38 0.39 0.37 0.38 0.35 0.31 0.32 0.33 0.37 0.45 0.42 0.46 0.42 0.41 0.39 0.4
]
CO
02/12 0.37 0.28 0.27 0.26 0.26 0.26 0.31 0.49 0.47 0.43 0.44 0.46 0.36 0.35 0.36 0.35 0.39 0.51 0.47 0.46 0.44 0.39 0.4 0.36
]
CO
02/13 0.37 0.38 0.35 0.33 0.34 0.28 0.31 0.43 0.42 0.38 0.4 0.37 0.35 0.36 0.42 0.44 0.46 0.55 0.47 0.42 0.5 0.46 0.38 0.36
]
CO
02/14 0.34 0.3 0.31 0.31 0.29 0.29 0.37 0.62 0.38 0.38 0.39 0.43 0.4 0.37 0.42 0.42 0.49 0.64 0.54 0.55 0.57 0.53 0.52 0.49
]
CO
02/15 0.47 0.47 0.44 0.41 0.41 0.43 0.53 0.96 0.83 0.48 0.44 0.45 0.55 0.48 0.42 0.45 0.52 0.53 0.58 0.57 0.58 0.61 0.6 0.5
]
CO
02/16 0.51 0.53 0.54 0.55 0.58 0.58 0.59 0.56 0.5 0.45 0.5 0.49 0.49 0.45 0.41 0.42 0.47 0.49 0.58 0.63 0.58 0.54 0.5 0.47
]
CO
02/17 0.45 0.44 0.39 0.35 0.35 0.36 0.37 0.41 0.39 0.37 0.37 0.36 0.35 0.36 0.35 0.39 0.35 0.37 0.37 0.35 0.36 0.38 0.37 0.34
]
CO
02/18 0.35 0.32 0.29 0.27 0.27 0.29 0.34 0.44 0.45 0.33 0.34 0.38 0.27 0.26 0.24 0.29 0.32 0.43 0.47 0.4 0.39 0.42 0.37 0.34
]
CO
02/19 0.35 0.22 0.24 0.24 0.25 0.27 0.49 1.29 0.87 0.67 0.37 0.38 0.38 0.36 0.33 0.34 0.38 0.55 0.59 0.65 0.97 0.98 0.78 0.84
]
CO
02/20 0.63 0.73 0.62 0.57 0.53 0.47 0.68 0.92 0.82 0.69 0.63 0.48 0.42# 0.35 0.35 0.36 0.39 0.63 0.67 0.69 0.72 0.79 0.76 0.74
]
CO
02/21 0.68 0.66 0.57 0.53 0.5 0.48 0.46 0.61 0.54 0.48 0.49 0.54 0.48 0.41 0.37 0.36 0.41 0.5 0.35 0.37 0.44 0.44 0.41 0.4
]
CO
02/22 0.4 0.37 0.35 0.34 0.35 0.36 0.36 0.44 0.44 0.38 0.42 0.45 0.44 0.43 0.41 0.44 0.46 0.54 0.46 0.48 0.49 0.45 0.38 0.4
]
CO
02/23 0.43 0.45 0.48 0.49 0.48 0.49 0.52 0.58 0.59 0.53 0.57 0.63 0.58 0.54 0.52 0.52 0.52 0.56 0.53 0.56 0.55 0.45 0.39 0.37
]
CO
02/24 0.37 0.34 0.31 0.29 0.28 0.29 0.32 0.32 0.38 0.39 0.39 0.44 0.45 0.47 0.49 0.48 0.51 0.52 0.55 0.53 0.51 0.52 0.49 0.47
]
CO
02/25 0.45 0.47 0.44 0.41 0.4 0.42 0.47 0.67 0.62 0.48 0.47 0.53 0.51 0.47 0.47 0.47 0.49 0.54 0.52 0.45 0.44 0.41 0.37 0.38
]
CO
02/26 0.33 0.29 0.29 0.28 0.27 0.28 0.35 0.52 0.4 0.38 0.42 0.47 0.43 0.4 0.37 0.4 0.39 0.42 0.48 0.44 0.51 0.58 0.56 0.57
]
CO
02/27 0.59 0.56 0.52 0.53 0.47 0.49 0.56 0.79 0.71 0.67 0.62 0.58 0.49 0.46 0.38 0.34 0.34 0.53 0.69 0.85 0.61 0.62 0.69 0.56
]
CO
02/28 0.52 0.51 0.44 0.42 0.32 0.32 0.37 0.45 0.44 0.44 0.44 0.45 0.4 0.37 0.38 0.38 0.4 0.45 0.51 0.44 0.41 0.41 0.39 0.37
]
CO
菏代~るG2019/03A 代浮G]摺A 代兜GCO]ppm^
]
CO
ら戳 00 01 02 03 04 05 06 07 08 09 10 11 12 13 14 15 16 17 18 19 20 21 22 23
]
CO
03/01 0.37 0.34 0.35 0.33 0.33 0.34 0.4 0.47 0.42 0.41 0.46 0.46 0.43 0.37 0.36 0.36 0.42 0.56 0.53 0.62 0.61 0.63 0.56 0.52
]
CO
03/02 0.49 0.4 0.41 0.4 0.36 0.38 0.43 0.46 0.48 0.46 0.45 0.57 0.58 0.58 0.58 0.58 0.61 0.7 0.85 0.9 1.22 0.89 0.87 0.86
]
CO
03/03 0.82 0.76 0.81 0.72 0.72 0.75 0.83 0.92 0.96 0.78 0.54 0.56 0.55 0.3 0.3 0.35 0.48 0.46 0.78 0.67 0.48 0.48 0.45 0.48
]
CO
03/04 0.45 0.4 0.43 0.39 0.39 0.38 0.5 0.62 0.52 0.52 0.51 0.53# 0.56# 0.57 0.58 0.61 0.64 0.76 0.78 0.78 0.78 0.76 0.68 0.65
]
CO
03/05 0.68 0.58 0.57 0.56 0.56 0.57 0.68 0.91 0.97 0.78 0.51 0.51 0.54 0.59 0.58 0.48 0.5 0.62 0.5 0.44 0.48 0.6 0.56 0.42
]
CO
03/06 0.39 0.4 0.41 0.35 0.28 0.3 0.34 0.6 0.55 0.56 0.46 0.5# 0.52 0.5 0.42 0.45 0.5 0.55 0.5 0.56 0.52 0.53 0.47 0.46
]
CO
03/07 0.44 0.42 0.43 0.42 0.36 0.34 0.34 0.4 0.35 0.31 0.32 0.36 0.44 0.42 0.41 0.46 0.63 0.79 0.61 0.55 0.49 0.5 0.5 0.48
]
CO
03/08 0.5 0.46 0.45 0.49 0.48 0.46 0.5 0.6 0.55 0.5 0.47 0.5 0.5 0.42 0.39 0.45 0.55 0.58 0.54 0.58 0.67 0.65 0.53 0.65
]
CO
03/09 0.55 0.42 0.38 0.38 0.34 0.36 0.47 0.5 0.45 0.49 0.48 0.5 0.47 0.52 0.5 0.53 0.52 0.53 0.53 0.44 0.38 0.69 0.54 0.74
]
CO
03/10 0.72 0.26 0.19 0.21 0.2 0.21 0.28 0.45 0.43 0.42 0.38 0.49 0.48 0.43 0.41 0.46 0.52 0.52 0.55 0.55 0.53 0.55 0.53 0.5
]
CO
03/11 0.48 0.45 0.4 0.37 0.37 0.41 0.46 0.58 0.57 0.56 0.5 0.48 0.45 0.46 0.44 0.43 0.47 0.59 0.57 0.57 0.57 0.56 0.57 0.51
]
CO
03/12 0.53 0.51 0.44 0.41 0.39 0.43 0.69 0.73 0.62 0.49 0.46 0.48 0.45 0.42 0.38 0.36 0.4 0.55 0.69 0.88 0.79 0.7 0.57 0.48
]
CO
03/13 0.45 0.42 0.36 0.38 0.39 0.47 0.65 0.81 0.69 0.57 0.56 0.46 0.42 0.4 0.39 0.4 0.43 0.77 0.96 0.95 0.84 0.83 0.59 0.49
]
CO
03/14 0.42 0.39 0.36 0.35 0.33 0.42 0.63 0.88 0.81 0.39 0.39 0.42 0.39 0.32 0.34 0.34 0.42 0.45 0.41 0.39 0.32 0.28 0.27 0.29
]
CO
03/15 0.28 0.26 0.23 0.22 0.22 0.24 0.31 0.43 0.41 0.4 0.38 0.35 0.31 0.32 0.33 0.36 0.35 0.42 0.43 0.45 0.48 0.44 0.36 0.31
]
CO
03/16 0.29 0.25 0.22 0.21 0.23 0.24 0.36 0.46 0.56 0.85 0.85 0.55 0.44 0.54 0.54 0.73 0.5 0.64 0.55 0.68 0.79 0.79 0.74 0.73
]
CO
03/17 0.69 0.66 0.53 0.47 0.46 0.5 0.57 0.88 0.97 0.99 0.64 0.65 0.43 0.46 0.47 0.46 0.49 0.49 0.38 0.4 0.52 0.56 0.67 0.65
]
CO
03/18 0.53 0.47 0.43 0.41 0.45 0.4 0.4 0.52 0.47 0.39 0.44 0.51 0.38 0.34 0.32# 0.4 0.45 0.64 0.81 0.95 0.64 0.62 0.52 0.6
]
CO
03/19 0.63 0.52 0.48 0.39 0.44 0.46 0.81 0.85 0.53 0.45 0.46 0.48 0.45 0.42 0.4 0.37 0.43 0.59 0.78 0.84 1.05 0.82 0.64 0.57
]
CO
03/20 0.52 0.53 0.49 0.5 0.48 0.48 0.57 0.81 0.6 0.41 0.44 0.52 0.53 0.47 0.42 0.42 0.39 0.4 0.33 0.32 0.33 0.28 0.23 0.23
]
CO
03/21 0.22 0.24 0.27 0.33 0.33 0.35 0.39 0.49 0.39 0.47 0.4 0.39 0.32 0.31 0.29 0.31 0.29 0.44 0.53 0.42 0.44 0.5 0.37 0.38
]
CO
03/22 0.42 0.42 0.34 0.28 0.28 0.3 0.42 0.51 0.45 0.39 0.45 0.47 0.41 0.41 0.41 0.42 0.5 0.62 0.54 0.53 0.5 0.43 0.37 0.33
]
CO
03/23 0.3 0.24 0.23 0.21 0.21 0.2 0.21 0.28 0.28 0.28 0.29 0.3 0.28 0.28 0.25 0.27 0.27 0.29 0.27 0.25 0.27 0.25 0.23 0.22
]
CO
03/24 0.23 0.22 0.21 0.21 0.21 0.22 0.25 0.29 0.32 0.39 0.36 0.43 0.43 0.4 0.44 0.41 0.47 0.61 0.61 0.59 0.61 0.63 0.65 0.64
]
CO
03/25 0.55 0.5 0.51 0.42 0.4 0.42 0.57 0.78 0.88 0.41 0.53 0.5 0.36 0.42 0.4 0.41 0.59 0.75 0.6 0.51 0.57 0.53 0.46 0.44
]
CO
03/26 0.43 0.4 0.35 0.31 0.3 0.31 0.37 0.52 0.43 0.47 0.54 0.52 0.46 0.41 0.37 0.4 0.41 0.52 0.58 0.65 0.88 0.84 0.67 0.62
]
CO
03/27 0.52 0.45 0.44 0.42 0.4 0.42 0.73 0.69 0.48 0.58 0.43 0.38 0.4 0.41 0.34 0.34 0.35 0.45 0.43 0.54 0.45 0.65 0.61 0.5
]
CO
03/28 0.5 0.47 0.47 0.46 0.43 0.41 0.48 0.52 0.48 0.32 0.35 0.32 0.33 0.33 0.33 0.3 0.34 0.47 0.37 0.34 0.31 0.28 0.26 0.25
]
CO
03/29 0.25 0.21 0.2 0.2 0.2 0.2 0.23 0.33 0.31 0.36 0.31 0.3 0.28 0.27 0.26 0.27 0.33 0.42 0.39 0.44 0.41 0.31 0.26 0.26
]
CO
03/30 0.29 0.32 0.32 0.33 0.34 0.37 0.41 0.46 0.44 0.41 0.39 0.42 0.37 0.33 0.31 0.38 0.42 0.48 0.48 0.48 0.46 0.49 0.42 0.4
]
CO
03/31 0.38 0.33 0.3 0.25 0.22 0.25 0.26 0.28 0.29 0.28 0.29 0.38 0.45 0.44 0.4 0.36 0.35 0.36 0.37 0.36 0.36 0.36 0.32 0.3
]
CO
菏代~るG2019/04A 代浮G]摺A 代兜GCO]ppm^
]
CO
ら戳 00 01 02 03 04 05 06 07 08 09 10 11 12 13 14 15 16 17 18 19 20 21 22 23
]
CO
04/01 0.24 0.21 0.21 0.2 0.21 0.22 0.26 0.36 0.37 0.36 0.34 0.34 0.31# 0.28 0.29 0.31 0.34 0.46 0.44 0.42 0.39 0.38 0.36 0.33
]
CO
04/02 0.33 0.3 0.32 0.32 0.31 0.31 0.48 0.66 0.74 0.73 0.84 0.64 0.5 0.47 0.46 0.46 0.35 0.43 0.43 0.49 0.38 0.4 0.35 0.31
]
CO
04/03 0.23 0.23 0.23 0.23 0.26 0.26 0.32 0.39 0.42 0.35 0.36 0.4 0.42 0.4 0.35 0.37 0.35 0.66 0.63 0.67 0.78 0.76 0.72 0.67
]
CO
04/04 0.68 0.68 0.5 0.46 0.46 0.53 0.53 0.56 0.45 0.34 0.33 0.34 0.3 0.27 0.27 0.29 0.3 0.29 0.34 0.34 0.37 0.35 0.36 0.32
]
CO
04/05 0.3 0.3 0.28 0.25 0.26 0.32 0.41 0.36 0.35 0.36 0.34 0.35 0.33 0.33 0.3 0.36 0.41 0.51 0.67 0.76 0.68 0.72 0.78 0.7
]
CO
04/06 0.59 0.52 0.48 0.5 0.45 0.45 0.58 0.53 0.47 0.53 0.56 0.45 0.41 0.37 0.41 0.42 0.44 0.45 0.59 0.62 0.66 0.85 0.62 0.49
]
CO
04/07 0.45 0.62 0.53 0.52 0.45 0.43 0.38 0.39 0.38 0.42 0.42 0.43 0.41 0.41 0.42 0.46 0.51 0.47 0.52 0.57 0.62 0.62 0.66 0.63
]
CO
04/08 0.56 0.51 0.52 0.49 0.44 0.44 0.59 0.68 0.66 0.49 0.42 0.4 0.45 0.4 0.4 0.38 0.38 0.41 0.43 0.48 0.54 0.55 0.47 0.41
]
CO
04/09 0.35 0.38 0.4 0.37 0.41 0.45 0.6 0.53 0.48 0.47 0.37 0.33 0.33 0.32 0.26 0.29 0.32 0.33 0.43 0.3 0.25 0.25 0.24 0.22
]
CO
04/10 0.24 0.24 0.25 0.27 0.24 0.21 0.19 0.26 0.36 0.36 0.3 0.29 0.31 0.3 0.29 0.27 0.37 0.42 0.37 0.5 0.52 0.5 0.47 0.4
]
CO
04/11 0.36 0.33 0.32 0.31 0.3 0.3 0.34 0.5 0.52 0.42 0.37 0.38 0.37 0.29 0.27 0.28 0.31 0.42 0.38 0.3 0.29 0.31 0.29 0.3
]
CO
04/12 0.3 0.22 0.23 0.26 0.28 0.31 0.34 0.42 0.44 0.4 0.39 0.39 0.37 0.37 0.37 0.39 0.45 0.51 0.49 0.46 0.5 0.44 0.38 0.35
]
CO
04/13 0.35 0.34 0.32 0.32 0.32 0.35 0.5 0.46 0.39 0.41 0.43 0.4 0.37 0.27 0.26 0.27 0.33 0.44 0.51 0.51 0.58 0.62 0.58 0.43
]
CO
04/14 0.39 0.39 0.4 0.39 0.39 0.43 0.5 0.45 0.44 0.39 0.34 0.33 0.29 0.26 0.27 0.29 0.36 0.34 0.33 0.35 0.32 0.3 0.32 0.36
]
CO
04/15 0.33 0.3 0.24 0.22 0.22 0.25 0.3 0.41 0.4 0.37 0.36 0.39 0.4# 0.34 0.36 0.4 0.43 0.53 0.5 0.46 0.48 0.45 0.4 0.39
]
CO
04/16 0.38 0.33 0.33 0.33 0.3 0.3 0.33 0.5 0.51 0.51 0.47 0.45 0.48 0.5 0.54 0.54 0.61 0.67 0.4 0.43 0.46 0.41 0.39 0.41
]
CO
04/17 0.38 0.34 0.32 0.29 0.26 0.28 0.36 0.45 0.39 0.43 0.44 0.45 0.4 0.36 0.37 0.36 0.41 0.52 0.63 0.73 0.83 0.89 0.6 0.5
]
CO
04/18 0.52 0.48 0.45 0.42 0.44 0.6 0.61 0.69 0.57 0.5 0.45 0.45 0.41 0.4 0.39 0.41 0.45 0.6 0.56 0.6 0.59 0.63 0.6 0.46
]
CO
04/19 0.49 0.41 0.41 0.41 0.4 0.4 0.37 0.47 NA NA 0.48# 0.45 0.42 0.49 0.49 0.44 0.43 0.64 0.74 0.63 0.71 0.74 0.61 0.63
]
CO
04/20 0.42 0.32 0.35 0.38 0.39 0.44 0.45 0.56 0.41 0.47 0.4 0.43 0.42 0.38 0.37 0.37 0.44 0.45 0.51 0.46 0.44 0.33 0.35 0.32
]
CO
04/21 0.34 0.32 0.29 0.21 0.2 0.21 0.23 0.37 0.34 0.32 0.25 0.27 0.25 0.24 0.24 0.23 0.27 0.31 0.33 0.3 0.29 0.22 0.2 0.22
]
CO
04/22 0.22 0.22 0.19 0.19 0.22 0.24 0.29 0.4 0.34 0.27 0.39 0.35 0.28 0.26 0.26 0.23 0.23 0.28 0.27 0.32 0.47 0.29 0.22 0.2
]
CO
04/23 0.18 0.2 0.19 0.2 0.21 0.25 0.27 0.29 0.24 0.28 0.28 0.27 0.26 0.27 0.23 0.24 0.27# 0.35# 0.33 0.29 0.31 0.34 0.24 0.18
]
CO
04/24 0.15 0.15 0.17 0.17 0.19 0.2 0.28 0.27 0.29 0.25 0.23 0.24 0.25 0.2 0.22 0.25 0.24 0.31 0.29 0.27 0.27 0.26 0.25 0.23
]
CO
04/25 0.27 0.25 0.24 0.22 0.2 0.21 0.22 0.23 0.24 0.26 0.24 0.24 0.23 0.22 0.3 0.19 0.2 0.28 0.27 0.33 0.28 0.32 0.31 0.26
]
CO
04/26 0.24 0.19 0.19 0.19 0.19 0.22 0.28 0.36 0.29 0.28 0.32 0.35 0.33 0.3 0.29 0.3 0.37 0.44 0.44 0.49 0.46 0.52 0.54 0.42
]
CO
04/27 0.39 0.39 0.36 0.34 0.34 0.36 0.39 0.45 0.43 0.44 0.43 0.44 0.43 0.4 0.38 0.42 0.42 0.47 0.45 0.49 0.49 0.49 0.46 0.43
]
CO
04/28 0.41 0.41 0.43 0.4 0.4 0.46 0.47 0.41 0.29 0.29 0.32 0.33 0.33 0.34 0.34 0.28 0.33 0.41 0.51 0.57 0.59 0.5 0.49 0.44
]
CO
04/29 0.44 0.36 0.34 0.29 0.24 0.3 0.48 0.66 0.51 0.48 0.48 0.45 0.38# 0.31 0.3 0.28 0.3 0.46 0.37 0.39 0.41 0.46 0.46 0.45
]
CO
04/30 0.32 0.23 0.2 0.22 0.25 0.24 0.3 0.34 0.25 0.27 0.26 0.22 0.21 0.18 0.18 0.18 0.23 0.37 0.33 0.23 0.29 0.29 0.17 0.15
]
CO
菏代~るG2019/05A 代浮G]摺A 代兜GCO]ppm^
]
CO
ら戳 00 01 02 03 04 05 06 07 08 09 10 11 12 13 14 15 16 17 18 19 20 21 22 23
]
CO
05/01 0.16 0.14 0.14 0.13 0.14 0.2 0.25 0.32 0.35 0.41 0.45 0.46 0.44 0.44 0.46 0.49 0.56 0.61 0.48 0.42 0.39 0.35 0.33 0.28
]
CO
05/02 0.27 0.24 0.23 0.25 0.25 0.29 0.37 0.55 0.48 0.47 0.53 0.54 0.48 0.47 0.46 0.5 0.53 0.66 0.54 0.53 0.51 0.48 0.41 0.37
]
CO
05/03 0.35 0.3 0.3 0.27 0.24 0.23 0.31 0.48 0.43 0.4 0.37 0.34 0.31 0.29 0.29 0.3 0.32 0.45 0.46 0.5 0.53 0.54 0.41 0.47
]
CO
05/04 0.34 0.31 0.32 0.29 0.24 0.26 0.42 0.49 0.55 0.75 0.51 0.58 0.54 0.52 0.46 0.42 0.41 0.51 0.62 0.75 0.67 0.69 0.75 0.47
]
CO
05/05 0.38 0.4 0.37 0.32 0.31 0.37 0.43 0.5 0.58 0.44 0.38 0.33 0.31 0.35 0.33 0.36 0.39 0.43 0.45 0.5 0.47 0.44 0.44 0.4
]
CO
05/06 0.38 0.38 0.38 0.33 0.26 0.26 0.29 0.39 0.4 0.36 0.41 0.4 0.34 0.28 0.33 0.28 0.29 0.38 0.33 0.26 0.24 0.23 0.22 0.21
]
CO
05/07 0.21 0.2 0.19 0.2 0.21 0.21 0.26 0.32 0.28 0.27 0.27 0.29 0.26 0.25 0.25# 0.26 0.31 0.4 0.35 0.32 0.3 0.3 0.27 0.25
]
CO
05/08 0.25 0.21 0.19 0.19 0.18 0.2 0.28 0.47 0.4 0.3 0.31 0.36 0.39 0.42 0.45 0.36 0.41 0.52 0.46 0.48 0.53 0.44 0.38 0.31
]
CO
05/09 0.33 0.33 0.32 0.31 0.33 0.34 0.42 0.58 0.53 0.48 0.46 0.45 0.4 0.33 0.3 0.34 0.47 0.6 0.47 0.46 0.48 0.49 0.45 0.42
]
CO
05/10 0.44 0.37 0.32 0.33 0.32 0.36 0.36 0.44 0.36 0.33 0.42 0.53 0.41 0.36 0.38 0.44 0.45 0.45 0.43 0.59 0.65 0.64 0.54 0.42
]
CO
05/11 0.38 0.38 0.35 0.32 0.34 0.36 0.36 0.37 0.35 0.37 0.37 0.31 0.29 0.26 0.25 0.25 0.27 0.35 0.4 0.44 0.5 0.48 0.41 0.42
]
CO
05/12 0.38 0.35 0.39 0.38 0.34 0.4 0.41 0.45 0.46 0.41 0.4 0.29 0.27 0.26 0.29 0.3 0.3 0.27 0.33 0.37 0.46 0.52 0.41 0.44
]
CO
05/13 0.45 0.37 0.39 0.36 0.37 0.37 0.43 0.63 0.51 0.41 0.34 0.3# 0.28 0.32 0.37 0.38 0.32 0.41 0.51 0.47 0.4 0.54 0.49 0.38
]
CO
05/14 0.4 0.45 0.43 0.43 0.38 0.37 0.4 0.5 0.56 0.5 0.37 0.38 0.38 0.28 0.25 0.29 0.31 0.36 0.34 0.33 0.33 0.33 0.35 0.34
]
CO
05/15 0.3 0.29 0.28 0.29 0.35 0.35 0.45 0.47 0.4 0.38 0.33 0.3 0.29 0.26 0.19 0.21 0.21 0.32 0.32 0.42 0.36 0.33 0.23 0.2
]
CO
05/16 0.22 0.24 0.21 0.21 0.2 0.18 0.2 0.21 0.24 0.27 0.25 0.24 0.23 0.22 0.22 0.22 0.27 0.37 0.28 0.24 0.21 0.22 0.22 0.17
]
CO
05/17 0.17 0.13 0.12 0.11 0.11 0.13 0.17 0.24 0.23 0.25 0.27 0.26 0.23 0.19 0.18 0.18 0.2 0.26 0.23 0.2 0.27 0.19 0.12 0.12
]
CO
05/18 0.13 0.13 0.13 0.13 0.13 0.16 0.21 0.28 0.34 0.25 0.17 0.17 0.17 0.19 0.25 0.22 0.3 0.31 0.22 0.26 0.38 0.2 0.22 0.19
]
CO
05/19 0.18 0.15 0.15 0.14 0.14 0.15 0.16 0.19 0.19 0.19 0.19 0.23 0.23 0.21 0.19 0.18 0.19 0.21 0.2 0.21 0.19 0.19 0.24 0.2
]
CO
05/20 0.17 0.15 0.14 0.12 0.13 0.14 0.15 0.21 0.22 0.21 0.29# 0.25 0.5 0.56 0.5 0.42 0.38 0.44 0.39 0.38 0.29 0.29 0.25 0.25
]
CO
05/21 0.25 0.25 0.24 0.24 0.24 0.25 0.29 0.4 0.38 0.34 0.36 0.41 0.43 0.31 0.32 0.35 0.4 0.57 0.51 0.53 0.43 0.43 0.38 0.37
]
CO
05/22 0.38 0.33 0.33 0.34 0.35 0.37 0.41 0.61 0.64 0.53 0.49 0.42 0.42 0.49 0.54 0.57 0.66 0.77 0.7 0.67 0.64 0.57 0.52 0.52
]
CO
05/23 0.51 0.5 0.47 0.44 0.43 0.29 0.26 0.49 0.49 0.46 0.48 0.41 0.38 0.36 0.43 0.54 0.65 0.75 0.52 0.55 0.77 0.8 0.7 0.57
]
CO
05/24 0.62 0.51 0.48 0.49 0.49 0.52 0.54 0.75 0.75 0.58 0.61 0.69 0.6 0.51 0.42 0.4 0.43 0.53 0.6 0.57 0.53 0.53 0.49 0.4
]
CO
05/25 0.43 0.46 0.43 0.42 0.43 0.44 0.52 0.53 0.55 0.54 0.37 0.34 0.3 0.26 0.27 0.28 0.32 0.36 0.39 0.47 0.62 0.57 0.51 0.41
]
CO
05/26 0.33 0.29 0.29 0.29 0.25 0.31 0.32 0.35 0.33 0.32 0.33 0.34 0.31 0.28 0.27 0.29 0.33 0.38 0.41 0.38 0.45 0.48 0.41 0.34
]
CO
05/27 0.37 0.36 0.39 0.38 0.39 0.36 0.3 0.54 0.58 0.65 0.45 0.36 0.29 0.36 0.3 0.34 0.34 0.49 0.45 0.62 0.64 0.65 0.44 0.36
]
CO
05/28 0.3 0.26 0.22 0.21 0.21 0.28 0.35 0.52 0.43 0.55 0.21 0.37 0.31 0.23 0.2 0.31 0.41 0.45 0.4 0.41 0.35 0.31 0.27 0.24
]
CO
05/29 0.23 0.19 0.18 0.16 0.16 0.19 0.23 0.31 0.33 0.28 0.32 0.34 0.3 0.26# 0.27 0.27 0.31 0.43 0.38 0.35 0.35 0.33 0.33 0.3
]
CO
05/30 0.25 0.21 0.18 0.18 0.18 0.2 0.28 0.39 0.39 0.33 0.28 0.34 0.31 0.21 0.23 0.21 0.25 0.33 0.31 0.28 0.32 0.3 0.23 0.22