]
PM10
01/01 6 8 8 7 4 1 4 9 8 6 7 9 17 27 25 19 16 10 9 6 8 8 5 6
]
PM10
01/02 4 4 5 6 6 4 7 9 10 10 8 8 9 1000# 16 16 16 20 21 20 20 20 19 14
]
PM10
01/03 10 12 12 9 9 11 8 14 21 22 18 17 8 14 10 10 15 25 20 20 27 21 22 21
]
PM10
01/04 21 22 22 22 28 46 51 49 44 38 50 70 66 53 75 50 28 30 32 38 43 50 71 62
]
PM10
01/05 68 65 75 59 47 38 63 62 48 70 92 62 63 56 83 70 50 48 59 59 42 32 29 20
]
PM10
01/06 6 7 5 6 5 11 8 8 11 14 16 20 14 14 17 19 20 20 20 26 29 29 28 24
]
PM10
01/07 27 25 26 28 24 21 25 35 42 24 25 32 32 36 44 40 44 46 46 44 51 51 65 77
]
PM10
01/08 75 44 51 39 36 41 40 40 44 24 25 21 24 23 22 23 21 19 19 21 21 21 10 9
]
PM10
01/09 8 10 7 7 10 10 8 15 16 11 11 18 47 46 1000# 64 53 44 48 54 50 40 37 40
]
PM10
01/10 42 42 42 37 37 34 34 42 38 70 84 71 74 76 82 85 95 110 83 77 60 51 66 65
]
PM10
01/11 64 68 56 62 64 60 57 68 71 74 53 73 61 46 1000# 64 82 75 62 62 54 42 47 36
]
PM10
01/12 35 33 45 38 32 34 44 51 76 57 NA 62 55 43 37 53 51 38 35 42 42 30 18 26
]
PM10
01/13 29 38 33 27 22 22 22 32 27 33 29 57 42 47 45 53 42 43 36 26 22 20 19 20
]
PM10
01/14 23 22 22 15 18 15 22 21 22 26 24 24 28 1000# 55 73 57 59 41 45 51 53 51 50
]
PM10
01/15 52 57 51 52 62 80 84 84 88 100 86 75 57 56 83 81 70 70 56 52 47 30 21 23
]
PM10
01/16 26 27 24 20 24 23 15 19 13 20 20 12 19 19 26 21 14 17 21 17 14 15 10 15
]
PM10
01/17 10 12 11 9 10 14 20 21 32 29 37 32 32 30 35 40 43 64 73 65 53 57 53 57
]
PM10
01/18 51 46 44 41 41 38 33 36 36 31 32 31 36 37 42 37 42 54 61 59 46 39 44 47
]
PM10
01/19 62 70 76 85 82 73 84 88 101 108 90 79 76 72 58 70 74 83 96 108 114 99 89 76
]
PM10
01/20 53 86 83 89 76 95 106 147 136 79 67 59 77 75 87 88 105 101 98 91 74 66 59 37
]
PM10
01/21 30 29 41 42 35 35 26 32 27 29 29 25 28 42 1000# 40 40 36 30 37 46 43 35 30
]
PM10
01/22 27 24 35 35 36 37 36 47 50 50 52 51 55 56 59 59 55 64 57 56 53 54 48 44
]
PM10
01/23 44 56 56 50 43 40 42 47 55 58 52 1000# 60 68 75 74 74 66 67 68 77 65 59 57
]
PM10
01/24 53 48 46 43 41 43 43 45 61 70 58 52 54 65 63 69 64 77 76 80 79 67 61 60
]
PM10
01/25 49 49 44 39 38 39 44 42 49 48 53 71 62 72 74 85 94 76 86 80 76 74 70 64
]
PM10
01/26 59 56 46 49 42 44 34 41 44 48 56 65 60 61 66 64 50 42 34 38 31 35 28 27
]
PM10
01/27 23 26 23 26 23 24 26 26 29 25 27 32 29 21 20 24 23 24 28 29 26 31 30 31
]
PM10
01/28 24 21 23 26 19 24 22 23 32 24 25 41 42 36 36 31 35 31 28 34 34 42 46 40
]
PM10
01/29 42 35 34 29 30 31 31 33 40 28 23 36 40 43 52 46 43 43 47 47 43 48 51 49
]
PM10
01/30 54 46 50 40 41 50 77 92 83 80 80 73 66 61 74 78 84 93 101 117 74 35 27 22
]
PM10
01/31 14 17 19 21 21 30 29 36 62 62 1000# 54 52 47 45 48 42 46 45 54 63 37 25 20
]
PM10
菏代~るG2019/02A 代浮G]摺A 代兜GPM10]gg/m3^
]
PM10
ら戳 00 01 02 03 04 05 06 07 08 09 10 11 12 13 14 15 16 17 18 19 20 21 22 23
]
PM10
02/01 21 17 18 18 16 19 23 23 33 43 40 44 43 45 46 38 23 29 31 38 37 36 36 40
]
PM10
02/02 35 33 40 35 33 36 30 29 37 39 51 63 73 79 81 82 84 90 94 102 95 102 104 102
]
PM10
02/03 79 60 55 42 47 43 47 47 50 53 44 57 61 82 79 73 69 81 82 70 63 82 168 200
]
PM10
02/04 135 60 72 41 51 79 56 33 15 16 36 32 34 17 37 60 56 65 56 74 85 94 94 82
]
PM10
02/05 88 80 95 105 86 70 53 65 61 55 63 75 87 94 90 94 92 102 112 131 113 100 91 95
]
PM10
02/06 90 95 87 74 54 54 59 64 57 57 49 55 63 66 56 55 51 47 51 53 58 66 71 61
]
PM10
02/07 59 50 49 57 54 54 62 66 70 42 28 19 16 1000# 16x 51 63 61 54 57 69 73 62 53
]
PM10
02/08 50 46 39 41 29 22 27 34 46 37 30 21 26 25 31 30 26 31 32 36 34 34 33 40
]
PM10
02/09 28 27 26 26 27 28 22 27 20 21 37 33 29 28 21 42 20 22 21 16 19 17 14 12
]
PM10
02/10 12 13 12 11 13 15 15 13 17 11 22 22 21 27 23 25 31 29 38 34 36 31 32 28
]
PM10
02/11 33 32 37 25 12 9 9 13 11 18 13 20 21 21 23 19 17 23 20 18 16 15 17 21
]
PM10
02/12 16 12 14 10 8 10 9 17 22 31 23 28 35 36 30 32 33 35 33 30 44 41 33 39
]
PM10
02/13 44 50 40 26 38 46 41 40 30 27 33 31 1000# 31 33 34 30 27 23 21 32 33 30 31
]
PM10
02/14 28 36 34 22 18 24 24 30 24 28 31 37 43 44 48 56 54 49 45 0* 46 52 50 45
]
PM10
02/15 42 44 46 30 26 28 23 31 31 29 32 35 57 58 60 62 71 60 73 75 77 76 74 75
]
PM10
02/16 69 95 88 94 94 92 67 45 34 32 49 44 44 38 36 28 21 20 38 68 34 20 39 9
]
PM10
02/17 15 15 18 16 13 16 17 13 12 16 12 12 12 24 35 27 32 25 21 24 18 19 24 14
]
PM10
02/18 13 20 20 9 15 16 19 18 17 18 16 30 21 20 20 24 34 41 51 48 70 72 79 73
]
PM10
02/19 51 23 5 11 16 11 20 24 39 56 36 44 48 44 39 39 43 42 49 47 54 58 77 63
]
PM10
02/20 73 76 51 44 50 37 49 53 90 97 92 91 115 89 1000# 99 123 113 99 81 105 105 104 99
]
PM10
02/21 90 132 114 113 107 130 93 65 48 50 53 55 50 44 36 45 49 47 26 16 16 32 29 34
]
PM10
02/22 35 54 49 41 33 38 24 25 28 18 27 34 36 39 32 29 12 13 10 11 13 17 15 19
]
PM10
02/23 18 24 25 27 25 17 22 21 21 15 28 35 35 29 23 24 20 23 21 24 20 19 15 13
]
PM10
02/24 15 14 19 18 12 12 15 14 12 16 11 15 14 13 9 11 11 17 18 21 20 26 23 22
]
PM10
02/25 21 16 19 20 16 16 15 20 25 18 23 27 26 25 25 26 41 44 40 37 35 32 21 33
]
PM10
02/26 23 36 40 35 34 32 34 35 28 31 34 42 1000# 42 37 46 58 50 49 49 49 48 50 51
]
PM10
02/27 45 50 54 54 71 68 63 57 68 64 61 43 42 46 38 28 23 29 57 44 36 33 38 35
]
PM10
02/28 34 38 52 57 104 101 104 79 59 63 61 55 39 30 24 23 21 20 35 26 27 28 27 25
]
PM10
菏代~るG2019/03A 代浮G]摺A 代兜GPM10]gg/m3^
]
PM10
ら戳 00 01 02 03 04 05 06 07 08 09 10 11 12 13 14 15 16 17 18 19 20 21 22 23
]
PM10
03/01 23 25 29 28 24 29 29 27 23 20 35 44 43 45 41 41 56 63 62 73 76 80 78 71
]
PM10
03/02 62 65 70 74 81 72 60 43 48 59 66 119 100 94 94 113 128 133 140 159 158 141 136 129
]
PM10
03/03 136 120 124 146 169 150 137 143 141 122 17 10 7 7 9 13 9 8 14 21 31 36 38 41
]
PM10
03/04 42 43 43 37 33 30 34 28 25 24 31 35 38 1000# 52 52 49 45 43 43 40 36 38 33
]
PM10
03/05 35 33 25 29 37 34 36 37 38 32 37 42 46 53 62 74 77 50 19 11 6 3 13 8
]
PM10
03/06 4 5 7 7 7 7 16 14 17 12 24 1000# 29 32 21 19 21 27 24 30 19 12 10 16
]
PM10
03/07 14 12 13 12 15 11 13 15 19 20 23 22 51 49 45 54 71 75 56 47 40 37 37 35
]
PM10
03/08 35 30 22 27 19 17 18 14 20 21 15 13 17 7x 1000# 24 23 29 25 30 25 32 27 32
]
PM10
03/09 30 20 15 13 10 6 10 10 11 9 7 8 13 10 14 16 12 9 9 5 6 8 11 19
]
PM10
03/10 27 12 10 10 9 9 11 15 17 19 17 23 26 20 20 14 10 11 15 21 19 19 19 14
]
PM10
03/11 16 17 22 32 43 52 52 40 42 38 39 39 41 42 41 33 31 32 28 35 41 39 33 37
]
PM10
03/12 35 35 35 27 25 32 30 36 25 24 34 50 53 1000# 53 52 51 60 64 70 59 55 54 43
]
PM10
03/13 43 39 38 42 33 42 42 45 50 53 53 54 44 50 42 44 45 47 59 60 45 46 53 42
]
PM10
03/14 42 38 35 34 35 36 50 59 66 81 78 81 74 85 79 77 83 68 63 55 53 44 43 45
]
PM10
03/15 38 31 21 14 9 8 7 16 17 18 27 28 26 29 24 27 22 29 28 32 31 34 19 20
]
PM10
03/16 25 19 17 15 14 14 19 18 25 44 33 29 44 46 41 47 43 53 53 62 60 64 63 49
]
PM10
03/17 55 53 49 46 51 48 49 50 57 66 72 64 44 44 48 53 46 39 39 42 45 49 54 51
]
PM10
03/18 53 51 46 54 45 43 43 52 59 67 68 79 55 57 1000# 56 69 75 78 88 85 74 66 62
]
PM10
03/19 62 64 59 49 56 51 58 53 44 68 61 72 60 67 59 53 56 64 63 65 73 58 57 58
]
PM10
03/20 61 56 57 52 50 49 59 75 91 87 76 80 85 84 83 77 70 54 43 46 41 37 32 32
]
PM10
03/21 31 32 31 31 36 35 41 52 37 51 40 45 47 53 59 52 42 31 43 38 40 43 38 35
]
PM10
03/22 43 42 55 53 60 61 83 80 70 73 77 79 73 59 58 54 42 40 35 35 29 28 24 26
]
PM10
03/23 13 19 21 21 17 12 13 17 14 19 20 18 18 27 23 21 21 22 25 20 22 23 24 19
]
PM10
03/24 17 23 22 20 13 13 15 18 22 19 21 21 21 19 23 24 26 32 35 32 37 38 40 39
]
PM10
03/25 33 29 30 24 32 50 43 47 44 32 24 27 27 15 13 11 20 29 40 37 43 47 50 43
]
PM10
03/26 41 42 38 28 23 23 28 29 25 23 34 39 33 1000# 47 49 50 54 59 56 54 56 50 49
]
PM10
03/27 45 44 44 48 39 38 47 68 62 63 63 56 55 50 27 26 28 27 34 36 31 40 50 40
]
PM10
03/28 54 66 71 71 64 53 50 47 39 22 26 28 33 36 47 36 39 42 44 41 30 28 32 34
]
PM10
03/29 28 25 25 26 28 31 29 31 32 28 44 45 42 47 48 46 51 49 55 61 61 42 14 12
]
PM10
03/30 6 9 17 14 18 26 18 16 13 13 12 24 41 47 53 45 45 46 41 32 31 33 38 32
]
PM10
03/31 31 26 34 38 35 23 30 46 52 40 32 53 54 67 53 40 35 30 33 23 18 18 18 28
]
PM10
菏代~るG2019/04A 代浮G]摺A 代兜GPM10]gg/m3^
]
PM10
ら戳 00 01 02 03 04 05 06 07 08 09 10 11 12 13 14 15 16 17 18 19 20 21 22 23
]
PM10
04/01 22 20 14 14 15 11 11 13 12 8 12 11 17 1000# 12 15 14 16 19 20 18 20 18 25
]
PM10
04/02 20 22 18 19 26 25 26 35 29 34 42 38 38 44 46 36 46 44 44 44 45 49 44 45
]
PM10
04/03 40 46 50 63 51 33 27 30 38 37 36 30 41 56 41 45 38 29 39 45 44 47 47 49
]
PM10
04/04 49 37 37 40 46 41 45 31 21 20 31 37 43 42 47 44 30 28 22 23 29 25 24 28
]
PM10
04/05 30 36 35 30 37 38 38 53 47 53 52 52 33 39 24 16 16 29 39 35 36 37 41 41
]
PM10
04/06 37 33 32 35 34 47 47 32 21 43 58 31 33 24 31 38 39 43 42 45 43 56 65 60
]
PM10
04/07 58 78 82 81 69 59 56 49 53 48 52 47 49 48 49 53 61 56 62 58 67 74 73 71
]
PM10
04/08 61 58 58 59 62 64 63 56 59 57 45 40 49 45 45 43 41 33 47 51 63 55 51 48
]
PM10
04/09 46 48 52 49 56 54 55 52 51 46 41 43 44 52 41 35 45 40 46 34 34 39 27 24
]
PM10
04/10 29 33 32 36 29 25 17 28 30 43 51 44 34 1000# 24 29 54 51 46 50 42 33 26 15
]
PM10
04/11 12 17 20 18 18 14 17 21 30 40 37 43 47 43 43 18 10 12 14 9 8 5 16 12
]
PM10
04/12 10 10 11 15 30 26 34 32 30 27 27 30 25 28 25 31 27 27 28 32 31 34 27 26
]
PM10
04/13 30 34 31 34 33 34 38 34 28 26 32 30 28 47 32 20 27 40 24 28 26 26 25 32
]
PM10
04/14 33 43 49 50 47 40 50 35 35 31 31 31 27 21 18 19 25 26 22 24 30 20 13 41
]
PM10
04/15 36 34 30 38 41 44 47 47 43 46 45 44 36 1000# 39 32 29 26 39 39 41 37 36 41
]
PM10
04/16 26 35 35 32 29 20 21 21 19 15 12 11 7 9 11 13 16 13 38 51 59 58 50 53
]
PM10
04/17 54 42 46 44 39 34 33 32 23 17 11 22 25 35 30 36 34 41 45 52 50 50 47 39
]
PM10
04/18 35 32 31 35 44 70 73 84 70 61 55 53 45 54 49 45 44 44 45 52 46 47 45 38
]
PM10
04/19 38 38 37 37 39 29 26 32 NA NA 46 47 53 57 60 53 43 49 65 56 43 51 54 58
]
PM10
04/20 17 14 20 34 29 26 23 31 14 19 23 34 37 38 44 37 40 44 43 46 45 12 14 13
]
PM10
04/21 12 9 10 10 7 8 9 11 13 14 14 10 13 15 19 15 6 11 15 18 17 14 15 17
]
PM10
04/22 13 17 11 13 20 21 21 21 25 23 28 26 19 32 27 28 27 24 29 24 30 24 22 20
]
PM10
04/23 20 24 31 31 33 32 25 21 20 29 27 25 25 1000# 24 20 23 21 28 20 27 22 18 10
]
PM10
04/24 14 13 19 15 18 17 23 15 24 25 29 30 32 28 34 38 34 34 36 34 29 21 16 27
]
PM10
04/25 27 25 26 23 19 20 29 17 19 28 30 34 36 44 38 33 27 29 27 24 17 28 21 27
]
PM10
04/26 26 30 28 26 25 29 28 34 32 36 40 30 30 32 27 21 26 33 39 37 37 47 49 36
]
PM10
04/27 34 28 31 23 21 26 24 23 25 20 26 25 18 25 19 22 30 27 21 26 29 33 30 33
]
PM10
04/28 34 33 24 20 28 29 28 56 80 82 79 81 71 71 56 32 27 32 34 34 38 34 31 28
]
PM10
04/29 34 34 29 29 24 27 29 35 51 55 61 52 28 1000# 26 21 24 28 25 32 33 34 32 37
]
PM10
04/30 31 33 24 21 30 29 36 34 29 31 35 32 25 35 23 23 28 28 32 19 24 21 16 26
]
PM10
菏代~るG2019/05A 代浮G]摺A 代兜GPM10]gg/m3^
]
PM10
ら戳 00 01 02 03 04 05 06 07 08 09 10 11 12 13 14 15 16 17 18 19 20 21 22 23
]
PM10
05/01 16 18 16 11 13 9 11 7 3 3 2 2 3 2 0 2 7 13 12 19 17 17 20 27
]
PM10
05/02 27 23 27 33 35 39 30 47 38 39 48 44 41 42 34 37 34 30 36 39 31 31 22 17
]
PM10
05/03 22 19 13 14 12 28 35 35 39 41 53 56 56 61 54 48 41 52 56 63 51 55 46 48
]
PM10
05/04 40 43 42 40 30 28 33 34 33 43 57 68 65 55 41 45 36 33 39 41 44 43 41 35
]
PM10
05/05 35 39 34 32 31 34 37 36 48 46 43 30 30 35 30 53 36 35 36 43 49 38 30 30
]
PM10
05/06 31 38 39 34 23 23 24 20 13 14 20 14 15 17 20 9 12 13 10 16 18 18 15 10
]
PM10
05/07 8 9 9 6 13 12 13 11 1000* 1000* 1000* 1000* NA 1000* 1000# 23 24 23 20 18 27 23 17 16
]
PM10
05/08 19 13 18 23 20 18 21 26 27 14 13 19 1000# 33 44 33 37 38 42 43 53 37 33 30
]
PM10
05/09 38 47 44 40 32 35 37 33 29 25 19 20 16 16 14 15 19 10 16 18 23 25 24 30
]
PM10
05/10 24 28 24 28 28 29 25 24 15 17 19 23 14 15 15 30 34 36 40 37 36 27 27 29
]
PM10
05/11 29 35 37 31 35 38 39 32 26 29 29 30 35 35 37 42 48 50 42 41 31 31 30 29
]
PM10
05/12 29 28 28 32 33 34 44 60 40 44 53 41 31 34 30 29 38 43 41 41 41 40 34 35
]
PM10
05/13 32 32 36 34 34 44 35 53 67 60 50 1000# 49 40 41 43 35 42 44 57 53 51 52 51
]
PM10
05/14 51 37 30 34 30 28 33 31 30 30 27 35 39 27 23 15 20 17 27 32 41 51 63 57
]
PM10
05/15 42 54 55 56 65 55 46 33 33 30 27 28 12 22 24 28 12 14 28 30 38 42 36 27
]
PM10
05/16 21 24 25 22 21 13 12 11 10 20 21 24 20 19 19 18 16 19 20 23 23 27 26 27
]
PM10
05/17 25 25 23 20 20 19 15 19 25 26 28 20 26 27 16 16 14 16 12 20 25 25 18 21
]
PM10
05/18 19 21 15 13 14 11 11 10 10 24 28 27 31 34 24 20 27 32 32 31 34 12 8 4
]
PM10
05/19 4 16 18 18 19 20 21 19 13 11 18 23 9 14 15 6 9 17 15 17 17 21 23 22
]
PM10
05/20 18 22 21 20 24 21 26 24 24 22 17 1000# 20 14 43 36 29 32 26 28 26 19 24 21
]
PM10
05/21 25 32 29 43 54 64 68 73 70 67 67 61 50 50 57 59 53 61 60 58 51 51 43 48
]
PM10
05/22 44 44 55 54 50 51 52 54 51 46 69 55 51 64 66 69 67 70 65 67 66 64 59 55
]
PM10
05/23 56 55 57 57 55 35 22 22 19 21 20 19 16 17 29 51 78 74 31* 33 72 76 70 57
]
PM10
05/24 55 41 47 34 39 38 32 46 53 45 51 61 51 42 37 29* 32 29 36 35 38 43 61 52
]
PM10
05/25 48 55 48 45 45 42 46 55 52 44 34 45 41 28 25 29 23 27 21 25 34 29 28 29
]
PM10
05/26 26 21 25 25 21 28 27 26 23 25 38 37 31 31 31 27 36 45 44 39 39 44 31 33
]
PM10
05/27 51 37 35 37 41 24 14 17 34 34 29 22 17 20 11 22 12 9 8 16 16 19 15 19
]
PM10
05/28 14 21 21 21 19 20 20 21 15 17 5 3 0 0 0 14 24 29 39 43 27 24 30 30
]
PM10
05/29 29 31 31 32 29 34 30 33 34 33 39 40 38 43 1000# 30 33 30 25 26 24 22 27 22
]
PM10
05/30 18 21 20 19 18 20 24 21 23 23 35 40 33 27 27 25 28 30 36 37 44 42 42 37