彰化
O3
01/01 16 19 23 25 27 27 26 26 26 28 33 38 39 40 40 38 33 26 23 24 25 20 20 22
彰化
O3
01/02 23 27 28 28 28 26 20 17 12 14 21 24 26 28 27 27 21 13 11 13 12 11 10 13
彰化
O3
01/03 14 10 13 20 17 20 18 15 19 18 20 18 21 26 22 23 15 11 14 13 8.2 4.8 2.3 1.2
彰化
O3
01/04 1.4 2.4 3.8 4.5 3.4 1.5 3.5 3.6 6.8 18 43 58 54 54 37 31 26 23 18 12 4.1 2.6 2.1 2.6
彰化
O3
01/05 8.6 6.5 2.7 6.3 7.1 1.9 1.4 3.6 8.3 14 20 27 39 44 36 22 19 21 11 8.1 5.3 4.4 1.8 1.3
彰化
O3
01/06 1.2 2.4 8.8 9.2 8.1 6.2 5.5 6.6 10 18 21 26 32 37 40 38 36 29 26 21 20 17 19 20
彰化
O3
01/07 20 17 13 8.8 11 17 9.1 8.9 10 19 25 33 37 48 52 46 40 33 31 35 32 28 26 27
彰化
O3
01/08 31 29 30 32 33 28 25 21 21 21# 24 26 30 29 35 38 34 24 20 20 19 20 19 19
彰化
O3
01/09 18 21 24 25 23 24 21 16 16 17 20 26 41 51 49 49 42 35 32 25 21 13 10 9.2
彰化
O3
01/10 11 18 20 19 18 16 13 16 18 17 20 23 29 31 31 26 24 20 19 16 14 13 12 10
彰化
O3
01/11 7.5 16 22 17 14 7.6 2.1 3.8 6.7 12 14 30 35 25 19 17 13 5.2 4 2.3 1.3 1.4 1.4 1.2
彰化
O3
01/12 1.2 1.2 1.2 1.2 1.3 1.3 3.4 3.8 6.1 8.5 14 25 34 39 37 41 28 12 4 2.2 2 1.9 1.7 1.8
彰化
O3
01/13 6.1 6.9 8.9 14 15 17 17 18 20 23 28 36 38 42 42 35 26 20 16 16 16 17 17 19
彰化
O3
01/14 20 23 25 27 28 28 21 15 17 20 25 30 39 51 51 46 40 35 29 26 28 26 31 33
彰化
O3
01/15 31 31 34 32 29 24 16 8.5 12 16# 24 26 35 43 41 38 36 29 30 33 31 28 29 34
彰化
O3
01/16 34 38 38 39 38 41 39 29 28 27 27 29 32 31 33 32 28 23 18 15 19 20 25 25
彰化
O3
01/17 26 27 28 29 32 30 27 25 27 31 31 33 35 38 37 34 28 23 20 20 21 23 28 32
彰化
O3
01/18 33 32 32 29 25 17 8.1 4.3 6.1 5.9 12 29 36 52 50 51 46 28 36 36 37 35 18 13
彰化
O3
01/19 17 22 30 35 35 12 6.2 6.1 14 25 37 47 52 55 54 46 43 35 19 26 18 8 2.7 1.6
彰化
O3
01/20 1.4 16 25 24 23 14 5.4 10 13 16 20 31 43 46 45 36 29 21 19 22 22 28 34 40
彰化
O3
01/21 41 45 44 44 44 40 35 30 29 31 30 31 34 38 37 34 31 26 24 24 24 27 28 32
彰化
O3
01/22 33 36 39 41 43 39 37 29 30 34 34 33# 39 41 41 40 35 29 27 30 32 31 34 36
彰化
O3
01/23 39 41 43 41 39 32 26 17 20 23 32 45 56 67 66 62 57 47 42 36 22 16 9.6 7.1
彰化
O3
01/24 18 11 5.3 7.6 6.2 3.2 3.3 8.7 21 37 44 52 61 67 66 61 56 48 39 34 27 18 7.6 2.8
彰化
O3
01/25 1.4 1.4 1.3 1.3 1.3 3.4 6.7 8.4 12 20 27 36 60 71 72 72 68 60 49 39 32 28 24 28
彰化
O3
01/26 35 41 42 44 46 45 46 41 38 43 43 47 50 51 50 48 44 40 36 36 37 37 37 38
彰化
O3
01/27 37 37 36 36 36 35 33 30 30 33 35 40 45 48 47 45 41 35 30 24 14 9.9 11 7.1
彰化
O3
01/28 4.9 2.3 5.7 3.6 1.3 1.8 2.4 5.7 12 12 20 43 40 49 40 39 33 27 22 20 13 5.9 1.9 1.3
彰化
O3
01/29 6.2 2.4 2.9 1.2 1.1 4.5 4.8 5.3 12 16 25 31 41 53 54 52 46 39 37 32 25 17 15 21
彰化
O3
01/30 13 9.7 21 29 33 28 24 17 15 19 29 30 35 43 46 49 44 24 11 1.5 1.4 1.5 1.4 1.6
彰化
O3
01/31 1.6 1.8 1.5 2 6.9 14 7.9 10 31 26 34 55 77 74 68 66 49 44 39 41 36 23 21 34
彰化
O3
監測年月：2019/02， 測站：彰化， 測項：O3（ppb）
彰化
O3
日期 00 01 02 03 04 05 06 07 08 09 10 11 12 13 14 15 16 17 18 19 20 21 22 23
彰化
O3
02/01 42 41 40 40 39 38 36 32 31 33 34 36 37 36 36 32 25 20 19 18 15 14 15 12
彰化
O3
02/02 14 18 10 12 14 11 7.3 5.5 11 19 39 49 51 55 44 48 51 49 44 40 37 30 29 18
彰化
O3
02/03 9.2 13 9.2 6.9 7.5 16 17 15 29 31 46 57 67 82 78 59 55 47 33 34 30 28 30 13
彰化
O3
02/04 6.5 13 16 3.5 6 13 14 9.6 14 18 24 33 45 53 54 49 40 31 26 25 25 25 26 25
彰化
O3
02/05 27 26 27 28 30 30 27 23 23 24 32 48 58 59# 56 39 30 36 37 36 33 31 27 30
彰化
O3
02/06 28 27 29 24 18 13 12 15 29 37 42 51 54 54 51 55 49 49 49 44 28 30 24 22
彰化
O3
02/07 19 17 16 15 12 12 20 16 16 38 45 47 48 49 48 55 67 52 41 32 22 8.4 18 33
彰化
O3
02/08 31 33 32 28 25 22 20 20 24 32 38 43 46 46 48 46 40 32 29 26 25 23 25 12
彰化
O3
02/09 9.6 13 11 14 15 19 24 24 23 28 32 33 33 28 28 28 27 21 19 18 21 23 21 23
彰化
O3
02/10 22 23 25 25 24 24 23 23 24 25 24 32 36 38 41 41 38 31 26 22 20 19 19 20
彰化
O3
02/11 19 18 19 20 21 26 26 22 25 27 30 33 37 39 39 35 30 23 19 15 14 14 14 15
彰化
O3
02/12 14 12 16 20 19 15 13 12 16 27 32 37 44 50 50 48 45 39 33 34 28 24 19 14
彰化
O3
02/13 4.3 8.2 13 18 13 20 9.6 6.7 11 15 20 28 39 42 43 44 41 25 18 17 19 19 19 21
彰化
O3
02/14 19 19 13 15 21 22 17 15 21 28 36 39 46 49 46 46 41 28 22 20 19 17 19 21
彰化
O3
02/15 16 17 22 18 14 12 13 5.4 10 25 38 54 60 56 57# 49 40# 30 16 20 11 9.2 3.2 1.4
彰化
O3
02/16 2.5 23 22 17 15 10 6.2 6.6 10 19 39 34 51 55 54 45 36 28 20 18 19 20 21 24
彰化
O3
02/17 26 28 28 30 31 27 28 27 26 31 38 41 49 52 52 49 42 35 30 26 24 25 28 26
彰化
O3
02/18 21 21 15 13 13 16 11 6 9.2 13 30 32 38 40 40 37 36 28 20 14 13 6.7 2.8 3.7
彰化
O3
02/19 3.8 31 30 26 20 10 3.1 2.2 4.6 10 7.7 20 32 33 41 47 45 33 13 5.2 2 1.6 1.3 1.8
彰化
O3
02/20 2 1.4 1.2 1.2 1.2 5.4 13 6.7 8.9 20 35 51 31 37 41 47 41 28 12 16 12 11 13 15
彰化
O3
02/21 9.4 9.7 7.6 6.5 10 16 9.2 9.2 14 16 13 21 32 37 36 32 31 26 23 25 18 18 13 9.2
彰化
O3
02/22 20 41 40 36 32 26 17 23 31 26 31 32 43# 46 46# 42 32# 29 24 23 22 21 20 24
彰化
O3
02/23 32 35 38 39 37 34 30 24 22 27 39 43 41 39 36 32 25 21 24 23 24 22 24 24
彰化
O3
02/24 23 22 21 23 24 26 22 19 17 17 16 20 23 25 27 23 19 18 22 18 17 21 23 27
彰化
O3
02/25 28 28 33 34 36 36 26 27 34 41 44 45 49 55 57 60 55 45 33 24 21 21 23 28
彰化
O3
02/26 26 28 30 30 29 23 19 13 17 23 27 33 43 56 61 59 46 46 41 36 34 28 21 17
彰化
O3
02/27 11 7.8 11 33 44 46 46 35 25 25 49 56 59 59 61 56 51 44 40 26 15 5.5 20 30
彰化
O3
02/28 26 21 7.8 24 28 24 17 13 18 27 34 45 42 45 46 42 38 32 28 21 18 16 17 20
彰化
O3
監測年月：2019/03， 測站：彰化， 測項：O3（ppb）
彰化
O3
日期 00 01 02 03 04 05 06 07 08 09 10 11 12 13 14 15 16 17 18 19 20 21 22 23
彰化
O3
03/01 20 22 28 30 25 15 16 17 26 31 37 45 57 58 54 46 42 35 29 29 30 27 29 25
彰化
O3
03/02 19 17 14 12 10 6.5 4 7.9 18 29 37 38 40 40 48 55 52 41 35 32 24 30 39 33
彰化
O3
03/03 26 3.3 6 5.2 15 5.4 5.7 17 25 36 37 40 38 36 31 29 26 24 13 11 5 24 26 20
彰化
O3
03/04 22 26 31 28 25 19 14 16 22 30 37 49 62 71 74 71 62 52 38 26 18 11 8.2 15
彰化
O3
03/05 11 8.4 4.5 2.5 7.1 18 13 4.6 9.7 29 42 59 73 80 76# 66 57 49 44 46 43 37 32 29
彰化
O3
03/06 26 23 33 30 27 23 26 22 15 22 32 35 40 40 43 47 41 34 32 34 34 25 20 18
彰化
O3
03/07 25 30 34 43 43 41 40 30 34 36 32# 28 31 34 37 31 33 38 41 36 37 43 43 46
彰化
O3
03/08 47 47 49 48 46 39 34 13 19 19 11 17 24 21 24 32 30 20 17 14 14 14 13 6.7
彰化
O3
03/09 4.4 9.4 24 25 10 21 9.7 6.6 4.1 18 15 14 21 23 16 10 11 14 16 26 24 22 17 4.7
彰化
O3
03/10 5.6 36* 36 39 42 45 41 31 27 29 36 42 38 36 30 26 26 20 16 10 11 10 8.7 4.5
彰化
O3
03/11 2.2 6.6 9.7 11 13 9.8 26 20 16 15 12 11 24 34 33 30 28 23 15 6.4 6.5 11 7.1 9.1
彰化
O3
03/12 10 11 9.3 5.5 2.5 6.4 4.5 4.8 14 35 57 60 64 84 82 76 68 62 55 46 28 22 18 13
彰化
O3
03/13 15 20 30 36 30 20 11 11 29 45 61 78 78 82 79 73 82 72 47 37 35 17 17 24
彰化
O3
03/14 14 30 34 25 21 16 16 22 19 41 47 48 64 64 56 64 60 52 52 49 42 43 43 45
彰化
O3
03/15 43 42 40 42 45 41 35 32 35 31 38 48 49 50 48 42 39 39 38 43 40 31 27 24
彰化
O3
03/16 20 13 14 9.5 10 6.1 4.2 5.9 14 35 48 54 61 68 66 67 66 64 57 59 49 35 13 7.4
彰化
O3
03/17 12 11 8.7 11 21 11 13 21 25 32 40 43 44 52 53 53 52 54 48 42 40 37 29 21
彰化
O3
03/18 19 11 13 12 13 5.5 8.5 8 16 26 29 30 35 48 55 53 42 38 30 27 16 1.6 1.4 1.4
彰化
O3
03/19 2.8 2.6 2.2 9.9 6.7 2.2 3.5 12 26 37 51 59 66 72 76 74 70 58 46 37 24 18 18 12
彰化
O3
03/20 9.9 7.2 10 10 6.9 8.6 8.3 6.3 22 32 37 53# 63# 66 63 56 56 48 34 17 13 15 13 10
彰化
O3
03/21 8.3 4.3 3.1 3.7 4.9 7.7 5.6 8.4 16 24 28 36 39 44 47 29 24 18 9.9 15 9.3 13 12 7.2
彰化
O3
03/22 8 7.2 5.4 4.1 2.7 15 19 18 20 22 32 38 52 58 62 56 46 37 28 24 24 24 23 27
彰化
O3
03/23 25 29 29 31 32 33 31 28 25 29 32 33 32 38 33 30 32 32 31 33 38 39 39 40
彰化
O3
03/24 40 40 43 41 36 37 31 21 18 18 16 19 16 17 15 14 20 16 10 3.1 7 8.2 4.5 1.8
彰化
O3
03/25 6.7 11 6.4 2.1 3.7 8.2 19 14 5.3 4.2 7.3 6.7 7.1 34 27 21 12 11 20 20 8 6.8 6.1 21
彰化
O3
03/26 35 41 41 33 24 20 17 18 22 28 38 49 58 66 72 65 58 53 49 45 38 30 18 8.9
彰化
O3
03/27 12 13 9.6 10 7.2 4 5.7 7.6 22 38 62 75 78 71 66 63 58 51 54 52 43 36 29 26
彰化
O3
03/28 24 27 22 18 25 22 16 14 30 34 39 41 42 40 38 36 38 35 28 25 21 19 20 20
彰化
O3
03/29 21 18 15 11 9.8 12 10 14 22 31 33 37 39 40 41 40 41 40 37 38 36 38 46 47
彰化
O3
03/30 44 39 35 27 31 40 30 24 24 27 42 54 59 73 70 64 61 57 46 38 26 22 23 19
彰化
O3
03/31 16 20 23 24 24 14 22 35 33 38 55 60 70 76 73 66 58 49 44 42 38 37 40 44
彰化
O3
監測年月：2019/04， 測站：彰化， 測項：O3（ppb）
彰化
O3
日期 00 01 02 03 04 05 06 07 08 09 10 11 12 13 14 15 16 17 18 19 20 21 22 23
彰化
O3
04/01 41 40 42 42 43 40 34 26 21 24 24 25# 27 33 36 33 28 25 23 19 14 15 12 14
彰化
O3
04/02 7.5 2.3 1.3 1.7 1.3 3.4 2.5 3.4 6.5 8.5 18 42 57 69 71 57 50 47 40 28 31 24 17 27
彰化
O3
04/03 36 44 41 36 35 33 35 30 27 29 35 38 40 43 42 46 47 44 44 38 27 27 30 22
彰化
O3
04/04 12 8.4 9.9 9 12 9.2 7.2 7.9 21 31 43 44 52 53 55 49 45 47 44 40 38 34 28 24
彰化
O3
04/05 22 27 22 34 29 33 34 37 37 38 43 48 55 56 57 58 56 48 39 28 22 8.1 3.9 4.1
彰化
O3
04/06 2.7 2.8 1.7 1.4 1.9 3.5 4.9 12 30 49 62 66 79 70 73 69 71 64 55 52 53 45 36 33
彰化
O3
04/07 35 34 29 23 22 36 43 50 56 60 61 61 64 72 71 72 71 69 71 60 46 37 29 32
彰化
O3
04/08 38 41 43 53 48 37 41 43 55 50 57 64 64 62 57 53 49 34 28 26 21 14 13 16
彰化
O3
04/09 17 20 20 22 20 21 19 24 39 42 41 48 45 44 35 30 21# 20 19 18 17 17 15 15
彰化
O3
04/10 15 13 11 11 11 6 8.6 14 17 22 28 35 38 38 35 33 31 24 20 18 19 18 16 15
彰化
O3
04/11 16 9.4 9.5 18 21 19 15 12 23 28 32 37 41 45 41 39 40 35 34 32 29 28 20 32
彰化
O3
04/12 36 29 27 33 30 31 29 26 30 35 44 53 64 63 63 58 51 43 35 30 27 24 24 22
彰化
O3
04/13 16 18 13 14 24 24 22 30 42 42 44 48 59 50 45 41 33 30 17 9.9 16 20 18 8.9
彰化
O3
04/14 12 36 32 27 24 14 11 14 24 29 39 47 52 51 47 48 50 47 45 37 35 34 31 33
彰化
O3
04/15 32 46 52 53 51 51 46 39 41 45 43 45 46 46 45 41 34 28 26 23 23 18 12 9.5
彰化
O3
04/16 7.6 6.4 6.6 22 46 42 30 24 22 17 16 12 13 13 14 9.4# 7.4 4.1 1.8 7.7 29 29 21 13
彰化
O3
04/17 29 27 35 32 36 36 34 30 32 45 60 65 73 76 72 68 67 58 51 38 25 20 19 17
彰化
O3
04/18 16 13 15 15 12 17 19 30 48 59 72 72 74 71 64 63 56 52 36 24 20 11 6.4 15
彰化
O3
04/19 12 5.9 18 28 32 31 31 24 30 41 43 44 38 52 54 50 45 40 29 18 22 35 25 27
彰化
O3
04/20 33 37 36 22 14 9.7 18 19 32 43 38 40 50 49 46 47 46 35 33 29 38 40 34 32
彰化
O3
04/21 27 20 53 47 45 41 33 26 24 21 21 27 33 35 31 28 17 13 8.5 5.4 9.9 11 13 12
彰化
O3
04/22 11 8.6 6.9 11 10 10 12 21 24 26 31 34 36 38 40 29 24 18 16 17 13 11 11 10
彰化
O3
04/23 13 16 9.8 7.8 6.3 6.2 8.3 14 20 28 37 45 44 40 34 27 21 20 21 17 19 17 13 13
彰化
O3
04/24 14 13 13 12 4.8 2.5 5.5 15 20 24 21 27 31 31 27 27 25 21 17 16 14 13 13 12
彰化
O3
04/25 11 12 10 7.1 6.2 9 10 17 23 27 33 34 32 28 27 27 26 22 17 15 6.3 5.6 4.7 4.1
彰化
O3
04/26 6.8 9.5 9.9 9 6.6 7.9 8.1 13 24 28 58 73 73 81 75 61 63 54 47 40 40 33 31 31
彰化
O3
04/27 30 24 17 20 11 11 18 21 31 43 53 68 74 73 73 70 61 54 46 40 35 33 29 26
彰化
O3
04/28 21 15 12 13 7.9 7.9 18 26 35 42 43 51 61 61 53 53 54 46 40 31 27 18 26 14
彰化
O3
04/29 11 11 6.8 6.7 9.3 16 15 21 33 43 50 55 57 50 55 46 38 39 39 36 34 30 20 19
彰化
O3
04/30 18 25 24 21 15 14 13 20 23 31 30 27# 29 30 28 27 26 24 18 16 16 14 13 12
彰化
O3
監測年月：2019/05， 測站：彰化， 測項：O3（ppb）
彰化
O3
日期 00 01 02 03 04 05 06 07 08 09 10 11 12 13 14 15 16 17 18 19 20 21 22 23
彰化
O3
05/01 12 12 15 16 14 16 24 24 30 31 33 33 36 38 34 39 39 33 27 26 28 31 27 22
彰化
O3
05/02 24 28 25 21 17 15 14 10 12 21 17 20 26 32 30 20 17 20 22 12 12 9 6.9 7.5
彰化
O3
05/03 4 9.8 33 31 34 33 30 12 14 32 45 55 66 69 72 71 64 55 44 39 30 22 18 17
彰化
O3
05/04 14 19 34 35 21 3.5 9.7 23 44 49 57 58 63 66 65 67 87 88 85 66 61 43 39 29
彰化
O3
05/05 34 47 42 30 21 16 17 22 28 35 50 55 58 59 60 60 68 62 55 41 35 35 29 29
彰化
O3
05/06 28 30 37 35 38 27 20 18 19 15 15 21 27 22 23 20 17 19 25 25 23 33 33 29
彰化
O3
05/07 30 30 24 30 32 35 38 32 33 39 39 39 38 39 42 40 39 35 31 30 30 23 23 21
彰化
O3
05/08 21 15 7.1 3.1 5.3 3.9 3.2 4.2 7.8 11 17 23 42 41 36 43 41 33 27 23 12 11 14 13
彰化
O3
05/09 14 13 13 12 11 4.6 4 5.9 7.7 14 23 29 25 28 31 31 20 11 8.1 4.3 2.8 6.1 10 3
彰化
O3
05/10 2.8 7.3 9.7 5.9 6.7 3.8 3.5 4.7 12 18 20 36 42 52 59 63 66 56 60 53 45 34 21 14
彰化
O3
05/11 12 9.5 9.6 8.4 4.3 3 7.3 17 25 38 49 58 57 58 61 63 62 55 46 37 29 20 15 14
彰化
O3
05/12 9.3 6.6 10 17 12 12 11 19 33 52 60 60 64 59 54 45 41 39 33 27 18 16 17 14
彰化
O3
05/13 9.8 21 20 21 21 15 15 28 36 45 53 53 56 56 55 51 46 42 41 25 18 10 9.4 11
彰化
O3
05/14 9.6 8.1 5.5 6 11 14 18 22 29 36 39 41 44 41 40 37 33 26 21 19 12 13 16 14
彰化
O3
05/15 15 14 15 10 9.3 6.1 8.4 16 29 42 50 40 35# 34 26 27 30 36 28 20 17 13 20 20
彰化
O3
05/16 15 14 9.9 7.2 8.7 11 11 16 18 16 17 20 24 24 20 16 15 14 9.9 6.2 6.2 6.4 6.6 4
彰化
O3
05/17 4 6.6 8.2 8.9 9.9 12 9.5 6.3 6.8 15 14 19 19 16 11# 16 18 13 9.6 9.2 7.6 6.1 6 6.7
彰化
O3
05/18 6.4 6.5 6.8 11 24 16 14 13 11 16 16 19 20 20 19 21 16 11 14 12 11 9.5 13 15
彰化
O3
05/19 16 17 16 14 13 13 13 15 20 23 24 26 26 23 23 21 22 20 17 10 8.5 9.5 9.1 8.9
彰化
O3
05/20 11 14 16 16 13 17 16 16 22 22 23 21 38 45 43 28 30 23 22 17 21 25 32 30
彰化
O3
05/21 28 23 28 17 20 23 21 19 21 23 29 31 32 41 37 36 43 30 18 24 15 12 17 14
彰化
O3
05/22 7.3 5.4 3.9 3.2 2.7 4 13 25 42 63 69 70 86 86 172# 75# 65 58 52 56 46 37 36 34
彰化
O3
05/23 23 19 12 14 10 25 47 45 37 33 36 39 52 60 69 68 54 58 59 64 74 57 39 32
彰化
O3
05/24 28 28 25 18 17 14 16 27 34 57 68 71 68 65 67 60 48 52 59 56 51 43 51 48
彰化
O3
05/25 40 47 45 45 34 29 33 34 40 51 51 49 47 44 41 40 39 34 36 32 25 28 19 14
彰化
O3
05/26 14 14 13 7.5 8.7 12 14 22 34 48 56 60 62 63 59 57 57 46 40 32 20 16 12 13
彰化
O3
05/27 11 12 13 14 16 19 18 20 36 34 20 20 31 37 36 36 35 31 27 22 16 11 16 16
彰化
O3
05/28 21 17 11 12 13 12 13 13 17 18 17 15 14 11# 14# 103# 18 22# 26 24 26 24 25 27
彰化
O3
05/29 27 30 29 30 32 29 28 26 25 26 33 43 53 58 59 55 50 41 35 32 30 30 33 32
彰化
O3
05/30 30 25 24 21 19 9.1 10 12 28 54 78# 74 77 71 60 55 44 37 27 32 30 23 18 15