彰化
CO
01/01 0.48 0.36 0.29 0.24 0.24 0.24 0.27 0.35 0.42 0.4 0.35 0.36 0.38 0.35 0.33 0.36 0.45 0.48 0.45 0.41 0.4 0.45 0.41 0.37
彰化
CO
01/02 0.33 0.26 0.24 0.23 0.23 0.25 0.34 0.56 0.68 0.55 0.45 0.45 0.45 0.46 0.48 0.44 0.51 0.63 0.63 0.54 0.56 0.52 0.51 0.42
彰化
CO
01/03 0.39 0.41 0.34 0.27 0.29 0.28 0.38 0.57 0.52 0.48 0.48 0.54 0.53 0.49 0.51 0.54 0.55 0.73 0.64 0.7 0.69 0.77 0.78 0.79
彰化
CO
01/04 0.7 0.56 0.5 0.49 0.5 0.53 0.57 0.79 0.8 0.62 0.48 0.48 0.61 0.66 0.57 0.41 0.4 0.53 0.58 0.61 0.69 0.71 0.62 0.54
彰化
CO
01/05 0.44 0.5 0.47 0.38 0.34 0.43 0.46 0.64 0.79 0.78 0.71 0.68 0.61 0.49 0.52 0.61 0.5 0.49 0.56 0.62 0.64 0.63 0.66 0.65
彰化
CO
01/06 0.65 0.63 0.5 0.45 0.44 0.45 0.47 0.55 0.59 0.52 0.5 0.54 0.58 0.54 0.55 0.6 0.62 0.67 0.65 0.65 0.59 0.61 0.54 0.49
彰化
CO
01/07 0.46 0.44 0.45 0.43 0.38 0.38 0.55 0.76 0.82 0.55 0.52 0.5 0.48 0.39 0.39 0.42 0.43 0.58 0.59 0.48 0.48 0.46 0.44 0.38
彰化
CO
01/08 0.32 0.3 0.29 0.26 0.26 0.28 0.34 0.49 0.51 0.44# 0.42 0.42 0.41 0.37 0.36 0.37 0.4 0.53 0.53 0.48 0.5 0.49 0.44 0.4
彰化
CO
01/09 0.37 0.32 0.31 0.3 0.32 0.34 0.42 0.63 0.65 0.6 0.54 0.55 0.49 0.46 0.49 0.5 0.55 0.63 0.65 0.66 0.64 0.75 0.67 0.64
彰化
CO
01/10 0.62 0.54 0.5 0.51 0.51 0.51 0.53 0.61 0.56 0.48 0.48 0.46 0.4 0.37 0.37 0.37 0.4 0.5 0.57 0.55 0.49 0.47 0.48 0.46
彰化
CO
01/11 0.47 0.36 0.29 0.33 0.4 0.44 0.56 0.87 0.81 0.63 0.49 0.47 0.46 0.4 0.44 0.46 0.48 0.58 0.62 0.71 1.05 1.53 1.45 1.02
彰化
CO
01/12 1.09 0.89 0.95 0.81 0.75 0.6 0.39 0.58 0.75 0.7 0.58 0.48 0.41 0.37 0.36 0.42 0.49 0.59 0.67 0.71 0.75 0.8 0.77 0.77
彰化
CO
01/13 0.66 0.62 0.6 0.58 0.57 0.58 0.61 0.68 0.69 0.66 0.64 0.65 0.66 0.62 0.62 0.7 0.83 0.75 0.73 0.67 0.62 0.6 0.56 0.52
彰化
CO
01/14 0.51 0.47 0.44 0.42 0.41 0.41 0.5 0.75 0.69 0.62 0.55 0.57 0.54 0.45 0.44 0.45 0.51 0.61 0.64 0.64 0.55 0.57 0.45 0.38
彰化
CO
01/15 0.36 0.37 0.37 0.41 0.42 0.45 0.57 0.76 0.75 0.67 0.58# 0.53 0.46 0.43 0.41 0.45 0.5 0.62 0.51 0.45 0.48 0.47 0.42 0.35
彰化
CO
01/16 0.33 0.3 0.29 0.3 0.36 0.45 0.56 0.76 0.77 0.69 0.7 0.64 0.58 0.53 0.52 0.55 0.61 0.77 0.82 0.78 0.7 0.62 0.44 0.38
彰化
CO
01/17 0.34 0.31 0.28 0.3 0.31 0.33 0.38 0.54 0.52 0.46 0.45 0.48 0.5 0.46 0.46 0.45 0.49 0.62 0.66 0.62 0.61 0.57 0.5 0.45
彰化
CO
01/18 0.42 0.41 0.39 0.38 0.39 0.4 0.5 0.84 0.78 0.85 0.83 0.66 0.56 0.52 0.59 0.57 0.59 0.75 0.58 0.56 0.51 0.54 0.62 0.61
彰化
CO
01/19 0.57 0.42 0.42 0.42 0.43 0.5 0.65 0.82 0.81 0.76 0.58 0.5 0.48 0.44 0.4 0.44 0.53 0.67 0.78 0.78 0.98 1.1 1.15 1.11
彰化
CO
01/20 1.04 0.62 0.5 0.44 0.39 0.46 0.64 0.62 0.69 0.87 0.72 0.59 0.44 0.5 0.63 0.74 0.86 0.96 0.91 0.82 0.82 0.71 0.59 0.55
彰化
CO
01/21 0.55 0.54 0.53 0.49 0.46 0.41 0.42 0.53 0.57 0.5 0.51 0.54 0.45 0.33 0.31 0.31 0.34 0.46 0.46 0.41 0.4 0.37 0.34 0.29
彰化
CO
01/22 0.29 0.25# 0.25 0.26 0.3 0.31 0.37 0.55 0.55 0.47 0.49 0.52# 0.48 0.46 0.47 0.46 0.53 0.63 0.64 0.57 0.56 0.58 0.5 0.43
彰化
CO
01/23 0.41 0.36 0.35 0.35 0.37 0.42 0.54 0.88 0.83 0.73 0.6 0.52 0.53 0.45 0.44 0.46 0.5 0.63 0.64 0.64 0.77 0.75 0.85 0.75
彰化
CO
01/24 0.58 0.6 0.59 0.53 0.53 0.62 0.68 0.94 0.84 0.61 0.55 0.56 0.5 0.41 0.41 0.43 0.48 0.59 0.63 0.65 0.69 0.78 0.8 0.88
彰化
CO
01/25 0.8 0.76 0.75 0.77 0.81 0.68 0.7 0.88 0.86 0.76 0.71 0.55 0.5 0.48 0.48 0.51 0.6 0.76 0.83 0.76 0.73 0.64 0.61 0.5
彰化
CO
01/26 0.41 0.35 0.35 0.36 0.35 0.36 0.37 0.41 0.42 0.35 0.35 0.34 0.4 0.39 0.4 0.44 0.46 0.4 0.36 0.32 0.29 0.32 0.28 0.23
彰化
CO
01/27 0.21 0.19 0.18 0.17 0.18 0.2 0.24 0.34 0.38 0.34 0.36 0.36 0.29 0.26 0.28 0.29 0.32 0.38 0.41 0.48 0.57 0.54 0.45 0.46
彰化
CO
01/28 0.46 0.47 0.38 0.39 0.47 0.49 0.55 0.64 0.66 0.84 0.64 0.38 0.43 0.54 0.45 0.38 0.35 0.46 0.5 0.51 0.6 0.62 0.7 0.74
彰化
CO
01/29 0.4 0.57 0.46 0.52 0.63 0.59 0.63 0.86 0.83 0.84 0.69 0.52 0.38 0.33 0.33 0.34 0.39 0.49 0.52 0.59 0.62 0.65 0.6 0.46
彰化
CO
01/30 0.45 0.54 0.37 0.3 0.31 0.32 0.4 0.64 0.71 0.62 0.59 0.63 0.6 0.74 0.65 0.6 0.61 0.82 0.97 1.41 1.65 1.57 1.26 1.14
彰化
CO
01/31 1.1 0.91 0.92 0.85 0.58 0.48 0.63 1.4 1.28 1.09 1.03 0.73 0.48 0.38 0.36 0.34 0.61 0.66 0.76 0.56 0.52 0.63 0.53 0.41
彰化
CO
監測年月：2019/02， 測站：彰化， 測項：CO（ppm）
彰化
CO
日期 00 01 02 03 04 05 06 07 08 09 10 11 12 13 14 15 16 17 18 19 20 21 22 23
彰化
CO
02/01 0.44 0.46 0.43 0.38 0.34 0.32 0.35 0.48 0.54 0.53 0.57 0.58 0.56 0.54 0.57 0.6 0.67 0.73 0.71 0.7 0.67 0.68 0.66 0.66
彰化
CO
02/02 0.6 0.57 0.58 0.54 0.53 0.54 0.68 0.99 0.93 0.99 0.88 0.67 0.68 0.71 0.77 0.9 0.67 0.64 0.65 0.66 0.67 0.76 0.69 0.75
彰化
CO
02/03 0.87 0.76 0.76 0.75 0.7 0.64 0.77 1.09 0.76 0.71 0.76 0.36 0.43 0.45 0.48 0.63 0.68 0.82 1.04 0.76 0.68 0.66 0.55 0.99
彰化
CO
02/04 0.93 0.6 0.53 0.92 0.72 0.6 0.6 0.92 0.98 0.98 0.95 0.94 0.83 0.81 0.82 0.89 1 1.04 1.04 1 0.97 0.92 0.86 0.85
彰化
CO
02/05 0.81 0.76 0.72 0.65 0.61 0.66 0.68 0.79 0.81 0.79 0.79 0.75 0.72 0.75 0.74# 0.72# 0.55 0.5 0.35 0.37 0.38 0.41 0.49 0.52
彰化
CO
02/06 0.47 0.44 0.42 0.41 0.46 0.48 0.63 0.72 0.53 0.41 0.41 0.4 0.46 0.46 0.41 0.4 0.46 0.52 0.42 0.5 0.63 0.59 0.65 0.6
彰化
CO
02/07 0.6 0.53 0.55 0.52 0.44 0.47 0.54 0.73 0.77 0.43 0.36 0.26 0.22 0.19 0.22 0.28 0.36 0.4 0.48 0.52 0.63 0.81 0.63 0.47
彰化
CO
02/08 0.47 0.43 0.43 0.44 0.46 0.47 0.52 0.58 0.54 0.47 0.43 0.43 0.4 0.42 0.4 0.38 0.37 0.41 0.39 0.41 0.4 0.38 0.32 0.43
彰化
CO
02/09 0.48 0.42 0.44 0.33 0.33 0.3 0.32 0.45 0.45 0.42 0.42 0.4 0.4 0.41 0.4 0.38 0.38 0.44 0.43 0.43 0.36 0.35 0.34 0.31
彰化
CO
02/10 0.29 0.25 0.22 0.2 0.2 0.21 0.24 0.34 0.32 0.33 0.36 0.34 0.34 0.32 0.32 0.35 0.38 0.43 0.44 0.47 0.45 0.42 0.39 0.32
彰化
CO
02/11 0.3 0.3 0.28 0.25 0.24 0.24 0.3 0.47 0.42 0.36 0.37 0.39 0.38 0.33 0.33 0.33 0.36 0.45 0.49 0.49 0.44 0.42 0.4 0.35
彰化
CO
02/12 0.33 0.31 0.27 0.24 0.24 0.26 0.37 0.58 0.6 0.38 0.35 0.36 0.36 0.32 0.31 0.3 0.35 0.48 0.55 0.47 0.51 0.53 0.53 0.55
彰化
CO
02/13 0.83 0.56 0.44 0.38 0.4 0.32 0.49 0.78 0.65 0.49 0.42 0.41 0.37 0.37 0.35 0.36 0.42 0.55 0.61 0.53 0.46 0.44 0.4 0.36
彰化
CO
02/14 0.34 0.33 0.36 0.33 0.3 0.32 0.41 0.68 0.59 0.45 0.4 0.42 0.38 0.33 0.38 0.42 0.5 0.55 0.6 0.62 0.58 0.57 0.54 0.5
彰化
CO
02/15 0.5 0.44 0.4 0.38 0.4 0.44 0.59 0.87 0.89 0.61 0.49 0.41 0.38 0.43 0.41 0.42# 0.53 0.92 0.98 0.67 0.84 0.94 1.07 1.22
彰化
CO
02/16 1.02 0.43 0.43 0.42 0.42 0.46 0.56 0.64 0.71 0.67 0.57 0.66 0.41 0.36 0.38 0.43 0.47 0.52 0.6 0.56 0.48 0.5 0.48 0.43
彰化
CO
02/17 0.39 0.37 0.38 0.39 0.37 0.37 0.38 0.49 0.52 0.46 0.45 0.45 0.46 0.4 0.37 0.39 0.41 0.42 0.44 0.42 0.4 0.38 0.34 0.33
彰化
CO
02/18 0.34 0.3 0.34 0.34 0.34 0.31 0.45 0.77 0.66 0.73 0.42 0.38 0.34 0.29 0.27 0.33 0.43 0.44 0.54 0.61 0.58 0.63 0.74 0.66
彰化
CO
02/19 0.73 0.3 0.27 0.28 0.3 0.37 0.67 1.29 2.27 2.5 1.72 0.77 0.61 0.52 0.58 0.49 0.42 0.64 0.91 1.08 1.32 1.41 1.21 0.97
彰化
CO
02/20 0.79 0.85 0.81 0.73 0.67 0.52 0.36 0.75 0.8 0.67 0.63 0.65 0.82 0.57 0.49 0.49 0.58 0.68 0.74 0.6 0.61 0.57 0.56 0.52
彰化
CO
02/21 0.54 0.45 0.47 0.49 0.41 0.39 0.5 0.6 0.58 0.58 0.58 0.47 0.46 0.44 0.42 0.44 0.46 0.52 0.49 0.41 0.55 0.46 0.5 0.56
彰化
CO
02/22 0.36 0.34 0.32 0.32 0.32 0.36 0.45 0.54 0.49 0.48 0.41 0.38# 0.36# 0.35# 0.34x 0.34# 0.43 0.54 0.57 0.51 0.5 0.48 0.47 0.39
彰化
CO
02/23 0.33 0.36 0.4 0.43 0.44 0.45 0.53 0.68 0.69 0.63 0.56 0.63 0.64 0.6 0.56 0.56 0.63 0.66 0.58 0.6 0.52 0.54 0.47 0.45
彰化
CO
02/24 0.41 0.38 0.37 0.35 0.34 0.32 0.37 0.4 0.49 0.46 0.52 0.49 0.44 0.46 0.51 0.55 0.61 0.61 0.6 0.6 0.59 0.57 0.53 0.49
彰化
CO
02/25 0.46 0.43 0.4 0.39 0.38 0.37 0.49 0.67 0.55 0.48 0.47 0.44 0.44 0.42 0.37 0.38 0.39 0.49 0.57 0.59 0.54 0.53 0.41 0.33
彰化
CO
02/26 0.32 0.3 0.3 0.3 0.29 0.31 0.44 0.74 0.64 0.56 0.45 0.46 0.45 0.41 0.41 0.49 0.5 0.49 0.45 0.48 0.47 0.48 0.49 0.49
彰化
CO
02/27 0.49 0.45 0.44 0.42 0.42 0.45 0.54 0.85 0.83 0.74 0.59 0.52 0.47 0.35 0.34 0.32 0.37 0.64 0.64 0.75 0.93 1.08 0.77 0.51
彰化
CO
02/28 0.51 0.51 0.56 0.36 0.27 0.31 0.43 0.58 0.62 0.55 0.49 0.39 0.36 0.35 0.37 0.37 0.42 0.48 0.51 0.5 0.49 0.5 0.46 0.38
彰化
CO
監測年月：2019/03， 測站：彰化， 測項：CO（ppm）
彰化
CO
日期 00 01 02 03 04 05 06 07 08 09 10 11 12 13 14 15 16 17 18 19 20 21 22 23
彰化
CO
03/01 0.37 0.33 0.33 0.32 0.32 0.35 0.4 0.52 0.5 0.47 0.45 0.45 0.42 0.38 0.37 0.34 0.4 0.48 0.57 0.51 0.48 0.51 0.5 0.48
彰化
CO
03/02 0.49 0.45 0.45 0.46 0.49 0.5 0.62 0.68 0.62 0.62 0.64 0.93 0.86 0.71 0.58 0.56 0.65 0.74 0.8 0.86 0.89 0.8 0.62 0.73
彰化
CO
03/03 0.67 0.88 0.82 0.83 0.68 0.77 0.86 0.76 0.63 0.32 0.42 0.55 0.5 0.39 0.48 0.52 0.54 0.63 0.87 0.84 0.81 0.51 0.44 0.45
彰化
CO
03/04 0.41 0.31 0.28 0.27 0.31 0.36 0.52 0.72 0.62 0.47 0.47 0.5 0.49 0.47 0.53 0.57 0.66 0.78 0.93 0.98 1 1.03 0.93 0.73
彰化
CO
03/05 0.72 0.76 0.74 0.72 0.64 0.59 0.71 1.03 1.03 0.82 0.7 0.53 0.53 0.63 0.57 0.51# 0.54 0.56 0.59 0.5 0.48 0.51 0.51 0.51
彰化
CO
03/06 0.5 0.48 0.34 0.33 0.34 0.41 0.44 0.68 0.7 0.62 0.48 0.56 0.45 0.45 0.44 0.41 0.44 0.6 0.58 0.48 0.48 0.56 0.56 0.51
彰化
CO
03/07 0.42 0.41 0.38 0.38 0.38 0.39 0.41 0.68 0.55 0.44 0.44 0.47# 0.46 0.41 0.46 0.51 0.54 0.68 0.76 0.78 0.7 0.56 0.53 0.48
彰化
CO
03/08 0.47 0.45 0.44 0.44 0.42 0.45 0.55 0.96 0.87 0.8 0.94 0.75 0.6 0.7 0.76 0.47 0.52 0.65 0.61 0.64 0.6 0.54 0.46 0.59
彰化
CO
03/09 0.54 0.39 0.28 0.3 0.46 0.36 0.52 0.67 0.85 0.53 0.59 0.62 0.53 0.5 0.65 0.63 0.61 0.61 0.62 0.41 0.56 0.77 0.72 1.01
彰化
CO
03/10 0.95 0.34 0.29 0.21 0.18 0.18 0.25 0.45 0.7 0.5 0.37 0.36 0.43 0.42 0.52 0.5 0.47 0.63 0.62 0.66 0.63 0.64 0.56 0.63
彰化
CO
03/11 0.64 0.48 0.44 0.43 0.41 0.43 0.42 0.82 0.84 0.75 0.85 0.75 0.6 0.47 0.55 0.56 0.59 0.78 0.9 1.05 0.92 0.7 0.7 0.55
彰化
CO
03/12 0.5 0.47 0.43 0.44 0.42 0.4 0.59 1.09 1.06 0.88 0.52 0.48 0.61 0.44 0.42 0.45 0.48 0.59 0.7 0.75 1.07 1.08 0.98 0.87
彰化
CO
03/13 0.86 0.67 0.5 0.44 0.47 0.51 0.87 1.25 0.86 0.74 0.6 0.46 0.58 0.45 0.4 0.44 0.42 0.5 1 1.08 1.09 1.38 1.18 0.74
彰化
CO
03/14 0.79 0.59 0.47 0.44 0.45 0.43 0.57 0.78 0.73 0.49 0.43 0.55 0.45 0.47 0.72 0.42 0.41 0.53 0.51 0.49 0.46 0.4 0.33 0.29
彰化
CO
03/15 0.28 0.27 0.27 0.26 0.24 0.24 0.35 0.62 0.49 0.51 0.47 0.46 0.45 0.4 0.43 0.48# 0.49 0.64 0.57 0.46 0.48 0.56 0.52 0.47
彰化
CO
03/16 0.47 0.51 0.43 0.43 0.46 0.54 0.66 0.78 0.75 0.61 0.48 0.46 0.48 0.41 0.37 0.42 0.44 0.45 0.58 0.55 0.7 0.81 0.92 0.87
彰化
CO
03/17 0.74 0.73 0.7 0.68 0.55 0.62 0.63 0.68 0.64 0.61 0.53 0.51 0.52 0.43 0.42 0.41 0.43 0.5 0.52 0.51 0.46 0.48 0.55 0.54
彰化
CO
03/18 0.47 0.51 0.47 0.47 0.47 0.5 0.65 0.93 0.82 0.57 0.55 0.66 0.73 0.6 0.55 0.62 0.86 0.89 1.15 0.97 1 1.5 1.81 1.27
彰化
CO
03/19 1.05 0.89 1.02 0.76 0.61 0.66 0.84 0.95 0.76 0.57 0.5 0.48 0.5 0.45 0.44 0.44 0.49 0.6 0.65 0.66 0.8 0.92 0.83 0.79
彰化
CO
03/20 0.69 0.71 0.7 0.69 0.7 0.68 0.73 0.99 0.74 0.57 0.51 0.49 0.51# 0.41 0.35 0.31 0.33 0.39 0.48 0.36 0.26 0.25 0.24 0.21
彰化
CO
03/21 0.23 0.33 0.33 0.36 0.41 0.41 0.55 0.56 0.42 0.27 0.26 0.25 0.23 0.22 0.25 0.3 0.28 0.34 0.36 0.32 0.33 0.3 0.33 0.4
彰化
CO
03/22 0.33 0.31 0.29 0.29 0.31 0.36 0.43 0.65 0.66 0.66 0.55 0.67 0.39 0.37 0.36 0.4 0.49 0.55 0.57 0.55 0.49 0.47 0.43 0.35
彰化
CO
03/23 0.35 0.29 0.29 0.25 0.23 0.25 0.27 0.39 0.41 0.38 0.38 0.42 0.41 0.32 0.35 0.36 0.34 0.39 0.38 0.34 0.28 0.27 0.24 0.24
彰化
CO
03/24 0.24 0.22 0.21 0.21 0.22 0.22 0.3 0.34 0.41 0.48 0.45 0.41 0.45 0.39 0.42 0.44 0.5 0.62 0.78 0.89 0.83 0.64 0.76 0.82
彰化
CO
03/25 0.68 0.51 0.52 0.63 0.57 0.52 0.49 0.87 0.86 0.86 0.89 0.84 0.88 0.48 0.54 0.68 1.02 0.92 0.83 0.85 1.17 0.99 0.7 0.47
彰化
CO
03/26 0.35 0.28 0.27 0.28 0.34 0.4 0.53 0.67 0.57 0.46 0.43 0.47 0.47 0.46 0.46 0.45 0.48 0.52 0.53 0.55 0.57 0.68 0.71 0.74
彰化
CO
03/27 0.6 0.51 0.52 0.52 0.58 0.65 0.85 1.24 0.85 0.73 0.46 0.43 0.49 0.44 0.38 0.39 0.41 0.47 0.53 0.48 0.56 0.57 0.62 0.5
彰化
CO
03/28 0.53 0.46 0.48 0.43 0.43 0.45 0.61 1.1 0.55 0.41 0.31 0.3 0.28 0.25 0.24 0.29 0.34 0.34 0.27 0.26 0.26 0.28 0.23 0.21
彰化
CO
03/29 0.19 0.2 0.21 0.23 0.24 0.25 0.35 0.41 0.31 0.26 0.28 0.28 0.27 0.27 0.27 0.3 0.33 0.36 0.42 0.39 0.39 0.37 0.26 0.29
彰化
CO
03/30 0.28 0.23 0.25 0.27 0.3 0.33 0.4 0.58 0.61 0.55 0.5 0.41 0.42 0.42 0.36 0.34 0.46 0.51 0.64 0.7 0.79 0.69 0.5 0.53
彰化
CO
03/31 0.48 0.38 0.34 0.35 0.35 0.39 0.42 0.39 0.46 0.51 0.44 0.46 0.43 0.43 0.44 0.43 0.47 0.48 0.46 0.42 0.44 0.38 0.33 0.3
彰化
CO
監測年月：2019/04， 測站：彰化， 測項：CO（ppm）
彰化
CO
日期 00 01 02 03 04 05 06 07 08 09 10 11 12 13 14 15 16 17 18 19 20 21 22 23
彰化
CO
04/01 0.29 0.27 0.24 0.23 0.21 0.23 0.3 0.46 0.49 0.41 0.42 0.5 0.37# 0.38 0.37 0.39 0.48 0.48 0.52 0.56 0.56 0.54 0.48 0.45
彰化
CO
04/02 0.48 0.54 0.54 0.49 0.55 0.53 0.68 0.89 0.97 1.37 1.04 0.8 0.64 0.42 0.39 0.45 0.39 0.52 0.61 0.76 0.52 0.69 0.71 0.49
彰化
CO
04/03 0.31 0.22 0.23 0.24 0.25 0.26 0.33 0.53 0.59 0.47 0.42 0.45 0.4 0.34 0.33 0.29 0.35 0.47 0.5 0.58 0.77 0.62 0.48 0.47
彰化
CO
04/04 0.53 0.49 0.46 0.46 0.46 0.5 0.66 0.99 0.61 0.46 0.4 0.48 0.33 0.31 0.31 0.33 0.33 0.36 0.38 0.42 0.41 0.45 0.44 0.44
彰化
CO
04/05 0.46 0.34 0.44 0.28 0.3 0.32 0.41 0.44 0.49 0.46 0.4 0.4 0.37 0.32 0.33 0.36 0.4 0.46 0.54 0.79 0.72 1.07 1.08 1
彰化
CO
04/06 1.04 0.91 0.9 0.86 0.81 0.74 0.8 0.78 0.66 0.63 0.48 0.53 0.67 0.5 0.42 0.4 0.39 0.44 0.5 0.5 0.49 0.58 0.58 0.61
彰化
CO
04/07 0.49 0.45 0.46 0.46 0.44 0.39 0.44 0.45 0.37 0.37 0.37 0.39 0.39 0.39 0.38 0.39 0.41 0.49 0.44 0.53 0.62 0.68 0.69 0.63
彰化
CO
04/08 0.54 0.48 0.45 0.4 0.4 0.44 0.61 0.69 0.41 0.36 0.36 0.34 0.37 0.36 0.34 0.36 0.37 0.48 0.41 0.34 0.4 0.56 0.48 0.43
彰化
CO
04/09 0.38 0.34 0.34 0.33 0.37 0.43 0.59 0.64 0.49 0.41 0.39 0.35 0.3 0.28 0.25 0.24 0.26# 0.27 0.26 0.25 0.27 0.27 0.25 0.24
彰化
CO
04/10 0.23 0.21 0.22 0.22 0.24 0.34 0.38 0.36 0.31 0.28 0.3 0.29 0.29 0.26 0.26 0.26 0.29 0.37 0.42 0.47 0.45 0.43 0.38 0.4
彰化
CO
04/11 0.39 0.47 0.5 0.39 0.38 0.4 0.47 0.71 0.39 0.31 0.31 0.33 0.28 0.28 0.28 0.45 0.4 0.44 0.45 0.43 0.4 0.38 0.41 0.31
彰化
CO
04/12 0.26 0.28 0.28 0.23 0.24 0.26 0.36 0.51 0.47 0.42 0.43 0.47 0.46 0.4 0.36 0.37 0.43 0.55 0.56 0.52 0.49 0.51 0.43 0.4
彰化
CO
04/13 0.41 0.5 0.52 0.51 0.37 0.33 0.44 0.53 0.41 0.36 0.43 0.43 0.39 0.36 0.28 0.3 0.41 0.45 0.69 0.83 0.51 0.54 0.46 0.61
彰化
CO
04/14 0.56 0.22 0.25 0.29 0.32 0.39 0.58 0.64 0.65 0.48 0.47 0.44 0.35 0.29 0.26 0.28 0.31 0.38 0.45 0.48 0.45 0.44 0.61 0.42
彰化
CO
04/15 0.35 0.35 0.34 0.3 0.28 0.26 0.36 0.58 0.54 0.45 0.52 0.51 0.53 0.45 0.43 0.44 0.49 0.6 0.64 0.62 0.54 0.58 0.63 0.57
彰化
CO
04/16 0.59 0.57 0.52 0.37 0.22 0.24 0.38 0.5 0.64 0.67 0.72 0.78 0.67 0.62 0.67 0.82# 1.06 1.05 1 0.75 0.53 0.55 0.6 0.59
彰化
CO
04/17 0.39 0.34 0.29 0.28 0.26 0.27 0.37 0.6 0.6 0.43 0.36 0.41 0.42 0.41 0.4 0.39 0.41 0.54 0.58 0.8 0.84 0.84 0.71 0.6
彰化
CO
04/18 0.61 0.62 0.59 0.58 0.57 0.57 0.67 0.61 0.54 0.5 0.47 0.49 0.45 0.46 0.42 0.4 0.43 0.51 0.88 1.06 1.05 1.15 1.08 0.77
彰化
CO
04/19 0.86 0.81 0.57 0.41 0.39 0.42 0.39 0.65 0.6 0.41 0.46 0.46 0.6 0.52 0.73 0.43 0.38 0.5 0.63 0.72 0.61 0.41 0.43 0.35
彰化
CO
04/20 0.25 0.22 0.24 0.32 0.3 0.35 0.52 0.95 0.48 0.44 0.56 0.51 0.35 0.39 0.44 0.45 0.59 0.71 0.63 0.58 0.47 0.47 0.45 0.4
彰化
CO
04/21 0.35 0.4 0.24 0.22 0.24 0.26 0.36 0.48 0.41 0.36 0.39 0.35 0.28 0.27 0.31 0.36 0.69 0.84 0.86 0.9 0.53 0.46 0.38 0.31
彰化
CO
04/22 0.39 0.31 0.28 0.23 0.29 0.34 0.5 0.46 0.3 0.24 0.2 0.24 0.22 0.19 0.19 0.2 0.22 0.29 0.26 0.22 0.2 0.2 0.18 0.19
彰化
CO
04/23 0.15 0.17 0.18 0.18 0.2 0.22 0.29 0.36 0.23 0.21 0.23 0.26 0.22 0.2 0.2 0.22 0.24 0.33 0.26 0.25 0.23 0.26 0.3 0.25
彰化
CO
04/24 0.21 0.14 0.14 0.14 0.17 0.22 0.33 0.31 0.2 0.19 0.16 0.18 0.14 0.14 0.14 0.14 0.15 0.21 0.19 0.15 0.15 0.15 0.12 0.12
彰化
CO
04/25 0.12 0.14 0.14 0.16 0.16 0.18 0.26 0.29 0.2 0.17 0.15 0.15 0.13 0.13 0.13 0.14 0.15 0.2 0.33 0.4 0.44 0.38 0.4 0.37
彰化
CO
04/26 0.3 0.26 0.25 0.22 0.25 0.27 0.35 0.46 0.31 0.43 0.4 0.36 0.49 0.52 0.45 0.48 0.36 0.53 0.57 0.51 0.47 0.53 0.44 0.45
彰化
CO
04/27 0.4 0.48 0.48 0.43 0.45 0.46 0.51 0.66 0.56 0.5 0.54 0.5 0.5 0.43 0.42 0.44 0.46 0.41 0.48 0.52 0.51 0.48 0.48 0.46
彰化
CO
04/28 0.46 0.47 0.47 0.49 0.51 0.5 0.49 0.56 0.44 0.36 0.35 0.36 0.36 0.35 0.65 0.61 0.34 0.41 0.46 0.52 0.48 0.53 0.44 0.52
彰化
CO
04/29 0.52 0.53 0.54 0.56 0.53 0.44 0.49 0.6 0.47 0.44 0.56 0.32 0.29 0.26 0.23 0.21 0.23 0.3 0.34 0.38 0.39 0.39 0.45 0.42
彰化
CO
04/30 0.35 0.24 0.24 0.24 0.24 0.22 0.26 0.28 0.23 0.2 0.18# 0.2 0.19 0.18 0.18 0.18 0.21 0.27 0.27 0.28 0.28 0.32 0.28 0.23
彰化
CO
監測年月：2019/05， 測站：彰化， 測項：CO（ppm）
彰化
CO
日期 00 01 02 03 04 05 06 07 08 09 10 11 12 13 14 15 16 17 18 19 20 21 22 23
彰化
CO
05/01 0.23 0.16 0.13 0.12 0.12 0.14 0.19 0.43 0.45 0.4 0.41 0.5 0.53 0.48 0.5 0.47 0.57 0.64 0.67 0.56 0.53 0.46 0.44 0.4
彰化
CO
05/02 0.36 0.27 0.27 0.27 0.31 0.33 0.4 0.68 0.73 0.6 0.68 0.56 0.51 0.51 0.52 0.56 0.57 0.68 0.63 0.7 0.54 0.61 0.61 0.55
彰化
CO
05/03 0.59 0.45 0.34 0.33 0.31 0.32 0.42 0.9 0.85 0.58 0.46 0.45 0.43 0.4 0.33 0.32 0.36 0.49 0.59 0.58 0.67 0.65 0.68 0.57
彰化
CO
05/04 0.56 0.49 0.38 0.36 0.43 0.62 0.63 0.56 0.4 0.4 0.35 0.31 0.3 0.26 0.24 0.26 0.39 0.38 0.37 0.65 0.59 0.61 0.48 0.49
彰化
CO
05/05 0.41 0.32 0.32 0.31 0.34 0.43 0.53 0.61 0.57 0.46 0.51 0.49 0.58 0.57 0.45 0.46 0.5 0.45 0.43 0.58 0.61 0.59 0.55 0.5
彰化
CO
05/06 0.43 0.35 0.32 0.33 0.28 0.3 0.39 0.64 0.7 0.65 0.57 0.49 0.46 0.45 0.42 0.47 0.51 0.54 0.45 0.4 0.44 0.32 0.3 0.3
彰化
CO
05/07 0.25 0.2 0.21 0.18 0.19 0.21 0.26 0.57 0.56 0.36 0.37 0.38 0.41 0.36 0.32 0.33 0.35 0.5 0.54 0.4 0.4 0.46 0.38 0.37
彰化
CO
05/08 0.33 0.36 0.39 0.39 0.42 0.46 0.5 0.84 0.79 0.79 0.7 0.72 0.43 0.37 0.45 0.44 0.54 0.72 0.68 0.67 0.8 0.68 0.51 0.48
彰化
CO
05/09 0.41 0.36 0.35 0.34 0.35 0.41 0.59 0.87 0.92 0.77 0.55 0.47 0.5 0.45 0.43 0.45 0.59 0.77 0.87 0.71 0.7 0.69 0.57 0.51
彰化
CO
05/10 0.52 0.38 0.34 0.36 0.36 0.42 0.58 0.91 0.82 0.61 0.53 0.44 0.49 0.43 0.43 0.5 0.56 0.66 0.53 0.48 0.42 0.52 0.67 0.58
彰化
CO
05/11 0.5 0.5 0.47 0.44 0.49 0.53 0.59 0.73 0.66 0.45 0.39 0.37 0.31 0.29 0.32 0.38 0.33 0.35 0.51 0.53 0.52 0.55 0.57 0.51
彰化
CO
05/12 0.55 0.5 0.39 0.29 0.38 0.38 0.52 0.55 0.46 0.44 0.48 0.53 0.88 0.7 0.8 0.92 0.6 0.39 0.32 0.38 0.53 0.46 0.42 0.53
彰化
CO
05/13 0.48 0.33 0.31 0.32 0.3 0.33 0.38 0.38 0.35 0.31 0.29 0.3 0.27 0.24 0.25 0.28 0.32 0.38 0.4 0.66 0.78 0.85 0.66 0.58
彰化
CO
05/14 0.54 0.49 0.45 0.4 0.36 0.38 0.38 0.42 0.27 0.23 0.24 0.28 0.22 0.19 0.21 0.23 0.26 0.29 0.3 0.29 0.37 0.37 0.27 0.27
彰化
CO
05/15 0.24 0.3 0.33 0.36 0.29 0.32 0.37 0.56 0.43 0.3 0.24 0.27 0.19 0.17# 0.17 0.17 0.22 0.24 0.3 0.37 0.32 0.32 0.21 0.19
彰化
CO
05/16 0.21 0.14 0.21 0.25 0.24 0.21 0.27 0.24 0.18 0.19 0.18 0.21 0.17 0.14 0.22 0.31 0.38 0.46 0.53 0.43 0.26 0.21 0.23 0.27
彰化
CO
05/17 0.22 0.16 0.15 0.14 0.12 0.14 0.19 0.42 0.34 0.2 0.2 0.2 0.13 0.12 0.2# 0.23 0.19 0.23 0.2 0.18 0.29 0.27 0.25 0.24
彰化
CO
05/18 0.22 0.17 0.15 0.13 0.12 0.13 0.16 0.23 0.2 0.18 0.17 0.17 0.14 0.14 0.15 0.16 0.21 0.24 0.16 0.17 0.19 0.21 0.16 0.17
彰化
CO
05/19 0.16 0.12 0.13 0.13 0.13 0.15 0.19 0.22 0.24 0.19 0.17 0.16 0.16 0.17 0.2 0.24 0.13 0.16 0.2 0.34 0.34 0.28 0.24 0.24
彰化
CO
05/20 0.18 0.13 0.13 0.13 0.14 0.14 0.22 0.34 0.21 0.21 0.26 0.26 0.24 0.25 0.24 0.45 0.62 0.78 0.74 0.7 0.51 0.47 0.37 0.31
彰化
CO
05/21 0.28 0.3 0.25 0.28 0.27 0.3 0.4 0.67 0.63 0.56 0.54 0.62 0.6 0.49 0.46 0.6 0.48 0.78 0.88 0.67 0.89 0.69 0.61 0.57
彰化
CO
05/22 0.58 0.6 0.62 0.59 0.58 0.68 0.76 0.77 0.63 0.5 0.44 0.49 0.55 0.48 0.54 0.41 0.4 0.62 0.7 0.59 0.72 0.83 0.73 0.72
彰化
CO
05/23 0.74 0.74 0.73 0.71 0.71 0.56 0.27 0.52 0.67 0.63 0.56 0.51 0.49 0.49 0.41 0.49 0.57 0.54 0.65 0.73 0.8 0.82 0.79 0.65
彰化
CO
05/24 0.65 0.65 0.6 0.61 0.57 0.57 0.69 0.7 0.56 0.43 0.34 0.38 0.4 0.34 0.35 0.32 0.34 0.44 0.52 0.41 0.42 0.45 0.34 0.31
彰化
CO
05/25 0.33 0.26 0.27 0.26 0.31 0.36 0.42 0.59 0.52 0.4 0.37 0.33 0.28 0.31 0.31 0.42 0.39 0.38 0.46 0.41 0.48 0.41 0.49 0.51
彰化
CO
05/26 0.49 0.45 0.4 0.45 0.4 0.43 0.57 0.51 0.44 0.39 0.42 0.38 0.4 0.36 0.41 0.44 0.46 0.53 0.67 0.68 0.77 0.58 0.64 0.68
彰化
CO
05/27 0.71 0.65 0.64 0.6 0.52 0.52 0.57 0.9 0.63 0.52 0.46 0.37 0.34 0.27 0.33 0.2 0.2 0.39 0.57 0.46 0.49 0.55 0.38 0.31
彰化
CO
05/28 0.23 0.24 0.26 0.23 0.22 0.28 0.36 0.43 0.45 0.23 0.31 0.27 0.3 0.5 0.49 0.4 0.5# 0.44# 0.44 0.48 0.44 0.45 0.39 0.31
彰化
CO
05/29 0.27 0.22 0.22 0.2 0.18 0.2 0.27 0.46 0.47 0.38 0.34 0.32 0.37 0.33 0.29 0.31 0.37 0.48 0.49 0.48 0.43 0.38 0.3 0.28
彰化
CO
05/30 0.27 0.24 0.22 0.22 0.24 0.29 0.49 0.6 0.63 0.56# 0.47 0.35 0.42 0.48 0.42 0.29 0.39 0.46 0.52 0.39 0.52 0.46 0.46 0.48
