



彰化
NO2
01/01 17 13 11 8.7 7.6 7.6 8.6 10 12 11 9.3 8.7 9.1 8.7 8.5 8.2 11 15 16 14 13 17 16 14
彰化
NO2
01/02 12 9.4 8.9 7.9 8.3 9.4 16 21 27 25 21 20 21 20 21 20 24 30 29 26 24 23 22 19
彰化
NO2
01/03 16 18 15 11 12 12 14 20 18 20 19 22 21 18 21 21 20# 24 22 22 24 27 27 22
彰化
NO2
01/04 22 22 21 19 19 21 15 12 14 14 12 9.9 18 22 23 19 17 19 21 23 29 29 28 25
彰化
NO2
01/05 20 22 24 19 15 19 19 20 22 26 28 27 24 19 21 30 30 22 26 25 25 25 27 26
彰化
NO2
01/06 26 22 13 11 12 14 14 14 12 10 10 10 11 9.7 9.6 11 12 16 17 18 17 19 16 14
彰化
NO2
01/07 13 14 16 18 17 16 22 24 27 22 20 21 20 15 11 13 14 19 19 13 13 13 12 11
彰化
NO2
01/08 8 8.2 7.6 7.4 7.4 9.1 11 17 18 17# 17 17 16 15 16 14 15 20 22 19 19 18 17 16
彰化
NO2
01/09 15 11 11 9.9 11 12 15 21 22 21 21 19 15 12 15 13 16 17 18 20 21 26 27 26
彰化
NO2
01/10 25 17 15 15 16 18 21 20 18 17 17 18 13 12 14 15 17 19 20 21 19 17 18 19
彰化
NO2
01/11 20 13 9.5 12 14 17 23 22 23 22 25 23 27 26 24 24 25 28 28 29 28 27 27 29
彰化
NO2
01/12 24 23 20 21 20 20 17 16 19 23 22 19 13 11 13 13 15 23 27 27 27 26 26 25
彰化
NO2
01/13 20 18 17 13 11 9.7 11 13 12 12 12 10 10 9.2 9.1 13 17 18 19 19 17 16 15 14
彰化
NO2
01/14 12 10 9.5 9 8.8 9.9 15 23 24 23 21 22 20 12 11 12 14 18 20 21 17 18 14 10
彰化
NO2
01/15 12 11 8.1 7.3 8.6 11 17 23 22 22 22# 18 12 12 15 14 15 18 16 13 14 14 12 9.2
彰化
NO2
01/16 9.6 6.4 6.3 6 6.7 7.2 10 19 21 23 22 21 18 18 18 18 22 25 26 27 22 18 12 11
彰化
NO2
01/17 10 7.4 7.1 6.8 6 6.7 10 15 15 13 14 14 13 12 12 14 17 21 23 21 19 18 14 12
彰化
NO2
01/18 11 12 11 11 13 17 26 32 26 30 38 31 29 20 23 24 28 35 22 19 18 19 21 22
彰化
NO2
01/19 20 22 17 12 11 20 23 29 27 27 21 16 15 13 13 20 22 29 44 33 35 38 42 43
彰化
NO2
01/20 41 23 18 16 14 16 24 20 20 23 24 19 12 10 11 15 20 26 25 20 20 16 11 8.4
彰化
NO2
01/21 7.8 6.3 6.2 5.9 5.9 6.8 9.6 15 18 15 17 18 16 12 12 12 14 18 18 16 16 14 12 9.6
彰化
NO2
01/22 8.5 5.5# 5.2 4.9 4.5 6.1 9 17 18 17 16 16# 13 12 14 14 17 20 21 18 17 18 16 13
彰化
NO2
01/23 11 9.6 9.3 10 12 17 23 35 35 33 30 22 20 14 13 14 17 21 22 23 32 34 38 39
彰化
NO2
01/24 27 29 34 31 30 35 37 39 36 26 24 22 20 15 15 16 19 23 27 30 31 37 44 39
彰化
NO2
01/25 42 34 36 36 34 31 29 27 25 30 35 30 17 13 14 14 17 23 27 28 27 26 24 19
彰化
NO2
01/26 14 11 10 9.1 8.6 9 10 13 16 12 11 9.8 11 11 13 12 14 13 13 11 10 11 9.2 7.8
彰化
NO2
01/27 7 5.2 4.9 4.1 3.8 4.6 6.9 9.7 11 9.6 10 11 8.1 6.6 8.2 9.1 10 13 15 18 24 27 23 25
彰化
NO2
01/28 27 29 25 22 25 27 25 24 23 33 32 18 24 19 23 23 18 23 26 26 30 36 38 37
彰化
NO2
01/29 30 33 32 31 28 24 25 28 27 35 34 32 21 12 13 13 17 21 21 23 26 32 32 25
彰化
NO2
01/30 31 20 19 11 8.2 11 14 21 25 26 25 34 30 25 28 24 26 42 49 57 52 43 41 38
彰化
NO2
01/31 38 31 28 28 21 20 30 31 28 43 44 39 22 14 12 10 22 27 29 20 22 22 21 11
彰化
NO2
監測年月：2019/02， 測站：彰化， 測項：NO2（ppb）
彰化
NO2
日期 00 01 02 03 04 05 06 07 08 09 10 11 12 13 14 15 16 17 18 19 20 21 22 23
彰化
NO2
02/01 7.8 7.3 6.8 5.6 5.8 6.5 8 12 14 15 16 16 15 15 16 21 25 26 24 23 24 26 24 25
彰化
NO2
02/02 24 19 22 21 19 20 22 26 26 31 33 22 18 17 26 25 21 19 17 17 18 19 17 19
彰化
NO2
02/03 23 17 17 17 13 11 15 20 13 15 15 6.5 7.9 8.1 8.4 18 17 21 27 17 15 15 13 27
彰化
NO2
02/04 26 13 9.5 28 22 17 14 17 12 12 12 12 9.6 9.8 9.3 9.7 11 12 13 12 12 12 11 11
彰化
NO2
02/05 10 9.2 8.6 7.3 6.6 6.3 8.3 13 13 12 13 11 11 11 11# 21 19 13 9.4 10 11 12 13 13
彰化
NO2
02/06 10 9.2 6.7 6.7 9 13 20 15 10 6.7 7.1 7.1 7.7 8 10 9.1 16 12 8.9 11 15 14 15 13
彰化
NO2
02/07 14 12 11 11 9.3 9.9 9 12 12 5.1 3.8 2.3 1.4 1.2 2.6 4.6 5 5.9 7.7 11 15 20 19 10
彰化
NO2
02/08 9.1 6.7 6.3 6.9 7.1 8.2 9.7 12 11 9 8.4 7.6 7.2 8.1 7.5 8.3 9 11 12 13 13 13 12 19
彰化
NO2
02/09 22 17 20 15 13 12 10 13 13 13 12 10 10 12 13 12 12 14 17 17 15 13 13 12
彰化
NO2
02/10 11 11 9 8.5 8.1 8.9 10 12 10 11 14 10 9.4 9.2 9.5 11 12 13 14 17 16 15 14 12
彰化
NO2
02/11 9.6 9.3 9.2 8.9 8.3 7.2 9.5 15 13 12 13 14 13 11 11 13 14 19 20 22 21 20 19 16
彰化
NO2
02/12 15 17 15 11 9.7 11 14 19 18 12 12 13 12 9.6 8.6 8.4 10 14 16 14 16 18 19 20
彰化
NO2
02/13 33 26 19 13 16 10 20 23 21 19 17 16 14 14 14 14 17 24 26 24 20 18 16 14
彰化
NO2
02/14 14 12 17 19 13 14 19 24 20 17 15 18 13 9.4 13 14 18 22 23 22 21 20 17 15
彰化
NO2
02/15 16 17 12 13 16 17 21 26 29 23 19 13 12 8.9# NA 13# 19 29 41 32 38 32 33 39
彰化
NO2
02/16 39 14 13 16 18 19 20 20 22 25 20 19 9.9 7.2 8.1 11 14 17 21 19 17 16 14 11
彰化
NO2
02/17 8 7.7 7.7 7.5 7.5 9.5 9.8 12 13 11 10 11 11 9.9 9.8 10 12 13 14 15 15 13 10 10
彰化
NO2
02/18 14 9.2 12 13 13 13 17 20 20 27 14 14 11 10 10 12 15 17 22 25 24 28 25 23
彰化
NO2
02/19 24 6.8 5.6 6 8.6 9.8 16 20 34 62 68 41 24 20 20 18 18 26 39 48 48 41 42 40
彰化
NO2
02/20 35 28 26 25 24 23 16 22 23 26 26 22 24 22 19 18 21 29 29 19 19 18 16 15
彰化
NO2
02/21 18 16 18 19 14 11 17 18 16 21 23 19 15 19 22 24 21 19 17 14 19 18 21 26
彰化
NO2
02/22 17 7.2 7.1 7.2 8.9 11 18 19 15 19 17 13# 12# 49# 12x 12# 16 18 20 19 17 17 16 13
彰化
NO2
02/23 8.4 7.1 7.3 6.9 7.9 8.6 11 17 19 18 15 17 19 17 15 15 19 21 19 18 16 16 14 12
彰化
NO2
02/24 13 10 10 8 6.7 7.1 9.1 14 17 19 18 17 17 18 19 23 23 26 21 22 22 18 15 12
彰化
NO2
02/25 11 9.9 7.1 6.7 5.6 6.9 14 19 16 12 13 13 14 13 13 13 12 17 21 23 23 20 16 11
彰化
NO2
02/26 11 10 9.9 10 10 13 19 26 25 24 21 20 19 16 16 20 28 22 15 15 15 17 19 21
彰化
NO2
02/27 26 28 26 15 9.2 10 12 23 30 28 18 16 13 8.9 9.3 8.3 11 18 17 28 34 44 28 15
彰化
NO2
02/28 14 16 29 18 11 12 17 22 23 23 20 11 10 10 12 13 16 19 21 22 23 22 19 15
彰化
NO2
監測年月：2019/03， 測站：彰化， 測項：NO2（ppb）
彰化
NO2
日期 00 01 02 03 04 05 06 07 08 09 10 11 12 13 14 15 16 17 18 19 20 21 22 23
彰化
NO2
03/01 15 11 9.6 7.8 9.1 14 14 14 14 14 14 13 9.6 9.5 8.8 9.5 11 14 19 18 15 16 14 15
彰化
NO2
03/02 17 16 14 13 16 19 21 18 16 20 17 20 23 25 18 13 14 23 25 24 24 18 11 17
彰化
NO2
03/03 16 36 28 28 16 20 19 12 9.7 3.9 6.8 9.5 11 8 11 13 13 13 24 22 27 16 12 13
彰化
NO2
03/04 13 9 8.3 7.4 9.4 13 21 23 21 16 14 14 12 9.9 11 12 16 20 28 30 34 41 40 28
彰化
NO2
03/05 29 27 32 34 28 19 22 30 28 20 26 16 13 14 14 12# 17 15 12 8.9 9.5 12 14 11
彰化
NO2
03/06 8.9 15 8.8 9 9.4 9.4 8.9 14 17 13 8.4 16 12 12 12 10 13 17 18 15 13 16 21 20
彰化
NO2
03/07 15 9.8 9.2 6.5 6.7 8.9 11 23 21 18 23 31# 23 21 20 28 25 24 22 24 22 15 13 9.9
彰化
NO2
03/08 8.9 10 8.4 7.5 8 11 17 36 33 33 41 36 28 31 34 23 23 32 29 29 27 25 22 25
彰化
NO2
03/09 29 19 8.8 6.4 15 8.9 15 24 32 24 28 29 24 22 29 31 29 27 27 14 14 19 19 27
彰化
NO2
03/10 28 11 9.4 5.3 3.4 2.9 4.1 12 15 15 13 7.9 9.8 11 15 18 16 20 24 27 24 22 22 23
彰化
NO2
03/11 25 20 16 14 11 15 12 23 27 35 34 32 25 16 23 25 27 30 33 37 36 27 28 24
彰化
NO2
03/12 23 22 22 23 25 21 20 24 30 29 12 15 20 12 11 11 14 17 22 26 36 36 37 36
彰化
NO2
03/13 32 22 14 10 12 15 22 35 27 28 23 12 14 10 10 14# 11 15 31 30 30 40 36 25
彰化
NO2
03/14 34 19 11 10 11 11 14 21 31 15 15 21 16 14 19 11 14 19 16 13 16 13 10 9.1
彰化
NO2
03/15 9.2 8 8.6 7.5 7.7 8.2 14 22 20 25 20 18 19 21 20 21# 23 24 22 17 18 26 25 24
彰化
NO2
03/16 21 23 22 26 22 22 23 23 23 17 15 13 14 8.7 10 13 13 13 18 16 18 21 36 33
彰化
NO2
03/17 32 27 25 24 14 21 24 20 19 19 16 15 14 10 10 11 13 14 14 14 14 14 17 17
彰化
NO2
03/18 14 18 17 17 13 24 25 27 29 24 23 29 31 23 23 21 31 33 38 31 36 54 44 45
彰化
NO2
03/19 41 38 37 22 16 22 28 28 24 20 14 12 14 10 13 11 12 16 20 21 26 25 22 23
彰化
NO2
03/20 23 24 20 20 19 16 17 29 22 16 16 12 8.6# 7 5 4.8 6.9 8.6 13 13 11 7.1 6.5 7.9
彰化
NO2
03/21 9.3 12 15 15 14 12 14 14 11 6.6 7.8 5.9 5.1 5.2 5.5 9.4 10 13 19 11 15 12 11 15
彰化
NO2
03/22 13 9.8 8.9 9.2 14 11 12 15 15 16 16 19 8.9 7.2 7.7 13 16 17 20 20 17 15 15 11
彰化
NO2
03/23 11 8.8 9 7.9 7 6.5 8.1 13 17 16 14 16 16 12 15 16 14 13 14 12 8.8 8.8 8.2 7.2
彰化
NO2
03/24 7.1 5.2 4.3 5.2 6.5 6.4 8.6 11 16 19 19 15 15 10 13 15 16 20 23 29 22 16 24 25
彰化
NO2
03/25 20 12 14 20 16 12 8.7 16 23 27 23 25 33 19 24 28 38 41 29 27 36 33 29 15
彰化
NO2
03/26 7.8 6.4 6.2 7.4 11 14 19 19 18 15 14 14 13 14 14 21 17 18 19 17 19 23 28 26
彰化
NO2
03/27 23 16 15 16 25 23 18 23 17 18 8.3 8.1 11 8.5 7.4 9.9 9.8 12 12 12 12 14 16 15
彰化
NO2
03/28 18 11 11 8.8 8 8.1 12 23 11 8.4 5.1 5.8 4.9 5.5 3.6 8 10 7.7 6.1 4.8 4.5 6.4 5.3 4.4
彰化
NO2
03/29 3 6.9 8.8 12 12 10 13 12 9.6 7.4 8.3 7.8 6.6 6.9 7.6 8.9 8.9 11 13 11 12 13 8.8 6.6
彰化
NO2
03/30 6.7 3.1 4.2 8.7 9.4 6.1 12 17 20 18 13 8.2 10 8.6 7.8 7.2 12 13 19 22 27 26 19 20
彰化
NO2
03/31 19 14 11 11 10 14 15 9.9 13 14 7 10 8.3 7 8.5 9.8 13 14 12 12 13 13 11 7.8
彰化
NO2
監測年月：2019/04， 測站：彰化， 測項：NO2（ppb）
彰化
NO2
日期 00 01 02 03 04 05 06 07 08 09 10 11 12 13 14 15 16 17 18 19 20 21 22 23
彰化
NO2
04/01 8.2 7.8 6.5 5.7 5.8 6.5 11 18 23 21 21 21 15# 15 16 18 21 24 24 25 28 24 27 24
彰化
NO2
04/02 21 28 30 29 25 19 28 30 30 37 27 25 19 12 9.5 16 18 16 19 26 21 23 27 18
彰化
NO2
04/03 11 5.6 6.4 8.1 8 9.1 10 16 18 17 16 16 14 12 13 11 11 14 14 17 25 23 18 19
彰化
NO2
04/04 22 24 20 21 16 17 18 21 18 16 12 14 10 11 9.5 13 14 11 10 11 12 13 14 14
彰化
NO2
04/05 17 11 13 8.3 8.6 8.3 9.6 9.8 11 12 9.9 9.1 7.6 6.6 7.8 10 8.6 8.9 12 20 19 31 33 27
彰化
NO2
04/06 29 22 26 21 19 18 18 16 11 8.9 7.1 7.5 9.4 6.9 5.5 5.1 4.4 5.6 9.4 10 8.8 8.9 11 12
彰化
NO2
04/07 9.1 9 8.3 9.7 8.6 7.4 8 6.5 4.5 4.7 4.7 5.1 5.6 5.2 4.6 4.5 5.2 7.7 6.6 9.4 13 15 17 15
彰化
NO2
04/08 11 8 6.8 6 6.2 8.2 9.7 10 6.8 8.8 8.4 7.1 7.9 7.8 8.1 8.8 8.6 12 11 8.3 11 18 17 14
彰化
NO2
04/09 14 10 9.3 7.4 7.7 8 11 13 7.8 6.7 7.6 5.5 5.9 7.4 7.9 7.5 8.5# 6.3 6.7 7.2 7.2 6.7 5.1 5.3
彰化
NO2
04/10 4.7 6.6 7.9 9.4 9.4 12 11 9.2 8.5 8.3 9.1 7.4 7.2 6.9 7.7 8.4 10 11 9.1 15 14 15 17 20
彰化
NO2
04/11 15 19 20 14 13 12 14 19 8.8 6.7 7.8 8.5 7.8 8 8.3 15 13 15 14 14 15 12 13 10
彰化
NO2
04/12 7.3 7.6 7.7 6 7.8 7.5 11 15 14 13 12 13 13 12 12 12 15 20 22 23 22 22 19 17
彰化
NO2
04/13 16 16 20 20 13 12 18 17 13 13 15 16 13 13 14 14 19 21 28 32 28 20 17 23
彰化
NO2
04/14 26 5.9 6 7.5 9.1 14 17 17 18 15 11 10 9.4 5.9 4.5 6.2 7.2 9.5 10 13 13 11 13 9.9
彰化
NO2
04/15 9 7.5 6.8 5.5 6 6.5 11 18 18 16 18 19 18 16 16 16 19 24 23 24 22 25 28 28
彰化
NO2
04/16 27 27 27 19 6.2 7.6 14 22 28 31 32 36 35 33 33 41# 48 48 45 37 22 20 20 25
彰化
NO2
04/17 15 14 9.8 10 8.2 9.7 12 19 20 14 8.4 8.8 9.6 8.5 9.2 10 12 17 21 29 31 27 24 23
彰化
NO2
04/18 21 19 18 16 16 15 15 14 11 13 9.7 9.6 8.8 8.2 9.2 8 11 13 29 29 29 38 39 30
彰化
NO2
04/19 31 38 25 13 9.6 11 6.1 12 11 6.8 6.6 9.8 21 16 17 13 10 11 23 23 19 10 13 9.9
彰化
NO2
04/20 3.9 2.8 3 13 19 15 12 18 8.4 5 15 9.2 4.9 6 8.7 16 24 29 26 24 16 13 11 7.8
彰化
NO2
04/21 5.7 8.7 3.2 2.5 3 3.2 5.1 12 9 6.5 7 6.1 4.3 4.2 7.1 8.8 17 20 19 19 13 13 11 8.5
彰化
NO2
04/22 8.8 7.2 7.2 6.3 8.1 8.9 9.7 7.9 7.3 6.3 4.4 6.5 5.9 4.7 5.3 6.7 6.9 8.5 9.6 6 7.2 7.4 6.7 6.2
彰化
NO2
04/23 3.4 2.4 7.4 6.7 7.6 9.2 8.5 6.3 4.2 4.2 4 4 2.6 2.1 4.4 7 7.9 9.5 7.7 8.3 5.4 6.1 9.1 7.3
彰化
NO2
04/24 5 6.2 6.2 6.8 11 15 14 9.3 7.5 7.4 6 5.7 4.3 4.4 5 5.3 5.2 6.6 6.7 4.4 4.1 5 4.3 4.4
彰化
NO2
04/25 4.8 5.3 5.8 8.4 9.4 9.1 9 7.7 5.1 5.4 4.5 5.1 3.8 4 4.1 4.5 4.4 5.5 10 12 19 20 19 19
彰化
NO2
04/26 16 11 11 10 13 12 12 13 9.3 18 16 11 13 13 15 20 11 15 17 19 14 17 15 13
彰化
NO2
04/27 12 14 15 11 14 17 14 16 12 10 14 11 10 8.3 8.1 8.7 10 8.6 10 12 13 13 13 13
彰化
NO2
04/28 14 18 18 16 19 21 14 14 11 8.9 8.6 8.7 7.8 8.4 15 14 9.6 10 13 19 19 24 18 19
彰化
NO2
04/29 17 16 15 15 11 8.7 11 13 12 12 14 6.6 5.6 6.3 7.4 7.7 8 10 12 13 12 11 14 15
彰化
NO2
04/30 15 7.3 7.1 8.1 9.6 8.5 10 7.8 7.6 6.2 5.9# 7.9 7 6.5 6.1 5.7 6.6 8.4 11 11 8.5 10 11 9.5
彰化
NO2
監測年月：2019/05， 測站：彰化， 測項：NO2（ppb）
彰化
NO2
日期 00 01 02 03 04 05 06 07 08 09 10 11 12 13 14 15 16 17 18 19 20 21 22 23
彰化
NO2
05/01 9.9 7.7 5.8 4.8 5.6 6.2 6.7 13 13 12 12 13 12 12 14 12 13 15 18 18 15 13 13 13
彰化
NO2
05/02 14 8.3 8.9 10 13 15 21 27 28 25 33 31 24 20 22 31 33 30 28 35 27 29 29 25
彰化
NO2
05/03 26 21 10 8.8 8.7 12 15 30 32 23 17 14 12 11 11 10 13 17 23 23 27 32 32 28
彰化
NO2
05/04 29 18 9.9 6.1 21 28 24 20 8.9 8.7 6.3 5.4 5.8 5.6 5 6.2 7.5 7.3 7.2 12 12 13 11 12
彰化
NO2
05/05 10 5.2 5.5 5.9 6.7 14 13 12 13 6.8 10 10 13 12 9.1 11 9.4 10 12 15 15 11 9.8 9.4
彰化
NO2
05/06 7.7 5.9 5.6 6.9 6 9.1 17 22 24 27 27 17# 16 21 20 22 24 25 20 18 19 13 12 12
彰化
NO2
05/07 11 7.3 11 7.8 6.9 8 10 20 19 14 14 14 15 14 12 14 15 19 19 18 16 19 15 18
彰化
NO2
05/08 15 16 23 27 16 16 24 25 29 31 30 31 20 14 20 18 23 27 27 25 31 28 22 20
彰化
NO2
05/09 17 15 15 14 16 21 21 23 26 29 22 18 21 21 19 20 28 36 37 37 35 30 24 27
彰化
NO2
05/10 27 18 15 17 18 18 22 24 24 22 24 16 15 13 11 19 19 25 20 15 15 17 24 25
彰化
NO2
05/11 21 22 20 19 21 23 20 17 18 13 9.9 9.4 8.3 7.6 7.7 8 8.9 8.9 13 18 18 20 20 16
彰化
NO2
05/12 17 22 17 9.5 12 13 16 16 9.5 7 7.9 13 15 12 12 16 13 10 7.2 11 12 12 10 11
彰化
NO2
05/13 17 7.1 6.5 5.7 6 7.2 9.4 7.8 7.8 7.4 6.3 7.5 7.3 6.3 7.1 6.3 8.4 10 11 19 22 25 25 21
彰化
NO2
05/14 18 19 19 17 14 14 12 9 6.9 5.7 6.7 7.9 4.6 3.5 4.8 6.3 6.6 6.4 6.8 8.6 14 13 9.9 10
彰化
NO2
05/15 9.9 12 10 11 10 11 12 21 13 9.1 6.9 8.5 5.1 5.1# 5.2 4.7 7.4 7.3 9.7 10 9.2 14 8.7 7.7
彰化
NO2
05/16 8.4 5.7 9 11 11 8.8 8.7 7.2 5.8 7.2 6.9 7.1 6.6 4.6 6.1 11 11 11 12 13 10 9.2 9.4 12
彰化
NO2
05/17 12 7.3 6.6 6 4.9 4.8 6.4 9.3 11 6.8 8.9 7.1 3.6 3 6.3# 5.2 5.6 7 8.1 6.9 8.2 9 9.9 8.8
彰化
NO2
05/18 8.9 8 7.3 6 3.1 4.2 4.8 5.8 7.6 4.7 4.9 4.6 4.1 5 5 5.4 8.8 12 6 6 6.6 7.7 5.5 4.9
彰化
NO2
05/19 4.7 3.9 3.9 4.1 4.2 4.8 4.6 5.1 4.6 4.2 4.4 3 2.6 4.4 3.8 4.4 2.9 3.4 4.4 8.2 9 7.9 7.7 8.4
彰化
NO2
05/20 7.2 5.3 4.8 4.2 5.2 5.1 6.2 8.1 6 6.5 7.8 9.3 11 9.2 8.2 24 24 26 24 24 19 15 12 12
彰化
NO2
05/21 13 13 9.7 12 13 12 18 23 26 27 26 27 28 24 22 27 20 29 36 28 31 28 30 28
彰化
NO2
05/22 33 30 31 32 31 27 20 19 22 15 12 12 14 13 20 17 18 25 27 22 26 27 23 22
彰化
NO2
05/23 22 22 27 21 27 23 9.8 15 25 26 25 22 17 15 15 15 23 17 19 20 20 19 17 15
彰化
NO2
05/24 13 9.8 10 10 11 11 14 16 15 8 6.8 7.3 8.4 6 7.1 5.3# 9.4# 11 14 13 13 13 9.6 8.7
彰化
NO2
05/25 8.4 6.1 4.8 5.8 6.4 9.7 14 12 12 6.4 5 4.8 3.6 3 5.8 9.2 8.6 13 12 15 21 17 17 17
彰化
NO2
05/26 15 15 14 16 13 13 13 11 11 9.8 9.6 7.9 8.5 7.8 8 10 11 14 18 19 24 21 21 18
彰化
NO2
05/27 20 15 14 14 11 9.2 11 16 9.9 14 19 16 11 7 5.3 3.6 4.6 8.3 12 14 16 17 13 10
彰化
NO2
05/28 7.8 10 11 10 9.3 12 12 14 11 6.6 10 13 14 21 17 18 22# 17# 18 19 15 15 14 12
彰化
NO2
05/29 11 8.3 7.8 7.9 7.5 9.2 11 16 18 19 16 14 14 14 14 14 17 20 23 23 20 18 15 14
彰化
NO2
05/30 13 14 14 15 15 23 23 22 23 21# 14 14 198# 10# 13 12 15 20 26 18 15 18 18 16
