彰化
SO2
01/01 2.6 1.9 1.8 2.1 2.1 1.9 2.1 2.3 2.2 2.3 2.2 2.4 2.3 2.2 2.3 2.3 2.4 2.1 2.3 2.3 2.1 2.2 2 2.1
彰化
SO2
01/02 1.3 1.2 1.3 1.3 1.2 1 1.5 1.5 1.7 1.7 1.8 2.1 1.8 2.2 2.1 1.7 1.8 2.1 2 1.8 1.7 1.9 1.6 1.6
彰化
SO2
01/03 2.1 1.7 1.8 1.7 1.4 1.6 1.5 1.5 1.9 1.8 1.7 2.1 1.9 1.9 2 2.3 2.5 2 2.1 2.1 2.4 2.1 2.4 2
彰化
SO2
01/04 9.2 2.9 1.2 1.1 0.7 1 0.8 1.1 1.4 1.9 4.6 2.6 2.4 3.4 4.4 2 1.6 1.1 1.1 1 1.3 1.2 1.3 1.2
彰化
SO2
01/05 1.1 0.1 -0.3 -0.1 -0.1 0.4 0.5 0.3 0.4 0.7 0.7 1.1 2.6 1.2 0.5 3.2 2.9 0.8 0.8 0.6 1 0.9 0.6 0
彰化
SO2
01/06 -0.1 1.6 1.3 1.1 1 1.1 1.1 1.1 1.1 1.4 1.5 1.4 1.2 1.4 1.5 1.7 1.5 1.7 1.5 1.7 1.8 1.8 2.1 1.8
彰化
SO2
01/07 1.3 1 1.4 1.6 1.9 2.1 1.7 1.6 2.1 2.6 2.7 2.8 3.4 2.3 1.9 1.7 1.9 1.5 1.3 1.4 1.1 1.1 1 0.7
彰化
SO2
01/08 1.2 1.6 1.9 1.8 1.9 1.6 2 2 1.8 2.1# 2.3 2.1 1.8 1.7 2.2 2.1 2 2 2.2 2.3 2.4 2.3 2.3 2.8
彰化
SO2
01/09 2.8 2 2 2.1 1.8 1.9 1.7 2.1 2.5 2.8 2.6 2.8 2.1 2.3 2.6 2.5 2.2 2.4 1.8 2.1 2.3 2.5 3.3 3.3
彰化
SO2
01/10 4 3.6 3.7 3.8 3.7 3.5 3.6 2.8 3 3.2 3.3 3.4 3.1 2.9 3.2 3.2 2.8 2.9 2.8 2.6 2.9 2.9 2.9 2.9
彰化
SO2
01/11 2.2 1.1 1 1 0.8 0.9 1.1 1.5 1.7 2.2 2.2 1.9 3.4 4.5 6.3 4.5 2.8 1.9 1.4 1.2 1.4 1.9 2.1 2.6
彰化
SO2
01/12 2.6 5.4 5.1 4.7 4.4 3.9 3.3 3.2 3.6 4.2 3.8 1.7 1.6 1.4 2 1.3 1.5 1.4 1.6 1.4 1.4 1.3 1.3 1.2
彰化
SO2
01/13 1.1 1.9 1.8 1.9 1.8 1.7 1.5 1.7 1.8 1.9 1.9 1.8 1.8 1.8 1.7 2.7 3 1.8 1.5 1.5 1.3 1.4 1.5 1.3
彰化
SO2
01/14 2.3 1.9 1.6 1.6 1.8 1.7 1.7 1.8 1.8 2.4 2.6 2.6 3 2.1 2.3 2.1 1.7 1.7 1.6 1.8 1.7 1.8 1.7 1.7
彰化
SO2
01/15 2.3 2.3 2 1.8 1.8 1.8 1.9 2.1 2.4 2.8 2.6# 2.7 2.3 2.3 2.3 2 1.5 1.7 1.7 1.6 1.6 1.7 1.6 1.8
彰化
SO2
01/16 0.8 1.1 1 0.9 0.7 0.9 0.5 0.5 0.7 0.7 0.9 1.1 0.9 0.9 1 0.8 1 1 0.8 0.9 1 0.6 1 0.6
彰化
SO2
01/17 1.4 2.4 2.4 2.3 2.3 2.3 2.4 2.6 2.7 2.5 2.7 2.8 2.9 2.7 2.8 2.8 2.8 2.9 2.8 3 2.9 2.8 2.7 2.9
彰化
SO2
01/18 3.1 0.9 0.6 0.6 1 0.6 0.6 0.9 1.5 2.5 3.1 2.7 3.4 2.8 6.7# 9.3 9.5 9.5 5 4.9 3.9 3.8 3.3 4.3
彰化
SO2
01/19 3.4 4.5 3.3 2.7 2.6 2.4 2.7 2.6 3.2 3.5 3.7 3.7 3.7 3 2.7 3.4 3.1 3.8 5.4 4.2 3.4 3.7 3.9 7.6
彰化
SO2
01/20 6.4 4.5 7.8 5 4 3.7 3.6 4.4 4.7 4.6 4.5 4.6 3.9 2.9 2.9 2.9 2.9 2.6 2.8 2.8 2.6 2.6 2.4 2.3
彰化
SO2
01/21 2.1 1 1.1 1.1 1.3 1 1 1.3 1.5 1.4 1.4 1.7 1.7 1.5 1.8 1.4 1.3 1.7 1.3 1.4 1.4 1.6 1.5 1.1
彰化
SO2
01/22 1.3 1.9# 1.8 1.8 1.8 2 1.9 2.4 2.5 2.6 2.7 2.9# 2.9 3.1 2.8 3 2.5 2.7 2.7 3 2.7 2.7 2.7 3.2
彰化
SO2
01/23 2.9 2.3 2.3 2.2 2.5 2.6 2.9 2.9 3.6 3.6 3.6 3.6 3.3 3.2 2.7 2.7 3 2.7 2.5 2.6 2.9 3 2.8 3
彰化
SO2
01/24 2.6 2.1 1.9 2.3 2.9 2.5 2.1 1.8 2.5 2.6 3.4 3.5 3.1 2.2 2.4 2.3 2.3 2.6 2.4 3 3.1 2.6 2.7 2.1
彰化
SO2
01/25 3.2 2.5 2.8 3 2.8 2.4 2.3 3 2.7 2.9 3.4 5.2 3.1 3 3.4 2.7 2.7 2.4 2.4 2.5 2.4 2.6 2.5 2.5
彰化
SO2
01/26 1.9 3.5 3.4 3.2 2.9 2.7 2.7 2.7 3 2.7 2.2 2.5 2.7 2.7 2.8 2.8 2.8 2.2 2 1.9 2.1 2.5 2.6 2
彰化
SO2
01/27 3.3 1.9 1.7 1.7 1.5 1.7 1.7 1.8 1.8 1.8 2.1 2.7 2.4 2.5 2.5 2.5 2.6 2.5 2.4 2.5 2.5 2.9 3 2.6
彰化
SO2
01/28 1.6 2.7 2.9 2.4 2.7 3.4 3.6 3.5 3.5 3.9 3.9 3.7 5.8 6.8 8.2 7.1 3.4 3.3 3.2 3 3.5 3.9 3.6 3.9
彰化
SO2
01/29 4.9 3.3 3.7 3.4 3.2 2.6 2.5 3.2 3.6 4.4 4.5 5 4.5 3.4 3.3 3.4 3.5 3.1 2.9 3.1 2.8 3.3 3.5 3.2
彰化
SO2
01/30 3.9 2.1 2 2.1 1.9 2.3 2.3 2.3 2.2 2.7 2.9 5.1 6.2 9.2 6.1 6.5 4.3 3.7 3.1 4 3.5 3.3 3 3.9
彰化
SO2
01/31 3.8 2.3 2.5 2.4 2.3 1.9 2 2.3 4 3.9 4.4 5.2 4.9 4.3 3.9 3.5 6.6 3.5 3.2 2.7 3 2.9 2.6 2.1
彰化
SO2
監測年月：2019/02， 測站：彰化， 測項：SO2（ppb）
彰化
SO2
日期 00 01 02 03 04 05 06 07 08 09 10 11 12 13 14 15 16 17 18 19 20 21 22 23
彰化
SO2
02/01 2 1.9 1.9 1.8 1.7 1.5 1.7 1.9 2.1 2.2 2.3 2.5 2.8 2.5 2.5 2.2 2.6 2.2 2 2.2 2.4 2.6 2.6 2.3
彰化
SO2
02/02 1.7 2.4 2.1 2.1 2.1 2.1 2.2 2.7 3.7 3.5 3.6 5.2 7.1 7.5 13 11 6.3 4 2.4 2.5 3 2.5 2.5 2.3
彰化
SO2
02/03 2.6 1.5 1.7 1.6 1.3 1.6 1.5 1.6 1.7 1.8 1.7 1.8 3.4 5.3 4.8 8.1 5.3 5.2 5.5 3.2 2.2 1.9 2 2.3
彰化
SO2
02/04 1.8 2.8 2.5 3.2 3.2 2.8 2.7 2.8 2.3 2.3 2.4 2.6 2.4 2.3 2.7 2.5 2.7 2.5 2.2 2.1 1.9 2 1.9 2.1
彰化
SO2
02/05 2.6 2.3 2.2 2.1 2.2 2 2.1 2.5 2.7 2.7 2.8 2.9 3.5 5.2 3.6# 9.5 7.1 5.1 2.6 2.1 2.9 3.2 2.9 4.4
彰化
SO2
02/06 3.8 1.5 1.7 1.7 1.5 2.3 3.1 2.4 2.1 2 2.1 2.2 3.5 4.5 5.4 4.7 7.4 5.1 3.1 2.4 2.2 3.7 3.5 3.1
彰化
SO2
02/07 2.1 1.5 1.3 1.3 0.9 0.9 1.1 1.2 1.7 2 1.1 0.9 0.6 0.7 0.8 1.8 2.5 2 1.8 2 1.7 1.3 1.4 1.3
彰化
SO2
02/08 1.1 0.8 0.3 0 0.1 0.2 0.2 0.3 0.5 0.6 0.5 0.6 0.9 1.2 0.8 0.6 0.5 0.8 0.5 0.2 0.4 0.3 0.2 0.6
彰化
SO2
02/09 1.6 1.7 1.8 2.7 2 1.8 1.8 1.9 2 2.2 2 1.9 2 2.4 2.4 2.3 2 2.1 2 1.9 1.9 1.9 1.7 2.2
彰化
SO2
02/10 1.6 1.6 1.7 1.6 1.7 1.4 1.4 1.3 1.9 2.1 2.3 2.3 2.4 2.2 2.2 2.6 2.3 2.4 1.8 1.7 1.4 1.6 1.6 1.6
彰化
SO2
02/11 1.2 1.7 1.5 1.6 1.7 1.7 1.8 1.7 1.7 1.7 1.9 2.1 2.2 1.9 2 1.9 1.8 1.9 2 1.9 1.9 2.1 2.3 2.2
彰化
SO2
02/12 2.4 1.3 1 1 1.1 1 1 1.3 1.7 1.4 1.8 2 2.2 1.5 1.9 1.7 1.7 1.7 1.8 1.6 1.2 1.6 1.5 2.5
彰化
SO2
02/13 4.3 4.7 4.2 2.9 2.8 2.5 2.6 3.4 4 3.5 2.9 2.8 2.8 3 2.8 2.7 3.2 3.2 3.3 3.2 3.1 2.8 3 2.8
彰化
SO2
02/14 3.1 3 2.8 2.4 2.3 2.2 2.6 3 2.8 2.9 2.9 3.3 2.9 2.7 2.4 2.4 2.8 2.7 2.7 2.2 2.3 2.3 2.5 3.1
彰化
SO2
02/15 2.1 1.7 1.7 1.6 1.6 2.1 2 2.8 2.8 2.6 2.6 2.4 3.3 3.4 3.2# 4.2# 4.9 7 7.8 4.7 3.9 3.5 2.7 2.9
彰化
SO2
02/16 2.8 3.2 2.8 3 2.8 2.6 2.9 3.1 3.1 3.5 2.9 6.2 2.8 2.6 2.1 2.3 2.1 2 2 1.9 2.1 2.7 2.4 2.2
彰化
SO2
02/17 1.1 1.6 1.6 1.5 1.7 1.6 1.7 2.2 2.1 2.1 1.8 2.1 2.3 2.2 2 2.3 2.4 2.1 2.1 1.9 2 1.8 1.7 1.8
彰化
SO2
02/18 2 0.7 0.7 0.9 1 0.7 0.7 1.4 1.7 1.7 1.2 1.6 1.3 1.3 1 0.9 1.1 0.9 1 1 1 1 0.9 3.1
彰化
SO2
02/19 4.2 1.8 1.4 1.5 1.6 1.5 1.9 2.9 3.8 5 5 3.8 5.9 8.1 7.3 6.5 4.8 5.1 7.5 8.8 6.4 5.2 4.6 4.9
彰化
SO2
02/20 4.1 2.9 2.8 2.9 2.9 3.2 2.7 2.2 2.3 2.7 3 3.5 8.3 5 5.2 4.2 4.9 4 2.2 2.4 2.3 2 1.9 1.9
彰化
SO2
02/21 1.8 2.6 2.5 2.5 2.3 2.1 2.5 2.3 2.4 2.6 4.4 3.3 3.1 5 5.8 4.7 3.5 2.6 2.3 2 2.3 2.3 3.4 6.1
彰化
SO2
02/22 3 1.2 1.3 1 1.2 0.8 0.9 1 0.6 1.3 1.3 1.4# 1.3# 1.2# 1.1x 1# 1 0.6 0.9 1 0.7 0.8 0.9 0.7
彰化
SO2
02/23 0.3 1.3 1.4 1.1 1.2 1.1 0.8 1.3 1.4 1.2 1.4 1.9 1.9 1.2 1.1 1 1 1 0.6 0.9 0.7 0.8 0.6 0.9
彰化
SO2
02/24 0.8 1.3 1.3 1.1 1.2 1.1 1.1 1.2 1.3 1.2 1.5 1.4 1.1 1.2 1.1 1 1.2 1.8 1.1 1.1 1.3 1.3 1.4 1.3
彰化
SO2
02/25 1.6 1.1 1 1.2 1.1 0.7 1.2 1.3 1.3 1.4 1.6 2.1 2.3 2.1 1.9 2.1 2.1 2.1 1.9 1.9 1.8 1.6 1.6 1.4
彰化
SO2
02/26 0.7 1.8 2 1.7 1.7 1.8 1.8 2.1 2.5 2.8 2.8 2.8 2.6 2.4 2.4 3.3 4.8 3.4 1.9 1.9 1.9 2.3 2.3 2.8
彰化
SO2
02/27 3.2 4.8 5.7 4.7 3.5 3.8 3.2 3.4 3.8 4.5 4.7 4.9 5 3.4 4.1 3.1 3.5 3.5 3.9 6 6.2 4.9 4.7 4
彰化
SO2
02/28 3.3 3.5 4.5 4 2.9 2.6 3.2 3.3 3.6 3.8 6.1 2.6 2.1 2.3 2 2.5 2.4 2.6 2.6 2.7 2.8 2.8 2.1 2.3
彰化
SO2
監測年月：2019/03， 測站：彰化， 測項：SO2（ppb）
彰化
SO2
日期 00 01 02 03 04 05 06 07 08 09 10 11 12 13 14 15 16 17 18 19 20 21 22 23
彰化
SO2
03/01 3 2.8 2.9 2.5 2.3 2.3 2.3 2.5 2.8 3 2.9 2.9 3.1 3.1 2.9 2.5 2.3 2.5 2.3 2.7 2.4 2.7 2.3 2.2
彰化
SO2
03/02 2.4 3.8 3 3.5 2.9 2.6 3.1 2.8 3 3.2 5.2 8 11 13 8.9 5.4 4.3 6 5.2 4.8 3.9 4.2 2.6 4.9
彰化
SO2
03/03 6 6.2 5 2.5 1.7 1.2 1.1 1.5 3.5 1.3 1.1 0.2 0.2 -0.1 0.1 0.1 0.2 0.3 0.3 1 1.9 0.8 0.3 0.4
彰化
SO2
03/04 0.4 0.2 0 0 0 0.2 0 0.5 0.5 0.8 0.9 1.2 1.3 0.9 1 1 1.2 1.1 1.2 1.4 1.1 1.6 1.6 1.5
彰化
SO2
03/05 0.8 5.7 5.9 3.3 3.5 2.5 2.5 2.6 3.3 3.8 4.5 3.2 3 4.6 4.8 4# 4.2 2.8 2 1.5 1.6 1.7 1.5 1.2
彰化
SO2
03/06 1.8 2.4 2.2 2.3 2.1 2.3 2.3 2.4 2.6 2.9 2.6 2.9 2.5 2.9 2.6 2.4 2.6 2.6 2.1 2.7 2.5 2.5 2.3 2.6
彰化
SO2
03/07 2.1 1.4 1.2 0.9 1 0.9 0.9 1.1 1.3 0.8 1.3 1.1# 1.2 1.2 1.6 1.4 1 1.1 1 1.1 1 1 0.8 0.5
彰化
SO2
03/08 1.4 0.4 0.6 0.4 0.2 0.3 0.6 0.9 1.1 1.1 1.3 1.6 1.2 1.2 2.1 2.1 1 1.5 1.2 1.4 1.1 1.1 0.9 1.2
彰化
SO2
03/09 1.5 0.7 0.8 0.8 1 0.7 1.1 1.1 1.4 1.2 1.4 1.3 1.8 1.4 1.9 1.5 1.2 1.3 1.3 0.9 0.9 1 1.2 1.5
彰化
SO2
03/10 1 3.2 2.6 1.5 1.2 1.2 1.4 1.4 1.6 2.4 1.9 2.1 1.8 2 1.6 2.6 1.9 1.7 1.7 1.6 1.6 1.6 1.8 1
彰化
SO2
03/11 2.6 3 1.9 1.2 1.1 1.1 1.1 1 1.4 1.8 1.6 2.1 1.9 1.7 1.9 2 1.8 1.2 1.1 1.1 1.4 1.5 1.4 1.4
彰化
SO2
03/12 1.8 2.1 2 2 2.1 2.7 2.3 3 2.8 2.5 2.8 2.7 5.6 3.2 3.3 2.8 2.3 2.2 2.5 2.3 2.3 3 2.9 3.9
彰化
SO2
03/13 6 6.6 2.8 2.2 1.9 1.9 2.3 3.1 3.8 4.7 4.6 3.6 5.8 4.9 4.8 3.6 3.8 3 2.7 2.8 3.3 4 6.3 3.6
彰化
SO2
03/14 3.2 2.9 2.6 2.6 2.6 3.7 4.6 11 5.1 4 5 6.3 4.1 5 6.5 3.4 2.8 2.7 2.2 2.2 2.4 1.9 1.7 1.9
彰化
SO2
03/15 1.4 2.2 2 1.8 1.4 1.5 1.5 1.9 1.9 1.7 2 2.2 2.3 1.9 2.1 1.8# 1.7 2.3 2.2 2.2 2.2 2.3 2.5 2.5
彰化
SO2
03/16 1.8 2.4 2.4 2.8 2.6 2.2 2.4 4.9 6 5.4 4.3 4.5 4.4 3.8 4.6 5.1 4.7 4.6 4.5 4.2 3.9 3.3 4.3 3.4
彰化
SO2
03/17 3.6 1.6 2 1.4 1.6 1.9 2.2 2.9 2.1 2.4 1.7 1.9 2.6 1.6 1.7 1.9 1.8 1.5 1.1 1.3 1.5 1.6 1.2 1.3
彰化
SO2
03/18 1.5 1.8 2.1 2.7 2.2 1.9 2.9 3.6 2.8 2.3 2.7 6.2 6 5.4 5.3 7.2 14 9.1 6.2 4.4 4 4.7 4.2 5.3
彰化
SO2
03/19 3.5 3.6 3.6 2.9 2.4 2.8 3.5 2.9 2.9 3.3 3.9 3.3 3.6 3.2 3.7 3 3 3.2 2.8 3.1 3.2 3 3.3 6.3
彰化
SO2
03/20 6.2 4.6 4.7 5.6 6.3 7 6.7 5.3 6.1 5.7 5.3 3.8 2.3# 3.8 3.3 3.1 3.3 3 3.3 3.5 4.1 3 2.6 2.6
彰化
SO2
03/21 3.1 1.4 2.5 3.2 6.1 6.6 6.9 5.4 2.3 1.8 1.9 1.9 1.6 1.9 1.9 1.9 2.4 2.9 3.7 2 1.4 1.3 1.7 3.6
彰化
SO2
03/22 2.4 5 4.9 3.6 3.7 3.4 3 3.2 4.6 7.3 6.5 10 3.4 2.7 2.6 3.2 2.7 2.7 2.7 2.8 2.7 2.7 2.2 2
彰化
SO2
03/23 2.7 2.5 2.5 2.3 2.3 2 2.1 1.9 1.9 2.4 2.2 2.6 2.8 2.7 2.2 1.9 2.2 1.8 1.8 1.6 1.8 1.6 1.8 1.7
彰化
SO2
03/24 1.8 0.7 0.9 1.2 0.6 0.7 0.6 0.8 0.9 0.9 1.2 1.1 1.6 5.7 1.3 1.1 1.2 1.2 1.4 1.5 1.6 1.9 1.8 1.9
彰化
SO2
03/25 1.8 2 2.8 3.4 3.7 3.1 2.7 2.5 3.1 3.8 3 3.3 3.3 2.3 1.9 2.6 2.7 4.1 2.6 2.5 2.2 2.5 2.3 2.2
彰化
SO2
03/26 1.9 0.6 0.6 0.7 1 0.9 1.2 0.9 1.7 1.5 1.7 1.9 1.9 1.9 2.6 4 1.5 1.6 1.5 1.4 1.6 1.8 2.1 1.7
彰化
SO2
03/27 1.3 2.3 2.4 2.5 3.2 3.2 3 3.7 3.4 3.8 2.9 2.5 4.1 3.6 3.2 2.8 2.7 2.8 3.2 3.3 2.8 5.9 5.8 4.2
彰化
SO2
03/28 5.2 10 3.6 2.6 2.3 2.3 2.8 3.4 3.6 3.6 2.8 2.5 2.7 2.9 2.2 2.9 3.5 2.4 2.3 2.1 1.8 2.2 2.3 2.2
彰化
SO2
03/29 1.9 0.7 0.9 0.9 1.5 1.3 1.6 2.8 1.4 1.1 1.4 1.1 1 1.2 1.3 1.1 1.1 1.1 1.9 1.4 1.5 2.5 0.5 0.2
彰化
SO2
03/30 1.5 1 0.9 1.4 1.3 0.8 0.8 1.4 1.8 1.7 1.3 1.3 2.7 2 1.5 1.6 1.5 2 1.9 2.1 2.5 2.5 1.8 1.7
彰化
SO2
03/31 0.9 3 2.7 2.7 2.6 2.5 2.5 2.4 2.7 2.8 2.8 4.7 3.8 2.8 2.8 2.9 3.2 2.9 2.3 2.2 2.2 2.4 2.3 1.9
彰化
SO2
監測年月：2019/04， 測站：彰化， 測項：SO2（ppb）
彰化
SO2
日期 00 01 02 03 04 05 06 07 08 09 10 11 12 13 14 15 16 17 18 19 20 21 22 23
彰化
SO2
04/01 0.9 0.7 0.7 0.7 0.5 0.6 0.4 0.4 0.6 0.5 0.8 1.1# 0.6# 0.9 0.8 0.8 0.6 0.7 0.8 0.9 1 1 0.8 0.8
彰化
SO2
04/02 1.2 3.8 2.2 3.5 3.7 2.4 4.5 5.5 5 6.6 11 9 5.9 3.5 3.2 5.8 3.8 2.6 2.2 2.1 2.1 2.4 2.2 2.1
彰化
SO2
04/03 1 2.8 2.7 2.6 2.4 2.7 2.4 2.7 2.8 3.1 3.2 3.2 3.1 3 2.9 2.9 2.8 2.7 2.9 2.7 3.1 3 3 3.4
彰化
SO2
04/04 3.6 1.1 1.2 0.8 1.2 1 1 1.2 1.5 2.2 2.3 4.3 1.7 1.7 1 1.8 1 0.8 0.4 0.2 0.1 0.3 0.3 0.9
彰化
SO2
04/05 1.3 1.7 2.3 1.7 1.5 1.6 1.2 1.7 2 1.7 2 2.3 2.2 1.7 2.6 2.8 2 1.7 1.8 1.8 1.7 2.1 2.1 1.9
彰化
SO2
04/06 1.3 2.6 2.6 2.7 3.2 2.9 14 9.4 5.5 3.8 3.9 4.3 5.9 4.7 4.5 4 3.3 3.3 3.2 3 2.7 2.8 4.2 5.2
彰化
SO2
04/07 11 3.8 1.9 1.3 0.7 3.8 4.8 3.3 0.9 0.6 0.7 0.4 1 0.7 0.2 0.4 0.7 0.3 0.2 0.8 0.9 1.1 0.8 1.3
彰化
SO2
04/08 1.7 5.8 4.3 5.5 8.8 5.1 5.8 3.4 3.6 2.5 2.4 2.5 2.6 2.8 2.7 2.4 2.5 2.1 2.5 1.9 3 3.7 5.3 4.8
彰化
SO2
04/09 5.6 4.5 3.6 5.1 4 5.1 3.4 4.8 3.2 3.6 3.2 2.7 2.5 3.3 3.4 3.2 2.5# 1.5 1.5 1.5 1.7 1.6 1.6 1.7
彰化
SO2
04/10 0.4 2.7 2.8 2.7 2.9 3.2 3.2 2.9 3.1 2.9 3.6 3.6 3.7 3.7 3.8 3.8 3.6 3.5 2.7 4.3 3.5 4.8 6.1 6.1
彰化
SO2
04/11 4.2 3.1 5.3 3.5 3.4 3.3 3.7 4.5 3.7 3.6 3.3 3.2 3.9 4.1 3.3 5.7 2.2 2 2.1 1.8 1.9 1.6 2.1 2.5
彰化
SO2
04/12 2.5 1.6 1.4 1.3 1.4 1.5 1.4 1.7 1.7 1.7 1.9 2.3 2.6 2.5 2.7 2.4 2.5 2.5 2.5 2.7 2.6 2.2 2.1 2
彰化
SO2
04/13 1.5 2.8 2.5 3.2 3.1 2.4 2.6 2.5 2.3 2.5 2.4 2.8 3.4 4.8 3 2.4 2.2 2.3 2.5 2.3 3.7 2.3 2 2.5
彰化
SO2
04/14 3.7 2.1 2 1.7 1.8 1.7 2 2.5 2.3 2.3 2.3 2.1 2.5 1.8 1.6 1.7 2 1.7 1.7 1.7 1.6 1.5 1.7 2.8
彰化
SO2
04/15 2.2 2.2 2.1 2 1.8 1.9 1.9 2.2 2.5 2.2 2.2 2.1 2.3 2.3 2.5 2.4 2.4 2.5 2.5 2.7 2.6 2.4 2.5 2.8
彰化
SO2
04/16 2.3 3.6 5.2 3.8 2 1.6 2.2 2.7 2.5 2.1 2.5 2.6 2.7 2.5 2.8 3.2# 3 3.1 3.5 3.2 2.9 2.6 2.3 2.5
彰化
SO2
04/17 3.3 1.2 1.2 1.1 1.3 0.9 0.7 0.9 1.5 1.3 1.9 2.1 2.5 2.6 2.5 2.2 2.8 2.7 2.5 2.9 2.3 3.1 11 4.9
彰化
SO2
04/18 3.5 5.7 4.9 4.1 6.7 4.7 5.8 6.8 4.5 4.3 4.3 4.5 4.4 4.4 3.2 2.9 3.2 3.1 7.7 5.9 5.2 5.7 4.2 4
彰化
SO2
04/19 4.5 4.6 3.9 3 2.1 2.1 2.2 3 2.9 2.1 2.2 2.1 2.8 2.9 4.7 2.8 2.1 2.4 4.8 4.2 5.4 3.4 5.6 5.7
彰化
SO2
04/20 2 0.8 0.8 1.1 1.9 1.5 3.8 3 2.1 1.3 2.3 1.6 1.1 1.3 1.7 4.7 7.2 8.5 7.6 5.8 3.3 2.2 1.7 1.2
彰化
SO2
04/21 1.1 4.5 2.1 1.8 1.9 2 2 2.2 2.6 2.5 2.5 2.5 2 2.2 2.2 2.4 2.2 2.3 2.6 2.7 4 2.8 4.1 3.1
彰化
SO2
04/22 2.8 2.1 2.2 3 1.5 1.8 3 3.7 1.5 1.3 1.3 2.1 2.2 2.5 2.3 1.7 1.9 2 2.4 1.8 3.3 1.4 1.5 1.8
彰化
SO2
04/23 1.1 0.5 0.2 0.3 1.1 4.2 3.3 0.8 0.5 0.1 0.3 0.4 0.2 0.4 0.8 1.6 1 1 0.9 0.7 0.2 0.6 2 4
彰化
SO2
04/24 2.8 6.6 4.3 4.6 3.2 2.6 3 2.7 2.3 2 2.3 2.3 2.4 2.2 2.4 2.4 2 2 1.6 1.4 1.5 1.5 1.8 1.5
彰化
SO2
04/25 2.5 2.9 2.9 3.1 3.3 3.4 3.4 3.6 3 3.1 2.7 2.7 2.7 3.1 3 2.6 2.8 2.7 2.8 3.9 4.1 3.4 3.2 4.8
彰化
SO2
04/26 5 3.6 2.6 2.8 2.5 2.5 3.5 4.5 4.2 3.7 4.1 4.2 7.6 7 7.9 9.1 3.4 3.2 3.2 3 3.1 3.2 2.8 2.4
彰化
SO2
04/27 1.7 4.2 3.9 3.3 3.8 3.5 3.3 3.5 3.1 3.2 3.4 3.7 2.9 3.2 3.2 3.2 3 2.8 2.9 3 3.2 3.2 3.5 3.9
彰化
SO2
04/28 3.3 1.9 1.9 2 2.2 3.5 2.8 2.4 1.8 1.6 1.6 1.7 1.6 3.2 10 8 2.1 1.5 1.8 3.3 3.6 3.7 2.8 2.9
彰化
SO2
04/29 5.5 8.6 3.4 3.3 4.2 3.7 5.6 5.6 5 4.7 6.2 3.5 3 2.9 3.2 3.9 3.3 3.3 4.4 4.1 4.2 4.5 5.1 4.7
彰化
SO2
04/30 11 2.6 3.9 6.4 5.3 5.6 6.3 1.8 1.3 1.3 1.1# 1.6 1.9 1.4 1.5 1.4 1.3 1.3 1.9 1.5 1 2.9 2.1 1.4
彰化
SO2
監測年月：2019/05， 測站：彰化， 測項：SO2（ppb）
彰化
SO2
日期 00 01 02 03 04 05 06 07 08 09 10 11 12 13 14 15 16 17 18 19 20 21 22 23
彰化
SO2
05/01 2.5 2.3 3.8 1.9 3.2 1 0.9 1 1.1 1 1.1 0.9 0.7 0.9 0.6 0.9 0.9 1 0.8 1 0.7 0.6 0.9 0.5
彰化
SO2
05/02 1 0.2 0.1 0.2 0.2 0.1 0.3 0.4 0.7 0.4 0.9 0.9 0.2 0.1 0 0.1 0.1 0.2 0.1 0.3 0.2 0 0.1 -0.2
彰化
SO2
05/03 -0.3 4.2 2.7 2.7 2 2.4 2.5 2.7 2.8 2.6 2.3 2.3 2.6 2.5 3 2.9 2.9 2.9 3 1 1.1 0.9 1 0.9
彰化
SO2
05/04 2 2.3 7.3 2 1.6 2.6 2.2 1.7 1.3 1.3 1.2 1.3 1.9 2.1 1.8 2.2 3.2 3.2 3.3 2.7 3.3 4.8 7.4 4.1
彰化
SO2
05/05 4 3.3 3.4 2 2 2 2.4 2.4 3.1 2.1 2.8 6.1 11 11 5.3 5.9 4.4 3.3 2.8 2.9 3.3 4 4.1 10
彰化
SO2
05/06 5 3 2.5 2.1 2.3 2.4 2.3 2.3 2.9 2.5 2.8 1.3# 1 1.1 1.2 1.2 1.3 1 0.8 0.9 0.7 0.9 0.8 1
彰化
SO2
05/07 0.2 1.5 1.8 1.5 1.6 1.8 1.7 1.7 2.1 1.9 2 2.1 2.2 2.1 2.1 2.1 2 2 2.9 2.2 1.7 2 2.2 2.3
彰化
SO2
05/08 3.1 2.3 2.4 2.8 2.6 3.4 3.7 4.4 5.5 6 3.5 3.7 4.2 2.4 2.5 2.6 2.6 2.8 2.7 2.3 2.5 2.4 2.3 2.1
彰化
SO2
05/09 2.2 2.7 2.7 3 3.1 2.6 3.2 3.8 3.4 4 3.7 3.1 3.6 3.1 3.2 3.1 3.2 3.5 3.3 3.3 3.3 3.1 3 3
彰化
SO2
05/10 2 2.2 2.4 2.2 2.3 2.3 2.1 2.9 2.6 2.9 5 2.7 2.7 3 2.7 4 3.3 4 3.7 2.8 2.6 2.9 3 3
彰化
SO2
05/11 3.4 3.1 2.9 2.2 2.2 2.8 2.4 2.3 2.6 3 2.5 2.9 2.9 3 2.8 3.5 2.5 2.3 2.5 2.8 2.8 3.3 2.8 2.9
彰化
SO2
05/12 4.1 2.4 1.8 1.9 1.7 1.8 1.6 2.1 1.5 2.2 2.5 5 9.4 7.2 7.9 9.8 7.2 4.2 1.4 1.5 1.4 1.5 2.7 4.6
彰化
SO2
05/13 1.8 3.4 3.4 3.4 3.3 2.4 3.6 2.2 2.5 2.5 2.5 3.1 3.2 2.7 2.8 2.2 1.9 1.7 2.7 3.3 3.4 3.2 3 4.9
彰化
SO2
05/14 6.2 4.2 6.2 8 9.3 13 9.7 3.8 2.9 2.1 2 2.9 2 1.8 2 2 2.1 1.5 1.2 1.6 1.9 2.6 2.6 3
彰化
SO2
05/15 2.2 3.7 4.2 4.8 3.7 2.4 4.2 3.3 2.7 2.1 2.1 2.5 1.5 2.2# 1.7 1.5 2.5 3 2.8 2.1 2.3 1.9 1.4 1.9
彰化
SO2
05/16 1.6 1.8 2.9 2.1 3.7 3.4 3.5 1.5 1.1 1.3 1.2 1.4 1.1 0.9 1.1 0.6 0.7 0.9 1.6 2.7 1.2 1 0.9 2
彰化
SO2
05/17 2.2 3.6 2.9 2.3 1.5 1.4 1.6 1.3 1.6 1.4 1.4 1.4 1 1 1.4# 2 1.5 1.1 1.2 1.2 1.6 2.8 2.3 2.7
彰化
SO2
05/18 2.1 2.1 2 1.6 1.5 1.5 1.2 1.6 1.7 1.5 1.6 1.5 1.4 1.4 1.5 1.6 2.3 2.8 1.7 1.4 1.5 1.8 1.2 1.3
彰化
SO2
05/19 2.6 3.4 3.1 2.9 3.4 3.2 3.2 3.4 3.2 3.1 2.8 2.7 2.9 3 3.2 2.8 2.8 3.1 2.9 3.2 3.2 3 3.2 4.9
彰化
SO2
05/20 5.9 4.1 3.1 2.4 2 2.1 3.6 3.1 2 1.9 1.9 1.7 1.6 1.7 1.5 2.2 2.1 1.8 2 1.9 1.8 1.7 1.7 1.8
彰化
SO2
05/21 1.8 1.2 1.8 1.3 1.2 1.2 1.5 1.8 1.9 2.1 1.8 2 1.8 1.8 1.7 2.1 2.1 1.9 1.7 1.8 1.8 1.8 2.5 2.1
彰化
SO2
05/22 2.2 2.7 4.2 3.1 2.8 2.7 3 3.4 4 3.7 3.3 3.8 5.1 4.7 6.3 4.4 3.6 4.3 3.1 2.5 2.9 2.4 2.6 2.6
彰化
SO2
05/23 4.5 9.6 6.5 8.5 4.7 4.5 2.5 2.4 2.7 2.5 2.6 2.4 2.6 2.7 3.2 5.9 7.8 3.7 3.6 3.2 3.7 3.9 3 5.9
彰化
SO2
05/24 5.2 4.4 7.4 4.7 4.6 4.6 5.4 11 4.3 3.4 3.6 3.7 5.7 3.7 3.6 3.3# 3 2.9 4.1 3.9 4.8 3.8 3.7 3.5
彰化
SO2
05/25 3.9 3.8 3.8 3.4 3.4 3.4 3.5 3.4 3.8 3.9 3.1 3.4 3 2.9 5.7 7 4.7 3.7 3.1 5.4 5.6 5 4.4 4.4
彰化
SO2
05/26 4 3.4 4 6 3.9 5.3 4.6 3.4 2.2 2.8 2.6 3.5 4.1 4.5 5.2 5 3.8 5.7 6.5 4 4 3 4.6 8
彰化
SO2
05/27 16 9.7 6.9 6.5 5.5 4.4 4.2 4.3 5.6 5.3 5.9 3.5 3.6 3.4 3.3 2.8 2.8 3.4 4.1 8.1 8 10 14 12
彰化
SO2
05/28 6.2 11 7.5 8.3 7.9 7.4 3.9 6 4 2.9 3.1 2.2 2.4 4# 3.7 2.2 2.7# 3# 2.6 2.6 2.4 2.5 2.3 2.4
彰化
SO2
05/29 2.3 1.2 1.3 1.4 1.3 1.5 1.4 1.3 1.6 2 1.8 1.8 1.7 2.1 2.2 2 1.9 1.4 1.9 2 1.8 1.5 1.3 1.6
彰化
SO2
05/30 0.8 2.9 2.5 2.6 3 2.8 3 3.4 3.8 3.4# 3.6# 4.7 8.7 10 8.5 6.4 7.8 6.4 8 4.9 5.3 4.5 4 8.2